878.5,34.5,4,6
875.6043654680252,32.06806703656912,10,10
876.4130418896675,32.810345850884914,10,10
876.7322586476803,33.43406802825964,10,10.002130068086862
876.1800253689289,34.02837598159592,10,10.09126107723155
876.6348285377026,33.278890690927376,10,10.16416847859885
876.8698030412197,33.14505526048216,10,10.107041172737421
876.383970528841,33.28187971160003,10,10.231757857497772
876.6199143528938,33.00064168665826,10,10.362223137537246
876.6126030548476,32.8220407683142,10,10.368593256972629
876.6659267968498,33.47476488270883,10,10.541739450523758
876.6414186111651,33.81368825788237,10,10.536650623779748
875.9235527268611,33.32682929116233,10,10.629485161547974
876.6780210486613,33.484148504515815,10,10.626988749344498
876.3488213471137,33.559261582205366,10,10.618263886551718
877.2646982721053,34.06045633148594,10,10.733957865010833
876.7198658040725,34.91638866185297,10,10.889185932891575
876.4553054920398,34.56812595257287,10,10.988364866790675
876.2144855759107,33.85129673849157,10,10.946834562806062
876.5033663413487,34.86672536467668,10,11.019884418742718
875.6567333838902,34.2599206403206,10,11.03529388004338
876.9418628118001,34.99227165835991,10,11.052884734513464
876.3377395174466,34.93036527591337,10,11.072267107022023
874.5649601719342,34.28897843240215,10,10.915923839240993
872.4642736217938,34.75542201465116,10,10.738385178332614
872.6192159256898,35.02667800474807,10,10.723780688869072
870.4964282116853,35.16237473330475,10,10.890653598475907
871.3888136944734,34.066943125840424,10,10.856011938221453
869.7723898491822,35.035258902598876,10,10.84518714549252
866.4720880589448,35.0253719865313,10,10.782923819317265
864.2190975747071,34.90102676256052,10,10.938928001551808
862.5542198023759,34.72897109277251,10,10.98616893068546
858.4285984835587,34.139653176826215,10,10.981267160153429
855.1175998053513,32.53928577700709,10,10.785824906340148
850.9636433920823,33.27605261856695,10,10.656551796607577
847.311080058571,32.29339603009136,10,10.569407402529093
841.9751535258256,32.51168825454823,10,10.430810533914721
839.1872692904435,32.71906806672495,10,10.417063956064355
832.2721944651566,33.568025186004455,10,10.277602562125097
828.7409644923173,31.624655397469567,10,10.128317091892626
823.2494669756852,32.31428583338857,10,10
819.7650681338273,32.63767935708165,10,10
815.4765539965592,31.539529222995043,10,10
815.2525291345082,31.193194898599778,10,10.133839818071532
812.3635768792592,31.50512758603503,10,10.162372612241708
809.7185907266103,31.815243186456865,10,10.082536909673799
807.580891599413,31.474669961461917,10,10.2290563989093
806.7844973704778,31.667304027580663,10,10.292964786780985
807.0637771091424,32.001748312768456,10,10.242823093122007
806.8929638317786,30.84354827250614,10,10.280806063203528
807.0834734342061,31.258019972974118,10,10.504732578229792
806.0097678801976,31.574193449338352,10,10.685435120721511
806.4310097000562,31.091090484290724,10,10.87237517023205
806.7168289027177,30.559983120653282,10,11.161031280868748
806.7853329009376,31.240691562002223,10,11.555242268730561
806.3683291203342,31.536146873749964,10,11.87554826186563
806.9865753776394,32.098292746791095,10,11.767385890287455
806.6435581571423,30.92033215705744,10,11.777050813651252
806.3690478629433,30.76736859238632,10,11.919273562600468
807.1337407655083,30.284388768046,10,12.034173297645852
806.2948295301758,29.90754773817895,10,12.034989506454508
806.140190733131,31.595672438942774,10,12.197182239784032
806.2255589193664,31.597480194339298,10,12.40749656097265
806.6339978999458,31.092496393944074,10,12.425383830914399
806.2344961888157,31.903211358067743,10,12.264819519465462
806.014791560825,31.832243564593462,10,12.436951797345937
806.2734583741985,32.72356399065022,10,12.738591197689086
806.2751478586579,32.77880370680735,10,12.995858446349782
805.724270108738,31.708607712754958,10,12.798032699164045
805.887010682025,31.981587312147155,10,12.806002173647014
805.9970684234286,33.132739329417014,10,12.865546970284061
806.4776650253916,32.37662303247926,10,12.654113492267786
807.1065153066302,31.69967653453941,10,12.313496028247577
806.4052354280138,33.222229885103154,10,12.20929227549961
806.3625216294313,33.01780456881378,10,12.338879292470136
806.2435686920071,32.673005710705,10,12.254222627031055
806.4575851593399,33.64892133939919,10,11.957222183050579
806.5481271032477,33.10923278211222,10,11.744956870180047
805.6464420441771,33.72439384063006,10,11.548972750580905
806.0869595591212,34.31226405949728,10,11.334286816764148
805.9596609656,33.60426149633277,10,11.232681154747832
806.8272851292277,33.54721730397894,10,11.199271393755998
807.0382485274458,33.38191557565304,10,11.34242676605339
806.2008854631567,33.13908288735757,10,11.423794373574664
806.1156744320178,33.62713081685701,10,11.341319661254698
806.212210755446,33.521403463515966,10,11.4358113837325
806.3153468627715,33.119237849966886,10,11.633760360044828
807.0739665288711,33.70919773758731,10,11.59765073781149
807.0995383389527,34.05006255259455,10,11.52130641129433
806.5183951385552,33.908205550135264,10,11.533937448693145
806.2135819621617,33.845170519607045,10,11.38499480799978
806.585292977863,34.753735962964754,10,11.08592698967425
807.952976984554,34.24887567751864,10,10.919042455166391
807.6296579666669,35.34503251806194,10,10.831609822282296
807.0839219518239,34.992791799928796,10,10.626756956600055
807.7168934174115,35.62697281055486,10,10.370560124137285
807.3316723533208,36.368312618008765,10,10.199619834752857
806.6877862639958,36.42336661977936,10,10.109385703610997
807.067433369928,36.846653134562075,10,10
807.398039890104,37.135830462910235,10,10
807.8326951690251,36.71481642220169,10,10
807.047976536327,36.909441203810275,10,10
807.2810974993045,37.29800167772919,10,10
808.0458893455798,37.74602894908099,10,10.173314892606768
807.4736843981082,37.53258560404483,10,10.061113214263246
808.7505880274111,37.02315549323745,10,10.051491594790676
808.2111656941706,37.0092638136231,10,10.100587660191831
808.3499821104342,37.566318536550824,10,10.129458193851466
808.9100464858348,36.901252616816144,10,10.224388316897791
809.2813480474288,37.71012438410046,10,10.207724365497189
808.8408445991809,38.00146127529931,10,10.102686324333305
809.0434790678555,38.12775941658765,10,10
809.0930949948961,38.38561483193189,10,10
809.7701763414079,38.86402915883809,10,10
810.1342357598478,38.013018001802266,10,10
809.9343638472492,38.59114926028997,10,10
809.5091254167492,38.23792274761945,10,10
809.0335934810573,39.03690036106855,10,10
809.8927803091938,38.5149735304455,10,10.035194656080993
809.4761927180225,38.5160206180442,10,10.019516698754602
810.0528487019474,37.76758355196343,10,10.063682348173831
808.628577833646,39.11095261273954,10,10.048797292112337
808.1817981653148,38.78083597449586,10,10
807.8794150702888,38.56639682770795,10,10.118890271725228
807.0376677267486,38.33931937221072,10,10.147619385018812
805.870226120227,38.65405849256261,10,10.054514997998503
806.092196723097,38.68458818201907,10,10
804.9850278102094,38.74499013577588,10,10
802.0789509020979,38.35724547787222,10,10.036485717117284
799.7096617423231,38.95431394464799,10,10.092256873203496
798.3524730406934,38.649748180412644,10,10.123906356977393
799.0858311258489,37.55355661630387,10,10.128800690868143
798.3073405824834,37.178200971733524,10,10.129025904130701
794.1229786478216,38.24523333445283,10,10.22632066050362
790.4819578729803,38.32454991312886,10,10.271279386334076
790.950224926346,38.25722361851943,10,10.26466849059809
790.2173064850504,38.550300384074895,10,10.233185174140193
788.8747664593393,38.42097167293776,10,10.295070602181326
786.2004803322488,38.599317792839315,10,10.23198759408865
783.4393576286966,38.69888691488543,10,10.145973929187637
782.650674273842,38.4556120163337,10,10.07870049364033
782.3305849932367,39.08075667568911,10,10.081846786654365
782.4682175420457,38.388541657276285,10,10.089338599641204
782.4551936617354,38.266113502047105,10,10.08936890619046
777.8120070925215,39.47090888353462,10,10.06187038068797
775.8217635384062,38.62843110715039,10,10
775.1006673803786,38.799987520324066,10,10
775.436254196451,38.055811311351135,10,10
775.3284915691474,38.13255529893257,10,10.006974583106622
772.8836580520729,39.21763892482034,10,10.007117351777868
770.6657720494117,39.38016855149988,10.003093782666056,10.008297773702228
768.5982366806129,39.79599995468743,10,10
767.4706976419548,39.05867190216668,10,10
767.1473633056739,39.22413260792382,10,10
766.7629536396125,39.68457798070408,10,10.004445853789463
767.1235543197254,38.39985720468119,10,10.12563592001065
766.0727739041904,40.193526148253284,10,10.107568643675792
765.4555977886776,38.70283934929118,10,10.16582722657008
764.288113386021,38.67325696086308,10,10.261880178138956
760.4506376093486,40.23686209616597,10,10.140898354493618
760.1294841176132,39.73911028537927,10,10.062928880173162
759.6094073659042,40.00356625695713,10,10
759.5368901496986,39.134344450430945,10,10
759.9881127482513,39.43548908014782,10,10
760.58185541688,38.75590332260923,10,10.061919456094328
759.7996827965835,38.617717674440485,10,10.106094078680933
759.904608913348,38.77398285495652,10,10.19386198525179
759.8352694144705,40.148787312800884,10,10.24153552691474
759.7222723370651,39.42252712683269,10,10.176637395089848
759.9484056389192,39.30165629393302,10,10.20868294682591
759.5930939173559,39.55160489792651,10,10.301562931431562
758.3844589447835,40.798156903834546,10,10.270205612272957
758.944997355924,41.12247276291431,10,10.434944300741073
759.0049945308128,40.57109742160377,10,10.374556832193356
758.3473515106598,40.90737156823852,10,10.351389401636713
758.6002335442463,40.38134486551858,10,10.286068386910571
758.9383652998367,40.91267339992817,10,10.4374176228323
759.0516930489102,40.97978322984284,10,10.451736403468882
758.2738001613179,41.793178293914664,10,10.441529026599346
756.8030952481786,43.014258860729,10,10.546582639445889
757.8834451703588,42.71352909019164,10,10.527863898259715
758.5553838281194,43.08374733846837,10,10.510134434863607
758.5219540588979,42.154367928125254,10.0456183913718,10.367443909007477
758.0074893423151,43.299004108857496,10.04578560320109,10.325206097256123
757.1817574376473,43.98084094987325,10,10.293053926302509
756.9811565304408,43.72605049840982,10,10.181242698377613
758.8725941801677,43.9211006906102,10,10.076150088806706
757.9732800746569,44.51578769017942,10,10
758.4153957689414,43.59049156238325,10,10
759.2411669219146,45.171379952924326,10,10
758.8459577584872,45.40293386508711,10,10
757.5714950585971,46.51092079211958,10,10
758.4681639099726,45.068554311292246,10,10
759.689837160171,44.89956234325655,10,10
759.532038840116,45.11083263088949,10,10
759.6303718477338,45.63602906395681,10.071930186899472,10
759.6978905746574,45.60185447637923,10.03464473791406,10
759.752105507037,45.781139883445576,10.008596196134913,10
759.6562631584904,46.26023885910399,10.054096389195898,10
759.7787069061438,46.94073936645873,10.117524439209502,10
760.2112214146732,46.74166083638556,10.152100219514171,10
760.0600140741738,47.12554684584029,10.215385938353787,10
760.2666550165449,46.89138754014857,10.109840986843032,10
761.0117238067102,46.97581696812995,10.021035904109066,10
760.1485494263405,47.6962696344126,10.018006560638494,10
760.3439956253127,47.198078277753666,10.004176990042923,10
759.7546574689264,48.171065154718235,10.094643673756574,10
760.4646218046828,48.150865086587146,10.110194643204446,10
759.6912679493167,48.166406106436625,10.170545141870038,10
760.8739038104186,48.31677829870023,10.349302893924673,10
760.673743848716,48.19283728697337,10.246197994045811,10
761.2416539211326,48.139165435219184,10.161787809005471,10
760.9933930753733,48.3981122967635,10.076895993062726,10.051045962732893
759.9818199163063,49.3918553928379,10.03864833498512,10
760.0915606201675,49.47555988677777,10.019177033230328,10
759.9318695540934,50.1297908986453,10.014815941234406,10
760.83990400529,50.76892443625845,10,10.136128495528693
761.4468761356928,51.05655920049914,10.014617378980171,10.155920686464894
760.777437562705,50.162755521207956,10,10.273069609034991
762.0890443274984,50.00613039127608,10,10.370270614958157
761.3016384789953,49.971625346383064,10,10.36419068384918
761.7102332661161,50.7087584696923,10,10.413601071065559
761.1576437900076,50.54090531822326,10,10.501579637172924
761.0766764307627,50.98011039382743,10,10.624345485605993
761.117864503176,50.72991563568281,10,10.695582513186746
761.5335627036402,49.90555614803249,10,10.746456530182025
760.2784324126551,50.19086809056619,10,10.732066766437255
760.9664639072726,49.90934690608272,10,10.871625078216166
759.8769463138888,50.913518569129494,10,10.779335166467401
759.8541958710412,51.482486855522936,10,10.883706971900128
758.6584015270928,51.05051871380681,10,11.143940829375651
758.204589792178,51.11553664484092,10,11.181022026538228
757.543703981326,51.16055772566493,10,11.120673798094039
756.3031107863644,51.652362600826045,10,11.25910384269368
755.8123732289532,51.475106526924066,10,11.344903201677367
755.7752915812889,50.9773627316789,10,11.24192511109165
755.0336408807198,52.47984181915609,10,11.2673905773421
753.8137992812553,51.61503600948248,10,11.41629309691973
753.7232822190473,52.10535025150794,10.062131731730599,11.257150668719785
753.8678430175642,53.59715091020892,10,11.396640810592135
753.212218747125,52.86898287432561,10,11.665347182651718
752.2600714421133,51.56709094680294,10,11.63874277780936
751.3963177060941,52.83212088493032,10,12.09635070055058
751.561033398495,53.57212802446021,10,12.355269984723208
750.6128024762729,52.95118738720038,10,12.480440834819664
749.0225302880863,52.64385481805084,10,12.517419305676407
748.131552965031,52.537618414516,10,12.441514052882054
747.0980588501552,52.62101264839084,10,12.345157771259084
747.0172232469777,53.63907644416642,10,12.165249232976343
745.7468844732502,53.83431864022974,10,11.97505952919372
744.9245309313992,53.579818575748924,10,11.856544163331886
744.294755884097,53.43411265560912,10,12.06106145418208
743.169822998927,54.55800721252689,10,12.317602975417337
741.9091941794613,54.91798850899693,10,12.38333635253571
739.4872507533291,53.95341774301208,10,12.261400280211578
737.4961851319531,53.16060889250306,10,12.088426686940984
735.8322586497525,52.95582985502375,10,11.91703056783069
734.2420649012784,53.41797203406571,10,11.898321246749331
728.4068211993435,53.46387059841255,10,11.675720607508977
727.477477260516,53.1215884104702,10,11.498108445879938
723.4178955039242,52.54714050398705,10,11.275370371555283
718.8101555785397,52.32402560292796,10,11.32615053530677
713.8974286994198,54.094808876059275,10,11.052782002349796
711.0542175254086,53.610061088584935,10,10.863295300381983
706.354047485278,54.17798952929414,10,10.7713160205871
703.2248661002377,52.999860761927664,10,10.798181837409293
697.5304700812558,54.9312578113022,10,10.572325118497252
694.6811253508786,53.2088096086283,10,10.650848223292689
690.1712867697934,54.42688162778341,10,10.40734973475663
687.0922393283108,54.30003873288619,10,10.424822838846833
683.5281183203915,54.64939229501087,10,10.411714445638435
680.2768675765255,55.25275848411168,10,10.34690287241424
678.6008866509655,54.72716505464546,10,10.323830211769643
676.972870298312,55.20265363173755,10,10.218998925886858
673.421311326907,55.05500930159801,10,10.021733487798242
672.1902408084134,55.73876556684876,10,10.018332023161312
670.8911499461392,55.98017356957313,10,10.164609664715742
670.406428643153,55.544277383268415,10,10.190307905855454
668.1612864217022,56.03107386769808,10,10.205488700175886
665.4169722279767,55.479276700184535,10,10.12438338062383
664.9709324619034,55.4356580611784,10,10
663.3834641954163,56.097350978525355,10,10
663.1271071812371,55.434384846361354,10,10
662.9717112114886,56.71564891305752,10,10
662.4079311421374,55.48699524370022,10,10
661.8658372095088,56.308023476274684,10,10
660.8322480848292,56.03220992651768,10,10
659.4006456068018,56.431549662025645,10,10
659.0410896471003,56.58840672043152,10,10
658.3705210617045,56.364033305319026,10,10
658.181324326084,57.73602700052707,10,10.015463998896648
658.1006131028989,56.88237716108115,10,10.155270835114242
656.9937130069593,57.49385241748888,10,10.082446898722424
657.8383201217512,56.2467936962937,10,10.055936604067494
657.8451830084668,57.486628973158076,10,10
656.4750927622663,58.657626354368404,10,10
657.5709171231138,58.236122987822526,10,10.156711581381243
656.9057714875089,58.98382764664357,10,10.14764290571456
656.610738509451,58.95693381149651,10,10.201352626957627
656.742961042677,59.48443117849044,10,10.328251241663622
657.5835243399488,60.45022263726891,10,10.3859977813897
657.1436104412423,60.456307606470524,10,10.666774151837716
657.1511102846125,60.20530042299982,10,10.60595628248914
657.2885324439267,59.86475018903089,10,10.555332249770872
656.8329800447682,60.04090915017208,10,10.550489647589288
656.813495759503,61.13575273429667,10,10.406458445145145
657.1010849816957,60.896247467706665,10,10.58650263015393
657.4418820483843,61.45712071507054,10,10.821348909817354
657.3703889442841,61.569907675710084,10,10.571055591932183
656.4728301359573,61.66114979570798,10,10.578244194558199
656.2297262890497,62.33215108379583,10,10.502877632367174
657.0050564749399,62.14677530702971,10,10.772457968040609
657.1052428005496,61.3254712884399,10,10.623802901735129
657.1568982197205,61.93087427938907,10,10.538797052588246
656.9076367808739,61.83044756849371,10,10.66573675114861
657.384594668285,62.687196557062904,10,10.76461729974417
657.7127209795872,62.688251746930234,10,10.792370285004038
657.0280120862881,62.407207875420426,10,10.875145012085856
656.7517199708382,62.88213060309933,10,10.744028838153525
656.8199304608861,63.299019082487845,10,10.702264153641774
656.5130476920167,62.8543801968508,10,10.648127713642683
656.8077726630727,63.61151293744296,10,10.873675798666245
657.0946654943982,63.36773935710026,10,11.055572993350122
656.4185186295072,64.42570677324808,10,11.18273880421244
657.470807042555,62.68061455839213,10,11.05415597241922
656.5581108598271,63.044926948564,10,10.816437341224436
656.3354756800691,63.81240763576391,10,10.722285574330403
656.1087266771356,64.37550774967588,10,10.55076263027037
654.7478687135736,63.87325892807982,10,10.536618682390378
655.0429830519715,63.293723594355875,10,10.659198075004594
654.2709912626306,64.14558879958881,10,11.013445102511747
654.0619184790412,64.14140009913338,10,11.163822493170615
651.3262305079261,64.56372362163117,10,11.103735413308701
648.7252261458198,65.03137733326585,10,11.413229511340601
647.4808604536811,65.02251077256092,10,11.184881340121217
646.1008728562156,65.5278678711048,10,11.257106410191966
642.227861982421,65.23095067134898,10,11.003295407748952
639.7915967522422,65.0109469343149,10,10.913432908157606
637.4432686386863,66.40786705289062,10,10.944160704224537
632.9221943436423,66.51716282376042,10,10.904491279241407
629.2444780884543,67.36248174118232,10,10.829826201737076
624.3025840340415,67.04460350467974,10,10.826882427931306
619.4702766953269,67.85308646972963,10,10.65998854792612
613.8357800064841,68.17797703240254,10,10.346069463100038
608.5121344147483,68.68080663159367,10,10.15716651319191
600.4935434876243,69.40127085969165,10,10.008678352215357
596.755889640787,69.86879501833755,10.068241825296816,10
590.8341609059134,69.75652705474931,10,10
583.4128194866935,69.88036931648094,10,10
580.0352393208304,69.87898878024134,10,10
575.5708294926444,70.03911972806964,10,10
570.7463489590446,70.77187233544348,10,10.079473642292722
567.4242142258445,70.67537780657672,10,10.001840774433811
566.8592111883918,70.57717366532597,10,10
562.0688335715095,71.07888080195698,10,10
560.7685715971747,71.21259884552273,10,10
559.5655255137244,71.72572337106976,10,10
558.6652393756667,72.13597182945523,10,10
558.4505008576671,72.40993221120152,10,10
558.385001462535,73.46356671022642,10,10.09427671728223
559.3574667392531,72.20658120694742,10,10.054439273141387
559.1899797288934,73.03924817966423,10,10.009706147295475
558.6685439912835,73.0788629429153,10,10
557.4440411893884,73.06616784648213,10,10
558.2355274526635,72.76608581856999,10,10
557.7432404129067,72.6008273811749,10,10
557.5202109782258,72.53782141224656,10,10
557.7021179912845,72.61362002805981,10,10
557.4744043318788,72.95559059099469,10,10
558.3064532844583,73.64725653843198,10,10
556.465290722088,73.24560396389279,10,10
557.0113837091485,73.96366928533826,10,10
558.3077525465051,74.29863475279126,10,10
559.4360114900628,74.54255636052403,10,10
560.0827100841561,74.2017304153851,10,10
560.6528745858232,74.44568084196362,10,10
564.9020563263783,74.91030924038205,10.214188589507227,10
569.1747914521256,75.27485035375867,10,10
577.0899013773039,74.75125651077542,10.35098780650385,10
583.891377849887,75.00571872309956,10.533852961313073,10
594.1105022242427,73.93472637252125,11.804775507767763,10
605.3075785095518,73.60586197690282,12.12644134230094,10
616.0201696455224,73.38618780195151,12.227721625291426,10.011993209454985
627.7217732377762,74.59017434732232,12.631467870959579,10
641.1703402769518,74.71637910620484,13.150675574224618,10
654.3812054992497,74.96878971235246,13.208649032827093,10.073062269684128
667.7593016544765,75.23760901407513,13.63081670772509,10
680.6447036126898,76.09139959530148,14.488186619423406,10
694.4502236005638,77.3301655502728,15.005461615599101,10
707.6306224864541,77.03901536778721,15.487162623115562,10
721.8712284333592,77.42539457992825,15.741103927547448,10
737.1492480019699,77.77436794356618,16.005505082684596,10
751.8944544130497,78.64883787946019,16.273043996974955,10
767.8393095691848,79.1170584710053,16.38575983216591,10
782.829374879378,81.4976233990601,16.615889603014878,10
797.1894138131785,81.38547451065097,17.145966230653194,10
812.1217346989788,83.4075477152807,17.453872753119885,10.06782163120685
827.1191543994994,84.30558336542163,17.971625667752576,10
842.1612463533842,86.41973126695666,18.405822878757444,10
857.0518334862365,88.47092927263293,18.745320839004698,10
869.3475124629994,89.3082087116054,18.698592936138365,10
880.3300318064477,91.21320916809056,18.148251896336433,10.08693693416714
894.8387431150242,93.98685336792714,18.093899194955014,10.134285451608223
900.426217280972,94.90014452177874,17.502148456748166,10.280249244521489
910.8450157486387,94.8752222381854,16.61619451152708,10.43789150889465
915.1003963885549,96.6531866396294,15.835517650945052,10.766948391355166
920.7430701410311,96.54522585038346,15.1666261777921,10.86503137105924
926.4424038053002,97.56674432940379,14.23889943915873,11.25097285616433
930.5244643367041,97.35224373386274,13.598814783821663,11.318501619401449
932.0231278290357,97.40359630661456,13.12452976273559,11.361206758297792
934.8811896211845,97.88638918659301,12.618726651155406,11.459639605480472
935.5484130346366,98.05082862650647,12.102289141172445,11.474348630822089
936.4428083120797,98.24922620198231,11.705945461858366,11.57163533469065
938.5160949460079,98.6340221776789,11.449124343583868,11.482548361000577
938.7896896025823,98.91714705448065,11.293815036033278,11.359030822324744
941.0904059480091,99.05275756106278,10.850291261652973,11.502600111675532
940.6540967062006,99.14247616841924,10.338722762161579,11.598798228831722
942.2858889895775,98.75831623114807,10.107442482364371,11.47373877273898
942.3722158229211,99.79310848013898,10,11.4306771495893
942.0875906503061,99.52624231832998,10,11.454948368337474
941.6925392305711,100.00533651112023,10,11.594049902610173
942.6178426897386,99.82209550866428,10,11.549957590543643
942.4768960332731,99.7638676516066,10,11.556455602201096
943.1781861638883,99.38083531624335,10,11.514320926862055
943.3251875495771,100.11183628205724,10,11.501903360125343
943.1367921537021,100.10278088645026,10,11.400658323769338
942.9881731575588,101.35346395934539,10,11.17749948007257
944.1582469051937,101.51245554303176,10,11.033914198499257
943.3663441842655,100.52041718162909,10,10.925582979486371
943.0032456225017,101.48985445559724,10,10.97394886524298
943.7783111041645,101.55853445213351,10,10.910981883800016
943.5772906398633,102.15015079549283,10,10.559182135657139
943.838386014686,102.1894802962327,10,10.3596370020563
944.3314394807676,102.22366998906233,10,10.243084490563763
943.945971981273,102.26595595526658,10,10.175153545402512
944.4124779856065,102.75076728702697,10,10
944.5966939931968,102.74871810960758,10,10
944.1134616440395,103.14572652864445,10,10
945.4159316128353,103.8260748964098,10,10.00560134395994
946.1420321172336,103.39964306044567,10,10
945.5344307726482,104.2485133974551,10,10
946.8498516386608,104.290511191517,10,10
946.2974134391407,104.47280305686581,10,10
947.5079215472797,105.1372039324342,10,10
947.0322136586765,104.98969395521272,10,10
947.3526942139724,105.17446319821465,10,10
947.6103971904377,105.42869128349412,10,10
947.8906154340366,106.48527576091874,10,10
948.6409610813716,106.12149356368172,10,10
949.1836216157535,106.37462352278817,10,10
950.3354943698505,106.68666724923241,10,10
950.1938412046293,106.41052229765046,10,10
950.9601369953016,107.74600572946656,10,10
950.1615778064588,107.35592007874018,10,10.003979113189802
951.5455130195478,107.93589265707124,10,10
950.710882768617,107.8473947650491,10,10
950.8353633439401,108.24207168880093,10,10
950.9486366516212,108.64445358577359,10,10
950.7109155958751,108.29544290962804,10,10
951.0744026607135,108.82050421896565,10,10
951.5304018264869,108.4612573391496,10,10
952.1498632436851,109.22148978772748,10,10
951.5046961909393,109.22984551607806,10,10
950.6007112270454,109.67468827187258,10,10
951.1889811760047,109.38431403230001,10,10.012442927139373
952.1218358880142,110.31127425252635,10,10
951.6810188597301,110.01655664264399,10,10
953.4157741373638,110.39000859080988,10,10
952.1655087774852,110.30413211106497,10,10
951.3194614952663,110.47081812374313,10,10.012728483810413
952.060566932545,111.24817577718932,10,10
952.2822918003658,110.86514589904982,10,10
953.1224030560115,110.7501370903774,10,10
952.0589917009929,110.43921366303402,10,10
954.0635645693401,111.69659820168454,10,10
954.6774953311542,111.14694520800549,10,10
951.5918408340076,111.39375890760857,10,10
951.7495059227804,111.76831413774926,10,10
950.6756720995763,110.91503639488656,10,10
949.8428003644804,110.76216563551861,10,10
946.8499181127409,110.24261340468365,10,10
943.1544570779661,111.10360071032483,10,10
935.7234269670798,111.03188164501626,10.201471003632866,10
929.2472799121317,109.24295635490853,10.364145667728321,10
918.5031386790406,108.99860776930291,10.61610954565356,10
908.8367433666988,107.34380520849663,10.913230843555112,10
894.9856936669671,104.70063795118767,11.44884922495197,10
883.0412936990593,104.87723742394883,12.191096121216772,10
872.0317391660915,103.9463360025281,12.106672396014813,10.093777802214943
862.1517711001457,103.71930247499365,11.403168586500124,10.536125512168693
868.3660603622144,112.44265775912118,11.300894498092688,10.58665882513923
868.8928292521664,100.08708768044244,11.056141083842718,10.720955720777972
871.1339834990423,85.974288501853,11.49482830237108,10.030002487991034
853.9075462222183,82.87572056007961,11.523912877991766,10.015167565415954
842.9623442722348,81.27918732541875,11.348553304448192,10.161266051491841
825.7484240807564,80.37862913326535,12.135078227199646,10
813.05532975597,78.87508959021905,12.226314484194429,10.034308156756065
796.1820469896631,80.06059400753293,12.541346203331583,10
780.380086305357,78.81455664352688,12.725870217817885,10
763.5336238803021,78.15236200778016,12.487394768855417,10.123421363587877
748.0828753604205,78.69723074491152,12.500389687646816,10.111653201992993
737.2643844096638,78.47596706465993,12.517527152514877,10
720.9982389564408,78.9180788051954,12.661359807007692,10.024762848961384
709.1437321218544,77.28541007477162,12.569977510604367,10.17314097638917
691.807230689092,77.79197096445827,12.977568999176178,10.030941404848178
676.9027878987424,78.20582480533992,13.021565816447392,10.020234469811909
661.6902756854685,77.11445555415304,12.94371968330301,10.06668194511656
648.2214624861698,77.97736735657963,13.10388407628511,10
633.7413018339892,78.896874383252,13.288717480866048,10
617.2299284117358,79.42129148558888,13.6008320011541,10
603.3210904447046,79.4356960325014,13.400361420323868,10.087940043814953
588.1388598705461,80.47399378691524,13.08369692777191,10.250279290312603
573.1493775882379,79.66470396471406,13.113225304644015,10.236530901267678
561.3290308894946,79.96147357865695,13.216244751935353,10.213521730335342
545.2239785228398,81.47045109774507,13.493970716323837,10.25812367419951
531.8942686013361,82.19598374262007,13.46292463220746,10.364743163616689
515.1857885888356,83.74942300602886,13.673959669415357,10.33416740359903
499.0141636488323,86.33089307589783,13.695489426130996,10.337166118078613
488.7127187367748,87.86137019273447,13.805674858766608,10.194125321294992
471.6479912652952,88.38822177068505,14.60763804147175,10
462.7581835334322,90.76453521863732,14.449429255930257,10
454.1653276221762,91.29757156984124,14.2761647143064,10
446.83783987275746,92.98369597435467,13.743811874520947,10.306373675180296
439.98027442548175,93.0446813803703,13.54629838278082,10.218341140661817
433.86608121558265,93.54993408375594,13.393467799710322,10
426.89732191547876,94.65256481819961,13.119306941299968,10
423.789041197138,95.76707606964919,12.781518478689627,10
418.1488281512987,96.20995586567733,12.426395025080065,10
413.3204432850018,98.13108438905681,11.987455910627949,10.12764189237372
408.6378029117469,97.983956957396,11.840451424593763,10
402.9119333798507,98.91108092122886,11.77176087718014,10
397.9338254905451,99.90718396955344,11.927986955474022,10
392.3923480818183,101.51113522744329,11.791537552346588,10.090093051542093
385.23045764567263,101.33086005800578,12.057747967179342,10
376.8775567607635,102.2826494967303,12.561265877744606,10
368.3528101243507,104.35838530414912,13.115025889461837,10
359.41486747501114,104.35603204688232,13.535937967315778,10
348.8633445616803,107.68704429587524,13.912301131013615,10
337.0965143450931,108.71913305243652,14.396269410257343,10
328.22500955156676,109.67046401223342,14.661448110469264,10
316.6110416648304,111.57328972539108,15.023144336212455,10
306.0494081371638,114.02253207883041,15.18176982050068,10
297.0440421447509,116.14830093754072,15.146342061063823,10.062313162248566
288.9429020444566,117.44161304618022,14.86120504058305,10.17103935352364
283.4032063162856,118.48120606649155,14.329334175452864,10.341594390324087
280.02773594055645,119.30412309932828,13.972500669251357,10.373825743847698
274.3840450310864,121.24956881801455,13.312033214509796,10.657459090563279
270.8684480966276,122.02974821942327,12.6758381674117,11.032467871974376
268.33245447667906,122.8589991957293,11.733101152700643,11.53172010217786
267.6910437894973,122.15409658871623,11.532671551455316,11.525703644718108
266.4251397970116,123.12169715198505,11.310566133869461,11.548154252532578
264.1799236537397,123.92650703652885,11.352508277590939,11.284406528008263
263.30535652451795,123.68110865356402,11.203449534287294,11.344433105367905
263.54503668669565,125.32433885492122,10.94231378008699,11.527852568299862
263.7870272604389,124.52273784248399,10.618472699939554,11.754245115368246
264.3443188568386,125.00483036875596,10.559512680853762,11.604796667514844
264.22902716971095,125.63311467629511,10.439988593894999,11.467562154113496
263.7594433050066,125.8706914420488,10.539081307282023,11.225199241741018
263.46640280039423,126.28163229587966,10.33192641848878,11.278393231978143
262.8790574166792,125.74150177550659,10.089963672010516,11.354154598880903
263.0751373568901,126.00273128800285,10.022737111872594,11.250019001327146
262.2770559421042,126.56184388823958,10,11.347377840541771
262.6758657923201,125.7831996711072,10,11.500370711108719
261.95556929020677,126.35101367683143,10,11.511486712492896
262.1688976815203,127.66680298658507,10,11.414437063704021
261.9229713907698,127.91909565109138,10,11.304693495088348
262.46811296849046,128.4150722790412,10,11.374274405524789
262.12506913451944,127.69667782225733,10,11.342736869698285
262.40534033684526,128.05328711604886,10,11.129122179448359
265.05784399723245,128.31293752963035,10.23182262765092,10.674559089464209
268.91292618094525,127.39501892805632,10.464985210298568,10.21809869091242
273.68967591584186,126.45935418030422,10.814537116848092,10
280.69655231906273,125.92011608502071,11.008752068585114,10
287.99711172055714,125.30918933769863,11.351040324312052,10
296.1326918590064,124.26870943924587,11.679439831349143,10
305.84051787617096,123.88008182069461,12.021478226707488,10
315.95618010437494,120.06205432435672,12.653223304601228,10
325.3188578482113,118.84927778264682,12.752824710849453,10
334.5783542469523,117.98777585050266,12.745247394934854,10
342.77457902094807,117.46247647322464,12.492066722065358,10.202654256493908
349.26491350040004,115.94263996972529,12.168514653115095,10.321121027606985
354.7733659132671,115.67885515587558,11.983231951099091,10.475831028297957
359.3064443007832,115.08719686440041,11.290338535136833,10.889362028229048
363.1064438083139,115.13870110065288,10.992035820582021,10.976343480154949
365.8235127664068,115.55208437246435,10.235474923134028,11.519709382821066
367.82385315804277,115.31144061704525,10,11.559293752923638
368.5626406898955,115.64842038575881,10,11.536188087795722
370.30973093951343,115.35667362684077,10.053382576783388,11.387517937952959
370.31498689905663,114.76006252323067,10.144583234741912,11.120746425118535
370.27019241882954,115.80370677531444,10,11.203137801093222
370.5122612757841,116.13474925325355,10,11.32632949659744
369.86368612125585,116.67803052836743,10.037708694905572,11.285994639927413
370.87714505626354,116.22317282506084,10,11.384791417371142
370.27079505159054,116.9642871284593,10,11.293310357723875
368.57898492051754,117.08404528277596,10,11.319693915909939
367.90277785493527,117.67954648713044,10,11.448579502920886
368.67826348973904,117.41362934470126,10,11.270376139101415
368.7800295992056,116.81111669640786,10,11.128941212490282
368.4846508546034,117.6903481834277,10,11.282428826676927
368.08252338005695,117.73886252896939,10,11.322476915793544
366.425461922423,118.09734272743758,10,11.431878353860062
366.4170923127094,118.48882953763793,10,11.548769347469232
367.64878486527596,118.51474491056024,10,11.851942852627886
366.0998079670826,119.76493672021132,10,11.86200578178761
368.2900326174058,118.35437046444736,10.015408510327733,11.692202252437243
370.5739247315631,119.00009793407405,10.21387918389911,11.423867358845797
374.7606345908239,118.21744868166077,10.19438707768225,11.19346066443072
380.08249625640167,118.22211152013205,10.783954418828898,10.630056527748465
386.46540275770343,117.8186468580023,11.175493863735117,10.272748471980199
394.62573897478615,117.96698650342606,11.454184756596046,10.177811576891301
403.6260081561867,117.26276326647432,11.482319565792086,10.234078404302787
410.04145262191287,112.274195762504,11.491812256654146,10.254625620800573
420.5973834631618,116.3618177618891,11.251656583067362,10.14554754610261
425.65438275261107,122.55323815664451,11.50491035402243,10
437.0262905680219,125.16059899648826,11.521112118220255,10
449.7523910548291,124.87989062389534,11.56352479206679,10
458.8071530939945,122.89807504734199,11.647268536001649,10
474.85086313729556,118.17641862209916,11.511970184018613,10.060451713095514
460.79163847594975,108.36787781195811,11.682892574947624,10.00183982141473
472.65929844135303,106.61035257896583,12.46736901560098,10
485.15094851421236,102.73232089759023,12.651066779428168,10.154661556873513
499.3372914652463,103.24735589183408,13.046277529581971,10.13484642831015
511.9771081248652,102.20856347708157,13.478035659318847,10.153356379122538
519.1128308028173,101.88375693022904,13.202745088570992,10.281396406116167
527.3863142360652,100.353078549924,12.802542977324,10.561514133980872
534.4274537446148,98.31134728188607,11.97298956142113,11.326165253430755
539.5815700150299,99.45366372479685,11.579081781028087,11.674627393625443
543.9827932872333,100.02814879260289,11.090567655444286,11.89296766279089
545.738189674452,99.8788885586719,10.83229949534113,11.905002518260424
548.6367603620923,98.74282137967933,10.372426949406247,12.219236828943334
549.6983335906202,98.74862238860062,10.148654738947739,12.2043735310875
551.8826689614216,99.26403047473217,10,12.471244770132692
551.3415846122662,100.65927159630792,10,12.597052810184318
552.6395136608044,98.4210078895046,10,12.821980435125205
552.2911615861813,97.97568087416987,10,13.233577600817755
552.8613987459103,98.43929927088172,10,13.505613201574374
551.980310369865,98.78029957138409,10,13.641998380427243
551.746803586022,98.9935088401165,10,13.77393797580162
551.7236688832054,99.06672460779627,10,13.690260877769482
550.5923265898421,100.05812291450599,10.009638074122812,13.214409755187134
551.1852944480917,100.32653836597326,10.014087818477298,12.88881689377272
550.9558443824062,99.21999040590505,10,12.751875715978237
550.5472524861107,99.87320685296571,10,12.610051896449503
549.6850108007202,100.33482001423094,10,12.518577278135048
550.017793039442,99.89003139141654,10,12.496604478750415
549.0921932855854,100.46069441127585,10,12.460703320013232
550.0650670925388,99.52194740025931,10,12.380640140660825
549.0941348812663,100.6148712756977,10.009602836355748,12.029281258497425
549.1934971237788,99.85010473214982,10,12.197198806996074
547.9274939919123,101.26019920352462,10,12.070371861850845
548.8658264303813,100.23114005238132,10,11.976868345594955
547.0763387879547,101.21600107658993,10.130339468279095,11.505999861440124
546.9611163759837,101.4117553055618,10,11.241030812657002
547.2014859194169,101.46781289097532,10,11.040202733502385
545.7035558695206,102.68422054709437,10,10.83001959098781
544.711487101973,102.18794096268991,10,10.567822905190111
545.7031906122575,102.57762641022344,10,10.447140912977954
545.83656919247,102.73729696203165,10,10.461508930111965
545.1125708246836,103.42644885012913,10,10.211157729600579
543.5653471375117,103.26640831776604,10,10
543.5612122738967,103.36690477379307,10,10
543.4710435146699,103.40330709241971,10,10
544.3310429925332,103.10229884950067,10,10.024409390596542
543.4706106061349,103.40813743357552,10,10.055258312591935
543.1403513426194,103.82715919410269,10,10.066389767886472
542.9613762969384,102.62053846264709,10,10.272886083092592
542.9198266403982,102.54734961776408,10,10.40483280197375
543.269525660784,102.87728772698499,10,10.46842435077057
542.4327992337057,101.35116265674964,10,10.78791668446332
542.6685724245617,101.62783863339575,10,11.09901023869746
543.0944246338913,100.07199956937896,10,11.569785847504999
541.6020150469849,100.53096731839305,10,11.887811548283569
541.7012880133698,100.1179643893115,10,12.414120215923534
541.858207507641,98.86346940913822,10,13.174888540451619
541.9773068564245,97.93352740636402,10,14.05458363980723
542.2355263667414,98.62564068453838,10,14.590112303871697
540.6370337443659,98.39485613733547,10,14.734975277309674
539.3150856188341,99.9348037561249,10.344361930232298,14.33209439062194
538.4494817303611,98.15062610720221,10.465780812524951,14.259876425298945
537.7654323083905,100.20499169662219,10.711413211497078,13.762240913344375
538.4095004933519,98.77025419313729,10.559968888693422,14.008360770091397
537.7618288386589,98.60088629338641,10.472521036542238,14.197522081191755
538.4493931096553,99.2261441160514,10.389793569912664,14.242468209734133
537.4884538242424,98.55766103502059,10.217461277624935,14.620235777702455
538.1085218677135,98.32209269897501,10.192537178178112,14.904673223295006
536.8587244127501,99.10054155903848,10.117783638397817,15.102685137758204
536.6739436759597,97.75234570402814,10.24424068392602,14.951172165619445
535.7799915159799,98.3323982891012,10.443802218050148,14.81450902542634
536.0967641912079,98.30640108836441,10.445157914347298,14.818599293103233
535.7015571901258,98.27367620978303,10.317409093788104,14.918740197772234
535.6241073831375,97.23716077913402,10.218577725222598,15.166670160327577
535.5403533118078,97.63607072929618,10,15.549070863946117
536.0691387454116,98.27998215293391,10.250098772379996,15.33596899540754
536.691568753426,98.64420908038856,10.401539549045157,15.168621464694093
541.1628828534891,96.27967126672209,10.333569933513608,15.460280061692572
544.0772614577596,97.06871577398383,10.451801784420873,15.602945193745038
548.2168855026417,97.14015960351769,10.605024969986326,15.553667940599246
553.0258050668106,97.21996615650745,10.9674896059919,15.299297970608409
559.708422080654,96.49605331995306,10.82254194762874,15.337889715990443
567.396149834359,95.86150502913299,10.70410929788481,15.389575613998703
575.2567993221342,95.07296229606538,10.7783110776446,15.394312723886955
579.8201437409757,96.57995919517973,11.423990671052646,14.940979287901946
586.2533603052926,96.82194466636133,11.613638360595157,14.75791461628113
593.5442646187144,96.09740185339133,11.216456313036346,14.971183644282606
597.5539966187704,95.24710979565161,11.090644752041669,14.980719376049288
600.5652788622341,96.07191354725799,11.10720618445635,14.761161888286026
606.3523039604282,93.96129235499288,10.690728734344953,15.306457321903796
608.0774503492553,95.59118166353792,10.655125259135385,15.41909067113756
610.0446751889599,95.50631660853294,10.524616114317686,15.709412138497862
610.8168637280531,95.79474842084764,10.761488678503301,15.632930877664716
611.1483587631213,95.1783303092988,10.944825019137467,15.491774180840505
611.0498049033141,96.68161359165151,11.161742750362315,15.367016612335652
610.4304425144227,96.59985998379129,11.381065024177861,15.106263181951284
610.391620967195,95.9685836068628,11.440651675672182,15.011940158563704
611.4666076938347,95.1968701184307,11.3715889050709,15.233646058462568
610.1506673192324,95.73434758026184,11.360074230386248,15.31685837780412
611.8001144549878,96.02857608212398,11.320434891279188,15.587335061289947
609.1802361500088,96.40271800176801,11.501917232133051,15.50948313394722
609.6249458924462,96.1546582805962,11.430707574204384,15.62787885264086
608.6719196884108,96.75717724169237,11.476949749159255,15.622254587636927
609.5222720025687,95.33673223760908,11.633754972299206,15.705648715676551
608.2227176886515,95.93292669037868,11.688548977254365,15.976578992533305
609.1684822346389,96.53875767184535,11.60457901785577,16.276788844327747
609.0925803659293,94.01957805075092,11.603930524821415,16.390945644347404
607.883597603721,96.36293619809223,11.786677047467897,16.52179765181932
609.2195140961927,95.80601684220449,12.116964318948423,16.47995582637099
608.2615230681162,94.93433217964711,12.195083525866018,16.632080334705645
608.6147093393882,95.81432039627273,12.1011940079191,16.86755165631434
607.7160257564815,95.69666597533518,12.146163517291827,16.95514267957163
608.3639630369462,93.77062603546317,12.125013559061792,17.230133488041833
607.5996089122821,93.83776206172436,11.950738905863165,17.597983480082746
607.2199453401921,94.53888321413865,12.063238531102959,17.704100130637464
606.9373737576498,94.89728217222952,11.96957203432244,17.883691639256593
605.0122453929096,94.76544220644129,12.144426599343628,17.902654241092534
605.8063329230934,92.75987605477209,11.950616611226405,18.368606462109756
603.7904276763378,95.13753067791305,12.452146753098855,18.030723325141828
603.4575351676655,94.9430165422355,12.8840070090288,18.006033819959978
603.3675006739875,94.52667013522228,12.979535338685713,18.100489372214273
602.458398781544,94.65944993397017,13.1328413240809,18.079284514503673
600.9215158273522,94.6203284069757,13.465179334057522,17.85824454084368
600.4337769517794,94.88113398993389,13.566688901208892,17.897428384063524
601.702061274117,93.29638407379153,13.564204338183316,18.167260238061473
600.96110848864,93.37688092154912,13.678223961909843,18.12043948548274
599.8163231341165,94.23881220224521,13.727432265179859,18.19057588077084
600.6723045628378,94.08175851313726,13.947144007384946,18.054185095286627
600.3365598617918,93.730360598742,13.83109219882541,18.309692291684286
599.9581950520877,94.29003514526445,13.823249853492747,18.475122151237954
599.1818565479396,92.72436254356765,13.794739017512779,18.682038176393643
599.9188987565282,93.12279160635887,13.822999208642479,18.756518239459396
598.6942793778968,93.41208108111624,13.82232541783985,18.55159291042616
598.7084600029497,93.49661090479529,13.70026840051035,18.530486698846687
597.6693775275858,94.08452437107493,13.66339066477586,18.326181143850874
597.1436729651884,94.08200044004508,13.524963883541748,18.2694141501264
597.1999785058368,93.81807642727098,13.337786914793696,18.215163989658517
595.1241699929597,94.94559386604938,13.509441353191486,18.133045524455248
594.3365581657611,94.89532699671723,13.785476155278499,17.973975524334744
594.2214315459885,94.63638626948276,13.792072129518147,17.96646426764114
593.659798267946,94.72973949738493,13.76206200370296,17.890055335275726
593.1367065613442,94.88057476452066,13.917156275537652,17.7562123774031
593.2925522347185,95.02463591999599,14.076894723815833,17.682010465999078
592.2588784455922,95.57733400286318,14.136763349660596,17.87039009715494
592.3476762019125,95.45937648537551,14.397089599486693,17.772398213366163
591.634852644249,95.68273627626864,14.359316442940049,17.92490158966782
592.0071670385561,94.87490815395451,14.244412454912617,18.11617705502974
592.3472977381418,95.12828170198185,14.161767668652395,18.067909989273275
592.0652387395689,95.13318778047699,14.201467371368276,18.056542799254885
591.3737093371349,95.43260894495157,14.184552545331305,18.133644321776657
591.7999929853138,95.46536281037169,14.091410889079665,18.310544657924417
591.0566451677305,94.15533269038265,14.014535428779737,18.227768384383204
591.6850823778526,94.89780495762305,13.891284250913795,18.447645436511294
591.0797579312732,96.66050753523322,14.021042607764237,18.291794324107116
592.6089602438456,95.05447823196951,14.365321717513293,17.74942668971353
594.2806533677839,96.03271968388492,14.64221811963047,17.493384311891305
598.6096056821945,95.02230544810256,14.375751975001378,17.371231492638767
604.1882908107108,96.08936536932059,14.424274280834888,17.03399857113166
609.4382329522045,96.19583643490955,14.778072515852715,16.517178669053013
618.3456369650155,97.28871253984427,14.785739923580335,16.016503888001317
626.8131566548294,97.20060929621553,14.93144624097409,15.723612492749567
637.7276187478134,97.05912476732489,15.087286154127142,15.345240658215952
648.936453417711,96.28789646237628,15.147667046265424,14.977279949769038
658.3852559544705,99.25888243964341,15.18308924020273,14.76005946770793
671.045562319765,97.67972912612403,15.314096611542306,14.512207170643897
681.3053479981425,98.4209621634803,15.242824662746344,14.488047170073829
689.9303895749124,97.67078736979391,15.225493355519959,14.504281156860669
702.7248446456825,99.46528068060705,15.232417946035344,14.479267485216077
714.8806381435991,99.08476336440401,15.074639543952403,14.55885884360099
721.8037238127863,101.6139412104745,15.048125531322505,14.57857760672127
732.4237115178203,100.31821553665664,15.056107350868823,14.575017004817798
739.8407585677191,99.42861601639282,15.183790938143888,14.42684919258512
746.8697256720342,102.43426352103562,14.85273298836387,14.775962966258497
753.4702459699387,101.72077194606777,14.40612316342882,15.290304888948853
754.7339225484941,102.73316410559335,14.173056257386232,15.50467419347864
759.4399342261702,102.51202721349823,13.655764423640344,15.94143689589137
760.7777566995367,102.7673253439655,13.386292229287745,16.213589751377587
764.1590237182029,101.28505729216563,13.328405256164295,16.2721178498351
764.8353882502416,102.81976682501433,13.275515331071492,16.35873301532363
768.9755959298504,102.74102552980071,13.262492130362162,16.514149195604194
767.5295540165945,103.26072148889331,13.396059883647291,16.50161620323841
768.7573891223659,102.35192493065314,13.39478282052654,16.641395074494728
767.7206471446545,104.04412184424972,13.436810543878511,16.702804889574537
767.6889370560812,103.82684824630788,13.45540221297599,16.774090504991005
767.4541111863691,103.41846642957036,13.370872674648208,16.835713476272737
766.9659390484612,104.11650589089338,13.350100503968772,16.878749005035065
767.7385819109171,103.40992017944332,13.329668962254015,16.90387595142609
765.7689106780783,103.68350343664555,13.357384612135847,16.95419253552857
765.0835955362777,102.65499404475415,13.330250928222922,16.97921983753037
764.7579805683715,103.42073193162041,13.32518812750497,16.958517126503825
765.4683771051675,103.91720684515113,13.280792663623764,16.96661860616696
765.3148597170995,103.70117279818011,13.158949966882266,17.106308274510827
765.0143326818923,104.17914610176443,13.181593650257643,17.09531779117109
764.8999808869922,104.70498347249021,13.154661412277775,17.132469467642498
762.24108986086,104.50259300800994,13.16849649264896,17.18366011678546
763.6019955506354,103.82478207972974,13.236678160812547,17.15570438812553
762.644219531436,104.709218331307,13.237578686111622,17.161386256804793
762.6116145652117,105.09818453934813,13.259887534733192,17.157778973092537
759.9616792101334,105.95999149669473,13.256479798692185,17.15164512183775
761.2123080178507,105.91236416048427,13.245053392440543,17.20177150464851
760.2422734336036,106.50364645515195,13.037297558264378,17.395776782447253
760.4004010533631,105.98198597216513,12.840068994565708,17.619211540840336
760.8029555103323,107.56451010121644,12.830917347911825,17.652412145957925
760.1937424269412,106.94584306029721,12.628628182662645,17.8685411601618
760.7911425924706,106.51540259845075,12.67182633716898,17.803058496475266
760.401512990075,107.00671218844558,12.43609580826407,18.051691986773694
759.0775406502487,108.03130392106603,12.412932718904347,18.071245551562104
758.6716248267019,106.48666466889688,12.309611697045074,18.181367323341203
759.7761035148463,105.34580249799731,12.348290638962952,18.11360292994136
756.5861796735906,108.1485375007434,12.356444233492377,18.067483415019236
755.2352914437863,107.50206029721954,12.440638133515227,17.945754480086986
754.4894494666509,108.51914965047492,12.521619620821497,17.832073310235476
755.2766607019233,107.96915356189845,12.50623507408922,17.836998701576015
755.6475488742275,108.06371774851625,12.559154702877237,17.740169953617947
754.1556923496915,109.36349622810609,12.731642337672989,17.524449979072667
754.0735598762344,107.76578835885594,12.737392784923093,17.495447077436236
754.9257939422815,108.80332743515065,12.738355279697922,17.520225778331927
754.2456013133312,109.41993698424888,12.79634948535249,17.508145991925936
753.4203336997076,110.21421629105933,12.78566666545767,17.468352918428025
753.6326910792218,109.96686530004436,12.719519740329833,17.50919721036207
754.4906588930429,109.74437696825194,12.87440773443736,17.51205838827873
752.9175877101956,110.10391356559195,12.829856006427967,17.44364850984854
752.8079653579114,109.57150244133798,12.793066187747549,17.47187589065019
752.9828947380037,110.23248200474247,12.765399679245347,17.529305692254606
753.0919088169013,110.39284516755208,12.801688566661902,17.528936152886445
753.1641199922477,110.1139584092019,12.892724917817898,17.506047419067997
752.9810952999986,110.19695292838358,12.903143993926527,17.447822743993537
753.2617203485523,110.54889044454207,13.099669799567122,17.30389156648537
752.878232959881,110.01287973917947,13.17321284187116,17.141104055396596
752.9484801836691,110.41742170710047,13.091682248160922,17.14539177787978
752.4690339440309,110.81255891276497,12.86300105609615,17.291612134216656
752.6013356704476,110.52149738245483,12.868219545115373,17.221150701676684
752.7201010155176,110.21236440799005,12.941965708060028,17.099542824102492
753.2406934161228,110.81113020324041,12.837615301781412,17.11576183441658
753.7382606136154,110.44405364609136,12.6573808282136,17.020512442363223
753.3349287599816,112.08549117580137,12.429249489628349,16.93569789548592
754.420817574318,111.18999720082131,12.34570557029081,16.885556065630357
755.2892849404948,111.26396526513676,12.347639432107007,16.828575037953044
754.6544668926733,112.30004437304525,12.409560135637086,16.721410656631605
755.2025509671165,111.56288632475372,12.284566524886284,16.689951182345215
755.2049890727637,112.23909806520953,12.227718207492565,16.58750576692433
755.9054144268597,111.57890986626839,12.284590282389537,16.397591065258254
755.6892211698752,111.7238278047696,12.236959104507896,16.29941714218195
755.4990984144798,113.5418460015021,12.162888684693627,16.31898058125174
755.2063787056068,112.80142110273418,12.054829610198812,16.40977674891238
754.7433182566057,112.0458841946373,12.055458102309627,16.465202619702083
754.4086735414612,113.09549715779735,12.478281849615167,16.156030537833892
753.4834377376745,112.91458811528423,12.544929490208498,16.11005083924692
754.5289297579435,113.28836738543245,12.531289867242464,16.11662433134488
753.8306018153492,113.93865533842643,12.622551460553488,16.102915447871286
755.5536315886974,111.73395903022008,12.458667216362592,16.288381043257374
754.212138953334,112.7034081568702,12.42649235563473,16.299028888666243
755.6308958716014,112.04976184074403,12.453665485042464,16.346224136465764
752.2754365874538,114.74817447083393,12.440906418144811,16.429856182194165
753.3212351368312,114.40329239506484,12.448217266930211,16.43085415226337
751.6386688260075,115.77872654137914,12.41628925587205,16.454050877334957
751.6593239651245,115.97431736924318,12.36343439520387,16.435825050511994
750.177741902787,118.72503044743624,11.978114242153588,16.73647380333608
750.8514265160283,117.81929725322284,11.637033424904233,16.73273592902942
750.5948907079224,117.66759783187163,11.648945551961214,16.427598349479197
750.2932720504924,118.92412952465148,11.476949300060083,16.32279054100689
750.9095697619915,118.28821586174335,11.157077835554146,16.373467945405906
749.9842486738066,119.67073920422307,11.146246570800045,16.124276334375306
750.4277974110746,118.9893942883899,10.785733781112883,16.06766727878882
752.3536612440369,117.35722030188802,10.70317043899509,16.031251406348883
751.4254255020686,119.01545676059311,10.501084174137066,15.933283156220806
750.4209653293808,118.97864702480749,10.299135445644794,15.866022981848406
748.9789654767662,119.70105485409496,10.050828575098869,15.81839002629163
749.9235452563735,121.22030133066573,10,15.62598762834115
751.3505580575438,120.70998367616414,10,15.514616053723088
750.3153766543837,121.4233263888029,10,15.236912318852362
750.0700059087249,121.46085472913721,10,15.10940587536258
749.1537515671225,119.85132155186687,10,14.957976433699615
748.6664496512385,121.62029614802269,10,14.76849721399846
750.3625666947337,118.06746481385422,10,14.798928807048563
749.888465598342,119.72536295796398,10,14.728135265411051
748.1995434825827,121.11597518552816,10.04625167170404,14.441036176493634
748.7335390047554,122.50134929452027,10.09695779380178,14.24443065298269
747.4000463856638,122.29388634969446,10.107212380129297,14.030807205247212
747.6865982774746,122.83777652365737,10.034884887401477,13.840425746386183
747.447385490938,122.32015478128262,10.125603078033922,13.639583935458496
747.643161171808,122.97946112547625,10.075607192482789,13.541779276246041
745.211994403807,124.50178003917293,10.05964244586124,13.329042283889926
746.7844220121704,124.33172044184613,10.003658231331888,13.226022074485055
746.5682455600472,125.50252703800366,10,13.051920106916697
744.8664999307366,124.8399925884911,10,12.721804140943965
744.7740975694032,126.53304998941451,10,12.335227760727994
746.1816355065675,126.08059967028487,10,12.147959471794593
745.1868235544534,125.97748250148986,10,11.973519745225229
744.5689643101068,127.55034169709197,10,11.590402729600825
743.6571189240785,127.91354618092763,10,11.334023086222656
744.0633423702093,127.36412944592101,10,10.969274278937926
744.335235126433,127.9436268572154,10,10.879917827816726
744.7760958449217,128.67464644479068,10,10.602667118166066
746.4052583948942,128.23623805981373,10,10.714645550221682
749.1834981219145,128.40019365786307,10,10.731529491766846
751.6149055735441,128.25807725347806,10,10.891389788434719
754.4806551021185,130.42797491200668,10.009009022380049,10.826743339938297
761.8427841441007,130.71290834359505,10,10.74271837687176
769.5468449559207,131.14652697306258,10.002071819658436,10.641810168000815
777.1121355505556,133.16069766666627,10.147651824236213,10.337495937623242
786.5746296668613,133.46143852690875,10.793380449535025,10
797.6333266511094,133.20031338443775,10.777175140706737,10.090067853721013
807.7950022879998,134.89249532441318,11.1749122763499,10
818.0860665706713,135.58918212870776,11.382843754341753,10
827.887987091478,135.21593561841743,11.218335674764612,10.134089687393582
837.3291016478801,138.77733110139542,11.237569116891944,10.025000637178543
847.5109764783479,140.96707203010737,11.281524762963382,10
852.2433871610021,142.0548528633517,11.036446172617994,10
857.1488005057541,140.964309878037,10.655091452718608,10.056584980715444
863.7116640896106,141.94293673183353,10.10259788943685,10.132375611348696
864.3775114194723,141.8113971553248,10,10
867.3282404658327,142.51223178724467,10.06192891976083,10
870.4821383134695,142.52267185649544,10,10
870.8967873529764,143.02018881640106,10,10
870.9414808341535,143.49062088927894,10,10
871.2802616247209,144.03988752565056,10,10
871.6405441650422,143.73011357388168,10,10
871.2751675435575,144.11748407086998,10,10
871.6776010283502,144.23840193501383,10,10
871.1299439558061,144.077045798811,10,10
871.5869401284726,144.41771760633856,10,10
871.8555705436738,144.8608791184589,10,10.01856530764939
871.3695611247094,144.58418127212605,10,10.095058485619008
872.4627825507196,143.927884915244,10,10.287740601581909
871.5506508835824,145.15868788382272,10,10.518980247386457
871.575139574823,145.29625326786177,10,10.789282821765221
870.9265720174881,145.93830546835653,10,10.70797440313653
871.4374557660194,145.9412166052574,10,10.921591755074829
872.3957000301452,146.73263459400746,10,10.914490988947053
872.0767773018451,146.92674697397803,10,10.924028050752781
871.2714502440067,147.72515340558658,10,10.860695474133871
871.8032607064815,147.5291251162154,10,10.642580079170932
871.1343551502796,148.32694981369656,10,10.462326182484409
872.1204614863964,148.7893874007379,10,10.375121632657827
871.8679737673374,148.81876030421438,10,10.29250095799739
872.6741214619251,149.90039558936817,10,10.043666966440437
871.8994960413547,149.83484011008113,10,10
871.6488744543167,149.31613170220226,10,10
872.3688820527168,150.36914667699548,10,10.038829125959822
872.9933322594734,150.59451731945938,10,10.13438819265175
872.6215211377712,150.22830176578034,10,10.19602618391711
872.9510875866981,149.79615592399577,10,10.08093416043976
872.7620599196525,150.14286766967697,10,10.087942135179974
872.2628930733772,150.70783739401668,10,10
872.65875661781,150.88796571506828,10.178857601705218,10
873.0343005189734,151.06548976017802,10.015752751973105,10
873.0322483956498,151.36821877076,10.102464834151435,10
872.9565915896243,151.92942183329433,10.219979505722844,10
871.9766081718553,151.70647851242393,10.49629060243019,10
872.8052878787445,151.73013545064896,10.457134113380278,10
872.1803122292142,151.94746483354538,10.739994507728252,10
872.1660083228477,151.87869134782522,10.977746957449835,10
871.9235624839898,152.08562281964987,11.070312488801358,10
873.6327692944403,151.53327659009665,10.983774192149667,10
872.8090049102749,151.7036356204626,11.18725193318257,10
873.0504150524034,152.47662072120875,11.465118344501311,10
872.8150952364881,153.44577543674677,11.505415838518312,10
872.0525597829263,153.87859337269037,11.342144293592579,10
873.0860159641963,154.88419578463308,11.021946642241701,10.051937952603847
873.4055638260245,154.98916859381006,10.829218808228159,10.034170300486952
874.2354419168411,154.2015185517443,10.278880541939388,10.217863815328293
873.6188578516928,155.88699763373532,10.176828216112412,10.064485254541474
873.7820203566225,156.4513172002201,10,10.017643363736482
873.331446077791,157.03374650566548,10,10
874.2906513476046,156.11072626202076,10,10
874.0789618158014,156.68726941435307,10,10
873.9642257058294,156.03935321657627,10,10
873.7374251448782,157.59603973715275,10,10
874.0704593324335,156.55910794467198,10,10.155071337189312
873.8836224937113,157.6677021261434,10,10.205065085986599
874.6701607370051,157.25197588153216,10,10.211025014345575
875.5421509408625,157.15612377122494,10,10.250775567557728
875.5757830740185,157.39027515693817,10,10.234864986826068
876.9233470560284,157.31222538943828,10,10.391725291995915
877.7159609795781,157.65557183809977,10,10.509274707581092
877.0111528636189,157.88474713340838,10,10.589327151174087
877.672021389124,157.86488683162543,10,10.686786345725528
875.9814860821934,159.0885424416709,10,10.987290257775694
876.8541423679562,157.6060386696074,10,11.036684627464258
877.9546543956967,158.79716094142788,10,11.16698471578129
878.5127296448918,159.0219786631631,10,11.136698018848985
877.4560964108678,159.02302841312107,10,11.185123997951731
878.0007918478223,158.92180932031565,10,11.16666266125803
878.0591034108074,159.50467585215938,10,11.219253901197591
878.6615190320881,158.46206115161178,10,11.2509011108255
878.7007195540937,159.23095936555745,10,11.31931706048239
878.8439977356466,159.5039328908342,10,11.513731402426908
877.7083805986913,160.6300700990874,10,11.685001869648543
877.9950584062608,161.57443051551363,10,11.783936318816645
879.107995975879,161.4206249613105,10,12.191939321801847
877.6776829847367,161.7068819116015,10,12.413244371872935
878.3171173223527,161.90043757831592,10,12.545254744929823
878.843404758838,161.631521502087,10,12.645133544459515
878.6986099669011,161.35861209639535,10,12.683913643341274
876.8185242601903,162.19911504772045,10,12.76925789079941
874.7402807661565,161.39758417948147,10,12.623116899005872
870.4832960554631,161.4735221862761,10,12.58787389830743
867.078818585143,161.56234986111082,10.004938827358984,12.534432795507069
860.2046210538771,161.0126603046422,10.000777089048537,12.382394629200874
853.0533806273015,159.19896898464134,10,12.424563369590137
842.3425938167942,159.90190417559214,10.026044827679781,12.388017433413053
831.8169438911883,159.77402645835238,10.484277509701908,11.929431823466564
818.827129493956,157.95861162205537,10.31615735702302,12.075219162457689
808.7523319377367,157.63012557133135,10.785225736063335,11.636826097241638
797.1364520245346,158.44453425343536,11.192621853971417,11.281712308167851
783.7673157876269,158.66450381452782,11.909810495999645,10.652433041587134
769.7240292839496,157.33694509048152,12.35959608880348,10.402065098062886
759.6891660697523,155.52866085368666,12.140351569932474,10.497660127667645
749.7544251368581,154.25891384029097,11.546977142996159,10.879960970560118
755.5456975510491,143.37857913943753,11.630775049904766,10.824027665357772
742.7652177875738,144.72098438815607,11.68190028730475,10.776640444821957
731.0356148813523,144.5842564194588,12.035335988663487,10.439223398284017
715.8420389348527,144.87809502750912,12.008911755564203,10.455251588372326
704.9560067841505,143.4131634245695,11.378645658408987,10.81541050004687
688.982928330858,145.37495099597012,11.88411157073123,10.473987008628082
678.9288582265513,146.8794765869585,11.57122173478911,10.662924336783115
669.9769274776795,146.88214020981792,11.14762008250823,10.927652355298834
664.0487560561334,147.1760876501022,10.758563450502932,11.178265067408352
658.6936151167782,147.17452395438355,10.305362663197497,11.502551583220077
654.2531987616094,147.20096523312017,10,11.859413526860685
653.447996694711,147.76302989875936,10,12.002043352763115
649.973638851312,147.3351510842359,10,12.168627998640508
648.0774230548413,147.6678860795033,10,12.272289906985712
646.387371976045,146.6960328317027,10,12.67970563777823
646.3014579309576,148.85440719359664,10.02310308717068,12.637918385547929
629.7551803077026,153.79555401151737,10.153790047547758,12.589279153393026
628.748593129483,155.36953814043164,10.07536493957051,12.460302127482796
628.060183224157,154.8355739832993,10.055644823693795,12.33144403809151
629.2541712697526,155.55718684743647,10.052873524524905,12.3272669576977
630.9201372602256,153.57804121828312,10,12.39487837973121
630.1000120380195,156.1952614280572,10,12.447022814309012
630.1792251133593,154.82366660805175,10,12.687304701329177
630.1893777876394,153.96135362517782,10,12.852951036606768
628.6483670502203,154.01994476006425,10,12.864988686277037
628.0978012710111,154.72216089945528,10,12.943030019326653
628.5165780215757,155.08965725740381,10,12.903685914021494
630.0452254443662,154.7222281005874,10,12.897080447251176
628.6732834010618,154.32107635417307,10,12.847687568047673
628.1284940949162,156.05911063822748,10.022075875245836,12.765287413101063
628.8857447875466,156.58126313547533,10.068220070276816,12.576525912829952
629.1832018881266,155.30535374121865,10.152929413332824,12.391204999499998
632.2316716957047,153.8141313154418,10.150580462086827,12.393941894739601
630.6502501536928,155.4797517288954,10.151306541716044,12.340558609870406
630.1127736269116,154.7573270001269,10.144687301043092,12.289047884645232
630.5319088644876,154.9772937340112,10.152510897756194,12.304415046015624
628.9749087680012,155.49668017732313,10.14276064250197,12.300650828291266
625.7393807350613,155.54061193079045,10.313291043098593,12.201886668389252
624.2479717563785,155.68759085941724,10.385773698111326,12.209501461806667
611.7091471952606,150.12899809066573,10.546281859653767,12.191599986065036
610.390195294562,150.77767838216252,10.846954025003738,12.058689810099679
611.0194266352632,150.78114035240074,11.132430814845925,11.946848201817115
610.5453222770876,150.75486196565456,11.301712920250528,11.85312295807845
610.1834786328736,150.1868041613791,11.453178035464632,11.845198816530246
609.7187809722739,150.64257370092633,11.445817520654085,11.828184430924805
610.1567851536445,149.87773569816775,11.42400958067667,12.004108657839392
609.6400332912186,150.47215744064667,11.531694683416168,11.92877840415898
609.955902367545,151.03168543340107,11.678476459218645,11.82901048169953
609.5775469650993,150.23567520925909,11.666462405349348,11.810980847776742
609.574622556703,150.52515737653647,11.641864623835495,11.724002400511067
609.403682933177,150.7788656322469,11.546233559283992,11.709322347868564
609.3880007032625,149.95422453056977,11.391492052545068,11.82064318743037
608.5749033963567,151.200255525624,11.342492045270554,11.728293998301567
608.4476678766891,150.50950143955708,11.154605842498288,11.63916222635884
608.6146745983921,150.8000618710924,10.949046756478108,11.611984162856402
609.4546930935462,150.576772276501,10.910055932589806,11.472164750507217
609.4243597189164,150.99893003865645,10.839604607789848,11.397111480434425
609.6413910400453,151.33021632040564,10.993102678823226,11.275046293130043
608.8447729289484,152.07653242502852,11.167755388710908,11.271892910407137
609.959427833863,151.35271913674993,11.203464757272393,11.338723054469199
608.7476410891398,150.76359590159504,11.19456124934307,11.427820288099875
608.9868466773731,151.91617062397978,11.127654103104083,11.333297922340405
608.0854716209542,151.1973646385932,10.976474314818976,11.363200294572305
608.8453753860027,151.60160807440425,10.91574104352618,11.309175128634891
608.7901902643895,150.92065150433476,10.898692276947996,11.369404127614827
608.2682715545722,151.35693103787324,10.764763731120809,11.40532880420548
609.1858589749693,150.3802787100562,10.795553422225025,11.426959456238498
609.0163033548939,151.77563238067177,10.982776828303773,11.28656120085328
608.9750060959702,152.11099391322625,11.001330737447095,11.220301236177676
608.4135830274532,152.5415502482599,10.961025133453226,11.257650623223999
608.6839568419,151.54864338079926,10.7928819342814,11.494006402784843
607.8964621122241,151.92050108947427,10.746322502565818,11.6654880002435
608.9411182834584,151.65226471654245,10.74488195002932,11.75729185706146
608.7018096983701,151.5446326787434,10.732543588608813,11.770303604263672
608.4174912815743,152.57153796213336,10.654366671933506,11.881820348045897
607.7992131894731,151.49090749920632,10.535659384532487,12.146301736699083
608.3358206382719,151.84630412372715,10.362004938442334,12.424277542070234
607.4566726759867,152.63608526850018,10.132610771879708,12.508469477301366
607.9045304899337,153.37032540446316,10,12.407765122428657
608.0200041030766,152.60832525659413,10,12.339180092925618
607.649973848951,152.78778646028366,10,12.294465090398518
608.5045848881127,153.87113848211374,10,12.078962008804957
608.1759687458398,154.11080303057648,10,12.070051484305312
607.7058504616143,153.2634317771267,10,12.247397898790062
608.3964995538117,154.1651759296905,10,12.106179901203323
607.7356368695619,153.41559435339994,10,12.091733048405708
608.010592470062,153.61033219304852,10,11.97560790593185
607.5000300501706,153.74925779487577,10,12.05792474207607
607.5075239903526,153.6387852578452,10,12.150253229809689
607.1383251316147,153.16517264613665,10,12.155754868097969
606.9927165574627,153.36643273902362,10,12.097511408569938
607.7756744689541,153.35255789847923,10,11.969753495311707
607.2303901977139,153.5462968947903,10,11.908405117996447
607.2301062007027,152.9198189300644,10,11.894356438340251
607.3858815540152,153.9599044543046,10,11.974388131482778
607.451998579927,155.1592121826769,10,11.908903749643564
607.5879082564788,155.2903852596903,10,11.882223170286604
606.7925027493911,156.77237100401334,10,11.73516099484243
606.9268557463365,157.5800663326277,10,11.66204993871081
607.2449628650759,156.76595221971345,10.023583430978256,11.538250891361209
607.671605116996,155.5626930969102,10.037564986059758,11.461432449879695
607.3004368247038,157.24674236400904,10.049888021316464,11.299795106859385
607.9143933166479,158.35776100414554,10.00960628685598,11.210175743837947
608.2435790334421,157.88682801569104,10,11.094946789144519
607.2911180291849,158.21167981074092,10,11.055000145608489
607.797572377749,156.79060341185235,10,11.017504734767416
607.9452646557766,157.63291131141472,10,11.151010488110058
608.9317741577106,158.05322036430726,10,11.186482491673218
609.4283341650444,158.3052319109135,10,11.218298419666693
608.3344611410575,158.48176866951383,10,11.222879950836404
609.051582622953,156.99814840640508,10,11.26227762160041
608.9757438559609,156.66991534151185,10,11.236255071500981
609.3544900501009,156.33029238961393,10.013384257761869,11.249404287979923
607.5624262761645,157.28156831631958,10.018091715913084,11.251046074323884
608.4488824863511,157.64219939395906,10,11.222810580917772
608.9035904262573,155.18117197650488,10.041721603307398,11.180445097222634
608.7991500426375,156.94280354174597,10.024973890231895,11.178690898854075
608.1243521605211,156.9610428612464,10,11.086730583840975
607.798016283341,156.26057965340095,10,11.016678024235851
607.3142552591609,158.28316829853557,10.043442272549902,10.73137579309438
607.7302857102901,158.17816642487242,10.072617286906066,10.519580804563697
607.2590502948113,159.13059836741184,10.116964495923018,10.309761317792645
607.535659033485,158.44591506603086,10,10.266075719283545
607.8014351610618,157.89174603479321,10,10.417408280965413
608.2811715785938,158.08248958377789,10,10.413837072020762
607.0210476384837,158.19385926626546,10.026529732942436,10.179217814025812
607.5230742577987,157.85813179460044,10,10.30753395530434
607.514224401355,156.7026714218652,10,10.639387017554906
606.5443679603341,157.74932946485603,10,10.8577626925901
606.4959449271264,156.67536675590136,10,11.232089439539969
607.0696020821633,156.23247401540232,10,11.558832228353618
606.7857177356782,156.4030841302782,10,11.976433009191428
607.2604456345143,156.12173398482736,10,12.3078058855805
606.9991021553578,156.3908574365635,10,12.310217634890643
607.4271074632707,156.6088288978099,10,12.753163975074047
607.4251109980105,156.91669618007023,10,13.087581986523077
606.8017694376467,156.73888428661726,10,13.201697557763248
606.7567688658892,157.4362304733794,10,13.20341326529367
607.1372615829168,156.4225012274658,10,13.475030025095705
606.990671931213,158.2900874214951,10,13.665053569425433
606.9691627308785,158.09592146796382,10,13.93841758640417
607.2761155054031,157.2075848013622,10,14.102584887617347
605.6226883813797,160.40944642050496,10,14.221134236154338
604.2352770254074,159.57314082157592,10,14.457738768782624
607.0140491411148,158.7588604719298,10,14.708891440425909
605.6830836221634,159.98834713660318,10,14.805086739771836
604.2115698739944,163.24362755689813,10,14.856312550793236
604.6214141234814,161.94639436052356,10,15.030554515365496
605.5952184185444,162.24726402194787,10,15.217521912392208
604.4865056261478,161.99037943208972,10,15.411251462172304
605.1329473337639,163.0243758533199,10.037124733914787,15.50813698808963
605.6654969438969,161.50620220818556,10,15.580116888679374
606.1954881534039,161.21841528979633,10,15.745852287423764
605.9901495114027,161.76830054902769,10,15.64966281601917
608.2347583904921,161.35361533473363,10,15.613520277497548
605.3048241272627,164.68365961147143,10,15.79038488716896
605.3955849021731,165.0166283472375,10,15.844809661673304
605.66133292616,165.75594149228314,10,15.83061239246369
605.0899185961541,166.837762487047,10.001972751617792,15.836125285367014
604.7759942583482,167.02623920843396,10.006255574587653,15.825655083912773
608.2944814473449,164.65411949779784,10,15.822440338772662
608.1190330296813,162.55462472900348,10,15.82953725246001
607.7457212716399,162.12234127929918,10,15.728047685766004
608.5681317955314,162.99401678145696,10,15.657709295700599
607.9872683793365,161.70499779773482,10,15.671957180213361
608.4224879444386,161.29495793871425,10.01962230787939,15.653954048275116
607.8097942282062,163.662114102979,10.019855459681612,15.64821122734449
604.8055229843598,173.35791988897643,10.053097635332215,15.623951187332043
602.4084785841363,180.15140262306855,10.10414253624305,15.557543122712291
601.471220415088,177.47986965754225,10.07943578512146,15.618531741295362
604.1724625303316,176.14483486895887,10.083611634590493,15.620402256114733
603.2317764710375,176.87201303650957,10.074884704564035,15.668054239914376
602.6104390827885,175.2027159279982,10.01318478623777,15.691729462033578
603.2240410655795,177.19529458408292,10,15.688477133384657
602.1319926589786,177.09780267569843,10,15.696703743236837
603.0544005841075,178.08647800381772,10,15.682712204506156
602.3260104864894,179.35037159042957,10,15.669364137270012
602.9520527333079,178.57405968813052,10,15.7777516633342
602.147044560319,179.73161426610955,10,15.68218262654726
601.9310392824551,180.7991116847777,10.049812072976064,15.682962640056287
602.6575419962464,181.42452402901898,10,15.72024904223381
603.6222086012422,181.19092923578845,10,15.744778326771181
602.9138525784074,181.15424901495382,10,15.774085538005773
603.2983711719571,180.86445751370962,10,15.763141304032517
601.3525982856809,184.0836263022318,10,15.79027690203699
601.2890227422176,185.05439103108606,10,15.838433695015112
601.604171065992,186.33206382488663,10,16.00138535053227
602.7889784356262,189.2156908752158,10.270534377247678,15.591658982722986
602.7149293981445,189.9105591337855,10.515399155041878,15.22893803240949
603.1186666381548,189.80840908513588,10.657082330260419,15.135200064275256
602.1584753421714,191.14233171664998,10.82503794030112,15.029379633018877
602.22566077326,191.55932976568832,10.808062672840187,15.035558805976454
602.7599554944405,191.2205417971056,10.786283261416171,15.123732782768943
602.257923543905,192.08804693890764,10.99552405238375,15.06799777344162
602.8728884617269,191.32265473196176,10.881728860294402,15.296172266831636
602.4924718065103,191.33288247496378,11.090654869778767,15.439177467630461
602.5882555443408,191.04969811907065,11.14222028338854,15.567989405992614
603.6879444079419,191.92405641542769,11.250073505588002,15.514404472786307
603.5626951056078,192.5920629096715,11.378817091426098,15.328579572715693
603.0438158567734,192.395951949972,11.025953569326926,15.688498639394728
602.6085933814352,192.981465659847,11.051219260226343,15.671235586748242
602.4187757202959,194.19612514388734,10.939856582598482,15.521947107635498
604.0020330864882,193.95471042553936,11.115606979303209,15.153295285462248
603.119192951733,193.4805673400973,10.860456379138833,15.337301792783578
602.2569275051036,194.00236574273214,10.758134235517275,15.14104646538485
603.8279860449638,194.24237096489614,10.676586680561678,15.094602203908638
602.4832515887555,195.4458747100996,10.677176818335578,15.062603296570616
603.6410353573895,195.86979088237263,10.670473636154838,15.112198034086287
604.0347337423783,195.39968146473322,10.729765434769273,15.009193726741193
602.6167227496172,196.5143955845771,10.660591230411093,15.048424601891105
603.1914938979539,196.04118091656747,10.624424955122791,14.943001234815892
602.8072095823939,196.7791126147497,10.428226726234692,14.926985050289177
603.0698693408361,197.42929281865227,10.584654228640973,14.660185752980542
604.5012516911796,196.62996537984617,10.52817109457404,14.676572034897305
604.3779874892072,196.9153928405401,10.419288833245318,14.651871135726196
603.7942780504449,196.69797796691216,10.153313755539065,14.79876082785016
605.5751812811754,196.82596561428062,10.022755243678041,14.735520430249933
604.2281739361642,197.47964874185314,10,14.683421795191574
603.810220583638,198.17530291236855,10.09388401189516,14.36989191275605
603.9027534659182,198.67573663577684,10.17037844897988,14.236895333191775
603.5145369188228,200.26204960275632,10.01655326909215,14.478673076219545
603.7979917399759,199.74471554266944,10.009635880566243,14.63285274109772
603.8105974892583,200.37923215994374,10.075613736659665,14.555981781863444
603.2639508940338,200.22804418260858,10,14.6699476034104
603.206687851256,201.60615096769985,10,14.876838519693303
602.5557619169413,202.43644785659959,10,14.944839164234232
602.4856690377055,203.97909870417453,10,14.851306782896607
601.7601700633822,203.12327469213187,10,14.767067575155151
602.393805465108,202.74929359435035,10,14.751549822674356
600.7737607568561,203.6377220026653,10,14.864225929742897
599.8373366802989,204.75712285328706,10,15.151269517729723
598.7126395911037,206.48922799502307,10,15.48921306001758
597.428005120164,206.44733452115676,10,15.631762893380335
597.6581162273942,206.51998615032375,10,15.719714231637324
597.2139319837152,207.59330982323746,10,15.877601082663542
596.6780531466065,207.53847597558428,10,15.911616685274698
598.2010546982347,206.0761731382879,10,16.03450054857284
597.2374628841935,206.7722049577044,10,16.07236652380699
596.7339442648436,206.17989792073232,10.008978442770964,16.0589476225543
596.511756101523,205.95218054415633,10.036042862597483,16.02276931547028
595.9241838484952,204.42102850752815,10.114776259682468,15.942042268426322
596.471190215594,204.382058657984,10.297557839869278,15.78259095758782
594.1669080251781,204.84951516995574,10.323956502622435,15.75453625864893
590.5412740204289,217.92666650794234,10.294310205480272,15.915401963413071
589.2533421850321,218.8494344055279,10.18263787506843,15.996685969572516
588.2677768138774,220.49987279130374,10.0681560819012,16.079499793647667
587.9510643699989,220.1920910403775,10.028373388614945,16.23016914977296
586.850787508211,222.1702983083119,10.119245029060654,16.318397062329463
586.12330729328,222.72534389724413,10.135560215278057,16.519294310673487
585.991895235365,223.03314267524487,10.107744453788863,16.5724708826322
585.6766861287908,222.81133070618,10.174485952039955,16.55115972664385
585.1004230671471,223.84695812090717,10.170194877527724,16.59806466815509
584.5761265147688,225.11595751009253,10.112766458808693,16.703338766523864
585.1875017621155,224.51493384943282,10.04852641066366,16.922149178930603
584.5677393650996,226.46331844734704,10.058221297278422,16.8764940177549
584.6515306748079,226.23672691437997,10.061328096773641,16.76862911244039
595.7932964908173,217.6635816504405,10.186327653719676,16.610340859191407
609.6290179991205,217.68725641927807,10.71749656033113,16.13831520123505
609.8410935616502,219.0698297025412,11.14853261292978,15.211345838840865
609.3211864186565,219.3869472440755,11.37729803359881,14.554827473641367
608.6641753346329,220.02752107499288,11.270552894364606,14.183012444825053
610.0086384468414,220.83269338304203,11.190331952158857,13.80686198823453
609.2079845715458,220.26996630994168,11.053931730223468,13.589281390172516
609.2793221732079,220.53855613059167,10.974420522642124,13.387841659475075
608.7170545764085,221.81208913123788,10.95375224505716,13.095904518656306
608.2990029482155,221.35483991985578,10.991571805268347,12.739002966597498
609.1373861186481,223.34498788895215,10.964668469087735,12.585369568840576
609.1499975179077,221.9769307487082,10.893125459426347,12.295758723061958
610.1424690371571,222.99755046767618,10.62644390125888,12.1619573249057
609.6591231283345,224.36470011765385,10.45003521879722,12.08645934216532
610.1686943037748,224.98474983375107,10.155361218326941,12.059297980268134
610.0210447935416,222.99032237856864,10.030339191487517,11.69806524796332
610.7826341766922,224.06509404809856,10,11.541627320433022
610.6032442379801,225.5754660695536,10,11.197538331615306
610.9017566371767,225.63618480681606,10,10.9594086195344
610.7045195628016,226.47362581447976,10,10.819628613980285
611.261235289654,226.64760984099485,10,10.676553956254775
611.719917290291,226.90011467627133,10,10.377550291108182
611.87350540646,227.03159528539186,10,10.261758603258869
612.0414871949761,227.69792230215617,10,10.178688171681836
612.2860136259405,227.88858119843593,10,10.130173807295384
611.9860692251532,228.12683200471207,10,10.034638679289726
611.9133094403951,228.60873614197772,10,10
612.4097569141595,228.5586166563257,10,10.062412686537797
613.2491226945131,228.17367666160862,10,10
612.9422109875886,229.26900177395146,10,10
612.7211024317949,229.852823130248,10,10
611.9428386841028,229.8022549929301,10,10
612.5024342689721,229.69518050125043,10,10
612.6030581969826,230.43956252506177,10,10
613.5192219395249,231.22368344238203,10,10
613.7070991028158,231.09055989554327,10,10
612.5850954984827,231.30614974180358,10.020782330355242,10.017299155221476
613.1961221830213,231.76378961733568,10.005404133130082,10.007920240148142
613.9703042528181,231.16655548821242,10.058244031202852,10.037722918598817
612.1138433445303,232.87462861631798,10,10.033881540622595
612.7222310531943,233.70152103479737,10,10.126584559575052
612.0694583285658,233.90381087618957,10,10.267521784959458
612.2981598604529,233.99555083199704,10,10.38040001166732
612.7752532590239,234.6027295068475,10,10.48655412227064
613.0970467556326,235.6687878766756,10,10.494543583786381
612.5426862467139,236.5009630278682,10,10.589202046621779
611.6934331286757,236.1255195646969,10,10.494750091948614
612.9694025147764,237.1825154720755,10,10.469395152344005
613.895923637232,236.99361550226317,10,10.443487289672989
614.2731258500426,237.0821223720155,10,10.488648060528051
612.7338583100645,237.0424597062458,10,10.490426460264219
614.9561197388975,236.7665157472763,10,10.450564412058712
612.9258367646544,238.16745984284773,10,10.352542464278253
613.6708418954222,238.10808465216513,10,10.332419179118578
614.6040293205588,237.71986846140123,10,10.2459087458194
615.5612724054663,238.9142614272576,10,10.176631843495093
616.4226775287322,238.1990069622194,10.003838560993858,10.125108593739014
614.9743647433846,238.8059375727365,10.015084817266425,10.137623429375997
615.020693522325,239.60595661342617,10,10.066117853032024
613.8347251232772,239.7147462082432,10,10.058446061025796
615.9410598095565,239.44679789057062,10,10.055558967294559
616.8737314757018,240.11797468925062,10,10.124117526039662
626.8428982313781,250.37484375085867,10,10.448682015128236
628.7256153639464,250.50119442875553,10,10.879920712320668
627.795665841928,250.64709786271519,10,11.634726941592206
627.6054971035628,251.47027641135702,10,11.763977072587657
627.3920347508101,252.06943858652303,10,11.840536111728552
627.6797771867423,252.43865552762554,10,12.091887006688005
627.1205699701985,252.93410969303875,10.245001108731495,11.778986218948594
626.149434310723,253.59996730976258,10.366350410584968,11.614121790783525
626.1142551182135,253.9826184012365,10.195312323746045,11.524141067605903
625.5658074862466,254.77200528070625,10.194979060610738,11.312681647350447
623.9828258460343,256.4453027642196,10.056801296418486,11.059329564006074
622.8142509054451,257.2343804451014,10,11.084073634424673
621.8008732389717,257.89581819991315,10,11.135014257346734
618.6944825243263,258.2876727093877,10,11.139876000078152
615.984098632267,259.2017867531854,10,11.238156219939794
612.5290138315468,260.0287573288734,10,11.110138797506737
607.6458165239601,259.79033154730683,10,11.011839274786183
600.8394696306495,261.07200993563106,10,10.96974466702203
595.2903783484766,261.0534451394305,10.054833298293708,10.75214325995336
588.8296776892287,263.8485979233989,10.08255595162829,10.624271030181808
581.7652921241245,264.1090158763233,10.187440401233735,10.420715238030063
574.120493430774,265.49743239520353,10.285985351106007,10.180687829999915
567.7722412580928,266.6984548637847,10.516197315181877,10
562.7432966066476,268.2900646994094,10.587879609710436,10
558.681265328644,268.73608686074977,10.09376379810275,10.249926073361115
556.028276164463,270.2589651986439,10,10.401081924657248
551.8370110582619,271.13885571221766,10,10.584376673609878
549.677271087101,272.04419551907745,10,10.719451468726694
546.523336131504,272.9178876410268,10,10.706609356251843
545.2215380262642,273.18087791127425,10,10.722185829745474
544.0999878238945,273.2090083502757,10,11.059093728970009
542.8117866110115,273.7382763838734,10,11.368344784501
542.5794402252941,274.43693340932253,10,11.638949415701195
541.3703545340046,275.10583668134296,10.015469766291641,11.83739560870561
542.3094478141575,275.19614756091664,10,12.189178033899696
541.6481060277729,275.5516653788415,10,12.349324005296364
541.94411401861,276.9851855796754,10,12.292371046026737
542.0534912835865,276.7806393425141,10,12.291955113233241
540.4486700534949,278.0534277168061,10.091270973519393,12.335036459055498
541.8353511193275,278.66217720622683,10.018883067852066,12.356262427189693
543.1691332351475,279.9656022271061,10,12.54503950258807
544.7267690192966,280.9082560912289,10,12.482791094792345
547.9054759036808,282.0619785084455,10,12.685377006819056
551.3929572593479,281.40557432936674,10,12.518064229264901
559.3211656104831,282.2614302996786,10,12.212628753103516
565.8147681907398,282.5921365242776,10.035965310678208,11.976362764438743
572.7877752630574,283.30670274149736,10.402422555813502,11.53517791319772
578.5934979300836,283.57774837623623,10.597530108724062,11.196486525440463
582.8643261991032,284.581088059732,10.500752148870788,11.11237774465351
587.6541395344013,285.5371239153208,10.089582509524567,11.314183568342191
591.5920160304813,285.319276932932,10,11.48389269987937
593.8180301677494,286.51227297797914,10,11.728371839338283
596.2443364154606,286.87271637794606,10,11.822254486254236
598.8935099136143,287.14493254250783,10,12.324736615405524
599.7645944248943,286.90714462452803,10,12.675396464111916
599.8063319590001,287.3231982031371,10,12.969625523820323
600.944148268929,288.0429382689081,10,13.191193685392193
602.1527510549931,288.4485615197922,10,13.527691839233032
601.8621615249309,288.7905985801855,10.143553651951851,13.393660466897753
601.6179064389385,290.0588877280589,10.098996716736158,13.596218151756958
600.9991504814534,289.98530884713455,10,14.027066276774299
601.9904900919481,290.85484576887967,10.056839373752457,14.063465193484655
600.6424647323113,291.9752400338707,10.243438942131867,13.979273085697923
600.937289209762,292.1273678812233,10.261267234945638,14.055104468610452
601.2521628554969,293.18545087031083,10,14.2282129445522
601.1288736838021,294.1237808104885,10.177226215777852,14.031763773768763
600.9341785796731,294.2653080704977,10.082466789197705,14.251976303539674
600.6126348088083,296.1947460061402,10.512852816564079,13.983518532611813
600.5876985686061,296.2821278868168,10.470743960493934,14.222251682784332
600.8436435727991,296.4236646692043,10.358970544753664,14.6223185746858
599.5207966734578,297.37305329905377,10.677184504111521,14.470295246032398
599.9303650657736,297.7208988062791,10.865436192036785,14.452933758959812
600.7930205472646,298.30806661531904,10.957501723462503,14.56117696683059
599.5201350281749,299.29394161968725,10.86171125346324,14.778494321833175
599.988357593183,300.3481389536923,10.733046985301684,14.984404244048289
599.529510508037,301.22110843738875,10.973738427608144,14.85931774705325
599.2150033026188,301.8473997426821,11.12878740222439,14.884109404044708
599.8447737983068,302.61876483840643,10.984551596166206,15.228786753871056
599.7114439951953,303.071790241065,10.782401359326109,15.627454800597132
599.583830946894,303.58162571069664,10.81934010718148,15.777492709333352
599.6911076846063,304.01095375797087,10.736235362583027,15.977704069313694
598.963937646049,304.88953660467143,10.86410673356689,15.866302607594491
598.4755780275837,305.5822736849807,10.6014731481937,16.063098234764315
598.7023319690388,305.8309402040829,10.577587706813611,16.038410091875146
598.9819985380814,306.5185788072727,10.77274941459555,15.70901153425337
598.741432363011,307.1025200435611,11.01284636291532,15.392082282997658
599.244697568247,307.7855939951739,11.181136971615846,15.343339961246485
598.9535124687394,308.7448372930368,11.257099373294503,15.144674222568566
597.5598768582703,309.751593117059,11.04980105420896,15.339004924530393
597.4341288520108,310.7064934889583,10.515633879224303,15.893607333197544
596.0155177120178,311.0736980687451,10,16.345551380258478
594.0079896453826,312.5113620088117,10,16.39430864035352
591.8853144649474,312.88637783811146,10,16.355860953731284
586.6085376743285,314.23167517507267,10,16.26240826093376
580.6083672831443,314.4240830882637,10.242457710469113,15.729830717112918
576.2675268439671,316.52914306671244,10.826741738237518,15.213802080253352
584.2555952075927,312.3800639260282,10,15.721634243152554
591.7403141708132,301.0553863183753,10.02974286732104,15.70584930648073
583.9398502615451,300.3267424446822,10.21835054883357,15.471204852481476
572.6235856519488,300.0579024009667,10.480476478231214,15.121064696077054
563.2758500913211,300.9541933481398,10.97479861267017,14.429043586070776
551.0863303003277,301.39583238601574,11.125442732620765,14.210303536174969
539.1065482479598,305.94049834186893,11.312008027542023,14.04124826631424
527.114224142704,305.8543858399351,11.437836276505926,13.788789490703842
515.4021991587215,306.7817616719808,11.526664000208294,13.555658720090838
503.7143187521181,309.74681511159883,11.47853183856149,13.54919590671172
492.45988805877795,311.3327336639012,11.682604635764289,13.183232434538024
478.4988956325615,315.10117403827047,11.718004252601467,13.13185535935292
467.3084566934855,318.45868392953827,11.793824605118763,13.052295953556836
455.63264395927933,321.711682202336,11.719394165327962,13.128806064608067
444.9892086810393,320.68773987471985,11.778695141729774,12.90089692902311
437.4913294448556,322.699893800158,11.739379380088483,12.75478078766522
429.765813014751,326.06542431789694,11.63304873016577,12.727868521566082
423.6214933153274,328.4454437169489,11.364369441573999,12.768755931958278
421.2238285901922,328.26104426171634,11.217477250303926,12.82113834042449
417.3522907618867,329.29651814003915,11.12986633770109,12.907986489845733
415.0504934956697,331.9019748948948,11.027337994921469,13.0212545368361
412.502383898079,331.438212433116,10.8600150148099,13.21910321375062
411.3489799590847,330.8329305616832,10.786511403693256,13.277602037144453
411.3886960529867,334.1216365235853,10.698127141205049,13.446849869047046
411.4214691094544,332.7084182564541,10.720081287549915,13.38444429744404
409.9721857796413,335.26625444217524,10.72898687349141,13.338175097540974
409.34126309977927,338.63870777692927,10.413927578712523,13.7077408172542
409.60204927437786,336.78206963598495,10.316190089840232,13.828320909262406
408.89711750682994,337.6514135323047,10.243967681714079,13.912168512245243
408.03525370521993,339.6493136676694,10.115177084059674,14.075520272460647
408.8657704278356,339.4317035474381,10.006456251361893,14.243322664812991
408.0411416552088,340.223142202614,10,14.537787936210123
408.31144362306804,341.7280756739337,10,14.641030820612352
408.36372992387624,340.19870380345986,10,14.828432856237782
407.6829345523438,343.15976573816334,10,15.077585079360157
406.62942138305516,342.6147218001101,10,15.340880178882017
406.9770895241818,343.218112276631,10,15.406676392397422
407.483586311253,342.5583587032947,10,15.40529883448032
406.331712592085,343.6935654869943,10.036459468746806,15.310146764578633
406.60441171906245,342.9546445330649,10.042241100656152,15.298159489812665
405.65617748389104,344.15506852313325,10.049671127433575,15.285479367799613
405.49145397254824,344.50563678988857,10.117500310782841,15.159356829459618
406.8283140957557,343.987495273265,10.101604819082961,15.167652263333927
408.3476895743419,342.573089487591,10.099450636965395,15.16926246825738
413.19132318979587,344.5218252440306,10.105579020681496,15.149434540583227
419.08450194693745,344.69882022277136,10.105381975453547,15.03103724638976
425.84597040952974,343.4708690892467,10.403571988135107,14.733397328609348
431.07032601006034,342.18125646049947,10.500237564722816,14.613705912443617
437.3886893973848,342.0825566361489,10.554001512730178,14.548161846287625
444.35333620303857,342.07890410071553,10.666848862116014,14.320112374422106
451.6152834889639,341.30257511523627,10.692970693463591,14.227780854871643
457.31521682939956,341.23806198401917,10.746432145221673,14.152612452350677
461.9919425384737,341.61704290280875,10.903213652488327,14.005336499724132
463.21073917685123,342.4715311302612,10.898708678345699,13.979536085468615
464.9103257458866,340.67435248415006,10.90109346263818,13.977376053243194
468.3494159083396,343.23802772827673,10.826644579229958,14.024654299578536
468.2719244787114,344.588776413864,10.75298032564005,14.11252722678957
469.5621609844934,345.4415473039067,10.574713734974438,14.34177951504065
470.02660743289294,344.0927410241685,10.539022725782933,14.381316503456917
470.7419556803874,346.30360155258074,10.428341184407365,14.53756356720733
471.40199568936947,348.5048950757484,10.329006014694512,14.728783264493899
470.6261946605558,350.76565241174916,10.225200405161731,14.928161021844147
469.38480137465115,347.8251915325221,10.178265240063189,14.970374856409133
469.98896566747476,350.28649523095646,10.163940951672476,14.951578914313377
469.2810145927646,350.2633001285097,10.053861674853746,15.100842302993803
469.6208223103604,352.6102506108374,10,15.453647537984303
468.6429484973182,352.253413430415,10.001091740388015,15.469305553328198
468.07442289582104,350.49455151724834,10,15.391512221153183
468.04726159750135,351.72992480752066,10,15.330812933317894
468.3278802651039,353.24802309928054,10,15.315226205450028
467.78440386234433,354.1884052729204,10,15.277403619187066
