724.5,336.5,30,21
723.9696077239342,335.8066424590182,30.019325826202156,21.636910793814742
724.9472865242187,336.1512019844787,29.33250538936774,22.090333389851107
724.9861224886118,335.62219049596104,29.323784761858256,22.12799947334703
724.9300114759517,335.8322987925464,28.738782050964836,22.763213769305942
724.5843263286912,335.16649471067,29.09174766022702,22.709914449004174
724.674562945914,334.6933587439429,29.22744863489928,22.659791092560443
724.6325290767523,335.0428016161453,28.908222107952184,22.59142777809872
724.835358134242,335.02073041961864,29.072888890739037,22.54933920768352
725.1674332986223,334.388857150814,28.72588796268951,22.789457510429518
725.3744672181124,334.9899701059369,28.831799600638085,22.336239480871473
725.3558191316376,335.12676855477724,29.124611527810437,21.961509981691204
725.0896473873144,334.764126541635,29.30542389830251,21.613573039729193
724.9597702338223,334.4207586882135,29.039834667956022,21.61072133230755
725.0818318795428,334.1213918596414,28.869219840314788,21.868753319997175
725.4043610895027,334.3460408506493,28.59588843994359,21.97988175199425
725.8540886495265,334.27473064602555,28.36813594326337,21.761683566547596
725.6056000739354,334.2213188633646,28.502780094739023,21.613182321126192
725.6941559867587,334.6285285706942,28.309213555673487,21.618778813754574
725.9296474808827,334.7042443383985,28.31959258243438,21.843148096550905
726.5814406171759,333.3915188849695,28.561853964190767,22.205409210775773
726.2042176084555,335.1607220740879,29.273966214813633,21.882470523960457
725.9959875804589,333.9708501496916,30.02245442136524,21.66894740879431
725.4498237277832,334.18364608280376,29.649898560813934,21.862320393472565
725.856183736356,333.71040344084156,30.01726169930022,21.561125967008785
726.2226056371223,333.85336520865076,30.369229227609196,21.29046490662762
725.8961992483623,334.2991492375488,30.91922867185614,21.22523329225573
726.5602863627676,333.5631675192211,30.262709084674157,21.3939921924732
727.1917195373198,333.13850771879356,29.675327810089662,21.929565430403713
727.2245153361791,333.3747936192227,29.64346848505563,21.5471981739108
727.1312217787125,333.420517341223,29.303575819314737,21.510936949423723
727.6153983247549,332.8703571054145,29.271457380226224,21.849576579594732
727.4901040852127,333.52956416527167,29.627669909212525,21.576194722682573
726.9827098391088,333.65776767130245,30.052261255481344,21.439415879263482
727.3312080956456,333.3561008654201,29.843207497630203,21.402895477108398
726.9345223960798,333.40472525390396,30.23792026352944,21.597665948149377
726.7620723636824,333.3670873611557,30.406277405469957,21.343783963965873
727.079403762043,332.9588032573096,30.667047975047637,21.475023986099753
727.7625497050086,332.58586108891944,30.336599223042697,21.509887972423833
727.346709280905,333.48831037520654,29.906449026099125,21.609235134064377
727.501119712895,332.87113987684774,30.40779309055538,21.71791451922502
727.6656496526695,332.5338439328924,30.509658192839026,21.22919444882268
727.7808036447599,332.2976518957426,30.218373066353998,21.32658463259842
727.739492082513,333.13308216422627,30.051427817882697,21.592968868542183
727.7269628832605,332.7265938790489,29.571985767684126,22.331144619738275
726.4054847894278,331.3028649566566,29.708773589870994,22.090482719268405
727.2382790902616,332.5342380698269,29.573604576292375,22.38058654862236
727.00994087264,332.3878056315557,30.01258108630661,22.02391272935261
726.7691003386299,332.1056268128225,30.169755782113405,22.10794985357057
727.265445706342,330.8281444209119,30.397963555714846,22.394839409654324
727.1841605463571,330.9307053958372,29.937023455362024,22.631563294058896
727.287660153093,331.52991107687114,30.041289174045907,22.18640771650263
727.5785109665547,331.71918104362817,29.656496438323515,22.170816200652077
730.9411774833411,331.23944972013436,29.16758928136835,22.036864898627005
732.6082376576409,331.74212897054565,28.96964313473414,22.01264158733766
738.5271263131626,330.86617940805047,28.992675149862308,21.69751099774359
742.2164850631193,331.0364609973846,29.24710679698272,21.77851087816689
749.7172875179687,331.61233660451336,29.506112467728414,21.42535294660905
756.998646563803,331.5256166799571,28.673420621176682,21.536924064789012
763.2463646195109,332.1516249711285,28.161608014399786,21.590562961877364
768.0580781125843,331.16394851232735,27.813497266656274,21.959996875993017
773.0919288078119,330.66144255440105,27.753580719645967,21.734228905599934
776.0111170165029,331.22538653684285,27.520755545092214,21.68313687634712
779.1336185648065,331.32032406816415,27.639183425352613,21.68253725725844
781.8196154779455,331.64342429292805,27.77187404731697,21.36238333416273
782.4290424559025,331.9035383632314,27.80124136959363,21.02338776515786
783.875246521501,331.514435537879,28.203981372627986,20.878402583724533
784.2650846954928,331.4598014790589,28.23796344091576,21.04311064667511
786.3786744044282,330.91353738163065,27.930997722385754,21.585037835977495
786.1114933229073,330.7904560279683,27.715899724695166,21.885515350359526
786.3171013473248,331.34798660151415,28.155068447684208,22.025148307462523
786.6886547966924,331.20461614851735,28.117064827109022,21.882498037947638
786.462451090426,330.7873966871949,28.220369712738677,22.00279541291254
786.7748764393091,330.76960003602056,28.385750242847255,21.908095167154116
786.4542265896464,330.6409802663216,28.587132646001447,21.7343101253581
786.3560383241517,330.5099158320358,28.201566976330266,21.912870301722386
786.0139065732272,331.66374647083114,28.333779828059317,21.83187666672501
786.5363564683706,329.8200409315451,28.26066099356394,22.520062844097765
786.040009786279,330.0667391518349,28.083439039258145,22.802241624103054
785.9838169102898,330.76714733165096,28.372537423416013,23.03476466953078
785.924549016206,330.57640497790214,28.03891979709561,22.47451655317965
785.7124737886546,330.76429806933015,27.801671364563983,22.564692631285254
786.1159620583608,330.2991349147448,27.872170027235455,22.66719238091231
785.7263576887619,331.19195245475186,28.04249705447328,22.662303999277718
785.9582835139184,331.182405899108,28.562448736012183,22.16174671088052
785.6124623247354,331.41654608125305,28.990288854217923,21.777418207256694
785.5834598268866,331.1536160965413,29.402199646919943,21.61750963200622
785.6528116223305,331.67512250158677,29.626258596611088,21.24733777478854
785.8527019549546,332.11162920505325,29.434889833552283,21.508243130062638
785.2109801344961,331.82232689051443,29.391586653065673,21.252240455997665
785.3985087133477,331.59234505973257,29.558222407940903,21.276935477043253
784.8522549134476,331.46003738301636,29.508956903073567,21.440824695400522
784.9560707579774,331.7173883273304,29.008906912908564,21.623946271642904
784.9123025070523,331.7940686449044,29.145964056323905,21.955710820554035
785.0018613322511,331.3673921452343,28.93169094941318,21.643340376863016
785.0959830829538,331.3478778033731,28.894141222231262,21.640977803388708
785.3439327500713,331.4621672999524,28.69916675538768,21.763325894914512
785.058915197695,331.5884064311383,28.567689523409477,21.52241053222908
784.986250931647,331.5650319422152,28.41961711222631,21.82920697563805
785.0295099664838,331.5682163378628,28.53164294876423,22.035883393989174
785.3405601042676,331.43537815783844,28.496881597604588,21.717446573400515
785.0394892134166,332.7099365447347,28.723367579202765,21.19115837855687
785.5375778736156,332.2993435743947,28.35763693124416,21.28658374012774
786.0131597318007,332.5040820315334,28.392191345939487,21.192628751538123
786.1205420589666,331.64084746611377,28.8244986491957,20.905227166282373
786.3086116003578,331.6739119976899,29.46370633193146,20.842345588626195
785.9961725781002,332.4525998205719,29.10759796010696,20.928034680182275
786.1987986211802,332.13898830801327,28.79627582036936,21.265817431060846
785.9774077408377,332.03408266575605,28.89178965531515,20.849842947543248
786.5083539632908,332.172655108262,28.814600035955216,21.066003268830187
786.1542954330957,332.67830727919517,29.44415392770049,21.486039859809964
785.536112140493,333.08692728617683,30.088189401475,21.87047299590917
784.8264614466343,332.89651747469986,29.868763124244552,21.948543342701942
785.3337404825868,332.6050113902698,29.96490375229076,21.641269006339712
785.4412449970869,333.0217265272135,29.871863238507906,21.891663009376447
785.4157636205906,332.37675957127254,29.30432331501349,22.04623346167123
784.782083375419,332.43979033347034,29.266087215314606,21.883848665583866
785.2540692417952,332.52129270315703,29.536134542697326,21.77558904900084
784.9477034468501,332.12110899671484,29.358759418815495,22.072785256364583
784.7841501556837,331.96579045885784,29.100840929050445,21.89012362268597
784.5481582914383,331.92730214951814,28.778420508485965,21.90684681865806
784.673059827062,332.3323631469511,29.123844321126548,21.846915558655528
785.1840849913767,332.2782763080635,29.23958503005687,21.980267624191846
785.1147529961419,332.797218318662,29.3122288372613,21.72915007247346
785.6725283765196,332.30374536016024,28.955057178259104,21.666121667157903
785.7948415450364,332.57387102854545,29.008544693964723,21.229733733588514
785.687617147451,332.82552918197837,29.12966604136361,21.41365594114609
784.986358984456,333.0122618986498,29.27521863749509,21.03010248873024
784.508923583415,332.16050148757597,29.300914897150022,20.863341733767534
786.0414956661027,331.2850030759602,29.135733395425113,21.361592571014263
786.5501646106088,332.5212639198083,29.715478002102444,21.45897711805932
789.727889560993,332.5631421124881,28.884630037674306,21.328120822023237
791.7290882986333,333.18874165698986,28.761032954544476,21.294514449236793
794.9998087551393,331.8170407768536,29.063213295499963,21.53556921701658
799.613710907862,332.7308566435785,29.096935097842525,21.174130801933927
802.852898947392,332.67277991277393,29.278531209639638,20.757808195999964
806.6833148687199,332.0605913500924,28.850273829874318,20.93119807771064
810.1518808154133,331.7774196903975,28.874928206629132,21.043713956361806
812.81333327993,332.04891441882495,28.713342533424544,20.99082252888199
815.0938271252888,331.561304144665,28.202219611688875,21.115447543354097
816.4625961568912,331.70209576252597,28.3654686635812,21.338454163302995
818.1509900443451,331.64928448739505,28.240530063172827,21.277335625532196
818.5775805341843,332.0540015462083,28.904019072126744,21.228400627664197
818.6823003698929,331.5295971145151,29.0294585606368,21.08049890450272
819.4932469198662,331.77376196889765,29.065292225369056,21.6497785154246
819.5539729880803,331.56244374267266,28.837019960082856,22.33251723990822
819.958792836528,331.9038497316483,28.545214032509048,22.184023828279315
820.0155323334286,332.46865317582797,27.88347274060061,22.345552847093188
820.5304773258176,331.10471302440095,27.595038549203412,22.602173555983555
820.8809073158973,331.67672728268184,27.197727441514907,22.98520483289401
821.0412289436936,331.6979973955033,27.436135401571008,22.495345874512616
820.6240750786104,331.7950625018845,27.32299332838482,22.035398854003397
821.4943522094314,331.1530438655288,27.23873770413308,21.87966614342313
821.4371334827666,331.0115595681065,27.13407492056983,22.12408409688002
820.3194997774893,330.8907195520037,27.87761414451719,22.199733856244112
820.9955704993423,330.9654744017738,27.871890366292742,21.744827510442747
821.3475493851648,331.6995822820748,27.7413946040776,21.548849050713592
821.0553289835831,332.50416437731604,27.929142177565872,21.35991167259376
821.0452823908395,331.80243058384167,28.224105788515665,21.44663469357876
820.4457168300225,331.6503038153084,27.603775206849093,21.70096871479716
820.8506551787234,330.62278806358984,27.470366822187692,22.512749848208625
820.4404625941305,331.7060623610241,27.92564332256946,21.97499699632867
821.2817389849403,331.6648642423365,28.034382254664433,21.737438212560914
820.8336465295627,331.48926473334654,28.284885009333717,21.773311970378426
820.3273000578832,331.9349260652747,28.49561796123739,21.978691405368636
821.008235569769,332.0317374811438,27.998924330425623,21.88039627877531
820.3723136477975,330.5524026399608,28.360352286536063,21.90317957808459
819.6783625134128,330.9752934135246,28.375436800559818,21.935462544163585
819.3690779894603,331.5768968078211,28.61038901358597,22.089091120866026
819.7179880378603,331.44445896507983,28.544021834838553,22.270835209902422
819.8444414416675,330.8698105295962,28.193365563010282,22.027602831678465
819.9713259557166,331.0109202103116,28.41077125186159,22.060964583347697
820.0086216900435,330.5555145133818,28.595752915007495,22.08181616504296
819.5601709174381,331.06433119198266,28.049588101651988,21.910388280787405
819.4213619740866,330.5042471319366,28.195778491683242,22.452199717625234
819.5454829027138,330.6165539711872,28.169155733807443,22.68482751470618
819.2316113906263,330.6704486878381,28.078695928621507,22.42610846650296
819.2390032367721,331.7535270630375,28.216866308090268,22.06806731764366
820.0467512618335,331.24721695309256,27.927911920183597,21.97665800128633
819.6248594586247,332.0020038208157,28.36397341108448,21.954259372842337
819.2977092917088,331.2728512269249,28.42066017184191,21.686653420182004
819.5654516941069,331.31144155182596,27.823792205351985,22.300432521985798
819.6673021511632,331.4009618187172,27.70269763665439,22.53333062569841
819.3999825435758,331.10855962653045,27.81455723213542,22.584876750775507
818.8644207440801,331.1509015228703,28.298439837150262,22.079262125471395
818.408926906969,331.4131565476296,28.62748054234026,21.911868626159883
819.8996195344465,331.44894018605373,28.254976999345075,22.29333083286838
819.0429687431272,331.5003168159727,28.33221488702965,22.24401957437322
819.3101461250693,330.7028434345165,28.70941577099553,22.459966627202512
818.8914663336483,331.07477921593164,28.973652912068946,22.551629934996914
818.7105572072305,330.7966960377546,29.121757980905464,22.63734174752197
819.0972813532536,330.8312275937414,28.867768817238964,23.133433307217427
819.3066366013818,331.1038468872433,28.78316917703885,22.847836784784974
819.6083528136695,330.51255160519776,28.549281407548108,23.2848204496146
820.1413682024338,330.66148275403816,27.97601248037663,23.14274809348305
819.618697468233,331.06129799025405,28.306429672903143,22.920400288211297
819.7491197060605,330.7509608977918,28.617931705750962,22.74379350590027
818.7717556798932,331.3379015627126,28.748875645155387,22.184964339659604
818.8452412957735,331.6352266323623,28.792095473699348,22.302036753136555
818.67723981153,331.4042393880235,28.27313752375995,21.935582317730393
818.5969313639522,331.9188737101817,28.324999188011823,21.699707106508104
818.74049732075,331.70288489466304,28.426125373972194,21.343546705585872
818.7624760021375,331.48802813058904,28.93359632922073,21.471009162995998
818.88106681606,331.60517279008826,29.076771966848398,21.58110066975555
819.5119497478222,331.00719595047156,28.775968458460667,22.354186723037117
818.7611261233213,330.8957761069445,28.624520223682467,22.63498040481253
819.2385001815423,329.93165805276317,28.694659669038558,22.571781581420034
819.0148703773797,330.8754733363672,29.02177321886425,22.252403696897883
819.3973896319021,330.8902240027876,28.71303028949125,22.34399314872602
819.343974228994,331.51496087571644,29.202538531182274,21.88001885641287
819.3555189249038,331.97809975014155,29.146237196600662,22.319572959521956
819.8275131022983,331.5446813293295,29.017415911246562,22.068693369528354
819.2868480686925,331.4042753330949,29.41894457398213,22.22927690752683
819.6660253498607,331.6196897182397,28.663716730913812,22.97369747538724
819.4678812221548,331.97371320041583,28.374641872445476,22.633459955700864
819.1344758946077,331.9141331224472,28.07754927922943,22.857766974204708
818.6126759458593,331.5787498785953,28.66140698827263,22.832267406801286
818.6531233142621,332.477167995142,28.79711444279613,22.17140415039251
819.0354577007067,331.43230157783546,28.61177140547572,22.47128961104321
819.5502199198893,331.27511406020915,27.993429072651924,22.711480981079806
819.9566664199198,332.4349396866666,28.495916765072934,22.148109196701235
819.6284821687221,332.4974562981062,28.726510275955825,21.896714484526118
819.9803328138705,332.0410969782577,28.706829624124943,22.145992956319244
819.5395667787196,332.71243796876973,28.93240757188351,21.58542697117909
819.0466840497519,333.0477939598969,29.334654703536483,21.604097244002162
818.6980195487523,332.5138249676621,29.64495170332503,21.780551563959094
818.830339218504,332.25337264481783,29.182210828382132,22.692484375464957
819.6196609019446,332.08592089699687,28.37734446955762,22.359547032674577
819.8579189802432,332.73454497962547,28.62411780270637,22.24504193992709
820.2020920995574,333.14666899914806,28.73797474248387,21.91873360673059
820.3457669596033,332.7039109880537,28.793507268170934,21.859975322622045
820.33840229464,333.9805016324719,28.769843678050627,22.0677448375424
820.396198120197,333.71282545350067,28.78334674682325,22.197588021614735
819.7659666067559,333.1833606627365,28.736252310059573,21.573098733170802
819.5388563419996,333.47908509837293,28.78775021264784,21.778895125951305
820.7698038767415,333.9417624576278,28.912927515600295,21.160634593985943
820.3186584199607,333.8993741940451,28.90749428708746,20.85995196630711
820.055131848199,334.4073415454731,28.79379946622866,20.78857993701974
819.74833207647,335.43581561328136,29.05695126555561,20.622629926479576
820.367038624398,335.21837529272887,28.866683536368235,20.883969900885194
821.2583279693823,334.8941276305314,28.606572936456942,21.26477036458332
821.1995046980226,334.56678558420555,28.226602145049167,21.435464890670477
821.7999998877565,333.7142903564578,27.616446860033097,21.647608738004003
821.6031485354553,334.0226194390393,27.453764703166446,21.526460793368607
821.9436170634923,335.6022423194826,27.55379988944766,21.047656173610584
822.9197413085762,334.8427920861339,27.03132151131735,21.192915745418176
822.4350581998453,336.07716755029975,27.123249183552122,21.18685803150295
823.2989539785048,335.7545203139226,26.55705750072985,21.373397398523384
822.7864572188387,335.7341136275245,27.16380340973138,21.38768570415415
822.8154369468955,335.96665055440366,27.33174835873471,21.331120419397976
822.8193488980287,335.84982875553726,27.526207689872436,21.766921052600708
822.889519899179,335.6897839391902,27.531723230325056,21.828135285466892
822.8110278335726,336.08625805689564,27.67816694227978,21.778993173789523
823.0618575324587,336.47837013195596,28.053283047666078,21.34764205099361
822.9410079286382,336.87828670924586,28.11320577642045,21.364005993715306
824.3720702533399,337.41933294742137,27.888224023669324,21.260381935485604
823.9601012821943,337.30980986299346,28.13625658332741,21.767430982768936
824.0094157727212,338.02377449607366,29.015959585362978,21.50819037150813
824.0014423400393,337.68214646636943,28.39534815643053,21.991608269448093
823.2321295160427,337.9210992976531,29.236190334269757,21.856707876646674
823.0203821621127,337.52627018091835,29.319156226145157,22.181245854168942
823.1555749765361,338.2831747264233,29.854273429234283,22.13187389027251
823.2125356592145,338.53514788544356,29.661257408065637,22.377960175972618
824.0611461674757,337.67326626810313,29.764237688349546,22.55699346260957
824.1925207531201,338.1781978672601,29.704158554807165,22.905309714330812
824.2192334278342,337.90763382236725,29.67524524860192,22.22392615498469
823.6251884294857,338.40152622521873,29.739009135412736,22.742631699051373
824.3617293561184,339.497410715173,29.74341293888541,22.612654615962924
824.1600883088936,339.2951901834912,30.0634887373681,22.963635446413065
824.4701812415097,339.4196071403765,30.04267156358006,22.89797502519319
824.916181654932,339.18507040981325,30.013648658698443,23.470808833090008
824.578929367242,339.56608799519006,30.422497358872327,23.04591508675394
824.203248050996,339.90977428405864,30.461460508637387,23.48433846944304
823.9937272936543,340.29277105313014,30.776718311529656,23.67274284809394
824.3723910085466,340.1399885639644,30.677065969196875,23.963690215702677
824.837118738196,339.5153757451174,29.78811436569297,24.34098203553312
824.8979393110968,340.18728172442195,30.89290268232415,24.106431828098927
824.8264231992297,340.01894522330105,31.06724413817419,23.850911882476225
824.8552628240495,341.37561840870626,31.24223142570009,23.62142552753493
825.0156422640425,340.7425390364956,31.174579884857778,24.483232143450596
824.6698369844709,342.11210408361706,31.51163725114735,24.241397428846298
824.6027687390172,342.1767665521355,30.784066948746432,24.29473822729255
825.4095515059963,341.6902635515161,30.96648568297664,24.59995041816373
824.7101386476141,342.2721168419277,31.180063740057626,24.944916313155485
825.5647658524063,341.891891936347,31.159772743711912,24.73669533888972
824.843368468375,343.0803066147456,31.37513526079789,24.932925064123808
824.9508673962297,342.3939890411024,31.49907570092979,25.070456365813932
824.9887682248822,343.78551910989313,31.950999501770017,24.754848515906392
825.1403658505535,342.777198544525,31.63170298882648,25.19754233619489
824.4110267062343,343.09848947992583,31.927804959677644,24.881987547836466
823.8581444837374,343.73310839899733,31.733546444962336,25.260016812888693
823.528876309595,344.5968832327881,31.74330656005086,25.02099575458292
824.4083227116328,343.62779410432177,31.79211891993097,25.089102242754986
823.638316444842,343.9659626043395,32.1186611137376,24.932260133886203
824.131894627717,345.52328751490774,32.91376182806552,24.425785352041117
823.4158321376881,344.75641862676764,33.24025509902465,24.54803995971926
823.7321225886665,344.70525351124815,33.33771164785831,24.753224494773903
824.6664112156276,345.8691495462959,32.83515853047929,25.26013515485727
824.6271590037206,346.828410943971,32.65249939175689,25.639101764185437
824.3499125643157,345.99472464969153,32.11217570505328,26.346581304934766
824.9043273107196,346.1589025044072,32.60040260110035,26.25711910441455
824.3482678479412,346.18303549713266,32.88184973939528,26.123754666097504
823.9066851516754,347.6293972884301,32.863829321360804,26.40707912389268
824.0205297613522,347.820229094659,33.20610260353297,25.72085160166585
824.5848187574369,347.99397576779035,33.40488512218978,25.339184815214978
823.7037958507602,348.30646925071215,33.450654528301456,25.82775471124875
824.1295205129794,348.6504965276322,33.278271683069065,26.683712823157347
824.4627666417373,348.60819556421274,34.024201367310425,26.81265755842164
824.540402977299,349.0248989101251,34.38556560424142,26.750969845478757
824.4786664109457,348.736000817391,34.58180881095785,26.721918029466813
824.8157640590812,348.5479967905374,34.41632795217178,26.95257628258735
824.4958941300499,349.0890775705556,34.84299384134697,27.079088318933046
824.1861791130261,349.69812279056964,34.347042872968345,27.93229767024099
824.8933244600796,350.03209627265636,34.15233223314464,28.046598189797926
825.2797460849404,350.0793816171604,33.98002699878853,28.21851390711617
824.742088868289,350.08380840267967,34.07750339269318,28.421759143174047
825.0255981198965,352.23446651046294,34.73035486075348,28.140892565974195
824.3034299295526,351.67406299728685,35.44551323002383,27.874677454684495
825.289673899764,351.71863843819045,35.669835296696355,27.874858006054282
825.3658702359126,352.51491000128146,35.84363896710592,27.72975204703996
825.4633002989217,354.02555995955214,35.66758834030685,27.750049019994464
824.8617110290817,352.6211474696,35.65053069777401,27.335987675969903
824.5469481061434,353.5266627440915,36.00608906895153,27.116041607272606
824.8195156179839,353.9312100460294,36.0945681085335,27.383237253221324
824.1770861899471,355.5161828361085,36.04130125888805,27.178057937024832
825.2547838407127,355.8094400173276,35.919063305989795,26.64221295411899
824.6684591410982,355.7444987036308,36.424040965163556,25.891732534389615
824.9669975203532,355.6581798055756,37.296948499637594,26.311865460204462
824.6692272230969,355.00858505158754,37.12910713614243,27.190421622338206
824.2341483270893,355.14147405325764,37.22966769581588,27.445010228094553
823.6853215232522,357.5201512206109,37.49763686716867,27.317372766557025
823.4574586008507,356.1106632835734,36.831946262424836,27.328412210654573
823.0506877315626,357.1872385307125,36.57927546609679,28.01312683058845
823.4242274467542,356.69097117832354,36.56461880478304,28.179743516548495
823.4290968481563,357.03967025199927,37.109821000533216,28.397359755374108
823.9060722145739,357.17836231268717,37.42210538084189,28.67747718848736
823.6251406480453,357.0721380660389,37.78367430239223,28.441498690082753
823.3245178006428,357.64963675720327,37.877051349622036,29.35000314262342
822.7547587685667,357.4570033080019,38.042671658628024,29.531366991795647
822.9048379239999,357.0449304720864,37.84708058495992,30.253091826939553
822.1228925354644,357.56177669318623,37.8686351365213,30.196001402619316
821.8893118305037,358.3762322513031,37.523991178972786,30.17849148668009
822.2362267326968,359.0983469504696,37.7533411202609,30.049214581061086
822.359268864405,359.32454974161396,37.937003365443005,29.70769845593851
823.7905825837577,359.81023101768,38.21517425704448,29.986006170911562
823.3368340752089,360.1251042361681,38.15205767531857,29.745092511673867
822.7136420435696,359.8768582153866,38.31104607056726,29.490384413714334
821.8153855846672,360.080779371703,38.68995585326325,29.28084331208101
822.0542700522558,360.8596949907409,39.09576962930584,29.44503424979414
822.1268181927499,361.563705293573,39.173873669515174,29.763948792369114
822.8274172606903,362.6559523557473,38.95267846141439,30.881170518850567
822.6095757638146,361.41431490649165,40.06370741244489,30.859297244983335
823.5079138988374,362.82406184628746,39.77984518735191,31.02168569914721
822.4440270345266,362.985487410856,40.26715139144501,30.72343911219098
821.9406856977696,362.7372926239425,40.52971185779423,30.78997855474467
821.4948837367982,364.65890293041826,40.66080318932858,30.56781688268058
822.1048389365503,365.7398505799601,40.71336803243909,30.56582391781025
823.2315753207961,364.27005456356704,40.82434142712498,29.609522376835315
823.024489416584,365.58533736502386,40.776045267085436,29.525209501430275
822.7226529481335,366.0440728648655,40.736688991034754,30.486752397735465
822.5479632924113,366.96309540522213,40.70642966040648,30.437624500898245
823.8648646683791,366.66884952858965,40.72809704129855,31.49071499927085
823.1724249102529,368.96296591944633,40.66614688092305,32.85418099761726
822.8011968240235,367.95652797731145,41.27156403272417,32.46806267450489
824.3708521503056,367.517324630507,40.89300295863583,33.08510812677308
823.2628325601056,369.5887785493805,41.19173440454644,32.900522337213395
824.1145128677691,369.35439521515565,41.17594972553688,33.061087722446594
825.6830092696117,370.58419767239525,41.39169697121382,33.81289356884686
824.8948073833053,369.61272170445227,41.776665287550756,33.844492274256496
824.3127428802379,370.7665718268937,41.55411929349479,34.25958298587078
826.4137623115885,371.543111303739,42.00275238971696,33.59278856234305
825.7068236545426,373.03766787081764,41.94948616819473,33.02551061228303
825.0695569101313,372.8622764542313,41.29209698283837,33.47364203863111
825.6965707950138,373.4864957574521,40.95103504721403,34.0591868535152
826.8695643979929,373.70328776106584,41.266772408669,33.88643610968496
826.3504412480845,375.7355020074948,41.4919565174765,33.807599505254814
826.9483411735748,377.8844060819452,41.149876377799465,33.889138680725246
827.1276838607735,379.007084304742,41.19671919115404,34.69391260241071
827.2163509270965,379.6604095395213,41.061048362479085,34.28588142701871
828.1122842056571,380.305739485054,41.337471323714155,33.08030042359479
826.8467346421724,381.01328562552857,42.042669657608286,32.26514707172656
827.6267492721537,380.6928933471489,42.12910844097293,33.0692398615085
827.9478880770893,382.83480443305655,42.0724241142781,33.32894338549414
829.22252685695,382.9278476846091,42.56961075934497,32.772474364812695
828.5698944308826,383.6798159242144,42.27241916101719,32.69709492390943
828.2951870402314,384.82215631027333,42.26930252113506,32.01988704836738
829.49967350672,385.70635230606433,42.077875097496424,31.67025809828175
829.8989173209429,387.89414896518053,41.793392235991604,32.13856975212573
829.3962453511765,388.06030080378036,42.03716447018313,32.950043445378945
830.2916675302645,388.41720658201217,42.06298206593336,33.2502332583916
829.1927666553213,389.14184192359147,42.1260978226251,33.09411419228319
830.0800620105666,389.7986647786943,42.97840611611696,32.3232152643804
829.5014235095942,392.85708026931667,42.93504232044659,32.01120052916841
830.8036980551244,392.9566424548768,42.31676365709022,32.40215159130233
830.6920235950139,394.3396253546844,41.910058222643514,32.1677621867219
830.3494954504977,395.7822321928504,42.12714220327878,31.78714426692065
832.2190202037111,396.5495110261582,42.445307433790276,30.940877375127343
831.2987309418565,397.7323598408743,42.23373713852965,30.720918108961083
830.6132193802139,398.7243798870596,42.46951446179669,29.74410043060721
831.8158652141639,400.6899251287928,41.76624200852686,29.743944376309518
831.1497864574319,400.7126284111042,42.337911846324026,29.397139444997087
832.1759286848315,402.66912784802895,42.81297233361755,29.02319472649733
831.8413053904724,403.3249308634741,42.49003464098681,28.959549382290632
832.1611610624551,404.6503736012613,43.47234759473562,28.229455890320686
831.266685863688,405.27067045413736,43.96507923940871,27.922685948892763
831.7301360859918,406.94844073748294,43.83264296573387,28.300237690246057
831.5138720874731,407.2348846339338,43.940761060675456,28.32290663333676
831.6591785374276,408.6084366945043,44.13759360463509,28.399810023334723
832.3579901079024,409.65851840008787,44.323637265138075,28.395877357483087
831.1624382642495,410.4278379304043,44.613464316320176,28.645793084486023
832.1073512501977,411.88580580434893,44.25405697883872,29.190254341677917
833.1664875306335,413.2231822178693,44.49575236497317,29.105126396381586
832.6240190733511,412.79507803735686,45.37422822247117,29.207637779314215
833.0593524722354,414.4844570938376,45.60303442427513,28.733115267777983
831.5133353141786,415.416096308803,46.04551067306713,28.286111027796224
831.1126561870924,416.5038618514159,46.4030015716543,28.0238766420944
832.3654724369021,417.32805087278234,46.79414074142287,27.759126371692712
831.2534272671197,418.0809329541786,47.71037213704831,27.672253638801337
831.085365227203,418.52848277736,47.35896653376865,28.60854473092575
831.6378815973706,418.9521295881073,47.31201160562842,28.98091055710104
833.7247394295214,420.503295423493,46.553470663998276,29.43090198928078
833.250528806359,420.89730379780974,47.55330172482985,29.56935969266597
833.2782079448123,420.8400259930362,48.08899925837483,30.08326600497574
834.882284314874,421.0875248257202,47.30907465812855,31.67823845145461
834.7808830100274,420.7068682253335,47.557505614324526,33.24354285076777
835.2353662374959,421.4848394892988,47.976884934991816,33.98530454265533
833.9782361113339,422.703461394544,49.56512712806213,34.42378170994808
834.4141990148605,421.9302763938265,49.96253504121617,35.55707060185937
836.0735435402744,422.1065423485309,49.78285141298065,36.784646738982126
834.7028651375934,422.63326433517204,49.451986462361035,37.660323425528134
836.522832823862,422.5996955852231,49.37912801128698,38.69621307119317
837.3138166268313,422.11200841802776,49.01454438609923,39.84920079805613
836.3598216840527,422.0268092842215,48.307141825138686,41.684710607416704
836.9633426342303,423.0594468809482,49.30732763169241,42.46516595709992
837.7772351187693,423.2866774903111,49.54766142558442,43.459742051835356
837.0238142023002,423.55793736916354,50.12119340544595,44.166424903192656
837.4780884621501,424.5376539559403,50.394055317607794,45.22611075391593
839.0726393403219,424.8877577883302,50.8220480780184,45.55748949775122
838.4714355745124,425.38441266230217,50.02020961316218,46.99733314069166
838.413516283215,426.0317323088026,51.08954912225169,47.897960094486535
839.2845506049632,426.9241348360144,51.767193499079866,49.02494827202702
839.5612452985854,427.3189501873641,52.288287864086236,49.33184907968062
840.0920874653997,427.90840763895045,51.746104560902694,50.791707617822695
839.9730392854367,428.59210164251607,52.983369257220154,51.19859813222924
840.1370090190562,428.7547610954495,53.0353105163186,52.21126390749184
840.6071948721645,429.8800664977584,53.02924406074649,52.584884202956495
840.4818473677645,429.9860531818599,53.40334883997563,53.23179403682933
841.2280917834064,429.8087331114242,54.31764668891349,54.11442708188697
840.8778249023409,431.3895754090288,54.893622188517625,54.72524467059203
840.4590638432783,431.0616635606024,54.7263705706427,55.77979006239103
841.3581683022687,433.4863352968539,55.2968519049659,56.39994284004065
840.7572720684284,434.25009177071746,55.33561637086126,56.43801335979704
841.5874069400778,434.5628573951791,56.458471551268445,57.629516713039024
841.0664800298124,434.15148920079844,56.65554695325844,58.614744810794264
842.0329483452023,434.6644247748028,57.08894881391849,59.8962688825884
841.7198624295164,434.9750226798544,56.79843828273379,60.58946623521247
841.9607091977254,435.66242044618633,57.58888155375759,61.532743021579456
842.1688840983857,435.8447103888189,57.860544471591425,62.494004801582214
842.950643012339,436.37923234858346,58.4328258132249,63.39329674898125
844.1807599723015,437.4591696475622,58.518125550374066,64.53899013083642
844.174797766891,437.37024035424577,58.28626128672142,64.71348392933379
844.5164305995559,438.681802015483,58.29994850082038,65.5704855572682
844.9084756407501,438.63934873604006,59.319773799863384,66.0662447868236
845.4148178109931,439.8573156850139,59.94569565005888,66.3217700678006
845.6500778238992,440.943978693076,59.814679240341235,66.91425454133086
846.1493593944328,441.68958514025707,60.60746741763348,67.40534490872565
847.6059505256626,442.80204799132395,61.25498843276176,67.95461559292912
846.090827234016,443.265323668683,62.0545185491513,68.90355406918187
846.5984732779822,443.99749877015734,61.22644603626645,69.67577470134665
846.8018001578835,444.50091700470784,61.24069989307924,70.87768037396924
847.9562278317161,446.2101567219274,62.49983532529063,71.08732183873067
848.5018598754068,447.7339013613726,62.77057408748807,71.62731763483714
850.0235024579891,449.4410018565218,64.44183655644824,71.65053701273341
848.2360165040321,451.3648796589448,65.13385410530762,72.03902704005898
850.4006370914459,452.199919410899,65.7225797731315,72.70568636099492
850.2378534718844,453.1407006002242,67.41311376239942,72.85556877032369
849.1914564434112,455.07269067742624,68.6596482253822,73.02191832020424
850.0656491368894,457.2246639379024,69.30366858679308,73.48703813302274
849.3333079580705,457.68001142606545,70.58183808675545,73.30670807540537
850.9748670810436,460.1611810828538,70.03922100619901,74.91738731270146
852.6436506130319,461.4664788670873,70.14195536052699,75.46289463997118
853.9096268790048,465.7482930233612,70.74327333067163,74.87563952307153
852.1188880951352,464.0864366859044,71.665661809971,75.18752091441579
853.5800488856686,467.3912417268218,72.24467370401709,74.88951056402635
852.8225402075968,467.9590145237031,74.06481865105516,74.59907926097802
856.0124865325965,472.6648343626062,74.07394405983257,74.97923722111122
855.8174775855427,472.75865748162323,74.4071476261043,75.13653566877474
854.087667477264,474.8818717018871,74.40959330309579,75.11244828888542
851.4610867949937,473.89841834662167,76.0467521079744,74.07121276652143
857.2918154253974,476.77211195253517,75.99572270361223,73.69209547504353
855.9737783936258,478.3233195932712,76.41856019679717,73.31518673768457
855.6819083147325,481.9987881419729,76.44421622429681,72.87847521858927
854.986581565923,480.6969275685336,77.95507946797862,72.58802083598786
855.962319344476,482.85600798608095,78.94806764073083,72.3017465784994
856.4444179748043,483.13672652236517,78.90743105903316,72.48820391224963
857.1611100651359,484.51383286139435,80.3205837531412,71.25542494524319
856.7343791315534,485.74985583721684,79.55761152301613,72.51545039328695
859.141490138886,485.83286513662586,79.2864550562941,72.30313776839218
860.5294021860867,490.5332190814606,80.73159539365514,71.38876086474572
859.1061251725923,490.87446619611444,80.66463576021312,71.29616361238571
860.006513854655,491.4170115327891,80.67618208554826,71.57678295910175
861.1816775589361,492.32846575757725,81.6530507982019,70.96462854642881
862.420875371126,495.7850284294851,82.62047455172136,70.22898866861652
861.9434312397032,499.5046118038425,83.45515616049538,69.3881991476849
861.5338091719703,502.92654488221586,83.81014901613,68.17276526480289
862.0341700681929,501.4303996855273,84.23962148237487,67.12846031363665
863.0165046482123,506.3592129453572,84.34662857660841,66.60940248141574
864.1545173115239,506.65762780625016,84.5169001802982,66.69953107261811
866.9084863653454,506.8356482184469,84.45379058293969,66.60689163734662
865.2396944278528,510.4200324143604,84.81479312285734,66.56319000272188
865.0047999393494,508.95301452874514,85.28165807736652,67.29107810320644
864.0418549021957,514.3725859194652,86.86782328313774,65.6113343543591
863.6680667143102,513.6612184062109,86.96554100536345,65.77045448790824
863.2277947528927,514.751883033306,87.06361780135207,67.1508012591087
865.1944691311097,514.5675331677722,87.90449618725201,68.03983368422976
867.1379011013909,515.6915320627949,88.73444819517618,69.22593676050232
866.7476402765341,520.2352449940987,90.33353831298368,68.89066047980363
865.4431723819811,520.7275603288823,91.30628821761397,69.84258972577916
863.6046221513177,528.6147183626135,92.73799874058602,68.91941177324587
863.6278815685733,530.7831631489668,94.08841238879427,67.65148739714891
856.4227099955202,540.9970144925327,95.73050506950742,66.27182700738044
854.2318585433749,541.9781673172763,96.51552399476367,65.50220672356998
855.748886887583,540.1855398760416,97.33479243490262,64.38671268559862
845.106525427438,543.5421088471671,98.7640637713304,63.436546144562215
861.7062945675964,537.2095216801529,99.72010410429503,62.71990075355416
867.3219427745921,536.8307591988383,99.2867879988362,63.23319474544283
857.4532096657015,546.4661966626612,99.77219428009397,62.85121485258728
866.1695666865076,547.5041829096406,100.22196848921436,62.141060501519405
864.6504643508625,551.7202493876679,100.55899937815566,61.61472645751317
872.3043379149968,548.9054279706421,100.52567394178159,61.31272962023902
874.2040852590939,552.4447995436319,100.85502685261721,60.82496080516156
874.9332915572288,554.3273589487685,100.89264279886594,60.43350828135676
871.7144642133942,555.7163533588496,101.14886523937331,60.30592439130941
875.1819170770813,559.1701901608393,101.2610848515072,60.00466272122896
874.808669725943,563.0786501175749,101.4170735961803,59.46401224364032
879.4457421745276,563.7520517828399,101.97591553067613,58.6887446196303
881.1736776265008,567.928474836414,102.3370168824365,58.15784990179488
880.1806124084854,569.1859420304421,102.33414222966104,57.72971704266942
879.6601517764715,567.3522281786827,101.65562768264618,57.95069236696152
881.4865855144361,568.7183380711658,100.78344658519595,58.827065569055826
880.2381605584541,567.4929076440859,100.50493543606368,59.266849734449046
880.0506066863194,567.4831554533264,100.46214255844218,59.3607892382792
882.7102691780539,571.8651412426411,100.4610100569677,59.749767946515036
884.4323787309404,580.6674440701106,100.82271488994596,58.97772950654185
882.9805889964191,580.5615894871689,101.19305547120176,58.865874798657444
884.4551244411057,579.6389343856174,100.80639708220997,59.279923104673315
884.2222028380337,582.9186389496463,101.26331031022912,58.87174669603696
891.5671667984252,593.3367065310914,102.26268292655554,58.00619068048568
891.3730515207759,597.9717257495976,103.28301072611676,57.02576692090255
888.4412447743969,598.7577261680505,103.61953700726609,56.68164787320418
890.3550481449416,598.5516867927739,103.8210278232444,56.549755681260024
891.6322702651817,603.0557890807424,104.16440095604008,56.155596248450266
894.5744781423016,605.6045463331315,104.61958624168665,55.831754801228485
896.6107004392268,606.7652313591645,104.87633571674496,55.549124668824824
889.4628947929469,615.9365215044973,105.16328192446578,55.297099569199496
892.64194745802,617.9254928842587,107.02619920021554,53.99890009962416
892.8923258857765,615.2846204347633,107.40698419288542,53.61688862807043
893.0044392404388,622.833158491304,107.52692051394666,53.49815552493783
893.5759757927663,624.6836208403499,108.22385984043649,53.04879795216621
893.5908146901888,627.265303206815,108.8965755177859,52.740632079404506
890.7960094676796,629.3912027878183,109.81037228787773,52.32464214820233
895.1742880829411,630.1422520478267,110.20659177549432,52.26110196825826
897.3798685428709,634.036595284245,111.12191696632198,51.77788071682669
898.5398148961908,638.0347622939387,112.15424741756482,51.35175667745045
896.0102707985137,636.472193352548,112.48885927548616,51.20358675993873
902.3270498228934,639.3070156952676,112.47276719962731,51.31285414191289
899.124468422316,649.2934895498681,113.02335198259365,51.06846020468438
900.7744884792139,645.7580499442729,112.89113041509279,51.23891636594815
905.248903931098,652.3521934130276,113.13738026846588,51.07433395724728
908.2871336860513,653.2251017813896,113.78250412495316,50.78735782912008
901.1825360221317,657.4906265487871,114.65002274075647,50.320203519850054
903.5920167451698,655.7542277462057,114.72833674252563,50.32212347761289
907.6668407159324,662.3101897042231,115.26464003391068,49.9840080408872
904.2321070751168,663.8933303702663,115.32103415727768,49.95716176167254
902.0538955942045,665.5571714663704,115.85353043186163,49.45361582663597
903.7580906551096,669.5039559433884,115.98027009558902,49.363908013804824
899.4274329197112,671.1615111278869,116.79201672254437,48.82857231064039
907.2715310403812,674.7032009645014,116.8500839852328,48.730465998617376
902.1953801150523,673.1554431961714,116.61091111207448,48.77680937226768
908.660919150595,679.2332837588169,116.37866173819374,48.8762790419595
906.2448701718039,684.7640249122327,117.88201433063318,47.47203474171996
905.1408680656829,681.9350966504256,118.2646818481578,47.254527915419345
907.4248535550105,686.1427234784439,118.5941679923052,46.94863781529109
908.1823748178039,684.9529247012197,117.91000610865581,47.31976960283281
901.8517014917496,691.7622796467997,117.84458712813495,47.32511175940226
896.2875833624148,696.4176033229401,117.85692239345735,47.32136633888424
899.972192986308,699.6311775480547,117.45061856620323,47.293020169081046
909.1182104086664,703.183119448367,117.24688442644242,47.02146850270306
896.3978392232278,704.4512527395249,116.58294578230492,47.0192817105027
898.8933361570216,703.2428621254548,116.04228026478451,46.99299896426228
893.9983569887735,708.8363799779733,115.07989542348542,47.1976420693451
899.7873266801381,716.8264346075213,113.93992143382248,47.65220230487812
899.2769147955815,715.6573848811811,113.52508722487782,47.76234951566078
897.8502194917198,713.7122936924457,112.70201542072063,48.1662152122235
897.9219138528949,714.1618620599899,112.29194878232062,48.24676020740556
892.5583679120986,722.6786950292586,109.60498007126183,50.00050691230062
893.8021378950582,722.8301357365772,109.46845257368071,50.090153584564206
905.3991812770975,722.8056776047163,109.03138485257082,49.99813579820295
904.285419630149,720.9784060051305,108.99930297717145,49.66188648448066
906.126280938385,721.3688575165156,108.41742433958139,49.74586295065546
898.6317871746708,726.9376410979374,106.69478581415336,50.00598179245038
904.3001690470638,726.291839020288,106.40147242489707,49.24323819422475
902.5246190770903,729.9472117599265,103.81883670810593,50.621354561871385
905.5309373009965,726.602364267215,103.57123636640306,50.038336839774956
909.8249560761542,732.5488948345256,102.12178581407358,49.85065233021454
909.0054410988295,734.6117064147669,99.28078666258281,51.23117321651548
910.9590317270703,734.2120207649701,97.34973744135661,51.85026734735841
912.5681887309399,733.8347399382021,95.73587437470323,52.691040734414315
912.0350659268007,735.2578541879492,93.00871254279605,53.27911909489028
914.0326311887268,738.7370803976439,91.58957746419533,53.655828361444385
912.3490749682389,736.0794961809967,89.46501595879033,54.07777923110989
919.6611938573321,740.8961079013599,89.28141004705921,53.68328049894061
916.3490327791582,742.3474689692856,86.73926072208383,53.923001543173356
913.5043551178862,737.2640049589921,82.66741990815304,54.885267240762126
919.1676482615821,744.116503729153,80.1055612132296,55.397901040467346
918.0158271534976,743.7938600181365,77.29435624617102,55.03685451531878
920.5750959380189,747.861377466149,75.58565163153527,54.12370148574891
920.2280129188746,749.9525549218345,73.54567560477551,53.3217689281222
924.5848780231755,751.8000827073821,71.40007875036075,53.322837433870234
928.4248958750286,756.0770479685639,68.66220460671326,52.913728078498906
933.3134507007122,759.3177640418355,66.45206482686699,52.054288519998856
933.4562741842846,762.1593217525174,65.69380050175292,50.93251056964346
938.9726784160258,764.4997340326946,63.31830538513323,50.45115176093693
941.891609787554,765.7209364389972,62.21715319047769,49.35358675965679
944.8430122497905,766.9426482158411,62.49584154832303,48.13358215700356
947.1423444015052,769.7169856491412,61.737544085256005,48.147019621793845
950.7141075508919,771.9827302499506,62.70033816764725,46.25000755869435
953.2799047179954,775.9567499416676,63.44273675336211,46.163128930417784
958.7540507766965,777.0515899434743,63.24950769290564,47.01978700816437
962.1721912725473,778.9080706418569,63.58146867889576,47.046087715433444
966.1876430293197,782.6391642290973,63.75139467127131,47.51597556460365
969.3326386498605,782.1878763992099,65.18511968919226,48.0394409774818
973.5374381381408,785.8964879264569,65.95387879063473,48.042288571181295
975.6925840474801,786.7913708083952,67.18621669073671,48.76252875823218
979.9703497307275,788.9548726715769,68.4787392564317,50.017177196328
986.5670639006855,791.6049412650245,68.58303945502891,50.93236011975383
989.9348753453637,791.8862312566484,70.67481105114628,50.68436191813176
996.5295605457083,795.7441134569048,71.64862672376044,51.97658454001912
999.3811480731533,796.8284546913588,71.59199088014327,53.72557017528256
1006.5237577617409,798.7034828658526,72.570017085549,54.27887476532102
1014.5456642767824,802.6045653893566,73.17626852384966,53.99135863265017
1019.6442373536004,803.7398914955163,74.73293325278199,54.1068605951355
1024.732925722698,806.1286955324128,76.66505739959673,54.36268786603835
1032.0395350490892,806.6750403545044,77.86920725419957,55.103035359840554
1039.1138270114677,807.0065552603213,79.53328736142497,56.48142648479112
1045.8009071165357,811.4879697694472,80.32438841990472,57.53648458201793
1055.7496088997357,814.034345513933,81.32094771361183,57.76066434075765
1063.2341149284457,816.8443909434426,82.62489441168529,58.66676519316402
1071.8096815768192,822.4080972407163,83.31695035443991,58.387864294478405
1080.649979669043,831.2356053943685,83.01024218573951,57.67008858776022
1089.890196698989,839.3220712118562,82.39022453820084,58.8196438302261
1099.9182968922926,846.9674297928078,83.4436242187327,58.50236111656502
1109.5048348905202,855.8693434031567,84.39701688072459,58.72040164794247
1120.2001693113623,868.8132938701258,85.4198345197533,58.29515101307654
1133.1732618729345,877.2362589173447,86.64535654992903,58.17762210272076
1144.8151913595789,888.9210988361554,88.81035583774889,58.766182774132524
1157.0916016925464,898.7353521627655,92.03350372344929,58.71730411163493
1170.3504084208105,910.9968337097548,95.46533026936258,59.35529263203618
1182.6791065282775,920.2591159862386,97.01782632737805,60.187430883633965
1199.7456472120266,934.2097778798498,99.27200539689133,61.056633982398154
1213.090724231431,947.8449286583169,104.10963379826829,61.10904055534657
1229.7405827501357,957.9766781598903,106.80105140441367,62.36895616401637
1248.03743566832,972.8024961862465,109.61575468669727,63.73238244345733
1264.85886071755,985.7680844030083,112.85688057090347,65.4706510477755
1289.2397515781265,997.5110121710317,116.15426480434023,65.84144491053242
1303.999378059338,1015.9859676074361,120.27760522570648,66.15911216272337
1317.1796464110705,1021.0388125771423,123.76545337941897,63.74337221262999
1324.5630510206329,1019.9086947754322,128.1211932173008,61.93643671924826
1325.5912201823444,1019.8939697667352,125.47992971916497,61.24572136474759
1323.1431050670783,1016.7563794996761,127.41899756947856,59.25811503363143
1330.3455956869334,1007.5598184089059,127.39252775860128,59.264415468345454
1361.2062864003,990.1898636355047,127.65953439339117,58.528624636730044
1371.7803366706278,990.5466928873982,131.11527944904958,54.88703458577807
1388.29384682479,989.9207825595726,135.8208221595237,48.920486711155874
1390.4913435160356,995.7871113138148,144.1619156224304,40.06936687852907
1334.0622097807175,925.6806314267234,144.21554136943402,40.033486320680645
1348.7142186861556,956.9005991780657,148.86177227681938,36.540331976443156
1381.164921775778,986.8933775152948,152.28083881485952,33.99908835130145
1363.7620715867315,974.0908130016486,141.77300540999408,41.306306688286284
1361.4305346415292,954.4206713559951,132.16851929521044,47.151499494974104
1373.5336024499718,953.5228817619126,122.59038203037606,53.27507207608346
1373.8503569580255,928.5522620700956,111.7065220621203,61.4262189914558
1366.9352613202698,910.8716493545539,107.3315055129245,64.43112499504882
1348.9066857426963,893.716495612081,101.32321935117714,67.70261793531688
1352.6218956236653,881.8940196775105,93.39779997190072,71.5288060715477
1350.4784301031252,886.0818564309373,89.18418646494648,74.63296616759945
1336.0748395579296,855.0814270573401,88.69121573038618,74.56286391625865
1313.7666673134536,842.3279096167125,89.32758737998283,72.76498813772383
1287.8500812860564,818.9477270240307,88.60676239498264,74.11784828768715
1299.5111806044383,798.8776596982888,88.03425476774018,74.67391082613378
1368.1047053301518,793.9590262448525,82.75467601943801,78.1113340402269
1392.2647161470059,778.6150481204883,82.45970931737075,78.48354016688496
1403.1032434600918,758.9448935434806,83.50662701175563,77.05285322715041
1398.713649663395,756.0962532902865,83.98832925358641,76.41208289125318
1402.9305803745585,763.3009542759804,83.79504934371064,76.64566340277571
1404.0245992240111,795.0760153580147,83.79519852873165,76.64551377288679
1388.1263985785458,764.5829830589536,82.06082284212312,78.56580917545234
1367.9704079382811,751.3386109893119,82.75616212436172,77.23708467154741
1362.6900873346533,758.8970223168837,81.91144310975466,78.71465097819551
1344.1977455765048,744.6092616192863,82.57051932624715,77.48888567600277
1332.6741309940676,742.9770575710415,82.894699327303,76.72762276724325
1328.4277345600192,739.3353528129528,83.16822339657145,75.97549074899698
1313.2894247995523,738.1256917983004,84.81494675356511,71.01216478712125
1299.9724229431492,736.6493429355539,87.33174770758211,66.62333362009711
1290.5624192788448,737.7441753706087,88.75700634844677,63.74523808306407
1276.498878980172,734.7170476642823,90.8700583965977,60.43693417717445
1255.712475462351,734.436237735836,92.27195555064833,56.53546838266927
1245.4898673650607,732.479811196059,93.34209926598058,52.62387144620147
1231.633499267526,729.7563942489563,93.79312624779344,50.27184955885177
1224.140841397365,729.4897863318686,93.7991395818043,48.00873541789913
1208.4151735000207,727.3420302074746,93.4040264781774,46.843922425598144
1186.2759798402044,722.5378813742581,94.02714798970463,44.618077407094646
1171.8622494154931,722.5369885202462,98.26741248902943,40.62391861514901
1148.0756565140236,720.4171012226567,98.95053405246674,38.207555743897366
1137.2649602520053,721.6386580190482,99.6060929125628,35.45710623793299
1119.2143180641767,718.6094922477513,98.56443295228256,34.403439222482305
1100.854144785267,717.8175583267807,96.47910400351,32.74079846609585
1098.862730928017,721.9736486242964,95.25975180925761,32.478427326936014
1070.9879720469355,713.8857442193794,95.47065720569786,31.805307685231963
1046.3817745542283,715.8120467021251,95.14561856684476,32.09745999055358
1039.01313441207,708.3743675643015,93.86128096175716,32.475167166042226
1030.706307019384,701.0333475696709,92.96648810003435,33.113685274199725
1026.9387463959877,680.7951296477381,93.13683035131311,33.03967937612203
1003.3126584326916,698.8095267052242,91.03055824934087,33.24244119987041
995.0503254578825,701.9980298882456,89.99523617710831,33.423818298641066
948.0447472236784,719.2286132938424,89.73658673731342,33.934392210103624
946.468150777499,716.4304461078837,89.84638101097435,34.75302758833834
941.4235879505359,717.5654362286377,87.48553355851625,35.732347826718936
921.0165726430243,715.3066646666374,86.58195858271893,36.28008594850719
922.4060378610952,714.767575977504,85.48415390665564,36.712477399001564
912.266267245451,708.9985721501874,86.29641379639136,36.133695235824526
869.447079230215,672.2643990258366,86.63439004658996,35.858984233549606
858.285776029656,670.5016726192363,87.24188376155082,35.38428350518529
852.4243411267471,668.7872417586518,87.2386879316874,35.3869009674737
847.316924115656,667.31575934289,89.1858284342773,33.63448987965518
843.4316992284594,666.5739871549226,88.89097345250595,33.92777134188589
840.6472009109028,664.4119071528637,88.53372201404107,34.367977297847105
849.4976675927182,672.225289606229,89.14490145863775,33.85038711950998
869.8867087479583,681.0438875015818,89.79040313253267,33.45157176093327
858.2056275907083,681.6655669239694,92.11211439722796,31.218078915379934
836.7686271601084,672.082343999399,92.48333052942394,30.84407371471608
790.5942546781355,643.3351602897467,91.81593169454152,31.51659131102278
775.537322964084,646.1592780216421,92.08270154049134,31.226138211123548
765.1163189000547,635.5398331778756,91.89799152890141,31.442355245458096
763.9134678632508,635.0407422011831,91.7685301999518,31.57314698344642
782.5744477887981,648.0664589061608,91.92114157688452,31.103042919194024
732.2067213313829,625.6951457237735,91.3162166840978,31.64688540945682
725.1082729450768,626.8045445965387,90.44365449522331,32.6747867586989
700.8556538735721,619.387990573646,89.51710324003916,33.586198141581555
706.6747175143568,613.4813666499374,89.46741780722483,34.210409619674984
687.8094113057622,614.1566114695186,89.07378934916993,34.787357762800085
677.8527274652957,619.4479744236911,88.90412442207041,34.93589596883488
662.6707435731026,622.1474287643119,88.98689561221842,34.92819355208906
641.8072742731532,623.923588151989,88.60525266914853,35.26577832211472
641.5551902162329,620.7232473519495,87.22429228491188,35.37434089600964
673.2508337854988,621.679469052094,87.13847847401661,35.40031421515743
671.4950266190953,615.344887828865,86.9858100080567,35.47662693016985
666.7155592396596,610.8314540216845,87.27129773018484,35.30694417526818
649.2880547492163,618.9275585709937,87.41136759363978,35.2016148068745
637.9942104813086,606.2589881836459,87.46467807769723,35.189792797756525
627.1723539630441,617.2701738031366,87.61668808077918,34.98369429437094
679.8838317664902,688.689943527159,91.34322283033228,35.53194171156037
670.4567939889624,684.0954075215167,95.53904948402051,35.44500797791102
666.1348500761206,680.2593479048318,98.00132767911941,36.951829226203955
662.7214930119671,674.8145228003548,99.21935011507412,37.283385410499776
662.7615563741991,669.581424487008,99.67672132828945,38.122034773094214
665.7254852448029,665.6887804923181,99.461721787155,39.0334881524886
666.7876311632735,660.9186859631418,99.25172312018901,39.911590724024855
669.483565525575,656.2128694798548,98.20184534330951,40.28168831309623
672.9560764787813,651.7866261824221,96.8010529443433,41.09004267529586
675.7750227377784,647.7786132734053,95.89306936952545,41.43933761259208
677.9004101006769,643.0755714916593,94.60972928842742,41.57670913232187
681.060296491235,639.8223369048537,93.51094668828051,41.959837222406456
684.6035534383692,635.561643762207,92.49269680158044,42.07349531250941
687.3561039875315,630.1997115963867,91.40618481839863,41.98254698393261
689.9188742885294,627.8749835815065,90.80538348184481,41.57318848808887
692.0172606745836,625.4658585795753,89.65193994862807,41.402179248939774
693.2465419345879,622.1123405933927,88.46286242541501,40.90434928884038
696.9309898969793,620.2080169849968,87.80178167092035,40.17147352589586
699.8068823547819,616.9324590688611,85.49873604555259,41.09317384608215
702.0285599285982,614.3235034928063,83.93308218042121,41.453792822899096
704.5423028988006,610.8304731979554,82.59252737328656,41.823843700381424
704.6914465357545,608.0996595338962,81.52181152720094,42.04312664907478
706.3676658372483,605.3455877366272,80.61482656801229,41.14628195473337
707.969604322358,602.5603427401735,80.08615315957556,39.99203334977097
709.1351371177057,600.9715417269002,79.34099657786004,39.475337347371536
710.0831208090021,598.4541502906143,78.27612572522787,39.40787488913292
709.8639695524474,596.1698872859703,77.74657576507812,38.60207323881407
709.9046681516351,594.127220782432,77.25542491627601,38.52245444459052
711.7870664348055,591.52357334545,77.00937186494971,37.947391148998754
709.9961936548754,589.8405250093342,77.18860272868882,37.500912004122156
711.8559973649432,589.4750661675204,76.26035497156303,38.024361893331694
712.7452251571247,587.7290628276098,75.44760657008428,37.958867018663625
713.5749024363654,586.4977838150343,75.53406180507493,37.24028795885373
711.962614786835,585.2070301936931,75.37247959147085,37.22983644032086
712.870097703727,584.4898491882033,74.26261953924212,37.05212872531028
712.6770823749755,582.7156918825294,73.4447934901258,36.40345475404692
713.8363782309646,581.653390154364,73.0347118670684,35.89849154091354
711.8858684236897,581.3167597731169,72.7867675533955,35.70466559486213
712.4388166502484,580.114564648144,71.31945127353197,35.806133357548916
712.3983875148424,579.2082416720399,71.1472488756372,35.34065378523643
711.9616855571898,578.1846462233559,70.62173428145908,35.30433905211102
710.3515909347439,577.836377777994,70.4312644515676,35.395430617460214
711.9004598035795,577.789597775552,70.00827441935598,35.75752337533513
710.2013477223754,577.5105581936319,70.56193557440935,35.458557663553485
709.9223154244423,577.3771790352048,69.71087818007172,35.64664016643464
708.5205045800817,575.8991182763782,69.79184338037435,35.39801806035436
709.923383708265,575.9307516199714,69.75769013880875,35.120445316668665
708.1119957827794,576.5675216859115,69.93033886499343,35.03737421135384
707.3911366027505,576.4943270090781,69.81904545003445,35.26549190421579
707.3725256669197,578.7111492900096,69.58560274898029,34.9744512165594
707.2401641365697,578.7819514164157,69.7243861275545,34.40081059370826
705.1782154461631,581.8127470831628,69.87256644064914,33.8921562910063
705.5695239155177,582.9263630936224,69.35360379356973,33.83687747138112
704.7996827792214,585.3321941257625,68.89380438815319,34.14201953002557
704.8989520469687,587.3992384033829,68.63471441045272,34.5149228380356
703.4011994152721,590.6392117202665,68.88952729675545,34.19906397663772
704.493809416425,593.8052841399858,68.5043220287177,33.9268289577558
704.1878715581416,596.4509928984164,68.12656877466162,33.964172541663565
703.6930580425518,598.8023372543481,68.4795748670634,33.564135711971836
702.1633613686274,601.8160523109998,68.7921663617322,33.01408301337176
702.5582633097038,604.1904525996445,68.95465438545943,32.765349193284585
700.4900077231982,607.3571620355325,69.66752578414807,32.51990200882558
701.4806900240094,608.440830783566,68.68182262003722,32.76960366871859
701.2009078689287,610.1271424300256,68.9147440592956,32.153443188222994
700.7915803940008,611.0355632791108,68.65864012186034,32.026927107842916
700.0096361568027,612.0384063541014,67.7415071919902,32.635643013601964
699.8976064269002,611.7805598071994,68.55738909718764,32.790181044492044
699.4269704922076,612.3677082102843,68.05655150097398,32.88832550628971
699.8353662552839,611.3268276329148,68.22906988178084,32.943306294131034
696.5235893019436,612.6128773433225,68.85398325119942,33.113569372552824
697.1906244352913,613.6131276171509,68.71513929618789,33.29665351498978
694.975213841586,613.9355996758819,69.33065858845671,33.4329945046637
695.1831345254272,613.8676440323093,69.79768241128033,33.382260745932456
695.3618620994409,613.5355844722089,70.29629068879375,33.345366539488104
694.3152621263206,613.5602818032082,70.42296031200587,33.016757674131924
693.7519855991927,613.5217167384917,70.26329460386377,32.85553247989275
694.2568974662157,614.8676265380669,69.8395200093175,32.805603168141495
693.1505228889591,614.6154148903936,69.80918020318323,32.966087337950256
692.8310541406285,615.073356661386,69.79475208781442,32.90741437249961
694.546774584579,614.6588840858071,70.25938358760871,32.914660142782786
691.8578258058155,616.2705455116447,69.72489377407231,32.70769876609851
693.9968569229833,616.0042197361332,70.3080137525665,32.42476214087105
691.1598529915295,616.6106795408846,69.9029334044144,32.54651462475974
692.68991507379,617.4236052437342,69.37351183083594,32.897640328969544
693.1137179653051,615.9975848229045,69.82576592920678,32.62560623471581
690.21850445484,617.3114216944513,69.71696628464021,32.578826484999944
691.9701906675892,618.3988285531894,69.5720821804459,32.80345997020608
692.9477901284596,618.7910689760955,69.50346920955663,32.33076357063354
692.2063398132476,618.6661728617592,69.44148313172104,32.17367232114164
692.2884662456111,620.2433468807393,69.77296892232286,32.22732661205389
692.2516790209643,619.3192193386727,69.97264508896941,32.29373040453065
691.1433342473113,620.8275232148603,70.04724860722254,32.288966810328056
692.1030740817246,620.6114483956231,70.04060096010937,32.50340611771996
690.2046506467773,621.3643687326626,69.78246850566293,32.63229208720353
691.0061733533483,622.502177573629,70.31153011194529,32.54856726759074
692.4642029249862,622.7231486840602,70.9169064678609,32.13716552048731
692.2631419024913,621.8962926385304,70.09458102406587,32.74812439194227
693.1949325614189,624.3973140266055,69.40013015073734,33.25988462101071
692.4849908396718,623.3871779186686,69.7068697925425,33.26540134944252
693.3527256367453,624.3126309065286,69.55362444823518,33.61646738147398
690.9506891085609,625.3843879118851,69.2511301217914,33.461026004504276
692.4197601546921,625.840843567804,69.19118569951209,33.79452506253952
692.5079081838793,625.605637775963,70.17728178057246,33.246020277736996
691.0010769702138,628.2181344767553,70.07070304274227,33.93116500634048
693.3950650361841,626.7246729424301,70.39248767206271,33.992496129342825
691.6848453027982,629.4103780362915,70.65621794465116,34.305946647949234
692.4581013782924,628.9281683699194,70.80675016622132,33.82376983506347
692.6996262740959,629.5844510817892,70.9278856577985,33.81375663452939
694.0648267244768,630.945149795563,70.79082801494067,33.84274306089427
691.3344508810547,631.9287452251581,70.56890100229135,33.811798000768626
692.8136455081375,633.0869236358025,70.12052628212248,34.121096830572476
693.1036781217762,632.7804868546626,70.26865666250731,33.32712065091641
692.1864893950581,634.3158525659774,70.02440962902034,33.22448238510154
693.104410401098,635.5013018585676,70.13684151411132,33.536507116876635
693.8304965544881,635.7932907425707,70.19477362513197,33.79605893089414
694.935542978388,636.351420090594,70.02697694852084,34.279354296736976
696.2111092715733,637.3839256427025,70.12482283390621,34.25445592636109
694.5189626214232,638.5838468780256,69.63238283113623,34.206731232585504
696.6944921847462,637.4759184459283,70.02658108211472,33.97946523301068
694.8258584301748,640.8268816742801,69.98943214457177,34.159676551728204
696.1074796299321,642.2892860733668,69.5725165253764,34.39373225169307
698.4340351544218,640.8686420508378,70.01569415742715,34.52425135868657
696.692467089609,642.3009257797048,69.40621611316385,34.825218635678524
698.6335337334509,643.7718339387118,69.14890019684826,34.73520275940646
700.6747558223423,643.5126413220784,69.32313698448912,34.410930843835274
700.514445198982,645.5765963157128,68.95778667311566,34.787557962126925
700.9720433462453,646.2147758302642,67.76844343430467,35.342545564074136
702.5677952370255,648.6642845735785,67.69230587321836,35.29202546819265
702.3185358797385,648.408914674778,68.28363367632048,34.85456718573067
703.0893958658,651.0168068084865,68.42114201001402,35.01294940696112
705.0611716658051,649.0990653032237,68.25619348693894,34.75038754520277
706.3630182796325,652.5649072601223,67.51875101268675,35.295848349575905
707.9470232088686,653.8784953051864,67.18761468555614,36.06710475265727
707.2571778928649,653.3543803006844,67.65476541821438,35.788469565433466
709.4897798955072,656.3086404434022,67.52511315166872,36.21500939962665
712.0439661752667,657.7468861529229,66.98486631694207,36.446132974634416
713.6432125706825,659.0840089182385,66.61099949504367,36.73849310730266
714.4118732715294,660.0161227208923,66.4984330705761,36.89484317113877
716.5012597520102,661.3271229267875,66.17761556539455,36.923952693201386
717.8290387511286,662.3085779705209,65.40334085039152,37.08431812415219
719.4836358139937,664.1914869771844,65.5293476543028,36.97757823201047
721.7839916742874,666.109116928567,65.0010126617733,37.35663231316233
723.458859411452,666.9901536538058,64.34145558176198,38.72844305419797
724.3352596949509,668.7444298055284,63.3041149575817,39.48722378145344
727.5182569088141,671.4385001930982,64.67811648627621,38.69976621859411
730.287328087454,672.587057451461,64.0559773562305,38.32111064046721
732.3400342218114,674.0125554074232,63.42555903168369,38.18167068633703
734.9941859155855,675.7269842415574,63.20670838766569,38.06043020556842
737.0656004087914,677.4129836607203,63.45223894791515,37.684445008600086
739.5599336690184,679.6455880692998,62.74912254495386,37.64514094226497
742.6520597600098,681.0485558236256,62.49722815105708,37.34356062579782
746.8465502192873,682.3100261804195,62.18117184645452,37.34475717073965
750.5166646516489,680.9856896464196,62.32420504380432,37.671570878998295
753.2109482711321,682.9561901524708,61.75604805645514,37.93580582499543
756.2479538091951,684.7773068950221,61.68758450382773,37.755360755801675
761.4241687803218,684.2289704368665,60.85441973644013,38.54740330316487
764.1382663268917,684.6528222446765,59.701508456777105,38.8903751845999
767.8236570337453,685.8006877267992,59.43806690207829,39.12821903991936
773.9642922192106,687.3739487261217,59.122752265400834,39.2533256595146
776.7170931945983,685.5442680336793,58.756305702503894,38.76910994555308
780.3522711361802,687.266665946263,57.61141378189499,39.89724922475577
785.7326464624063,686.388111767877,57.00767988359334,40.15817668953688
790.0335164850301,686.7099956254312,55.72992589181238,40.87592211224582
796.2132009573836,684.8182473319229,55.69267570626058,39.65081131171997
799.9177143608092,685.8125386662473,54.30770390352927,39.71070629275977
805.3975917270683,685.6431446591728,54.0626918315336,39.84321622120021
811.2567270542326,684.2389069094987,52.676074772175646,40.40207271343767
816.0103924698707,684.7566748675956,51.81852993638292,40.444063008982496
821.0427952691317,686.1122083936704,51.9979803574531,40.08886620372023
826.252468381388,683.6754557291648,51.05280100305782,40.11532944899105
832.60779910796,683.1562344016485,50.42906982487718,40.812652963637305
837.4603029677081,680.8085270499244,49.948013445102646,40.790374815065206
844.2168235202363,681.2463514237401,49.28243117946268,40.569999862561666
849.1143462686405,679.8502847258195,47.92986195523726,41.00094794613161
854.1027522586619,681.6612187461035,46.99177487448641,40.7093625937045
860.5205335025576,679.8464802432932,46.06585746726151,39.97921378298002
866.7490346846777,681.6311694045905,45.28240761614397,39.66154325266743
872.8375079686433,680.9444950214756,43.80068390282682,39.657191332442466
878.7052813677096,680.4265649970754,41.86183472127149,40.15018944276641
883.2868529871583,682.2901891318425,41.28161918623142,39.92651888243009
891.4988701066317,683.1871947475619,40.57511615150838,40.24385699524493
896.3745985638652,685.5889532392343,40.27452975095729,40.09807869750789
904.18893799167,685.4236796301991,39.42462324947392,40.03507221155496
908.9534584278108,687.7876355741464,38.58340471911107,40.1181201396393
915.9627697241214,687.2210221118476,37.505588515344925,39.93717896864826
921.8212106537185,689.0969120064545,36.61568820064531,39.768477563833876
929.2452617310363,688.5309782860473,35.14938192918834,39.943650103658726
934.7209055664612,690.5012809549535,34.338467488319175,40.27354113425462
940.70358200256,691.4614434297614,33.56677058383381,40.16528011705752
945.5543222378933,692.6141545082535,33.20086903162436,40.18441812547868
953.120578064302,693.5382242739391,32.23857966121651,40.2031084662388
960.3399976090936,695.1034971547226,31.278512735024265,40.33679796277423
967.1320275554822,696.3563764110088,29.870634635460124,40.43497755292394
972.5590703983503,697.4940398543895,29.121200400834717,40.822565657541475
978.0688179669627,698.8485401059392,27.998350809569583,41.53559822596009
985.3401646629396,699.0842459551172,27.441276962598614,41.98957611548305
991.3210065629836,699.2483711790562,26.318918113682543,42.22327188085045
998.3352738610919,700.6497268124507,24.992922007761273,43.15158535618801
1004.817106412802,700.4595097589535,24.273424232222002,43.78597676456072
1010.7380088090043,702.3455986977881,23.39884356091106,44.45099800264471
1018.3422821572972,701.5817707654403,22.809111332709215,44.87106724510198
1023.7569287416324,703.2579247131159,22.305713473486943,45.13200960533549
1029.3849324191713,705.4881767857238,21.574288981263344,45.654360780096496
1035.2010318522273,706.4748560096508,21.108072361549933,46.65328736451488
1041.197533080404,707.3292639989232,20.616348782455155,46.71325722028247
1047.1804592385927,709.3980089738337,20.150905592359326,46.86214708460951
1053.3879407141158,711.2896530611383,19.223652640397688,47.53916984597424
1056.7704783065244,716.3073634404025,19.094864667952162,46.98802585899158
1062.9203173245583,718.8492495473672,18.932225816454768,46.86980788242764
1069.35408911855,721.1412771527616,18.404284698869105,47.156406777779026
1073.0429887020578,724.2257772738722,17.56892499260821,47.684104724339626
1078.9279963854942,728.1121277946601,17.57919450732687,47.56547406011383
1083.9650048676663,733.0323132824551,17.149514243422335,47.61895150371316
1089.0870179345804,737.6193933117768,16.7448931694084,48.09170020514054
1094.9456774117766,739.9012358979086,16.525757465443338,48.53433074103743
1099.4371023424671,748.0536094735597,16.73826874145246,48.268440096082635
1104.703844517956,752.4451499332735,15.862779614473824,48.89660261537591
1109.3555619935605,757.277326817794,15.787304296138181,48.375805441183445
1113.4999979115187,762.5160081872809,16.039121928605702,48.02378221026621
1118.5549701160323,770.2531712275347,16.275194403428426,47.445498953550306
1122.883880604151,778.0262210648607,16.38452907446898,46.6534428579999
1126.1781322855954,782.3057250696,16.543334919496186,46.145920863841006
1131.335957648186,789.4774885514323,16.96879022764066,45.558404909392735
1136.8252756840654,795.3127402128513,17.164080509336113,44.39161042597132
1140.0650599702265,801.0860441505897,16.967375077120305,44.158752817523265
1143.1689750693165,806.4579330781585,16.976003199558132,43.671817575606
1148.7263555984675,811.9905465960819,17.322940673360197,42.691761285608756
1152.9604026678453,820.3666599001696,17.201647338743143,42.368884576725435
1156.8911240710904,823.0542212832626,17.064513499843223,41.84301689553078
1161.0693851035783,830.01984063145,17.516525103385465,40.20807431884577
1164.972204803277,834.3913825033206,17.30584400934679,40.20849033096395
1168.5559427760902,839.5467159143572,17.62218278005969,39.74404829374201
1173.652140820221,843.1354353103022,17.41859246267225,39.924491047872486
1178.1036241811269,843.6814104344783,17.143291260574657,39.78975646629132
1183.4287013022997,846.004366591008,16.913034097696816,40.09365704233089
1186.8430128427276,847.4078783973353,17.138737551112353,39.639328417927096
1190.6476425512815,849.9371821831951,17.41689068206938,39.10826057627954
1196.9775064194034,852.8302450598728,17.235136883813908,39.271761268694284
1200.3567315322152,853.9518198697856,17.428332509325603,39.21116303284096
1204.257227196177,855.1726385255964,17.598213106756177,38.35228283658323
1209.3775729085323,857.2257849469669,17.49710336234349,37.4518734968027
1213.4492389442628,859.0736867861735,17.438833317860063,37.858502546203084
1219.0835950437656,860.7293044134367,17.645524904559903,37.34497747195937
1225.3258266064634,863.7532716042942,17.837443843983888,36.751622920413844
1228.160557062658,865.1801417889939,18.04726683662362,36.84898480778957
1232.7953081322098,867.8733872800481,18.093892474619587,37.10093538833368
1238.0717827407113,868.7426599326714,18.351546399401197,37.14369015098868
1242.2830308235398,870.3951300316089,18.405800607584627,37.65041882594679
1248.8083403288767,873.5315444988353,18.81871595207434,37.88044948393201
1252.778525916302,875.4951707787769,19.10262322723599,38.05556623252036
1258.3707995783552,876.7651590187395,19.64467464275388,37.56604222337451
1262.627491489551,879.9320299745244,19.54476585698332,38.019640952826336
1268.360524187216,881.2817417923353,19.747794547346437,38.14046639786258
1273.5410177360607,883.3355501410194,20.08765030701795,37.99795809511708
1277.8525689052444,885.2879236891068,20.29917607381395,38.07330137865736
1281.9575042902418,887.5014346733718,20.377610586412292,37.942216471437106
1287.0244430465839,889.3563714727923,20.229676867978554,38.90925708768418
1287.6749327864125,890.45682698167,20.55180064931536,39.01973122465278
1287.6258920918785,892.9142342717932,20.872723226694525,39.65877540142545
1283.8740254730162,893.411226538029,21.19823762286643,39.72777831573879
1278.703570222416,895.0375541881431,21.19058397611801,40.054528323280564
1272.7581517492033,895.505738495845,21.433973336483742,39.98516541371012
1264.02716851633,896.7227288138449,21.907999967635668,39.83192527720678
1255.741993881374,896.5435905768294,22.28036454211319,40.01473898375596
1241.1034660000846,896.5929535534694,22.820874741947595,39.77169181234275
1228.6271878586083,896.3920136920126,23.217265329709974,40.065843955484
1216.803083583891,896.892125386961,23.745803011224496,39.86256494539388
1202.9697073123616,896.801412849668,24.147142269981313,39.51808447045356
1191.8644402514717,896.4806115672119,24.327303772132602,39.80864282755432
1176.5776470175422,896.3084017723605,24.22326267651477,40.40409223650733
1162.5520913743699,895.4997721620231,24.642312958220966,40.53497386032695
1150.7769351564648,897.0933990786874,24.96057545201453,39.957168221502045
1134.8516628916036,896.6291213288148,25.40439886662435,39.35016883538307
1120.1588904402875,896.4223953067319,25.605291440765686,39.38458487023709
1108.4517371997451,895.5648011955052,26.191232595922415,39.29897789520381
1092.5862791981326,897.2939049644243,26.589688195705104,38.963850134129345
1081.679711075705,897.1592310987944,26.85598758753285,39.03344811251
1067.1306910357139,898.3411223701592,26.95505191373101,38.84349822473367
1052.505598318338,898.0111991183772,27.076456983492648,38.95966710025719
1040.7178354664895,899.0834742439151,27.348107717707208,39.02268215679854
1027.741559774913,898.2163838080584,27.78099624380446,39.050363213524896
1012.0007171925814,899.4609312271259,28.275811596455974,39.53415779876017
1001.053529246329,899.1256650913782,28.588423267769315,39.409975798233376
988.6658467562154,900.6194331353686,28.47209131806499,40.288809434526186
975.6240302390161,900.0955495909498,29.479422777756618,40.46370536285664
961.6473193070537,901.2877498456495,30.13794946956212,40.26228229143011
948.2060743359873,904.0659108636814,30.5772345319341,40.68962810586076
937.3497541644127,904.4881507023335,31.379566037192728,40.11054740774351
924.3671811564476,903.5092461768949,31.431395326438412,40.37968653865324
914.6979784976963,904.532323050737,31.80928085329158,40.174136142562006
906.64868415417,904.87521443068,32.066569529663006,40.37041391047747
899.4436901722818,904.837686794907,32.798585653534694,40.05355701971956
898.531576336904,906.0427964560835,32.86837742741687,40.242312878946244
897.2991611067027,906.8595174311188,32.61805991571225,40.51938480674429
896.8916610577224,907.0087786247757,32.38777693452553,41.21661517125763
897.8174466825113,907.4254203457947,33.3226520178793,40.93617953185869
900.6279801014679,907.8477977199335,34.02883566061814,40.43948503386342
904.6350226377308,907.443970789265,34.34525977388337,40.23614684502954
910.4271735691158,909.1369793212965,34.84834213505137,40.055267510611216
914.3718495358733,908.9558189739133,35.08361063915856,39.79583826784318
920.9000375125319,908.4720695319564,35.17965091508928,39.713353531113455
926.9232872042855,907.2916620576882,35.49099779165272,39.54637340327973
932.8580863308723,907.1812847576588,36.21810211416285,39.63870018492089
939.1751859954047,907.0087493859539,36.339700171267296,39.65620382780578
945.1715375068122,906.5106918551769,36.652601129470405,39.640062624673234
951.8390745001636,904.6475956006716,37.30959829450114,39.39269789987344
959.5501859255596,904.7247447900378,37.103323548567545,39.24543189180139
965.1631507125707,902.8396591221218,37.672871841671935,39.108790559786605
971.9165930534659,900.6983769443297,37.97896113601649,38.71582209753045
979.2422763429186,899.8832522694116,37.76326064140077,38.29939290427567
985.3481588890616,897.7057269227979,37.848756787213006,38.27594838113351
991.8781367255096,897.3369833592144,37.89089671825957,38.644532795240124
998.3039580618589,894.4365605325893,38.92684540756064,37.89821257782391
1005.1983830589425,892.94727951254,39.071354559511654,37.421143600237386
1010.9105318086075,889.8282882170392,39.7156462706919,36.77627220640616
1017.5585608570177,889.3050319214015,39.580525483136675,36.57315506173529
1024.525416940999,887.0685878636298,39.52892963292288,36.52047612253002
1030.9334617515417,884.5345139935735,40.2643174440887,36.153115611452364
1037.6740115864072,881.9076281869229,40.73819194885722,36.49033038957892
1044.729969131346,879.6280486935119,40.7309969746412,36.03538548693562
1051.5275467962542,878.3226713683971,40.98338726860388,35.366479673832174
1056.9845775438002,873.2738408617278,41.18625482777229,35.64360121268341
1063.4861169586934,871.9387329517629,41.06625075842283,35.49753619078594
1070.9262516469098,870.2318893203217,41.49641381607198,35.164409679559434
1077.155312041278,867.0011508335755,41.786234044486704,35.236948702917566
1084.0319703244318,863.9772637652835,41.80279777297879,34.46338275542547
1091.2292927905194,861.1392056485356,41.562796853254966,34.63868455105521
1096.9300763241024,856.590075562516,41.930789646318416,34.42317347523069
1104.2156369378722,855.4293648206738,42.39245478810247,33.81993475307396
1109.3603437648321,851.659304659014,42.36498876601846,33.487923251900085
1115.3727478421154,849.1287374545749,42.346614098390724,33.09871834345648
1122.6251140495942,846.6505888669654,42.985399177634264,32.64142651797342
1128.1235691237603,842.4737872188218,42.88163649786921,32.74246919872117
1134.6529999180677,839.562298166062,42.989517234083436,32.684949371806894
1140.7391307328257,837.9059194242033,43.27442418366917,31.93330046056576
1147.244384484464,833.5854797422554,42.839715668734804,31.646596130003438
1153.7441524603328,831.94021684063,42.38806561177262,31.75052959278497
1160.143607161648,828.4343138855944,42.1484118091177,31.281391823046565
1166.4206798757923,823.8282891388162,41.520717110199456,31.205733034132248
1170.9103299460894,820.5741269127711,41.18005641967824,31.399568121598335
1178.0245669944693,816.7634959560424,39.64528597434659,31.520735144461305
1184.4796669243983,812.8372782351744,39.15870538481328,32.16396972712753
1189.8022016101738,809.396299983995,39.15240993141414,32.49147476387944
1197.615146930661,804.9401739807928,37.777164927952086,32.71080036342376
1203.0228045701283,800.2057397314444,37.741971452301016,32.6828493659656
1208.946328949189,795.9062553604073,37.31724782845751,32.51156397290807
1213.9225099669163,791.8329507904243,36.791721806796645,32.59331658363811
1219.0015764209481,787.9082392600686,36.579353440358915,32.77574030429221
1225.617620079772,786.420373906412,36.31156818569946,31.529522387948106
1230.4083678027746,784.3945983824138,35.55217624006055,30.61357799450777
1235.0742235887617,781.4420180125136,35.24641033153831,29.15803812700842
1239.5479920613486,779.7203148515166,34.94713541029013,27.838495459134172
1245.6858299798726,778.3732326547017,34.29480971667494,26.489574754497387
1249.7377713563528,776.5377083681807,33.08927720251464,25.974184767053647
1254.7773158805203,775.735324560191,32.475806287724374,25.122968505851127
1261.1024151186848,775.1684256896225,31.468547378961297,24.423868941499506
1265.9094204792752,775.1234556898181,30.811239843815603,23.96733895466948
1269.8777672344265,773.8785500926485,29.724392219743354,23.86897652115525
1274.6423095336552,775.0109667687387,28.61683166913793,24.22170427088817
1282.447305524507,775.671240981718,28.08892148217262,24.060695186856336
1285.2104105213773,778.0711606293228,27.542402993864506,24.621352412642757
1289.6311777773183,772.4838499332513,27.288354749072333,24.149959591223727
1292.5592607979088,786.6436935418078,27.22472878128617,24.179895100551274
1296.6945211244183,784.871213551129,27.375645391756034,24.130873339049977
1291.9136725580092,802.4372524617525,26.858829379127343,24.502568253398753
1293.3983143990224,798.5313751318386,27.152518528827013,24.199783766803268
1292.5668690458178,798.9086501682921,26.797755531546716,24.59527134018977
1300.8656210012796,797.8849776390649,26.941144030901114,24.43644130976176
1310.4408658058735,797.9792218285033,27.4075500973725,23.842127822595177
1316.0415183464245,796.7123472517735,27.689895223790202,23.59139711956367
1323.3844948852673,796.78782262053,28.493529929918186,22.899760311131487
1325.8221748706062,796.6028122803716,28.449533160381446,22.941175995243984
1335.341800009528,794.3040578964913,28.232422622528276,23.27750865369069
1340.5765205200453,799.0061332912621,28.017054744499067,23.546787353284707
1330.603894629899,796.0627262390801,27.48190453199387,23.9441166706615
1333.213968433313,792.7557507160378,27.14509251552822,24.38973752418009
1340.80638563173,795.0080709774529,26.899690262859178,24.621602032935783
1342.3395396745118,795.9228639455243,26.692111062946633,24.836095638952987
1342.2359368687287,796.8799758607104,26.028304106038647,25.408491519503112
1353.8246195344668,794.8091138588925,25.278955437160413,26.206594984427213
1368.0385511248671,791.5237998319944,25.223912156872487,26.272618698623692
1376.042467233434,791.8849974349623,25.11810420884237,26.429475091999908
1385.7729664112262,792.6713158620964,25.25701086729604,26.278801214187222
1383.7667356681418,792.6223798804183,23.89230369806954,27.75532694226826
1383.4558348684482,791.6520998231791,22.83830890787685,29.064911989131048
1384.2122150121959,793.0987527039679,21.32839070814574,30.466756030715285
1401.1761940798988,788.788543546621,20.179206834214668,31.70657818452047
1403.7696924826344,788.9569408519936,20.44129144964188,31.415826496659378
1400.4076709527903,795.8628452422897,18.973617361502658,32.617944222109664
1410.0351519770054,788.8897543757037,18.27155562740361,33.32450956123882
1416.8311200676299,789.0009721790875,17.335325851794458,34.309668110736425
1435.8331753668053,788.6824914055894,16.40169560012306,35.378805800663564
1435.909031927608,788.8087247066596,15.634301307100655,36.31873858111423
1446.9714528099114,789.4121583375531,16.810689019422803,34.70108951858028
1441.9412711419523,788.8887141405787,15.66473826842698,36.04034224162882
1444.0658014346086,784.0500835035585,14.150311128853982,37.78009159474038
1444.009547330414,784.480460983134,12.869259523743708,39.08448370170582
1444.216185145766,783.2681572735611,10.956205264690055,41.339508113158125
1456.0067229282577,781.5781669982193,10,42.817565245796786
1460.6790828716476,778.2021674554571,10,44.54901217296538
1462.2591423999984,770.1497397471808,10,45.32469736246739
1460.5755516302306,770.2312182281001,10,46.44547496064139
1462.7973061811645,779.3181946026227,10,47.608468699023014
1456.2838813078124,783.9055125526777,10,50.33318773360539
1455.469494343968,775.8996888089789,10,50.626439034174275
1463.2047842777038,782.1051090108513,10.499380345236244,50.04879622411854
1466.5406192570697,778.2234577015904,10.068218942870368,50.535476070423506
1467.139353157254,776.969800640968,10,52.34564300109761
1479.6243680727202,778.9481703351005,10,53.924459452371124
1487.500934959622,787.9983734615389,10,55.038534553254
1496.6865495454986,779.7579507702807,10,55.151196799784096
1509.9782155763824,784.3803222631748,10,56.610812868561425
1510.1752406221349,773.8984040625185,10,58.73866980820403
1509.9196783166844,772.3161578831136,10,62.30783532613612
1506.3527001005132,771.0947017616817,10,65.67678529778654
1504.3765097719152,762.341021854902,10,70.0023786013362
1502.1056641202886,769.2963959905006,10,72.47898231988516
1474.4460896116216,759.6061498786127,10,76.40805471333876
1462.6440476041753,757.7837466362239,10,79.52021472089386
1451.1704977613408,744.0274197637476,10,83.71976574367845
1440.4642323118169,753.7519925450814,10,87.86938841526367
1415.6018818479497,773.5839279140623,10,90.13869562530004
1391.0279282194097,780.7441288011737,10,91.57894639319147
1367.218672619434,784.0790704738266,10,93.46289033365217
1351.749650822254,785.6382713068879,10,93.61585216431018
1353.919351306597,787.9485647305154,10.336514272555327,93.20426971921572
1359.7228780455018,792.2858047574146,12.342360575019242,90.76733897037948
1369.1734901921081,797.4826496702216,11.472025792914687,91.79364349901348
1372.7776163498327,809.1041232631308,10.081341302783027,93.41966527681832
1393.7667656999547,844.4410511720249,10,94.43054761820954
1404.9236250343533,845.7888783302413,11.383180745265431,92.52445648079296
1411.7164716382563,843.7277373296995,12.287381450728533,91.29567141568401
1415.2260054173494,847.2593356792802,15.4190640527593,86.78536287150607
1421.7181553016726,850.7227782861603,19.42131938360015,81.53029531807755
1425.3775048744392,851.9794309191165,23.535144919158625,76.3249162301437
1427.8745759115695,851.9652034390878,28.004700278369683,70.35076479829453
1430.652396591172,856.2444201997698,30.208770661565687,67.48224502662516
1433.6358493561077,857.9140644972325,35.52195451005133,60.57494967777817
1434.1820332950078,861.2134346578898,39.40203784227299,54.47714717594447
1431.6581633113171,860.1047110251807,42.80333825734714,49.21462303251887
1427.5372866364705,860.9044892105882,45.58248088545218,44.34598936067835
1422.1861522836757,860.4675571981019,47.32989462583201,40.45883415576207
1413.7992850417054,859.4513600193193,48.24963378659159,37.12848895033914
1405.2238112645368,858.0106257867154,48.95782659544509,34.23130474754747
1396.3398320240206,856.0677485378462,48.34388047442677,32.382411494431295
1383.8521347142744,853.1133268845552,48.064274025804075,30.558525842883384
1368.9035684599123,851.1366408980284,47.32698232493333,29.223041786426627
1355.7058455463455,847.3791280910478,46.482659170133466,28.554172289303875
1338.5946883940937,842.9997584262013,45.60951449026182,27.835022558022757
1326.1679240211975,839.6649098011274,44.94028856686491,26.954195096561683
1310.4834994028183,836.715428528411,45.18154571683148,26.397205474483464
1289.438988145519,834.2926405148726,43.93762908348092,25.99583135202427
1277.6279386348226,830.8985852404671,43.786267716689984,25.631588614091854
1260.2937271394292,828.6582222778753,43.31682373360011,24.91111262353464
1240.706120707218,824.624739888553,41.763734596069284,24.59280156141994
1224.9450040872007,821.9915503439597,41.023032197675924,24.547967157259254
1209.6306289190547,821.0587152643068,41.59816314920219,23.829544461111748
1194.8253549098995,818.8585977910409,41.58912422293276,23.371316597127073
1176.6727861293582,815.6780077106287,41.60127777522625,23.23980238005253
1163.4327704525115,814.6517681879183,40.74536972157117,23.113802707669205
1154.678964558059,814.4221948765999,40.83464273484126,22.719652454352502
1144.1485465110777,813.7061424589391,41.30651436652345,22.54857437780109
1137.0459693097903,812.3866574752087,40.55604514238937,22.63990282953007
1129.8203695857821,810.6255772228915,40.092983726148006,22.527199003872717
1126.6613858518353,810.6635100372922,39.74686580585798,23.185641856287653
1124.479898445021,810.7757214393718,40.199884164255764,22.8756734601185
1122.520281708843,810.5010052346905,39.94644393437171,23.174464672514873
1125.0602548049847,810.9521834674629,40.074617134483745,23.275511393768397
1122.9966467563438,810.3824193549405,39.965644820052695,23.23160143693598
1123.806397496978,811.1024241554974,40.15641376744176,22.89069051822564
1123.901853278828,810.8241267345768,39.78901454929411,22.865227407186083
1125.3201377836203,810.6644685095167,39.57553008484505,22.974332625001576
1127.243114455864,811.1973006988229,39.73224941262934,22.906016495347806
1126.3846098088372,812.0875555734228,39.86626543771624,22.943179714058623
1128.690893101773,811.482205101271,39.49038984992184,22.871740164969346
1128.6503246316847,812.7827170798153,38.626676822142365,23.52121474112993
1129.2243777209737,811.8242988616375,37.83429751147826,24.175983740313416
1130.766132879106,812.7613685477937,37.86879485512593,24.019364247341976
1132.9144625062893,813.0837082807184,38.54812923402945,23.591384456218385
1132.5000681467225,813.2871392480773,38.22290396180732,23.524007183318034
1131.8913224923003,815.4716922382613,37.81926563865536,23.20422333124592
1132.937044300589,815.3500946536982,37.76595468961976,23.293004651256815
1134.3182867162311,816.338588647304,37.74464670197862,22.817829598920582
1132.8164780828747,816.7803390386505,37.346889867052525,22.808515630058917
1134.2357545427647,818.1589393875366,36.94573538095787,22.537564617574144
1134.1480274356657,818.1079475350427,37.15275940760301,22.384259602431023
1134.2259294414869,817.2812917606602,36.79777221503234,22.647156197964282
1134.1612158715109,817.5223094530293,36.72114177665902,22.565141501998276
1133.523106787906,818.4459563809895,36.91795642423834,22.49577552159665
1135.09325549355,818.5648500555247,37.87932212559032,22.356950762624614
1135.2380175343608,820.8677032184002,37.702649157049876,22.148750673903855
1134.5329823731463,821.6620278583582,38.199434641279154,22.017892722417823
1133.3947312236326,820.9844208656588,37.83356123268034,22.315137614493963
1135.090257335709,821.7529136406683,37.83960015881128,22.032426313551795
1135.1733630983597,822.7606773243008,37.06163099743963,22.184567288877222
1134.8533522158214,823.9299789218629,37.85595063589415,21.744443674632073
1133.559132422945,822.8160486658577,37.46341077905085,21.83344086152341
1135.0261729070933,823.2184862089002,37.11365345539201,22.055948745294742
1134.1611659672103,824.2361839914529,37.68910617316283,22.118520089598025
1133.9267704723486,823.9598850813264,37.46895830676162,22.36529434532136
1135.18022692503,825.1150117191178,38.09456798440688,22.367823595755013
1135.2057611969424,824.7006877929406,37.802049458654196,22.67707067267682
1133.4890663441756,824.9970374785704,37.54422841742254,22.928987952952202
1133.9099913909824,825.6816052897287,37.52679412676448,22.872774689148336
1132.5470061098029,827.6337283520385,37.390263067877406,22.666494424895742
1133.9456063273778,826.755415637438,37.03297876660765,22.602239560250553
1132.6832807665235,826.382479733109,37.229182784816324,22.455161787762382
1131.739824483929,828.0587786002134,37.27219574234667,22.13216133596325
1132.3452805459383,828.6630743093466,36.82651105534741,22.77028512956519
1131.7652038361398,827.8498878641673,36.99613684509212,22.679735498332555
1131.2926101951873,827.9901896389534,37.18390585211763,22.497982482126517
1131.6315542335576,829.9408582506167,37.73634764655496,22.39426913155695
1131.8292974632298,830.773484439221,37.18544790231258,22.876751396377138
1131.6954967916079,831.210102916048,37.2636797756754,22.729063902180478
1131.2677503298185,830.6492079662884,37.25074488620095,22.922342897387686
1130.4312098766818,829.3464086009723,37.70790975491478,23.37911741308453
1131.0361522636633,831.4491152255623,38.175003569056,23.332432286615656
1129.8680556623306,831.3270441848156,38.573689857582885,23.171403212179392
1131.083680167187,832.7941309184597,38.76631408166513,22.980971734027033
1129.8016186133584,831.292402582951,39.46893358824806,22.53694701123028
1130.6467927582219,832.4271163248302,40.29192004965052,22.490351730383225
1130.1936767148661,832.6782028798209,40.546398233926496,22.868916938368333
1129.4123580774308,830.7419949916247,40.48032094733497,22.827940886223743
1127.8069145657557,829.3999561702653,40.095098818844846,22.82980879879408
1127.1275234459927,829.5061094351139,40.11748782125687,22.72655120188781
1128.163749924448,828.434393130439,39.64302633086862,23.09854092107023
1127.6207242858559,827.6417609120172,39.521817118588956,23.163287293415156
1127.362751139512,827.5225492578423,39.54219293045314,23.330219934004482
1127.837193454125,827.4268090459797,39.771614642397985,23.241377955014165
1127.212659136102,826.8211252031299,39.70645319402506,23.27883681102456
1127.0336843249593,826.025295480789,39.91434113444403,23.031015259574346
1127.1690883155838,824.0337794794383,40.33166090931354,23.289057371223528
1126.0468233484053,824.6554328444067,40.089678421109134,23.354122185171093
1124.6200498924006,823.5789768330029,40.44187731447217,23.404721643128887
1125.0528788205693,824.8941067365669,40.58260430768302,23.2179640237299
1126.095069805244,822.9652635671039,41.028551327362614,23.220422177002092
1125.098299577168,822.9215765651228,41.47899094962154,22.74605870318478
1124.740044444661,822.2224612081613,41.608086294305835,22.94051019652676
1122.898612984367,822.0541066726419,40.79284559627199,23.314119940627183
1124.8164265723885,820.889407229282,39.66329170437817,24.45907535353107
1124.274869509824,819.0263674727219,39.80630408676277,24.48286123223663
1123.6424859956894,819.6697134364639,40.03163858939722,24.431677508259195
1122.9337871982727,818.4269226069111,39.74380070296838,24.762059401205548
1123.5060886343888,817.6469980068961,39.55420085388374,24.479635365914596
1120.988091009137,817.6783825033557,40.15474459681922,23.935910504035924
1121.78898221401,817.5133674571061,39.87440300299831,24.14297841973533
