1249.5,891.5,268,184
1234.0562018119729,879.7682285620267,261.83665872346626,180.28043549984784
1218.546646792001,864.3953399550613,253.63632830320512,177.1010875917083
1207.4484264551072,853.2218115102205,244.9972129467191,172.99519495746418
1189.5093037138986,838.4111993336305,237.78944082049378,167.76346826083955
1178.804300481794,832.2219019686106,232.17405093765743,162.0144442012064
1165.5813114772438,818.0944267697357,225.50172755515592,157.43278571223746
1152.4568948944832,810.2073239100595,220.6121482450912,152.02468704926585
1138.4043525564916,800.8117540425866,215.52977106804718,146.95077932937767
1127.6896813463813,790.478292287283,208.73859156138758,142.61343610109304
1115.1377387365071,781.462777478461,203.26643842054062,138.23326996373223
1104.219417469766,772.0927961137872,197.2597810883001,134.8394569820203
1088.404565608996,763.6166429864214,193.39202921291582,130.65885346197157
1076.941132811347,754.6834367773881,187.63933319322405,127.68236655752851
1059.422687110356,747.5654824737434,183.29560173143636,123.46984796450066
1041.9331465092314,739.7814486556167,177.42390626132217,118.38717593095402
1023.6508139284995,733.3917636418976,171.07719065496406,115.22981938826308
1004.0176931626676,725.5277938993693,164.64063143589541,111.8795995410442
983.631079295315,719.3156075046694,159.94821814887203,108.44306191479458
964.8295208538734,711.7257708346622,156.6710554907395,104.26576542143502
948.9204506556669,704.589130561557,152.09318453461353,101.35624185997935
933.7444395547102,697.4160990080435,147.22438154121426,98.51997578914984
918.9547542697858,690.1784331612397,143.60049741135614,96.01248506454459
902.9262217330372,683.6612439025005,141.32567619334947,93.6352720521767
891.2607086588816,677.4527530222219,139.11327201329146,92.25610646623736
880.9363018600638,670.664471394342,136.5031725707659,90.54629658356949
871.3090121373576,664.0933589223488,132.15344674884437,88.76758112838596
867.2262004699419,659.3951977925774,129.09429667669332,87.54355731859289
860.8808577964514,653.686271002916,124.0948079208911,85.86282958382859
851.9319339065206,648.0371866839882,120.77821821601147,82.9224394524582
846.4471189914943,642.5766633157582,117.54103900217976,82.27438390162558
840.8266010788994,638.7172786918205,114.54518498819712,81.11638885201563
836.5436763607414,634.0102528050884,111.83924392005765,80.10744028978658
829.8945700375114,627.1082352435112,110.36284795445717,78.82405590305336
823.9209740498721,623.3030207636345,108.14487688957446,77.1321681971571
816.9654954052585,620.0048762726187,107.46486223208564,74.7549512053728
811.7106041663587,617.9145071862882,105.72880272990452,71.72346537138115
810.5339387623553,614.7605499368599,103.69806218781386,67.36390798455663
804.3152718433404,614.5134744871566,100.82171156234259,64.5644120715242
796.5007350252432,609.6379244470137,100.9494700816546,62.57294222840924
793.6424273920226,603.059335465687,99.06897221561908,61.58463908144329
788.927488048773,600.6115633852378,97.38810070375412,61.12614405014219
782.8580511262084,595.2990866997201,95.40531050164222,61.48321125937335
777.0422247699644,592.2049878497803,95.25319551393477,59.53575260244128
770.2026617687268,589.6620001809082,94.82878109587764,58.12958621655282
767.2461878026602,585.3957152264721,93.60922170379212,58.0532169545874
760.6598685981812,582.5662549141944,92.84084105452257,57.393210767924835
758.4840970034567,579.2144103877969,90.94876289463687,56.708419157420224
753.2258939823294,573.8588034356812,89.94960306469926,56.014584691290224
746.5742430900273,572.578016630333,88.8943118622428,55.57735182539352
746.3660474492228,570.3572399809395,86.5408218953776,54.61634298276203
740.8959330318619,565.4203652234803,84.64896893536067,54.06097720227041
737.0951939055566,562.2379544522612,84.5594576936475,53.889070362597934
733.9772038831488,561.052421620508,84.38550083355594,54.21538724299278
731.4374078368915,559.0953448447502,84.00204875950571,54.58247887434224
730.5145632450881,555.0946579345486,84.2269517530795,54.29411117863228
731.1409509700355,552.2741081259752,83.44559462431712,54.438647361178155
736.7265199583277,548.6157284937887,81.22885194192237,54.407686956209226
739.1692462748308,545.549176611187,79.64787628531087,53.53281800412731
746.5255262245021,542.7272158157706,79.48625785325329,52.60865487816339
748.6872820540124,539.9660021179512,78.75893307052988,51.52425358422687
752.2678898284877,536.9657872108619,77.8156621436189,50.74457208553952
753.7496091505357,534.3767286628598,77.42117653678505,49.95594380495671
754.1763220591297,531.1718981648415,76.89203655462461,50.06417552929513
754.7206460631437,528.7280153464993,76.21192679871181,49.159903202112545
755.4145243883876,525.638146304029,75.61165282711431,49.04299946042357
754.656179970128,526.0885652376827,74.28733967617617,48.77607445446314
752.8563322334043,524.1062506261204,72.51590039162811,48.27052125876453
752.9952758980484,522.2202083280046,70.60422960267648,47.80495164585926
749.4145746012118,517.8830895966287,69.34563974945004,48.15959567904565
747.1054219007241,516.1525974930447,69.43289875989218,47.91511361576674
745.026105020112,511.90817530034235,69.23631172643866,47.327524819408836
742.4185851441869,509.6547701106112,68.84278757829499,47.162151685229766
739.6552500858861,507.4452607024152,68.24285170734774,47.62178653708317
738.2910402215742,506.23785231622264,66.5789670155002,47.663442708806144
734.9395371076699,504.4956637915392,66.11616981084426,46.9683420665226
731.5372588763544,502.0168617339009,65.63736865323607,46.24270052292466
728.6905121909309,500.6450854154112,67.77600500847326,45.957699197196554
726.3758241522692,498.8515373049692,67.22260081998866,46.04005184203072
724.1148164751169,497.3544048882401,64.98412766416149,46.009818928067716
720.6047046110111,495.0420370090418,64.3283164650048,45.08830577365305
719.3292084288877,494.1339499187589,63.75711430067187,46.00125524756902
717.3189117755282,491.53172784062787,62.97612002575632,46.64581104094654
715.3948672967216,489.7455928822442,61.556292780824364,47.90651341277679
714.2862059063017,488.4040660845144,60.56571718329209,46.72551232836575
710.1083527763973,489.6079650588219,59.649384029648715,46.03261236997752
709.2901465252406,488.1551893890182,58.55790222577917,45.06305880541019
706.3152306882434,487.34334575242775,58.15173681420217,44.28453202829799
704.8270282913027,485.93004728564813,57.58815118297399,44.12865678053708
702.3730122612867,483.96175025942694,57.27159484884076,42.97373767608861
700.2391054518696,483.72383607650625,56.88751628246385,41.940678393347476
697.2065033414431,480.91145695011966,56.258120874868304,40.93084077514905
696.9914537575551,481.6780207037597,56.067024428306524,39.86011045581711
695.0396769427248,479.6634639502207,55.25202546855061,39.09730759250331
694.1733993829673,477.9984142579698,55.138885926925,38.37630958396929
690.06515072802,477.582400014788,55.21033700268886,37.19675903362016
689.3561674452721,476.96997285420696,54.96147732001556,37.14000429640214
685.3851915556851,475.7671529261704,54.89736849890886,36.95496999056418
683.3014862091215,474.47438134339865,54.06742659193831,36.60225689237487
683.0441719971482,473.6585228994585,53.58240191491761,36.65603879986273
680.2941310738029,472.5740327106123,54.11568450242254,36.581070717929805
679.3950439439141,471.70601297049336,53.98779522460253,36.923205869821494
678.0258513886849,472.0370378499318,54.38176014043482,35.53762450713146
676.7449710160867,472.0923266779562,54.09411082856357,34.806775406761915
675.7688018134713,469.55850915864784,53.84142403771875,34.17643242566428
675.8040599055133,468.162694773662,52.63031444409655,34.48355649592891
671.8124507116895,468.8966409853474,52.25935917146582,33.81008431486771
670.149489680293,469.71458720613754,52.695170741552595,32.54829395911617
669.4164509916867,469.9669186758523,52.87850609529699,31.851322191451985
670.631658264143,470.13254400713345,51.59584669641106,31.756591104008763
668.6701851441072,467.8907889344865,51.57773048607365,31.159908683384575
664.177939755148,468.4091029953103,51.763284420119945,30.540265060237846
663.0323238641635,466.24604466591256,51.11083186256588,30.900392129342187
660.2759421370355,465.07212468237327,50.97979219716237,31.641991943108092
658.9587687696966,463.5403413973668,50.79542145213442,32.23021313996742
657.6955986759365,463.08386450241625,51.0805967169404,32.45325979628923
656.0394677887766,460.7633497800037,51.32917808087488,32.974708018580195
654.3044345549265,459.5826552775173,51.68163695503891,33.73503436810409
652.621468635832,456.4087858474892,50.67428397648594,33.79989912079944
651.5267213692586,454.39078309356,49.47412697269127,33.9989533728594
649.7894005432021,454.69616594971956,48.57189227058675,34.02857245382184
647.9604581258355,452.9379324723407,47.85668254660384,34.085353844538396
647.2204379827876,452.0760622272844,47.26825783826915,33.7222746859084
644.9582941739337,451.92237498992176,47.76760591892867,32.57439901662889
642.4321347708274,447.7849742017918,46.98923958643901,31.927645073784813
642.134549089396,446.55840053898237,46.38034348065847,31.87475659465514
640.9210673001999,446.084582830469,45.83622055697551,31.450556660691554
639.396754866366,443.72880409223814,45.326162506094775,31.60875653598751
637.6616289171943,442.87952122950657,45.44566348128147,31.51875245344435
635.879290026737,442.411050070937,46.17486748633256,30.725161289939194
633.7539023069635,439.71989401680383,45.17726369538014,31.037259126660175
632.1247300300497,438.0332045960255,44.55490718414421,32.13292681518642
629.8980992905023,436.3439629590048,45.0410248892064,32.60229787418576
628.9997705057746,436.1373541896526,45.00731358220475,32.0590114851824
628.2589895953075,435.67268126388655,44.59739555332334,31.977555067732595
625.0211038566191,436.18929806420084,45.36924380529736,30.45776508611685
625.0863060414335,436.56261870009024,44.57184814223812,29.674678435080814
626.1929645179624,435.0372370627724,43.92561848185161,29.464303747375247
624.5746972608079,432.76109536107083,43.53554104814745,29.37568653890095
624.4735880033013,434.2507096617014,42.718127342892274,29.104490307253407
622.6664972799881,436.07885757610717,43.60113217475741,28.139958356310565
621.5406447033585,434.9161433518494,43.684914831220986,27.94722860742313
620.1367604678239,434.3940171475011,43.29927481306267,27.38524467750432
619.3497133861097,433.6995290204544,42.15984415807091,27.22206138379194
617.3660275734117,433.5005715825369,42.388990800251584,27.089429654039883
616.2898866872507,431.78751502447955,41.929882697161375,27.176183009870265
614.7905498828649,432.1437119037307,42.88420186715146,26.259529393832466
611.1918722021524,432.2540354179387,44.07197184802217,25.35516749877835
610.3608819651749,430.33054342260573,44.086886205644106,24.72740144748262
607.236729460829,429.2269891567258,44.34636780048711,24.413786874765623
607.4660303229213,427.7096998266648,43.75677461740975,24.646443451986606
606.4441781330369,426.7903448213968,43.098634781785414,24.358411814802302
605.1134542863448,424.9223287275927,42.973722449763805,24.79884931018028
604.5503911678712,424.52070024597435,42.68067353870069,25.259119689707163
602.7070020922129,424.1161181021435,43.55460622149623,24.756406965116106
603.0458872021584,423.3543750903505,42.85940280157375,24.834908195039034
600.9476851244938,422.16393478478824,42.63520129741799,25.316704953395586
600.7936279734053,419.9863078084929,42.03371814313987,26.404353601268276
601.1367252234286,418.10273038329814,41.529284833388445,26.125567575650763
600.3144421849295,417.40461286176946,41.10170306416463,26.113673045839693
598.9506731787131,417.76691535730913,40.25096229661389,25.688837873543243
596.8358461400798,417.9954532114,40.63508586393191,25.347405279213056
597.1254180565343,417.8768790550595,41.03661170828043,24.402358524488402
596.4368299908047,415.49052540092197,39.718633649676114,24.655041533141826
597.914637093081,413.853496744659,39.519245984735335,25.446144105143397
597.8598383499811,413.90582960704546,38.296711012248096,26.125186535525664
597.2637420785318,411.8395049865754,38.04372743057404,26.196314246314454
596.8754021213016,411.5662493688982,37.01655216429405,26.838844623044942
595.8435575561581,411.13777445004155,37.43742045946756,26.97561323402782
595.6385839232572,409.6057664058966,37.76677179981913,27.639311414984412
591.4935593016329,409.20648696622317,36.89417951779905,27.805234641312232
591.2974337686521,407.8699064967249,37.23556441204298,27.939811109559834
589.8350072431899,406.77452134239945,36.92202057995652,28.074503699476068
588.4704986019859,405.72576733850144,37.01313226467785,27.65763602062654
589.6229965068679,406.7996567988388,36.54914821753272,27.426924270095007
589.6595298815403,406.28510600084036,36.658810682617855,27.103137639582805
590.834631133358,405.08912116476654,36.48774540890182,27.542900461678503
591.5537841466479,405.88396932971654,36.497895669706224,27.300959444698183
595.4602665409196,403.6932854131458,36.43616827358819,27.150075919807342
601.7495760485367,401.89671929922304,36.77494294274121,27.017287947304965
601.8487959265062,402.5423176905024,36.90896618304674,27.17092837730883
609.103116417116,400.3511556802728,37.22867908366308,27.266413389436728
611.1386862208251,400.0884766206585,37.07667528518958,26.721267796964895
614.4103903767904,400.9699052808828,36.775166463615534,26.632632588218232
614.8073310302821,400.42218082101385,36.82370823803022,25.919894380842848
618.4490314938015,399.8114580942508,36.58987691777235,25.79035871807415
618.933485408543,398.8470420881473,36.04531392595475,25.63777603072664
620.0364020788751,397.82808389515463,35.546935147477846,25.142405129953524
621.900754913052,398.83734028701423,35.543871206571524,24.749259749264795
623.0435502043703,397.69451646185956,35.26481114723512,24.758924304405067
621.7548527699256,398.0668372512184,34.68149043613784,24.73978193842929
623.6199164543898,397.5747665208808,34.898665170252166,24.18597526754307
622.4716219920501,396.3900425624644,34.74183846268347,24.36403386209514
621.6272096229893,396.2738430923633,34.90218875069374,24.40067231378717
620.2929403489406,397.43069880787465,35.6178765993664,24.436735958676877
619.7738039618172,395.4041476604806,35.04304646071037,24.51009381910832
617.191885784332,396.1469265161393,35.84864221128018,24.540418957484206
616.6198644075556,395.51749553396326,35.534936790165574,24.18912486257119
617.9587116196097,394.88889171204937,35.508764048796614,23.930635861615833
615.6992271829666,394.90912769145785,35.76251990938752,24.3859272940553
613.6975167021567,393.4051334924159,34.82290050006631,24.646806040573555
612.5798796116744,393.5262803490066,35.85827536519679,24.24357029445906
608.3744699450693,393.00412753243364,35.70087551353136,24.238682783760268
609.0136646356646,393.9658726806607,35.20607978697361,23.935518291062813
603.8299246799328,392.52593834831924,35.289888319347654,24.000274364956034
604.2579042708943,392.4715645812872,34.88413669867928,23.73684793404272
600.6891556313246,393.02862166273604,35.478781576085076,23.855149208843518
598.259816156636,391.7157831796067,35.55257130427099,24.372711217292665
596.5398280769691,390.6704041010639,35.44595475120249,24.17790876646811
594.9756357993625,389.4681800475225,35.494830286563854,24.850619140663703
591.9834532315178,390.0596209580495,34.91882593067601,24.993771269461725
592.399501701529,390.6022189162742,35.26067298708331,24.338481453047052
592.3046491027128,390.42855664377527,34.69879925767558,24.85916382749643
592.3173091240033,389.7572129891501,35.09009490985583,24.471305496754994
593.9593978838964,391.02259987838414,35.25951088257766,24.110989081415596
593.0908568392362,389.15722647108885,36.02118406019313,24.1146293248087
589.4932113016002,388.703263279873,35.4114652935459,24.09883349969415
587.5973479610933,387.48524719220165,35.2462725428733,24.35287624365556
589.4924483492466,388.0875953012136,35.468692692469986,23.83868409972842
588.1316797260421,388.21081067875025,34.74210553015726,23.884962456822485
588.9732563488836,386.36669426420156,34.4685052162598,24.184282846573502
589.0652831114675,386.6437847243512,35.08348229307045,24.1691533398104
587.6072907477186,385.5042833663842,35.333718185958176,24.52871304446051
586.1598097196942,386.1777296729327,34.60370980591078,24.189924636494997
586.9950729194253,385.8409556534839,33.92624691591275,24.270696138451
587.2961722497315,386.64883019966715,34.22276780447938,24.164688710017316
586.8699680388477,385.1154961255388,34.39293126975376,23.891052006742086
584.8056937820816,385.7597372087589,35.003004727591275,23.27646651064333
583.2623350258187,386.0983796255275,34.869181716587896,23.515699411633694
582.7986620048289,385.21194775030574,34.237275734870856,23.507935672987315
583.1479344094171,385.354178630856,33.35759008564078,23.180917614852774
583.2141104686959,384.7423537303598,33.546885044881975,23.431130583417087
583.5983046885058,384.12341603266555,33.693318587645905,23.090687263710148
583.4578327577891,384.4185474717558,33.18804911070431,22.576924875837392
582.2985296618212,383.92057544032025,32.55694970190142,23.373513872885965
581.3182686944901,383.16139703224906,31.74868496778609,23.24704642259467
580.804575869841,385.1893007761524,31.73297049844743,22.582771832737166
579.9025980527832,384.30604453049193,31.545721632364685,22.414784702666807
580.1418999362243,383.67709382096973,30.527867551246697,22.51188649917544
579.9973830056766,383.76592746885905,29.88118168387215,22.479892105861726
578.3492713908689,382.17719556818975,29.787473473134234,22.53693616652341
578.6982797536424,382.54101335336156,29.431822608526417,22.03340984350669
578.9057142312436,381.996030053991,29.16063407682213,22.192961944395485
579.8743367997766,381.19024765493725,29.322882204907856,22.23590975622829
579.1234969837844,380.1488017457614,28.81357193248863,23.71464978920632
577.9384542238724,381.32244909600587,29.119193360058112,23.337167124277876
577.2191599570807,383.6675845104444,29.571312624842662,22.8614496515716
576.4905584077467,383.17221308073505,29.52745011167145,22.457346548465765
576.2618559615902,383.37552595945147,30.048479557366885,21.63123653333487
574.1152122548821,383.26167695984265,30.815793412357166,21.26337046518878
572.8741947741942,381.79619982636973,31.191248116317098,21.534133196184932
573.9966775930066,381.0731624518644,30.613709303262212,21.35379030832422
573.6633344289259,382.2057236479395,29.882930283179704,21.957636879797096
573.8191321298029,380.81959736755334,30.233838660360057,21.65552906993349
572.5923895415789,379.6962453585971,30.472352771287003,21.103070938416597
572.841605704107,381.4673785909483,30.730222266508882,21.110827552632752
572.7947404906879,380.08186212508025,30.693797830347137,21.241637458093177
572.1322303470569,377.96035803979845,31.218455292215488,22.151200318064042
571.6659514146505,376.5015026664179,30.220905086654817,23.728852142057555
571.7660300972705,377.206672664061,29.560921251993573,23.893351023495622
569.6087825822453,378.20203037420885,30.596484902725415,22.699559896241084
570.7085245284214,378.0642397831483,30.46284173150368,23.283590287098647
570.1498130072046,376.60682197283137,30.82702716884254,24.271481890322164
570.9436816191527,376.0439625417149,31.00664681750476,23.992533971129678
568.6474194876562,374.13088467239805,31.10051576128408,23.59917867765892
569.4294181816944,373.2186203033329,29.643250972644886,24.945680906504208
569.2294967432304,375.21530787441856,30.235414509329466,25.276482552662937
565.4550265393784,376.45536292244753,32.59398197315528,23.4920512271471
565.4536946735336,377.2241144634692,32.283481619694975,22.922099436092708
566.449615821036,375.13385690099403,32.65727066662456,23.062383810005443
565.5943358726702,373.1012329985103,32.71935193615124,25.11646313505358
566.9174424200803,372.8936550849774,33.06687820786237,24.24550116998978
567.6773608891206,370.44932478836563,32.04079732561387,25.06551962377852
568.4018804846252,371.3050668473394,32.49188125395876,24.556916484415297
564.5242096321176,374.3036290738881,33.260329781941365,23.48946904090039
564.8810676940309,373.13395979469084,32.5632503817674,23.883646256674062
566.4792613452476,370.59385353933465,32.09621102359371,24.3548251827917
565.2529895902425,370.0454296167205,31.855013688877296,24.556453105954212
566.3267908390943,369.1482427063932,30.836462638088353,25.363544590850715
567.6357354533669,368.2330588186736,29.860006410107566,26.099009612459916
567.1959361448695,367.33833522873726,28.977110343836703,26.478246659733756
568.3010998822193,367.0987754737383,28.591702688968944,26.691113354008117
567.640569917753,364.8479301840827,28.162151193455372,26.851819588836975
567.479547762036,364.4428185790756,27.88132504056467,27.06348514780822
567.9462172172482,363.5445575741421,27.381861184261183,28.12950502907413
565.508972710221,362.03681060572615,27.360495248364526,27.09221023147012
565.8484450356798,361.9815611506709,27.5661251299558,26.115432921258876
563.7358478319061,362.07217433592797,28.11726944480595,24.383568828729334
565.2297207599657,363.0637120577925,28.24274618771627,23.488622786207333
565.628403194403,362.3518323678179,28.224853312288175,22.5935085222814
563.3929800785711,361.6155857603364,28.274272770880586,21.875311696655963
562.9760705798985,363.9586101383226,28.584686335524566,21.351668908395975
563.4453221735868,363.4963189456441,28.543676570179613,20.971141077612277
565.1678471157396,363.440616423964,28.613422227637088,20.850136166901347
564.8094901582133,361.8494245148152,27.86249121280388,20.862899948120123
565.4011768283651,361.42572615815294,27.998165561938098,21.19554027993295
565.7484639250374,361.44450831720496,27.688282756008473,21.621402253771485
565.8108113621598,362.3560104309617,27.07949254675698,22.241235741406967
565.4974161847458,364.1808226335217,27.361577766954824,21.62450594764559
564.9976843131963,363.45445498117806,26.9270126461469,21.4381397470533
565.5699536733871,363.0687616387921,27.79495489996261,20.648404372003096
565.0138626625729,363.6368150632269,28.137586300081452,20.031595122926106
562.9108088657395,363.23957607831164,27.8528296168624,19.838991207418765
563.852213562324,362.27023574886664,27.44212179286901,19.898115448843512
563.9824304271265,362.39868086786754,27.673876338124458,19.842065058168068
564.7223264514316,362.38471860545894,28.033507826768602,19.720663243621143
564.1845694816939,361.33738403011694,28.80525930052862,19.488558989230118
562.3209458734858,361.0122153007208,29.002039006721375,19.086690885430787
563.4089807054859,362.07448755949974,29.5148731513151,18.938314404333774
562.1502292697311,360.94006203080636,29.145401449689253,18.989068728627355
563.166682193071,360.4988683051736,28.935889782353584,18.663337860381535
563.4074588918713,360.11804196488725,28.659642288902848,18.45780516287952
562.8984255946282,360.64485825534257,29.487478439315424,17.909056169329187
561.8844547669829,359.7541520757581,28.95448245155479,17.623321750391437
562.2219969350971,360.4965505034099,28.632744671751745,17.88148272551704
563.2965573104457,359.85056715207344,28.522627770083936,17.58886233102186
562.05656135336,358.86822071894466,28.081615150487494,18.023039407293826
563.4166712430548,358.5504346193126,27.98442174210021,18.708529248584984
564.1937650388938,358.2113306796186,28.457669929993713,18.675152142716954
563.1631938195203,358.41475789584626,27.762508581509287,18.836157002291863
565.0064285122203,358.5730788422129,27.870506168460388,18.59199195851852
563.8493925871546,358.9775063986214,27.88597209970757,18.34507793294747
563.9537414394878,357.96038148187716,27.6505693330244,18.25430750085671
563.4259329110008,357.91375646341794,27.756999528483313,18.099148728470908
563.650507571637,357.6821240146764,27.529386545540113,18.008495562313485
562.4983267558165,357.35505003497303,27.22258718360513,17.901904016429114
564.050464097903,358.5804735324896,27.130172154812307,17.5890277073549
564.431853708531,357.10221860087665,26.806108987519128,17.780206540688766
564.792723167479,357.66337813904477,26.519778095603034,17.837776547261193
564.0218632214039,357.64900438143735,26.483878673559506,17.51350926550384
564.864528667608,357.6393257948927,26.69674674336273,17.327258204783544
564.6906271605317,357.59507788737926,26.660501027380587,17.174846469952364
564.7550017245845,357.48691761930473,26.428979261073113,17.078348925914568
565.9147540028102,356.5014913518044,26.390164659379447,17.02273628337922
