10.5,583.5,192,120
71.54507194909382,573.8139725089786,192.17369582349204,112.4003867386346
148.9912657577582,561.5004917505531,189.06660178526482,107.79262230333703
208.87431674747208,553.622244495147,183.74733818474334,103.49562522174202
269.7683095950833,544.0832692269479,179.66639899830997,99.14193513314044
328.63461926530545,532.9255591702431,173.6061658272993,96.00510953426969
379.4768292360219,524.7409203498216,167.78704129602255,93.03844586041527
436.122127562366,517.604604633583,161.12232965309997,89.7594167551728
482.85444334404224,512.5917855222219,154.23538058486474,87.10585766649375
518.2603016465498,504.28113766772384,150.11422336705675,82.59926374231111
548.5224097228806,499.3853814805063,147.37844791874065,79.26929422129945
565.2314126908173,497.35890406428035,141.4603962065002,77.37689316156988
584.4781987863671,494.8677023964478,135.27314802052757,76.21206539524528
596.9454295195196,489.56911586025444,129.76555117824586,73.83373073142596
610.8524183143506,489.820306456869,124.23728678438462,71.48957972370557
615.8291563619999,484.97480220324013,118.26184518539338,70.14700268256242
624.3047839242597,481.0906176667345,112.13714817397192,70.12079368016471
623.7568032187683,478.5067357060248,108.84930335631724,68.85959966243617
622.9422185927502,480.080945071835,107.33340515496897,66.27615738459686
622.2000448405357,474.6247771384575,106.64198070772241,63.517032146005256
618.5073822565882,475.0320300950607,106.52191904624121,62.7188142543782
617.3085653490103,468.9413815374435,105.28461772078735,62.426298312666866
614.0456977760533,469.07056814770823,104.7963658023398,61.27383741990373
611.6196408540604,466.5067739875276,104.630661672235,60.145346543335165
607.5846251382075,462.577355006562,103.29085347381408,60.2925574987355
605.360170489998,462.665264055541,102.54837702423055,59.2894806946847
600.335383318126,461.45016905291544,102.40973897326026,58.35646192918389
598.8856405261059,460.5685845934458,101.21222014369579,58.21921197052157
596.7305824678728,457.99447237166237,100.25172306665003,56.858838086451634
593.0714974710434,454.8069358703104,99.11835592804563,56.21205573484656
590.1169011170276,453.6990804434052,97.87587055075007,55.700030592410556
585.928511283036,450.8477367863149,96.6827697331987,54.36838181650325
587.0666189022976,450.7760804425657,94.64016995268702,53.73277367470551
582.4190562433658,450.84945375121805,93.36685197221064,53.577411470494205
580.2693241800098,449.237823509902,91.95307166075142,53.98836578743113
578.7981152035741,446.6144121230852,90.94975749692378,54.70555265484525
576.2073571224461,445.7314173763144,89.85994473309333,55.101786284243445
573.4669738075963,447.5860824276829,89.8705012874143,54.515797026614436
568.9892423291612,449.1142583044471,90.64520958272439,54.08869508425859
565.745123862824,446.52383952620266,89.8867056973751,55.01088567572058
563.4436888499608,448.18811429703834,89.60623774855328,54.4192228737801
563.5287695972168,448.68305995438743,88.06357166209953,53.84794535054772
560.8641230338452,449.4999612890328,87.44815787203349,53.528181673185045
558.9073998456049,448.9992571094017,86.46780494355191,54.01059498583163
555.1625569762042,450.50076016035064,85.25727057432114,53.78276683956121
554.6932455077036,450.9208737173539,84.64240549519386,53.704780969870704
552.7160438438265,451.8560209778488,83.86994877656136,52.959010088559914
549.7462032019042,452.10274488845573,85.68693127653137,52.30785552982777
546.6165150354775,451.1616825165225,85.292777011698,52.33006716296122
544.8562494834107,453.21497507388625,84.42882001005765,52.80716649266112
542.6825478900296,451.4733206210143,82.61406184656973,53.5960123838024
541.9278825745462,450.1768415175519,81.26037515690359,54.61505355943904
540.6229777710747,452.1940451038758,81.03068338292603,55.222057214428006
539.4369630057853,450.6557247009631,80.26329288100375,55.77926595238223
537.5392944933379,449.65821431470846,80.22715941639639,55.492249466743345
534.7857300515401,449.85562229104914,80.03418597073797,55.58853921956165
535.3531534872178,448.19570395233904,78.67053445146004,55.913483299783394
532.924146899245,446.9238638732309,78.19107280440767,55.5304819394449
528.4724413285263,445.8823035942167,77.79659805106957,55.092132904425256
529.3206969841225,446.19494531016016,75.98027764133556,56.0988189244426
527.001185780766,445.3677478029603,76.65549675672757,56.17929547704272
527.503235345567,444.79347989025837,75.61380307031736,56.268291626734005
526.4031383510717,445.1964252973814,74.80290940328669,55.03134753165766
525.3628416939571,443.0824399002485,73.5237433867664,55.76806709568352
524.0619993035966,444.0319281695028,73.08032414069288,54.63228672750495
523.110423947299,443.3954837489846,72.51845205093538,54.785575987776596
521.0829831379797,440.66458204792195,72.29465000715945,54.61633881678179
520.3080303271008,441.2092223723057,71.41845990481129,54.64705555017829
516.4935867141062,440.96994600266805,70.18033606054915,54.38542183658798
515.4158153415874,440.2627575834928,70.48698087162664,54.46264428651071
513.1045033778411,438.45327023703754,71.77941366371284,53.93392439171376
509.38113696142483,438.88694672878813,73.34407023311755,52.25548654168878
506.41009324192913,437.7849152669218,73.39358717650346,52.369247951749564
506.9423926608755,436.32360918532225,72.14516718198979,53.39671112241026
504.6553043891082,435.5288624290484,71.74479776986647,53.069558273606916
502.1269719062881,434.47223506402514,71.81038626608525,52.37194235622302
499.3294066708137,433.4832397359178,72.16368877225133,51.680051430177585
500.7533365457504,432.88744355547436,71.15557466313263,51.63635469423221
496.22064097622024,431.1973343064003,73.03600162220033,50.61542344262444
494.13110290309027,432.4034801027505,74.41343034376237,49.29319136873815
488.4314033548335,431.60171749166676,76.04222339932127,49.13356434919879
488.5637543790864,430.879507581876,76.12419284267688,47.63695199753087
487.6373838500786,429.9602434134607,76.43047553715935,47.196277873118795
492.6638555681987,427.1825282234513,77.55957040810918,46.900529607049975
497.45735948320703,426.56844394675807,78.12060430325124,46.85336618640687
506.43227076278447,426.2853510070099,80.00305713472125,45.785024382645105
527.7220424507628,423.8230518129588,77.96532284079572,45.90620222707672
552.4808760303642,422.62137311134893,75.69461918256962,45.454865502259985
573.5570002113384,419.91455956741146,75.62896063385381,45.06134604091002
598.228404450185,418.6805337137697,75.81462505655094,44.612521432122975
631.015302768239,415.338579553323,72.93307771853858,45.92422640294936
662.592136251444,414.6343288785293,74.05365696794918,44.910609804004544
703.352021536877,411.77997425449416,72.58963438292288,44.836249441479104
736.7590112596447,411.04002059217544,72.18764987146966,43.84864940375087
777.1881317286891,412.87514155065287,70.83635931179872,43.423961695551526
811.8303624601282,407.5084506354548,70.81968959696744,42.809900898994606
847.8096353202822,404.48044243159234,72.19742469941352,42.5847469385248
884.6509866426455,407.79310469289067,70.56999701806564,41.72332317276411
908.2088180294412,405.58670652242006,67.72245787118317,42.51839104194934
936.9287748222409,402.6988488165369,66.29823795013453,42.74728438264026
958.8120597566138,403.81054495067315,64.94536437045129,42.41979784747623
967.3500714609211,400.9443601583824,65.33425909843356,41.64011394237272
978.5739437093032,401.6656775428834,65.48962777610757,41.84588663262983
985.1171272059962,400.46650129118024,65.01777990198428,41.19211272841281
992.1853638500806,400.02818962502386,64.04047390354944,40.918046578036694
996.9908827334136,398.94162051106014,64.61971895853863,40.34720249090057
997.8211608476248,398.20686140798665,64.19186331643532,39.570428821208324
1001.0925064858459,399.7077750280589,64.27403900242591,38.71523306032708
1004.786125855326,398.5495620880173,63.86585519129177,38.82250195035911
1005.6750250001232,397.8904541555346,63.154469946626655,37.37585933105627
1003.4328893428507,396.67955197972026,63.31200671832516,36.46655439733041
1002.7432621922633,395.1757152140911,61.93728395918207,36.301022791335896
1004.1167926487883,394.1746044808641,60.6398411472518,36.26082673154472
1004.4593860527923,395.10676599173865,60.81845105021205,35.176095687391964
1003.3307492790977,393.0121236167344,60.46886181416892,34.96257653954273
1001.3458171194117,389.7214178273999,61.28164214535143,35.60307730201923
999.8647777250136,388.0238776449871,62.593991324658276,35.32014601103719
997.2116233414912,387.29166371429875,63.05984074493166,34.85584553035769
993.8198320832274,385.97099305748884,64.40790642720032,34.59145659647993
991.4510365683877,385.6715446932489,64.96690668234358,34.89410447175317
989.5086014198147,384.3373537922794,65.84852757267498,34.83804593746487
990.6070627317092,383.5313060391244,65.2881270035582,35.20359136061444
987.5338492327405,381.5495321179844,65.9060133902286,36.04010501557747
988.1019890242994,382.5183948556175,65.23415534760946,36.524178246365956
989.1125232465373,381.53292983025324,65.00063246492417,35.73673932813085
983.4562579088022,380.78523334156245,65.31189952192528,36.53737299622065
986.4213935636451,376.7478333097614,64.4913632242937,37.56009004438082
986.5386344683848,375.61089965305194,63.06434506074939,38.903386516964105
985.2294555185762,374.9294601379453,62.92016381203608,39.084508216282934
982.4519883539542,375.61532663041874,61.99482823237494,38.75810587498994
981.177518466518,375.31908701413596,62.868590909926795,37.37999475454339
979.3922399936279,374.96887408182585,63.50809827036449,36.70195019832622
978.184413566415,375.7273473237497,63.54735947554424,36.88509543410592
981.245384857106,376.6018452512848,62.91110891839304,36.61605334490492
978.4962811402887,375.0302222739674,63.82345562281005,35.81335975867656
974.2222627371306,372.35662336986803,65.7693324521671,35.91361027836215
972.7778961128276,371.2346982870813,65.52294173264865,37.11567818399459
970.8444748239657,371.7811630550139,66.33259293845487,36.7171776284798
970.6268339228819,370.33585658270357,66.02735819723391,37.2373124198717
968.6797047056539,370.28283848632464,65.7471290409003,38.617411365353234
968.7485575445571,370.03732863636594,65.07748749244642,38.62484466452343
970.3701582487026,368.99487434343257,63.97302018640452,39.087908243447416
971.9778656450475,368.74512728463606,63.693003495521346,38.571315186624766
970.1858219254804,370.6686876166005,64.77347293271777,37.39034151633298
968.355963207291,367.83181808532805,63.548821472612175,37.80960021693944
968.4585088537873,368.76652211179857,63.57101163084475,37.47081858020473
964.1013551444585,367.66762123046783,64.50132151379705,36.09433531250123
969.56462027019,368.1531244931637,62.52135212201424,36.58574841620641
965.0207336210367,366.8676274649948,62.15437345193679,35.9474133442788
973.1302167216495,367.871203752471,60.834564774820024,35.57160008092626
965.4143055634362,365.9957267522137,60.551556692687285,35.15520521974648
962.3027768547845,364.7876327646106,61.65773273944619,34.6296932132633
961.3834539898347,364.6131492392941,61.93211107241888,34.018683590770024
962.787107423313,363.5582542245525,62.349411434695,32.93620048029964
959.0786697742498,362.0613885271111,61.292595746188184,33.295357223464315
959.4760814130625,361.23071338963143,61.20624019050176,33.36457135378552
957.615853760107,359.85938763150307,60.85638919529586,33.87323816125622
956.7526778962255,360.7949967586146,61.720195194375535,33.20628144839969
955.2601657087822,358.3151894484487,62.04738384729234,33.23370088211659
955.5341168881203,358.62184800948705,61.62961772516475,33.23979117542989
954.7884427227874,357.32741277465885,61.62062392516935,32.98656126323514
954.3282602157926,357.0792505774807,60.39755441462286,33.018154381556116
952.7639998406305,355.118221099892,59.68722228256172,33.259618654040025
953.3542656052724,357.54168897196644,58.95695276337555,32.979908366128996
952.6447311840981,353.6876678963895,58.2671620666922,33.364561463938145
951.7684933292395,355.5578078150782,57.378174496685304,33.199735146381855
951.9972187036063,355.15245864775824,56.85013090495551,32.736134813114106
952.2434845655305,353.52878016942003,55.92873815911155,32.82335316276532
954.7875775950699,353.9504303361649,54.1448521698416,33.41186189700164
956.2420217306989,352.7607344407058,53.044277745171975,33.38720548349799
951.5903545220085,351.73821161419835,54.22745587440574,32.229857843132095
951.3107831099128,353.41545779932915,54.297474132280584,31.6751000653082
950.8264307222717,351.4845155585935,53.82560128133438,31.891746624111114
951.0362411157552,351.3315134038904,52.910435494529665,32.03975795959354
948.9588575065512,349.290136104739,53.04700613014323,32.17152402678368
948.2134708700527,349.59538079716344,53.3442387108109,31.895799420548833
948.3849148463353,349.1063908353187,53.10220774786792,31.656232046760678
948.4157671500435,347.3153516210188,52.172314818861054,32.09861316205168
945.1795396766315,347.67109983700374,51.515501119444636,31.915850460398005
945.786511929589,346.9564049270732,50.41980467387549,31.939826414215972
947.0077428487133,348.58439325967356,49.905721656046055,31.742133793281
946.9598264559818,348.290803610505,49.866818112192036,31.376562110764155
947.7847713325551,347.40066220525034,49.94518637277061,30.893708057564968
943.7904217084682,347.077648373735,48.631868409030446,31.15465255185063
945.9767921851794,345.23782363058285,48.138669329539994,31.10067448040037
946.1819099852544,346.0158533703424,48.27825880167849,30.819686025775955
944.1820142426137,344.27319432793496,49.57562957544237,30.388565054194395
943.4492060211602,346.0833178614262,51.635087928711755,29.606990625151298
942.6917030309658,346.2329868771085,51.65646218855761,29.405511410172053
943.3359424148892,346.313236457319,52.900857289652976,29.559334602160316
943.4120980510282,346.60150023422267,53.48526222821721,29.91009385207539
947.8199596272956,345.77845753530266,52.22801123220721,31.250906909140916
944.3862811017895,346.9924314859009,53.146472828812705,30.729983868326464
945.1109802819864,347.33492476176747,55.14592462329554,29.915027138585337
945.2610825793971,347.59268718456815,56.77445659597133,29.373188084699883
942.3062915465879,347.53542294951154,57.36713936196821,29.338594897799208
942.7482122087498,349.41624157600427,58.130898807640854,28.959095658653453
943.6104559547535,349.87683661063625,58.76045193834466,28.35152648453683
938.6667773416303,348.7526836944714,58.54992403275509,28.44482113980356
937.7737296395759,348.221769808524,57.42420403197208,28.903065277798675
940.1833448114487,347.172939145976,57.31578291903092,28.900662802082984
938.9498146233406,346.49314594796743,56.81281561008181,29.383756518980903
937.6591623718758,345.23099985198127,56.451766387577855,29.673818669449325
935.1109317837692,344.1593428814529,57.30298449128136,29.792339224046763
935.2748533699355,343.5711008820825,57.59125653138922,29.29763105359809
933.7754324088297,343.9241807020539,58.268298460085774,28.27488682655813
933.4105974332815,344.12209504266303,58.35235861513502,28.28073298221384
931.1179051592876,342.327185315826,58.55942771436193,28.418112174047064
930.2181260120667,341.407585378575,58.17228423420654,28.52600036966276
931.406839978641,339.47153180630744,58.278225889909805,28.330467686469536
928.5702450255234,340.1137802404658,58.77626397119384,27.499467810740857
931.2361890144022,340.2340865602888,59.301724435514004,27.117984704266533
928.4761526339336,340.3829989656148,60.42576867777436,26.223433178049806
927.6512803061346,339.3005680261651,59.45316073327464,26.8147218252522
930.9482811324626,337.45178546084384,57.04138764583458,28.722200686516025
930.1710303483786,337.4674195088807,55.966667536222495,29.82923479743532
929.3781705971362,337.43218997635523,56.13979355478256,29.525773541021763
929.3560826028871,335.7671569980786,55.654892967047694,29.24354911518975
928.2213232306585,334.6328657057028,57.429134515336074,27.845838078878202
929.330375433294,335.49572616181797,57.418872460071334,27.14004359544264
927.9290910645453,335.07913305014245,57.693973469907434,27.03430455252782
929.6739390005514,336.06536473859944,57.25216969155362,26.96557454830215
926.9405717520668,333.32187096186425,58.06046073759515,25.9969194015772
926.2444208363008,334.14496749607275,57.74834605568403,25.47561213066085
925.8116614892073,334.7867564329791,57.717493921719566,24.52553443351634
927.5881169562398,335.16913069581466,57.188104410994455,24.504422635178237
927.3156795491556,334.90165204766475,56.856769787315585,24.110023654489087
927.6273025387255,334.6797140571373,56.42950176423231,24.43519422130838
927.7242106663307,334.91175074479264,56.41962484675243,24.20228650840551
929.5743537993444,335.1465049763601,56.87695567285755,23.51700391146909
929.660969298326,335.5292002369204,56.688042098670174,23.661100041769163
929.5190163442841,334.273984261344,57.55503676236161,23.543958264360477
930.1260229572196,335.1139455789668,57.31645140247272,23.083405398211283
927.4597305338783,334.7462491548351,55.97270854377185,22.809776368232246
927.5771016102282,334.3560815251555,55.49000412486552,22.63274694920859
927.1431757665953,333.71300988121266,54.305149570523604,22.764590858699197
927.3980315646571,332.6003230228335,54.58051137394373,21.65842303721902
926.316944177626,332.9729392457094,54.548078174907005,20.798960569632715
926.4817375651237,331.9123800918405,54.85957332911868,20.455357436101707
926.6989190210445,331.95997580144586,54.68292009926466,20.39712321378225
925.7782983518711,332.5154299312715,54.53584370956908,20.054866081946187
926.292394583707,331.62283208465215,53.82199142009518,20.065281859375293
929.1989605508746,329.1589757476546,52.57350048460045,20.807935939620407
928.7736219627185,329.1595332156275,52.015088930100504,21.98909367632776
930.3013821719813,328.5761947969026,51.98155857238116,21.98035809731948
928.8392195862046,328.19010717364426,51.22941990154247,22.288062569900827
928.9369419810425,330.301334899159,52.323746311093146,21.304003286626557
926.638993849938,328.98827278131876,51.97522843450831,21.16454877551135
927.2376590329321,329.3487272528093,52.296202774139815,20.599344509635202
927.9982357890844,329.35725654599094,52.88999586561032,20.380707380681752
926.7750853879377,328.98567169034055,52.188443293422466,21.229924968161775
926.8883606326749,328.32969705372255,52.277935316603404,20.66977043108739
924.3358949568884,328.3267589098533,52.52760009713134,20.561910186197302
926.0253187037351,328.2348592420209,51.237524423506315,21.199164910408175
927.461833141827,328.9415180326561,50.508942397145546,21.58657457732956
928.3180809413113,327.68623572829125,49.877050516934474,21.821237153207143
928.7519814270842,326.9525541789159,50.091358639054945,21.795873091504085
927.0131385600672,328.11768633499867,49.58010437255481,21.86959594860418
927.4340917803279,326.43188584156144,48.82902194002146,22.720442359749292
926.9134761319131,326.7372618146456,48.86063900764873,22.097362759293823
927.202338200241,326.8447157297119,48.49640371801032,22.321315375375853
928.2323843420468,326.13402066012577,47.29331440795514,23.225117852804914
927.0581286265018,325.6242219817657,47.45658342457066,22.890894647162437
928.0728389991185,324.9808539918116,47.09702292313457,22.746882522021426
927.5606835328862,324.87136740277293,46.89215042015922,23.218564462982986
925.9893158430104,325.22681737183666,47.09081712963791,23.041517042460338
928.721537087772,325.0024821082457,47.30579940284046,22.578497394108883
927.4609568451027,325.3651615994739,47.24931029482583,22.684553468834885
925.0408437369917,325.0918790739121,46.198652111633635,23.013133664783442
928.3500247380578,323.1223511534581,44.966166288243066,23.771878541107053
927.7022424331666,324.42657647633564,45.1739795094756,23.63922984008465
928.2412493081699,324.375833892758,45.97221709938151,22.812653164321514
927.7405065554289,323.1761074780805,45.29756575355292,23.241204862046633
927.119261364861,323.51211342526335,45.51529815338822,22.916313789156913
926.9260836368734,323.01194027016146,44.70285435685341,23.156148462626696
927.5435735955646,323.0951654159091,44.58506801914475,22.871123268716175
927.361264452377,322.03604708945085,44.11738582133934,23.708818144021883
926.7530108004297,322.70923884323844,43.56247538822679,23.93412865290327
927.87656801055,321.630208580845,44.149864380232806,23.909728392778007
926.6683468131891,322.544852681004,44.33440965924725,23.621675639389977
927.6248380645964,321.4987225294218,44.37345912645685,23.943499298000255
927.9297947691399,320.83834090720444,43.99352922595686,24.24669931859617
927.7057785614332,320.1116134676095,42.90309673753866,24.93077404556054
928.0779220882033,320.51172495027583,43.257043979843594,24.437578390360862
928.4297394253368,319.69672162052257,43.12986078596515,24.702933489083996
927.4318918859492,320.14356323899403,42.570503584314366,24.587945060624172
928.083217723104,319.119120138614,42.054986259350855,24.525758005845372
927.1910152898926,320.5893246017594,42.84714723977978,24.11383032459534
926.523768341388,319.5387431929752,42.751275812768576,23.74043908027415
927.2108226140776,320.5830181588782,43.30115036446571,22.61542910646836
926.8143110724602,320.6954332840886,42.748964564415026,23.008082054690195
928.0717284783236,320.5114465128605,41.99252649741628,23.448905548830894
927.2589507482065,320.27660148686175,42.0753856008771,23.003195334181108
927.1584743358981,318.8665852138502,41.72963276228973,23.359510181153283
926.2196011522614,319.609824086814,41.901708176766235,23.234270438002845
927.5255367673302,318.0560221309145,41.46414429297271,23.492032993524298
928.0487940633798,319.45220957768316,41.726366025183765,22.856500331737482
930.5027204527573,320.04186976744916,42.118194433104634,22.46430363232026
928.3837398308941,319.4767755000891,42.987229151715205,22.105421751543545
928.3733141036305,317.70897250852397,43.004839867479745,22.202775762475312
925.6315729748505,317.9258567494638,43.275583611093225,22.163395121820326
926.2996697357238,317.16631064301896,42.66907181961701,22.81735100935071
929.0673671824671,318.7483575609127,42.73104325913833,22.169379276300518
930.5242328247666,319.2548258338073,41.99792501546331,22.28647181280976
928.894196217848,319.4120344533198,41.75369238976182,22.107450875531054
933.7299033800884,319.3307873699585,41.61510353525172,22.14056031596769
940.1697861959118,317.4391314615345,42.020050695047914,21.887804170169307
948.1423979985607,318.3110071295891,41.7545393852825,22.065967888381344
960.6831701703007,318.78315080077374,41.83033604522025,21.739422071185256
972.0643731481872,318.58219046882647,41.82983766696198,22.116028554899366
993.8842790854859,316.7010044163905,42.233818516973955,22.05124220869095
1009.6960909101883,316.5478219629692,42.37517518373124,22.26531848731299
1030.399002257677,317.3379829598541,42.06658530735755,22.51773072072366
1051.42647466004,317.53471672215346,41.83411593598133,22.19847657425631
1075.8891699941287,315.85153754383657,40.87728453294048,22.465422251217845
1103.9121980976179,316.26290033537543,41.10616118729003,22.132179368964874
1127.0851501808788,316.8219712187393,41.33243490773097,22.4612009456667
1156.8983900871272,317.44463942933805,41.1004253100782,22.828941568956203
1184.2932782983512,318.5985068511054,41.33316323089167,22.579088319125677
1214.0202841216976,318.6845481450761,41.076428653291,22.901955608446436
1244.6295320427193,318.57743708060286,41.889556651579525,23.574277430452852
1274.6635566476928,318.28744697899526,41.79703615867345,23.719425090533385
1305.7378392247683,319.288774411783,42.435694820440546,23.862418942838193
1338.8878894725287,318.5395985583208,44.3549165295095,23.297697014661196
1363.8318277828516,319.51511070614015,44.26850017497668,23.443276827832918
1393.9667218581478,319.69437862543174,43.34118791549791,24.251372926276755
1412.5455862089009,318.85394476729283,42.86966984631577,24.126961030013387
1433.9635455875105,321.06724952013144,42.69283159446793,23.891552734358175
1449.9948656839802,318.9817822951638,42.632136897134004,24.09067207504051
1459.274111676259,319.8097673851774,42.32733181748314,23.89760467936079
1465.6451695435244,319.17224149248096,42.24483350696401,23.090377736268604
1477.635291598975,319.60604814089413,42.7104130654961,23.32403177724131
1481.3054075170546,317.79454551412664,42.26381173394522,23.844545175154913
1481.7230550122147,318.57721643308014,42.0483757834084,23.915352147634614
1483.6633114889053,319.08351986049996,42.68149798856638,23.315819935214833
1486.274971407702,318.26630887426796,42.22347461017058,23.500944837175545
1485.6998918568713,319.4784780143693,43.08628690172964,22.725703045925624
1487.0672253865382,318.870135385053,42.93889963899633,22.9409258449939
1485.4514335923623,319.01136173498355,42.58829319057452,23.30663455641825
1485.6540034849909,318.3519682095183,43.34829546464341,23.112945639941444
1486.9678165453663,319.82343170165495,43.04582436365244,23.203388196836364
1486.0366319892469,318.48416262351685,43.09102190225246,23.269378717080496
1486.9565363119,317.0735474808235,42.60133010589209,23.28024880921466
1484.4130478987056,318.1544676916309,43.36478627188044,23.152613824306425
1486.7625665265973,319.4301164887387,43.9731249239947,22.721897856982885
1484.9211985638208,317.79213582246183,44.493699737716206,22.605521867301526
1483.4886128577687,318.5630059091379,44.328555273813485,22.668587521090114
1483.2439458288106,319.0127527680834,43.63510465517768,22.759556762011975
1484.3470052277287,318.75861197008174,44.57862379488735,22.463099061578923
1484.3570218851942,319.1154966438537,44.18285734282542,22.462881592964088
1484.7104344517654,320.2068788092412,44.10385490684562,22.319274175946475
1486.375912519174,319.5283833028807,43.116903164652335,22.78498900792328
1483.5848102644368,319.10263338782886,43.34562256670529,22.920168680975838
1484.3086483691418,319.40122355093285,43.1109688277693,22.736402713860546
1484.388085080806,317.5405690171642,42.906397793615746,23.328303898707386
1484.2000135533876,317.3467612823566,42.47039311190285,23.305214010532556
1485.0863704015667,318.68557168892676,42.52339936812799,23.189970173405477
1484.0743340869788,318.68532521202735,43.58331310467267,22.95614990741863
1483.2131513280674,319.8240060474858,43.36910130239634,23.07399230373198
1484.6376678064328,318.41250872850657,43.27091044008686,22.95042822777751
1482.6782536886892,320.3380772135997,43.87756197116735,22.60447423908222
1483.980640735037,317.47883647526237,42.6769679283678,23.181563961606628
1484.4320890777321,318.41342682491484,42.45532074229858,23.058071581507892
1484.1633983070406,319.71385302457435,42.357520916284344,22.38449591272623
1485.8680186787687,318.03446150361793,41.71636803675028,22.69370243371934
1486.322585774581,318.34269389572296,41.94417384756721,22.741999788829634
1487.548642798722,318.66827878703924,41.54230556115658,22.860160805776705
1487.8561593841266,318.38843512280687,41.403794120770286,23.4488563662985
1487.58592063968,319.3170286252736,43.09323363053751,22.481086294424742
1486.1298489075066,318.0405519136976,42.63867811455306,23.128935318849408
1485.6580280276949,319.44108742199944,42.654425639519005,22.811654223052493
1485.2329330819127,318.8742595322219,43.0327409065926,22.77442503575733
1484.2688330903925,320.09916362093924,42.619740061080705,22.656610199768615
1484.8635922916299,318.18490918705265,42.01197622384516,22.818222962729156
1487.701886742473,317.684672277928,40.74833163902238,23.497515841304104
1484.8522065597883,317.9410261629275,40.89497002715837,23.41042952125241
1484.985680972445,318.2061257917516,41.15458556151013,22.891863138212265
1485.3368632666209,319.40211165606894,40.89966842212685,22.69879735440182
1490.0477161745346,318.06840284776655,40.68268977915112,23.035722474516124
1488.4212611753233,317.95579932605915,41.507349464768765,22.925210439151634
1487.6730785517314,319.0959444746138,40.827834518241914,22.701587469923208
1487.7288559381896,319.5052881056671,40.330891251787605,23.001556962310346
1488.831214126963,317.753800594342,39.57304472439966,23.02274549547382
1487.4685256957648,318.51114358639234,39.9989118230781,23.139002690503716
1487.2384879892452,319.6138806981902,40.166948050354975,22.653228564945692
1487.887728426539,318.7276047074092,39.61769344787365,22.685878646216224
1489.2116352007904,317.92979049488457,39.157041583406965,23.114661630401002
1489.5169709290785,317.7769805125333,38.45364785991865,23.346538750939125
1489.6548450593184,318.9436444203503,39.25744116342626,22.549596829126756
1489.9916365908093,318.406403404014,39.03092837122118,23.009139231767943
1490.1602034793445,318.5700709231044,39.0885156253396,22.78792539092987
1492.1160337002677,318.4495091147792,39.30711755837121,23.05977179704678
1490.8755342385718,319.1817097676034,38.79528978155262,23.369294842136767
1492.617950130248,317.9498188539797,38.85279517738458,23.85355348746898
1492.3866951654325,316.3417328515257,38.698983304876,24.237295606512653
1489.8639349432785,318.41809946696117,38.35722709970864,24.263720586396214
1491.0919616072722,317.27399189173036,38.80978602300319,24.266274754725835
1491.7017402632187,319.7652747825018,39.26506057832812,24.306415481819343
1491.0213342384893,319.2106215165113,39.35777713447048,24.407958508818396
1491.2380116688812,319.91339976209446,39.1583146697791,24.96623129659809
1491.9838622408251,318.4775483515234,39.68048161938191,25.539819817965963
1492.6951217233018,321.3273949778437,39.42136258919724,25.756876996386108
1493.1883705857297,320.1366650380018,39.26151864289431,26.137888887559864
1494.5134996069212,322.5844040699361,38.85187716049342,26.28706805406839
1497.430182064515,322.0536237559867,39.08480691541094,25.75859121687173
1496.4805725306037,323.5280630936156,38.79644110621946,25.644366395984072
1497.4951500341285,325.57518299141816,38.09120038864427,25.455145168417875
1496.5090449611307,322.2524535798304,38.36557973839808,26.114304953660103
1499.2302581257343,323.28247967246546,38.3864040462456,26.41003718458864
1498.905239116487,323.8489943203992,37.78123583743716,26.57227392094008
1498.5041163922774,322.6158676007727,37.34959254054864,27.26277994178948
1498.9880434856839,323.43124851895254,37.60153691864655,27.18035067741314
1500.218151076191,322.6786466738973,37.38456042514789,26.975355726700265
1500.3373197157155,324.2204177897375,37.654284018653414,26.886072137216516
1499.3687789529622,323.67292971301083,38.20756646807976,26.58774525398006
1498.4191021443207,323.9405569991256,38.09029038947038,27.214404434306413
1500.4867724355092,323.82593696895503,38.45905585186258,26.865289063090803
1499.2608402943629,323.5652146611154,38.00175952014159,26.976440993738095
1498.1635167554364,322.9018450076611,37.62720512857305,27.05893524830916
1499.2296729409436,323.81056242436773,37.30520121397965,27.438026942300617
1498.779402925074,323.29740183519175,37.494485754939205,27.252919239961066
1497.8814670497711,324.6481244605158,37.774459754690405,27.303246154611408
1499.265144103249,324.089477282356,37.662779628447474,27.344627439298744
1498.129002259673,324.2016101852768,38.122613502710685,27.159101500965484
1496.5256499201726,323.43524894146697,38.63425721331213,26.80521395745717
1495.9889573362475,324.83774985011496,38.629040424794795,26.64410180576483
1496.3412884105105,323.80044569082946,39.42213904897377,26.47093647702754
1494.9278012442985,323.1151113059213,39.20363909054984,26.55216306525663
1491.6445447137007,321.84451934473606,39.15347391383075,26.84440246667679
1489.8815113842666,320.28009854838666,39.91868108325779,26.90133677749998
1489.1851033960324,319.8722525739929,39.99481245603533,27.60147097373781
1488.3491718789705,319.5907897890305,40.813446384686145,27.729011167447695
1486.797985547288,318.2073825716796,40.34329998410213,28.16621239337873
1484.7455473714313,317.544334630363,38.82337279272459,28.932472901656652
1486.0504774791002,318.6961158281981,38.542277969690105,28.70794650337717
1482.5792252913382,318.46818196869623,37.73133099786294,29.094500889942474
1483.2062072353754,316.77599603967354,37.38817364646309,29.53703877505686
1483.9591571323942,315.99718122302016,37.815670668679196,28.78152443978144
1483.0741655927166,316.309540134077,37.83889910173299,28.349355518510514
1481.5062651728697,317.39970134331764,38.32107802942426,28.115412642379912
1481.4728341187288,317.32535982364584,38.36896297434654,27.481247860011027
1482.2045011578398,315.5487363178425,38.768884992964374,27.213156218053346
1480.5322712368256,317.05934571063506,38.66913978929292,26.74075625914366
1482.3220463375046,313.29070163072083,38.26008295226903,27.315369324367584
1481.1584171541942,314.1765477574379,37.974515209957204,27.503779509860088
1482.3352944597311,313.67658262354206,38.671726384863646,27.040825470744203
1481.4439970984504,313.762042162387,38.54263063386853,27.020352554682066
1481.129966786267,313.1503010145149,39.23364937953518,26.54336046897935
1481.3479474804228,311.5562157439936,38.65889963384642,27.132432089199845
1481.4475005485444,312.81630333113395,38.842228253167065,26.950978428667327
1482.0076353399465,312.518115886128,38.27884361480159,27.306896707761165
1479.5411384954161,311.99494531934795,37.828855526671525,27.287770126057918
1481.4218143159037,312.33881008062673,37.25987716145299,27.036874223571743
1483.2438475706533,311.7915772890908,36.804185171301796,27.196776825514895
1482.5286261439358,313.5119593135796,36.91758424345663,26.798649171037994
1484.0088845967005,313.5197196867287,36.80517443746037,26.877871497726417
1485.3303396870222,312.5656280290448,36.51941767249695,27.085281812377154
1485.0834159217247,311.63311877781894,36.60702369675366,27.161589720651637
1483.6378404918055,311.1902676643649,37.50277961144743,26.735534740642777
1484.1219207902734,310.64809659016385,37.33314267898582,26.464557150656958
1485.2544120925252,310.416126104527,37.09988285852471,26.187054309083464
1484.6020900205388,311.4719436923066,36.90736716382112,26.268733208994263
1484.8282612428147,311.2802453650751,36.26334731283913,26.177707557634854
1486.2750838246925,311.86637271036597,35.94014005725599,25.99017101099308
1489.2185762977751,312.9230212147339,36.376368211524316,25.001676710882982
1487.2385203698,312.0027861421308,37.31173364947508,24.885393006106064
1490.6550799650681,313.3016525098178,36.98598779191613,24.055596500437797
1490.9283771861808,312.39311003353004,37.21217144350579,24.349958493494917
1489.9182119455431,312.1296188375188,37.2143182165903,24.689186284277135
1489.5632817085718,311.4171381380333,37.52061373076801,25.241365393266364
1491.7446074787804,311.5097832167304,37.60516344233491,25.50306572583191
1491.5328634771195,311.31058465283354,37.811312481313365,25.371874511912644
1491.9598938472632,313.1053856878229,37.7797847524624,25.081461055825557
1494.375662409511,311.4137167708978,37.39156170343669,25.355900488415347
1495.936291163214,311.39363732114555,37.49576234117248,25.344731414315625
1495.5423674601145,310.9274347884209,38.28115073446816,25.21144345894441
1498.0302209186386,311.70418975189665,37.947245174689186,25.191949306719764
1498.1911456683947,310.75271169573506,37.4223946826407,25.996129436186152
1501.7575996238388,313.01526638593094,36.75145185582801,26.040982557320298
1503.1272328696562,312.94407831224703,36.51557663006281,25.74464235270213
1507.8356127139814,313.88771751246946,37.07802398029165,25.50944711075031
1507.720525521304,314.0614480681628,36.82299942083952,25.609436726588005
1508.434799972371,316.1181851924759,36.8192876311324,25.4720386040605
1513.8587714503244,315.1664597783826,37.068457330865066,25.71555586519988
1514.1968306796543,315.5844940949618,37.55113303686258,25.238725647997946
1514.4433662113443,316.4853566390618,37.13280975195799,24.8897306194217
1515.3830275437938,316.28533976598794,36.776697731780985,24.84231635035649
1515.3927422960178,317.1467641978052,36.645437203043954,24.812808861119155
1518.3455140506667,318.01021860534064,36.27601124745693,24.436005093274257
1518.2147884240953,318.8464711087731,35.88187339690099,24.166784636122514
1517.998190593796,317.2347709253239,35.3269517798778,23.904343728759443
1516.3799167175257,317.0804277507093,35.357733569817384,23.861545004422155
1516.3794617866017,316.9064460018875,34.53380878687069,24.580407136261154
1514.6829077250222,313.73085254758064,35.261545015193235,24.275777013014455
1513.8072792594905,313.8200299646062,35.89179378852654,23.935988482216572
1514.1324045016904,313.4632241166511,35.630635272663085,23.860963136081136
1515.9544931406945,313.1852251575893,35.85109250851006,23.447704057096306
1513.24640003787,312.60181297641117,36.312878174760826,23.415266038852593
1512.3105100916048,312.98664522420813,36.07268072850044,22.98992133386031
1511.709606920022,313.2744582775968,35.99773972574147,22.81770137027153
1511.7428163835973,313.40014810228035,36.136259955361794,22.86726825458441
1511.0714937647153,314.99753535573274,36.9478163640853,21.82081203839003
1511.3578552461126,315.08952404051223,37.629217685081244,20.97939680786529
1511.241681117406,314.8634121081503,37.12226825448729,21.116599574929094
1510.784990889433,315.3525083827987,36.47578800410398,21.45978418379726
1509.3889316288155,315.4897778783933,36.591962912286185,21.45634359773087
1510.7608145651309,314.8457876771083,37.00966506867779,21.479255588473695
1510.468940833292,315.1029654745969,36.753976120498066,21.191337293940304
1509.9370430212962,315.45854262621674,36.68265433287618,21.398181841046174
1510.0867969054302,315.7259533400598,37.51724306786602,21.28847507481518
1510.2831701350708,314.8805726565612,37.573055237143976,21.93877215977656
1511.1452718524201,315.49075344945123,37.254719855881426,21.943327508963513
1509.8699182471692,315.9903734268545,37.14538883358018,21.724485982597095
1509.6710835188355,317.25986771805196,36.57493294692433,21.60466134253919
1513.780431146515,316.19028853544717,36.12674025885711,22.133303874847833
1514.6652685764525,316.3725037514385,35.94294245987187,21.93682310447759
1514.8221237903747,314.51997962958694,36.59982041808644,21.4799393566036
1514.1650215410573,314.34423695793583,36.79905470950699,21.389077948215935
1513.0891058491197,313.6114496042135,35.08168800950445,22.461440426647165
1513.974103175152,315.39721995923964,34.987807201357604,22.131582007625724
1514.1055260181217,315.43912062916695,34.95610951995023,22.33573768042443
1513.1941845413462,315.28895168543465,35.78616455478098,22.28269274203764
1513.3860894636196,314.76199495267787,34.96601595772621,22.77637648886604
1516.3720539931583,314.8069999563021,34.83059851058714,22.94194967849602
1516.122249691035,314.6595048994665,34.82893765510927,23.022296134959625
1515.682318878982,315.1753274589393,34.95678923177941,22.818370346801764
1515.5116497504364,315.5920983124316,34.29354377247812,22.846749354195598
1518.1366079075813,315.4791597926546,34.449549871060725,22.68884287448147
1518.1349766151166,314.389863829458,33.83152987847532,22.77672034622382
