993.5,708.5,34,104
981.6180873239684,744.2362602712775,35.629250461926475,99.44553976017934
994.2166628590201,746.9836096730032,36.087189723854344,98.57011604980644
986.082416325282,748.3326818759763,36.78413528309072,95.3365014561964
994.3593547755376,737.4553123941553,36.610677160045505,93.51902629325156
993.2523132967148,735.0276206670084,37.313077011268604,89.17718226951793
993.4466193813278,746.459162100675,37.5658250653359,85.98322400545622
990.1396027370316,743.693175556572,38.50538173039308,82.30470495956787
998.4960207425439,752.9036293222849,37.620049877388404,81.13384320450922
995.1226918740904,751.7805633796265,37.043855956428125,79.15325094202952
992.8355416418472,755.4767011984683,38.12640832635586,75.68854350159636
1006.7415857957877,734.164676644319,38.4441379811212,73.16257963992425
1009.4985186920759,755.3745212103629,38.040202703834304,72.8857585498285
1010.9715795656518,777.8316058493506,37.73404339145094,72.97145575744895
1000.1228309589436,778.1852601694026,38.28704750184004,71.42586399575913
1014.6681626836582,792.2223049112906,39.00014648832385,70.16917449062059
1007.3767628706238,784.1121807439971,40.57713060841139,66.97538702808866
985.6739346697672,778.4145605849825,41.67017256920678,64.38534254081999
998.5698265248777,769.0546590282054,42.413735843848784,62.32716866462803
1003.2087012489222,759.001078400077,42.84752757160201,61.56430810081667
1006.6921934539187,728.354751303298,44.096201349475486,59.73641786078056
1009.9260879271934,731.669276216386,41.653908408937845,60.72784857201917
1014.5597916589078,728.3980517269683,39.939270606458805,60.37560608356933
1014.2082307131839,724.250429767242,39.14434419239535,58.248462879914044
1006.7525395973757,727.8284510214417,38.93730010107449,57.10496166561278
1021.9587720379602,743.6809865727537,38.495616546199535,57.58346905419961
1020.9951895653501,766.26775361683,38.33457067026811,57.56606289573468
1015.0328879664975,765.9487382249026,38.283013818534805,57.54813091437234
999.8871107851211,779.8751361124255,38.391085057508135,57.13317274003467
1009.2663770184494,798.0347131131622,39.19574495840528,55.748081696325116
1014.8604047129751,800.5111380674776,38.43725499904149,56.70383879376705
1025.9133235941706,793.6571689059506,38.83533302339348,56.32520256237774
1013.1353920409103,794.6643020309125,38.86053931533882,56.29857740856906
1026.3499040115616,769.4025775726299,38.630448021741294,56.50259883489995
1015.9657013707217,775.6753326223135,38.48793411396811,56.82506206316951
1044.6126546046482,779.1004299588127,38.558182461788654,56.71918682910536
1023.904353163336,771.687011559637,38.58724261980394,56.68104292982508
1028.4850396249665,769.9388607539698,38.63821195881093,56.53880880316805
1032.0651167694427,752.3051184407925,37.71861629412608,56.58923715510846
1043.115200798489,739.2936823998559,36.7437686706038,57.87809472587333
1027.1249697523715,725.74901451664,36.04001903188199,58.0575584372513
1033.1453040421313,717.2985366913051,35.01127901071172,58.7457207377016
1040.7606858170525,736.6536353855254,34.20332887639689,58.7687157931086
1052.6739770454285,745.2930018786317,33.74644399044543,58.96459408924474
1037.0828833097353,751.1238565452735,33.7017103802891,57.589200673929824
1046.7999160331406,747.7545661207677,33.65435223938679,56.969641054343974
1036.8478507387144,756.780430618507,33.763015451529874,56.70251327041322
1047.357178037495,742.1385774190575,34.478337218104514,55.27615764233464
1051.194781495189,721.152879789706,35.47204700498717,53.732042341955626
1035.4591731433034,718.8432322642626,35.79249542872922,53.121139963185435
1042.6447383538555,733.0794711251798,34.94802688048877,53.87473836744977
1036.7920792656664,746.1899415950855,35.23348135600001,53.04777745388337
1054.2775959389405,743.0542787943127,35.46562641521347,52.20116262955606
1045.8573733476583,757.6921433921558,35.56282933398396,51.929385460237235
1049.7326093784015,738.935721400796,35.799816455236915,51.67336957967556
1057.0814644511422,712.0467629763986,35.997719980104726,51.284980886478216
1046.207771515965,707.9530202058979,35.09822093224597,51.209361035023406
1052.0487543427323,735.8056414464139,34.859422965173906,51.61010991751692
1045.5860710571199,745.1956982250847,34.78907153407933,51.5065405496285
1066.659910039172,753.5283914998226,34.95044508364696,51.12122144400026
1044.4060406221743,744.8174028658259,35.84435716593377,49.99942315352207
1044.2963789281794,748.5859840077002,34.68896999407826,51.27427544954648
1060.9361414262737,738.9250811497096,35.712072561366185,49.798679737304816
1060.5464130463124,743.2287882779443,35.335928058242786,49.57124842913862
1055.9901556727143,737.3773169893343,34.83750377956001,49.03080855244025
1060.059390276974,733.9505460321403,34.83868586956329,48.889635253052525
1043.6200643605214,701.7314231630581,35.50143346662899,47.658081186529444
1052.1501632184697,696.1956282790411,35.6648666558834,45.86856217465621
1056.788577673641,705.6185904399767,34.33316809374688,47.29180861389332
1052.3023894463386,695.0549437197302,33.62481754334666,46.68840442255055
1057.5404052031072,709.9259710696668,32.703815898888784,47.20110474281894
1059.0779072093885,711.199319730572,32.54188852550162,46.22276500786915
1065.8617717170407,692.9390773428798,30.62041023498976,48.61463726494303
1072.130651122099,680.698527544333,30.70996217774208,48.484538436743684
1070.6645986184803,684.1059971379066,30.116597643429703,49.28566856646052
1071.20994719556,687.5928657485858,29.808313673912647,49.37854215824285
1064.2016179642135,701.0877479846445,28.6782321768894,49.61618323422128
1066.6852966511926,686.3804605511326,28.62615466819599,49.76723690678698
1070.2410298469194,694.5394562676211,27.351261877511234,51.67804720110508
1072.017788820503,697.5365824720427,26.72598923635899,53.012628849116126
1066.3404326497287,693.1676011724732,26.499453294521466,52.85392682880938
1073.1312980173961,699.579110239537,26.155436372968378,53.37500583213264
1074.6139077100463,713.2924917485639,26.337805240689445,53.79771295262879
1073.7237843201403,720.9205581571147,27.15331037325771,51.90647214144778
1079.4024327091693,732.5414782805642,27.993628264999455,50.88640504213152
1083.4951274523883,715.4532623631799,29.439298425168086,48.99477504828707
1066.1145498236392,699.0295100428659,29.48557560039087,49.12434984882707
1067.0554534544642,681.1658850258692,29.7790200610768,48.436053465584
1071.1031184319272,715.3089007350164,29.687107121226347,48.50015022111785
1067.6254543047748,736.6839721395997,29.649743858654684,48.572280666345755
1079.638125771737,752.4844550029314,29.46254904179596,48.74108842295871
1083.7434816091445,754.3864735573057,29.35309278385093,48.89384796032831
1077.8539340025043,745.7885474764523,29.28431430938715,48.9665674163466
1079.244094293689,751.0581153857529,29.192376829434973,49.04301692489383
1066.7785581132462,739.6347202529062,29.386777742566494,48.742550339391066
1078.6762035725026,708.0855908639796,30.362215888995415,47.07152963726367
1080.6416974390143,694.8252242326906,28.670197243572485,49.27063432928514
1084.7537540641142,680.0966159534739,27.943064660487003,50.15866944545763
1081.4654577191786,672.1301527419058,27.235932565507095,50.34633849096937
1079.1917495986263,676.7828400290936,26.773893125764467,49.730964450651626
1087.298410664374,675.4539317414193,27.226578989874497,48.13092084228434
1082.8816384266295,679.9877949054057,27.91471388131842,46.76276898483135
1085.7993147251093,674.3100225570244,28.231906736476656,45.87948025416502
1088.7016879346484,688.3678256931511,27.32912975022931,46.38101570554429
1086.1229721785817,682.704681425595,26.551161730044527,47.35279488701863
1087.2482957581708,677.1359085831701,26.76603185335206,47.11122069882166
1088.3489271143526,685.8990272134296,26.771227232724335,46.75640448932821
1084.10864047744,694.3871804144143,26.565573661761988,46.16340649800319
1090.9439071326312,686.8271630578049,26.0224855723266,46.448239947794164
1093.3214222086176,698.2809436232807,25.683961710789905,46.73652155976274
1092.4365231303855,692.1657306348193,25.881798464360877,46.592999439456506
1099.1544436666381,703.1206233687315,26.00062391102073,46.622171185987455
1095.818824630224,679.8136154856785,25.337396003319064,47.81116482684938
1100.1604556755117,677.8187446873317,24.693703767480265,48.45365357777873
1101.5566453445913,688.8540867175813,24.792344727325215,48.07047333197698
1101.0321850527077,685.2814830696566,24.87009709104912,48.17418196678491
1101.0229905244478,683.2742940862416,24.71053114597635,47.058250828695506
1106.540956499588,687.7555266239796,24.186788107133715,47.157970087020814
1097.8234854755083,681.4675513007456,23.949765509907767,47.37718264297362
1100.1143666675755,677.6154728991596,23.446035142527247,48.02326974018251
1098.964832825421,679.2659111158947,23.431539718392063,47.601274522761614
1091.5336512235876,669.7013420364017,24.234559584045993,46.17265435044881
1100.8713563921422,670.8315511727692,25.025812607532888,44.91218726150955
1101.9846515538557,679.2463536807714,24.164016657618102,45.84427238527561
1106.9203618819565,683.4379046478634,23.831265587598093,46.38402678196333
1107.037691553102,691.3852064878963,24.27371906307166,45.42643386697317
1102.3788454554806,679.8015525224116,24.244073535535602,45.52165164901687
1106.0603983394476,677.340249554981,24.606905134087533,44.55066188838232
1099.3462614535788,663.1833718702906,25.33830905566647,43.66794127509726
1107.479039830684,683.4414870261161,25.100990597964383,44.394772029120105
1096.6616221840916,683.8038489358249,25.213971490514783,44.274563046967316
1106.8570223311312,683.992936963367,25.214601097558553,43.648611541534336
1105.624027612746,685.5414753064975,26.148025059818824,42.44019051780984
1108.4529162547476,720.4731319607905,25.51642995049824,43.59090766576706
1113.2399001180572,722.5764178824946,25.9335053146991,43.0024882023484
1108.7791135609966,720.0155499186113,26.181200712755803,42.62764972825952
1122.0317459435505,717.9328288475857,26.460539066544772,42.34723625278757
1115.9454376737754,688.9444364897965,27.648021481339033,41.32974682896166
1108.7589102261597,691.9922990386682,27.514964277876395,40.98456675608998
1113.5436114646993,689.0131505684552,26.65630951960841,41.84982370704469
1118.117749604441,696.7261838022281,26.599570715710964,42.00027720562443
1121.9758821090513,698.0154395595338,26.429001965035123,42.235585814685535
1114.8453338611332,716.295812979582,26.401321109492294,41.48609919797754
1114.4973637855578,686.3328651138975,28.31906504501314,39.866390223536236
1116.9430649221583,707.2757005766365,28.1940755067974,39.54089233272607
1120.47552953066,710.2252841870817,27.993348312346857,39.42407755934551
1114.537909545937,706.5762133889857,29.189731432122432,37.14563147853546
1122.1956407583714,702.8603680567484,29.3067469583033,35.933300155095104
1118.599794052489,703.0578786422775,29.131511792644993,36.038520800080825
1120.2979162405304,713.6655296418688,29.234343782986773,35.73182246911094
1117.279315365227,703.8680576030515,29.120164994653386,35.76830631114984
1124.3223256894955,718.2489846888207,28.536548559067917,36.287488516564665
1126.86473698223,703.5508281493119,29.483536257259665,35.501836721314646
1120.050655351909,737.0205932866012,29.70727961891504,35.29935173482193
1120.2832997823195,736.60651099943,30.276587916525628,33.75498441829508
1115.734180913867,740.9866635356655,32.321225342151465,31.41372956249913
1140.0799911200265,723.6190388501633,32.26992856874876,31.414684042146103
1125.0677855160184,745.0572954624805,31.786027551422993,31.3236246138983
1120.014515829321,747.1643651800986,32.15015531135371,30.372881441784724
1126.7950840382175,741.6398628568627,32.14348895581612,30.025980593566604
1130.0032642834533,747.3059746504473,32.85824104087594,27.313685366382817
1132.6346797776366,752.6815347462204,32.86399048921554,27.068768826264566
1142.4365569203019,746.475811196052,32.683879316067674,26.03424348397477
1128.2086628547354,765.7646223298822,32.54511063872906,26.030355499761555
1137.4698394639017,752.9010607185318,32.51180351719794,26.088903435597125
1140.8959992801567,750.5388812686656,32.44060990702721,25.94009386685404
1140.970645548321,759.354561171744,32.80622043924077,25.797261358671015
1153.905281431594,764.0979243917594,32.38454426900864,25.499483549926737
1142.7974959074752,745.7355192746136,32.58848811998021,24.764054373817935
1151.5749855056945,748.0377564092408,32.355097439777055,24.408278339121683
1148.7110694345824,750.3790673700906,32.15784022271793,23.508349565081346
1157.4509711281612,756.3117174323901,31.606635239490842,23.78408452043849
1149.6074420053203,754.3753590814676,31.12755006781417,24.168796776253615
1145.0336102578524,762.6657978439684,31.095723473333507,23.5796728294381
1124.7116540614754,794.7610208583654,31.41060296813841,23.156579858505346
1101.8203286713476,801.2573008126982,31.434151880718023,23.14261377613395
1119.4744631484923,814.4052433264901,30.50695973917279,23.408927387465994
1121.9542841220755,834.2575754887645,30.455083657332572,23.250493379079426
1095.2237756292664,832.8707112061602,30.382023952277155,22.988395022824875
1083.8339156813379,825.5869354016493,30.34641143541443,22.943762107310818
1082.531544370685,812.3449450271817,30.383117738894747,22.938570874434397
1098.207594008608,834.1295700338815,30.759930816564072,22.70039843671829
1078.369749532083,851.7099230635708,30.7102665286476,22.505760645161892
1052.2225903717626,834.5094619384145,31.0327792767785,21.738027499966833
1016.899897211581,858.6848321919767,31.112987679661217,21.69818863468811
1014.5333106191048,866.0634994377875,30.99196765401186,21.867666315002346
992.5394325576042,898.2688101146271,30.49124416275523,22.00970304237802
973.203321228748,893.340420650435,30.519713768709796,21.995907019590344
1000.1722881745367,885.3464409444788,30.363926330989866,22.10774204948363
971.797244824633,895.2414153600649,30.478328063756074,21.50753816765233
967.1472044610719,893.0851648302802,29.888295913986482,21.16988368294065
970.0125404755956,888.6492650140757,29.45659887578351,21.468124507976565
995.7720599349435,917.8163715072437,29.18017088848441,21.55303612491205
980.5896420420299,917.9178384634562,28.746325415156292,21.79775678759661
988.7194168323498,941.5269936602808,28.70982881303209,21.769757825832087
999.537921230809,971.3771684145826,28.76713878747598,21.769309898039275
991.9188930713894,972.1105673524853,28.783858741568913,21.630859824395937
986.1375675833818,961.0693501100177,28.954993985772646,21.41239480371596
1007.4223799348035,989.9328510897489,28.91752336618131,21.496847617202775
1007.4709234153165,1002.6466347036406,29.501348601791555,21.180518869033392
1021.359967794801,1021.8537307758255,29.76233378691435,20.877994357720336
1005.6199150656038,1038.8757834351622,29.48326299103632,19.761531861312623
1012.5239464130764,1031.8855144683937,29.1483391052952,18.16421277733269
1019.4071948264406,1031.114121385266,29.13951554211661,18.19891774584955
1035.854436288704,1057.9687675815112,28.57665188028534,18.12363185360283
1040.2428231398756,1055.9389375983878,28.63729387313244,17.292620566645457
1047.713759896893,1035.7655426430085,28.367236231290104,17.181940537218676
1041.2541287834863,1044.2406103827846,28.426842124179977,17.057503910205686
1034.8855450406477,1038.1408866098077,28.512720623651223,16.525747423261368
1059.3427065581723,1058.53042209199,29.053075170389143,16.10895825821316
1070.8576811886082,1054.2834839888085,29.52092292184629,16.418690444495514
1075.1081097396582,1041.49850667896,30.786281144148354,16.009421812849844
1073.2966173114894,1046.4982818238393,30.695776944852106,16.08819298000004
1080.3595626403203,1049.2860406444722,31.61603554103585,15.437194877613727
1059.6496764621447,1057.546976585806,32.78668146306045,14.102588391064293
1075.4999691379155,1049.5614307836722,33.81493217108936,12.837271761689554
1073.045876578917,1048.9455373527985,35.372840818902255,11.284172740105534
1061.208690393671,1051.1492378174644,36.25993787506301,10.6133452684916
1075.6599758718107,1051.4976355105352,36.581825613241506,10.414970448670578
1083.326814215503,1063.0550810916204,36.02213192756585,10.656665742798822
1062.8750475254153,1038.1366871255464,36.02649538586618,10.652476959859209
1086.388726500746,1045.1042639538646,37.09889176870093,10
1091.3456861359132,1054.4707805926328,35.522875521132924,10.465697191213467
1086.742065530786,1059.5948446973916,34.967060929995625,10.474444019842931
1069.994723437449,1050.425051878756,34.025420043427275,11.185893975961898
1068.3315430438927,1057.217325868894,32.8399800645487,11.108575800678556
1068.3045722228921,1051.1857540823835,31.87921592938171,11.944310964580925
1085.8077197382095,1061.4903569985281,31.485820679020335,11.961547087857877
1064.7534302561417,1048.0946867788443,29.81571311971872,13.242711822269559
1063.5104896333448,1043.3792257082596,28.99885259933632,13.792679221007472
1047.1567449137074,1063.6295700072167,28.91087847659961,13.878645286178946
1035.870684515471,1060.4435236752454,28.960072942505512,13.861327454363709
1052.6614750687731,1059.6165900432638,28.988481002161425,14.12018150516919
1044.4056372243692,1046.6585979087013,29.139076521291273,13.94480758947983
1061.1373119790048,1044.1028717728075,28.940974356991052,14.06230234173625
1065.3980871445701,1050.3798113729947,28.948718039837306,14.055058769108173
1064.6546909254407,1034.225349357415,27.869419655876353,14.221339825414038
1088.2331624688895,1050.0717789817995,27.917428808969053,14.163818406234942
1095.1063269307813,1052.8525300441065,28.33114455529047,13.907389066044871
1082.9670980991168,1059.9918084929013,27.005897766104752,13.615032501096723
1087.434923552611,1066.4483867125182,28.206193132919783,12.001511949008846
1082.6922708010227,1066.6782998595615,28.19638812431691,11.99664552430698
1069.8532732967694,1058.8548845042294,26.467780273326255,13.044270264207208
1068.041544202989,1064.8327805438444,27.434105358470536,12.853632069864737
1067.113249186738,1063.5693068223932,27.109629831585327,12.72561959569889
1068.249879596428,1061.6478857552156,26.20689484914947,12.821362807324322
1067.9912995615325,1042.8843439526747,25.945179925616216,12.909882111869011
1052.6256962385924,1040.4341969678155,25.763876653283663,13.04054564945845
1057.3356480130144,1062.0181911931486,25.15678781696388,13.781324898987734
1044.5364139051358,1058.1301563263496,24.83959326721844,14.217680105455578
1048.4506230434347,1064.7553728080854,24.91061051079248,13.614692820694996
1035.7539270333743,1061.366560131834,26.0215470865772,11.988187237529093
1053.7948512516298,1064.7954711357027,25.395234538738258,11.041624880975789
1031.3905448480714,1062.7434054876883,25.39187758877528,11.048504284914637
1021.8148457927823,1047.1266516725773,24.81914506886008,11.503426481176561
1021.5983547522645,1043.8367409293378,25.01089928467652,11.448448010379959
1035.34192300263,1042.6030883362696,24.761714062631942,11.497765134611681
1028.6511876528666,1065.5616187836406,24.3776751567513,11.653469590211637
1034.6113152193498,1063.2009075169694,24.610457095012645,11.685268767688251
1035.323167519207,1065.2662993424042,26.441302713880553,10.982043300488865
1016.4976716436262,1054.1222729479807,26.603814850784474,10.793735768290762
996.6798249646748,1062.9567173061232,26.530787047798402,10.718528387454878
991.5730912342951,1062.4332086361694,26.789772430005552,10.719677211394204
977.2999923435699,1064.8039616906697,26.107881832549836,11.223460428108037
988.7624134324318,1045.1718265090442,25.470118512247844,11.782671739845146
987.5609069812366,1064.0297081389413,25.181448599086487,12.168043733957324
981.6734710003193,1058.1183430464478,24.484036243904587,12.579861405211329
966.3462411144644,1053.7115561700903,24.974391553944223,12.291152633817628
956.7021371380263,1057.76201594512,24.795615711654644,12.310830923113356
942.8832613247775,1051.1261605456887,25.153488721819034,11.819806355154943
951.5895803073776,1059.275481214936,25.034948657009675,11.767701271543006
942.4069562140617,1063.2941498152802,25.635985188978317,11.54250262828873
938.6549270176803,1058.892792451164,25.401210154311823,11.65662539942876
953.7320171948626,1055.7527318240832,24.99038078261325,11.615900095973368
952.9098683326097,1066.0252665465657,25.12592270401094,11.51331264563705
932.8409847737829,1054.6521198241987,23.891939943734794,12.32859107572276
914.2269071893248,1064.616034490544,23.791619160502446,12.3912631468406
912.5086370591379,1062.5305693130053,23.778051369576275,12.168422807185362
929.4005873228807,1055.9463401600335,23.13591262187581,12.079275560455898
940.8013558058611,1065.81608694022,22.666019714142518,12.597794771689099
933.0437596683622,1063.7990075032155,22.74637846252896,12.60917370413934
923.8819326055309,1063.4631242764153,21.429604045100934,13.760946792928781
930.936004267478,1070.452173352413,21.45134448738091,13.733528419986055
944.5187377940996,1060.0270133112951,21.023370949152515,14.234185721460069
938.6312551438762,1049.8781129603283,20.573618155727154,14.39261645879435
930.7381325714836,1043.6800228486345,19.86774637241188,14.56613375646152
914.2311850820037,1048.2575966432516,19.77542492070765,14.6643698037018
916.350848964227,1065.763811187728,19.736735927318083,14.687043558987721
922.6665212164638,1059.6248084838892,19.538389126396655,14.718392548818228
921.005538951165,1061.6071497173116,19.490979858623774,13.675737431445809
920.3865498574069,1064.6220281990372,19.449127471150785,13.378307452400088
913.7268627536478,1059.9154336141062,19.450497070514757,13.27380787104114
915.939389035789,1061.5587049802732,19.295185087744837,13.23600914963265
932.9216759907328,1056.4671348654917,19.28492636340402,13.20536992973262
935.9957744184248,1065.59529321468,19.449133186913922,12.744665566561228
933.4136711755332,1064.446435096365,19.63070035995306,12.320494691527383
935.5430062566325,1068.1845779082278,18.905575930252855,12.613438956717754
911.0731620837188,1064.3019555579947,18.891746362261767,12.630305857196282
917.8394177623959,1064.5035582181388,18.376303867822685,11.913093999709185
939.1744751375362,1051.1603856326367,18.55824371348933,11.588185813779651
935.554336801442,1052.3053734766438,18.158595382625887,11.057265382608715
917.6586825320139,1037.5893508533707,18.084173635837548,11.181479818608134
923.5914727792494,1043.9864184828514,17.74637939624919,10.883992394424617
936.2759382220896,1031.8911898129875,17.29375786725841,11.453708843649451
934.5019815859365,1041.738055724857,17.19814768489838,11.594123519544103
922.8600109275837,1034.9616631913475,16.925387341447625,11.569681947769379
914.0699117297095,1033.4959236601344,17.13431841847065,11.160675437380672
918.1949226947746,1039.7259409116652,17.144632410581668,11.160067814201897
921.8133897558845,1048.4954548679393,17.130443706910366,11.18175843803072
924.7567368847521,1061.1820829562835,17.091724703234046,11.190002505482713
932.2028868262676,1056.0915640461087,16.744269447583537,10.637444477748708
915.5579194303805,1058.8718537690968,16.713109726418203,10.719027831608019
912.318939887541,1068.8672926564072,16.60469739028328,10.197559999614144
926.1903577360792,1069.8408701602934,16.81854962045285,10.008659281468702
906.7328491619651,1054.752204157412,17.375137813603033,10
896.0567043345065,1058.952103830874,17.021168694716454,10
896.7374578754232,1055.881168287908,16.506981394663285,10.165094962885117
908.5355338905437,1056.4581579044461,16.389837085369575,10
913.4226238802108,1054.244870227861,15.69099642335703,10.450674703145951
916.4301510899511,1057.54000986223,15.676572859436922,10.273959162740548
930.9564683811458,1069.9441178290315,15.709877684396062,10.221034214244945
936.769430947446,1068.1919816806912,15.746020918799905,10
940.6265137079077,1067.5308950311432,16.10247879570368,10.172964395783186
924.4028384681073,1060.6546515687066,15.706868917638538,10.310476345070539
922.094161485383,1061.7292391732335,15.666852792602626,10
916.741500921873,1060.0043713524938,15.461912765447748,10
909.4612820683321,1058.9621402695775,15.462098282893344,10
911.00136657322,1050.0927110019038,15.125380391586761,10.217362716255755
907.0986207926986,1054.13187996951,14.891506184196837,10.255786942297911
912.1050094525052,1067.296923851133,14.96015167036996,10.232349340795091
922.230653210649,1060.0619688056254,14.893257083159316,10.039986978502196
918.3098450082696,1056.2982022240758,15.188846304385685,10
925.8080382301677,1046.342898317617,14.93225077703235,10.007304666555301
918.2328853386659,1059.5739113762975,15.11679632901766,10
910.907377478735,1068.0381524041295,14.972833907094735,10
924.0046984889253,1067.0905505967708,14.67093213634797,10.306148791795874
908.9745629960765,1068.3425930216908,14.937070889379548,10
907.3730883515202,1062.9552953913808,14.9464109408214,10
911.5025643954718,1047.792325534736,14.601270059735612,10.175814209749868
913.0959699480029,1058.2294805720448,14.627141440254029,10
914.1790391945776,1056.598381228745,14.49888646723091,10
923.0790586246295,1071.600933621397,14.534724071971002,10.32824253525283
922.0707268768023,1070.5606799239456,14.657788772688232,10.474269024622771
925.5677304293956,1066.6915125855362,14.190353894979616,10.92499841579673
914.4507980248826,1064.1221708497549,14.120328475734125,11.042648123473844
921.8221618846227,1068.3991142817292,14.109146204557225,11.257340742557346
904.0190433189905,1070.1064134810001,14.557004734747405,10.559358974569944
900.8052244483808,1067.4933968260884,14.457607239608121,10
910.5035641709155,1063.9477177336812,14.267808363996574,10
925.2294443248456,1064.7419488997148,14.29357758189315,10.068682929697507
926.0032435131534,1060.0891231969,14.500310078767244,10
913.1159443222151,1069.1008684961669,14.567747510936776,10.06861145224743
896.238320477547,1069.5557188168168,14.644150748368725,10
896.0629514261782,1070.5610661879182,14.114104875981923,10
903.7031271194384,1067.861049450934,13.917806529012188,10
906.2900257671128,1067.785915210843,13.889624334524115,10
900.2157092472199,1060.7788627892733,14.057339443706752,10
899.0385824213338,1060.8051598891616,14.263503925023128,10
903.102442166284,1063.0370014511414,14.139054584353559,10.288496975527803
904.8267525006755,1063.0887440654883,14.120523627713405,10.291618424008503
908.0496458127561,1065.566004189302,14.19324066947634,10.29786353816708
905.8183771241532,1049.534327176867,14.165759678914835,10.390169207934349
893.2625757243183,1069.0231956531875,14.593816412300542,10.107912601973021
895.0100083319014,1068.0278842031396,14.327169275747591,10.231980049721894
898.4887770043724,1070.3775289654732,14.384155913807218,10
903.228219048521,1066.3020327687263,14.485820111948037,10
898.4428853363015,1069.3956108689308,14.61193225379425,10
891.8346497862634,1060.9789517911013,14.074133753956033,10.090417307270176
897.3281831179753,1065.9487915542284,14.102949582597569,10.07604696222947
899.906128121129,1060.9972808569767,13.762221281307271,10.144250470380399
903.1208670459264,1065.418588024802,14.13809278168804,10.120879565821337
890.1478024430728,1068.8347950577736,14.516963152556507,10
894.0729341927355,1058.2189957098753,13.975408797823384,10.856451829951792
894.8822738465726,1053.542724223966,13.70018861948258,11.253432210217838
901.5632078738773,1066.2163059380907,13.420966934807192,11.135036176987596
895.8773820317683,1069.7984414727089,13.58239351373958,10.882006162286288
892.3549591111298,1068.6234494799517,13.707018979955675,10.22883849260356
892.1848703225667,1063.0908322636835,13.34952979282245,10.350038348723736
886.7042135640602,1071.5099655903127,13.548234781698325,10.011512296051434
887.0087141878306,1069.1708073019981,13.896593026936142,10
872.1344760711925,1059.6450427198254,13.841320175739924,10.048790211708798
876.0121750908779,1059.5062410610406,13.849022283616353,10.068958952528638
872.4524639560279,1069.700411072329,14.011818614900715,10.215929675190896
870.8550582793798,1070.737911656499,13.883976674587306,10
873.8775934933606,1066.4787449389696,14.354827839338208,10
864.7482311416003,1055.0513367205858,14.360113593273788,10
860.7017478704914,1061.8388962298632,14.355838733819073,10
864.5924458981376,1064.0893969088793,14.594756895140586,10
852.8199284267781,1068.5013315260178,14.891208997893742,10.311031812476124
846.3791972981846,1061.70618422931,15.486237081496666,10.1420986532055
865.2290839975664,1045.213916460957,15.283328001580927,10.115907261200794
859.0804172165083,1036.0419947806902,15.087170390906453,10.270467250762993
861.4425597848632,1045.1669183110996,15.122734802536668,10.21985229138459
846.2723664509256,1047.155063831493,15.108654078444003,10.223768932253776
845.6302703641577,1043.661112178444,15.039807821765825,10.191960267068902
856.0613027499021,1039.5994714051485,14.917376610457701,10
855.316232495995,1055.1568793659362,14.47383717995561,10.330542354791566
842.9516451239182,1059.5107823458047,14.311969214758562,10.430092275792124
844.5743564285625,1068.3403762186163,14.46259610498176,10.296668995500896
835.9087617923728,1062.1204785848322,14.54109410844023,10.633717299568064
820.8552315308668,1046.7578341276183,14.377833739118268,10.689790057990287
831.131860036147,1058.016050906595,14.420277946209115,10.621869531042806
813.2139037926282,1046.155291247833,14.240462436420625,10.6795094540354
828.7803101832789,1037.063783831482,14.225422711149642,10.791057840814616
826.7068554880806,1041.2706633998264,14.64160276003915,11.195044866540382
819.6664303797666,1053.4326356750892,14.766682484113474,11.219838032689367
810.7581267976701,1066.1553623535929,14.918906713736177,10.87314718788918
817.9577348939714,1069.8854204044326,14.909095771682924,11.279840454343223
809.6607929490316,1066.157925795955,14.82782592926275,11.41767907849438
812.0800967877454,1072.1353022571905,15.098684327732164,11.194577462176055
809.0403907891067,1061.8315831043037,15.22314217767071,11.118181692021498
815.4774213120058,1071.5502802770582,14.653869721350013,10.554303429276313
821.8529653258091,1067.3877456270754,14.925372330950541,10.408649577081045
820.8310653653365,1070.0564492493868,15.178951395229225,10
828.5666814989884,1064.122443035245,15.023391048701715,10
833.1776081113347,1070.0549180909363,14.332761121128154,10.161814758307335
825.1784406847094,1065.6157589538514,14.11378792994547,10.166898283636943
836.5745756355732,1067.3662645369768,14.355962837177678,10
832.0621546684773,1052.2042974526726,14.257713073676618,10.44447669485361
833.6756738381516,1055.175805285573,14.373788871977379,10
821.2561803769865,1041.682302101747,14.373990622798722,10.000281514136315
820.381374339107,1050.1881820708513,14.54845089744866,10
834.4174396428776,1055.2496010810137,14.579523109731552,10
845.2044274333258,1047.7307197600603,14.816021924587142,10
849.9715369983585,1049.9195167720295,14.685028693264472,10.03335234523261
854.6292004326151,1056.4727859050035,14.602393589582725,10
859.0363474772074,1043.304437017903,14.311549398164189,10.240174489289261
870.0678704000765,1040.1409331038094,14.117564068783555,10.520716920595204
875.9345440482573,1036.9883894475322,13.850279318198256,10.229281901911609
858.7964197126025,1042.758995727455,13.628034794927732,10.440432547022429
849.574905617527,1054.5954569976927,14.183482113496982,10.299341747879666
839.0406343714276,1064.7820442566474,14.590804055158618,10.381766061147035
846.4039033532748,1069.86679014816,14.80493133652015,10.410548890549029
850.0024503765945,1067.5285664537307,14.781948179315588,10.458634577441739
861.650944915247,1068.387308254838,14.414736247396279,10
859.3962974399188,1058.3710967451334,14.385780751733197,10
853.2551823927902,1053.4231044203043,14.945399418683332,10
841.6407028711551,1066.645099774003,15.13330087528352,10
837.5374722462051,1067.744863525033,15.821643266846287,10
827.5605679583549,1068.1072192937136,16.425493422746676,10
811.7226049155475,1053.1549468785524,16.04400449981662,10
798.0621717594529,1062.1768632680178,16.371983315057538,10
805.6080654812536,1061.2021453529596,17.542153040035352,10
790.9532815184128,1049.6296559464295,16.730993426654337,10.645707420238114
792.3584228710982,1063.7326594014992,16.767457165985622,10.624915506436679
774.3161530339232,1066.3978493041752,16.75766319165397,10.631058757114813
775.1121641493476,1065.796216443181,17.37696779834504,10
765.2381534011599,1063.7588834315538,18.21423032255236,10
766.1068851870184,1060.2917491942644,19.177229807399666,10
776.4900024216022,1060.581518664956,19.75015816477026,10
794.4567284219033,1069.9720832492526,19.48913048057428,10.05296201793048
797.8819437652063,1066.0045719439966,20.557205939445563,10.267196149591225
812.3201701362333,1062.8695521503687,21.07936045141983,10
817.711490086401,1058.5254130512476,22.193863915037205,10
817.7204209629376,1068.8275056034327,22.674253570302366,10
793.4180310822151,1057.2088915543534,22.607185034628515,10.069177332167273
790.4150563840984,1066.0841568800965,22.33084683320539,10.291836988298035
802.3806455549517,1056.2071776539087,23.934824741498833,10
803.9759178266287,1061.5931553989649,24.355117180871954,10
803.1281929343522,1064.1654229313135,27.51996248372769,10
780.9687963334852,1057.8057975918055,30.36892612613572,10
758.5222199205461,1060.2713885456324,31.20828409117385,10
744.3249007886616,1041.73970343115,28.879125510460568,10.178635121542635
743.8849138651367,1047.7757522157672,27.414029710675194,11.456481666993787
741.6372340032133,1040.704479246609,27.90660279816943,10.997558565392877
759.820043575971,1046.226002038189,28.22076270538828,10.808104901177785
738.6048585121117,1026.720470443368,29.210565816505262,10
721.2684228992454,1044.8784160763025,29.92241180420103,10
723.133737625793,1054.0266876369715,31.35656201419177,10
717.032456992768,1064.9688741913094,30.594479801848124,10.462398131558665
738.4993533169778,1061.0518553498493,29.883286182969517,10.497634869196691
721.8976017256837,1044.2697146087885,32.186928983477614,10
703.5695484421889,1050.600138290463,32.06738934075052,10.114463153008264
713.9404828121324,1047.6245591789484,35.756953324862366,10
711.6648042112618,1042.241332784295,36.881391543144304,10
700.2745127406206,1057.1263930946589,37.92844634721958,10
699.7092944681308,1045.8225274867957,35.70907777554562,11.807072036038988
700.7553903903689,1026.135892189323,36.36869266706189,11.333933786990082
690.0182011666332,1030.2178949848828,34.041042458527585,12.225050571358562
700.4373018653799,1025.4990108404304,34.62674166528205,11.740780781955511
676.9616243588281,1027.9849992369332,35.55243902457706,10.896859084622445
674.8360877866945,1024.8619916588068,38.04159934612077,10
687.897318405224,1023.7293861842959,37.947528993461255,10.05436619384918
685.5814240344241,1012.2828563600779,38.05052630744883,10
688.6065749159587,1020.4199974092593,37.58464570221651,10.344045996119629
687.4588328576838,1045.1558467450827,35.61920071110034,11.100058048349688
682.0624769591814,1046.7439873937453,35.80761773118865,11.078086262209007
691.645908501183,1054.8263050658932,33.84827608578384,11.671313008977997
689.1888390782875,1065.3753763751577,33.74315786294096,11.752251353583667
671.971909417004,1056.7321845798392,33.37068173628938,11.750581431647392
705.9687036818682,1063.6461427033285,33.609606634295226,11.755224770240051
718.671240977139,1045.2646872331006,32.25531710845104,12.493351622560805
703.663755656707,1045.0240276544203,31.89603161528151,12.791300711252305
715.2559074711944,1054.2397230983759,30.352225193948396,13.853377154273662
735.5679187707252,1059.524053242137,30.452705158363315,13.69964244200797
736.2438446851729,1059.0698395171942,30.782773977089164,13.595141763651176
727.1679114975855,1057.2902243059118,30.71591324044758,13.634178847821483
743.182817289689,1057.8654669217358,32.041753511709445,12.693390803120337
765.5283547623163,1055.0949687023642,31.97826111650342,12.75905116703446
759.0611055887521,1057.6392419167018,31.33855406507248,13.013529945878737
754.3415231289396,1041.285237505169,31.767722570512795,12.671459423241172
726.6553957176451,1062.6390802082974,32.30621045584601,12.179247192033278
710.261595604995,1057.039157428356,32.538745526116834,12.088449059899721
695.5960715440491,1061.2744662926534,32.890907997374,11.915210825018196
688.0455687685743,1061.0108412312468,31.563027134749227,12.399501850058861
696.2354764594969,1064.1448793377376,31.12453980161008,12.567929524253392
694.5506709782369,1059.1966010004687,31.685932523392154,12.3366003803098
700.1141132909046,1063.980628073125,31.089131554367825,12.205546509655543
718.2038171007898,1039.188886903354,31.877859768337622,11.563179697586278
705.3940318042979,1028.959491032531,32.58650354247388,11.022509311546532
714.6729175082435,1035.4408711422952,31.737560106994785,11.25917478934471
726.0895480305686,1056.2631026562303,32.915077489468615,10
715.9889266137337,1056.5227289356287,32.10910482326041,10.724591115862754
708.8444571664306,1060.0529179725613,32.4551669020708,10.374519686437475
689.2356645171083,1035.402874654159,33.90585309182875,10
693.6758717029726,1037.1066992934793,34.019863540046366,10
701.1629638506078,1020.5575926955789,36.37344947793039,10
682.6122282777841,1018.7062650378793,36.39879452494494,10
675.772395368483,1019.4989147838205,38.488696702189614,10
668.5230272469199,1023.1923633273691,38.68019436651929,10
662.1758792379605,1026.3568051513284,39.065722112038195,10
668.7453785042417,1024.3177049297137,35.5211630860066,11.185491903266708
666.8945582371962,1012.7775375690375,34.76021149515873,11.504039210068473
676.7241225768399,1015.9220222383937,34.85460950349328,11.41393194716178
675.6162052524763,1027.615765298894,36.041096255644476,10.03373952733268
658.7714419278283,1030.7482630256081,35.68356098477465,10.248895727194181
657.7277093384914,1030.8734934256115,35.87539175068278,10.163703437767802
642.7274550081451,1016.1628966585022,35.55623450256214,10.384282042787158
617.5430930713657,1005.9180368707256,33.906251100730344,11.874859925225122
617.2895195686269,1011.9074528992048,31.383118946661895,13.699773138042113
624.2059492654474,1017.8463203548454,31.14150425059167,13.803849750198488
617.969420777918,1029.8067429075857,30.750451232669636,14.182221868838964
615.231168789358,1044.7947613522877,29.028807912884112,15.949680920597196
606.2982083985113,1051.361188217675,28.855607066769895,16.095939052005228
614.1921652948893,1056.5771330445755,26.855553190700792,18.013448011179932
609.9116891041821,1057.7141424045242,26.45204424551616,18.05605321744556
621.1863831990264,1053.3255473382628,26.167256809611743,18.187262515006985
623.310638809554,1050.8730485412746,24.685449194208427,19.423308597600652
627.3158172660854,1054.3342339819321,23.651887954515725,20.373452441016795
620.4747598258461,1056.7951639633957,23.878699642855622,20.12636855536042
626.7500442337883,1058.2021569024835,23.727538213751117,20.407359340774274
628.9258289842713,1053.5888053403603,23.74231125734073,20.411441500970515
639.5555135502034,1048.6128220013672,23.072986147083085,21.019933790833708
634.2804060892397,1054.8841695091044,22.956451114786947,21.106006742583862
635.9428139601497,1055.7106242154823,23.393666451305464,20.580822096559203
638.2254245322642,1050.997308870537,23.148040643990534,20.52602559376185
638.4554133655246,1059.090860009433,23.056029063142244,20.64144788261989
640.5407415467357,1057.354221540414,22.913347306280297,20.610165303751128
641.8571208160404,1055.298534891907,23.16406597866946,20.28329187377579
651.9509083684483,1059.0438555581763,23.251471418897577,20.01709779160342
635.0587502710342,1056.2826171565123,23.30807688984865,19.939603777365196
645.767442387594,1054.3178491933097,23.2269315178132,19.611282857915047
649.1189313602567,1055.5441404518506,23.032239094948732,19.666142576779848
645.9047202696264,1053.6794097063407,23.531595095026457,19.31532090282139
663.1087039438979,1054.8278512513195,23.405854308983386,19.047302434979905
660.0735060388452,1057.367444084871,23.520191140054493,18.74684716033294
662.1270124719641,1058.2643170328681,23.839208909650427,17.766824292044973
661.9136852091751,1060.3605388309547,24.019986303408526,17.738334000162258
651.4781124865564,1056.7940122225612,23.95567261168313,17.796972486877518
658.214804996154,1058.8088325140834,23.555584139423843,17.705004757302877
647.1380791270739,1060.5580409026575,24.258750919698496,16.38058919704314
655.2986067901089,1060.8112871968328,24.536166281494673,15.939839309984789
652.9668391052894,1063.5864362082257,24.50687585691376,15.509346146360263
645.1878643890956,1065.6754943504131,24.468194239191373,15.182815250168712
645.5740443233867,1060.8502137194198,24.680860074516104,13.941982850656808
644.7799124418577,1055.821838336255,24.668195173366758,13.920873738445872
632.3687755456681,1050.054523494467,25.164337145067233,13.594604450464555
618.9262421459019,1057.9471690369621,25.265365400898382,13.497503825679445
603.9107795954732,1058.272836257067,25.259732350510927,13.177390697754372
613.5295207283709,1052.1635142694356,24.590845970945818,13.441985562604357
601.2347734094604,1046.590867477054,23.604405244997267,13.408730334501264
592.9939244693275,1054.6403733173756,23.500989599872526,13.490603968799276
578.1896406545923,1043.2276593386493,23.724333840671104,12.33771466550962
576.5227994996234,1043.81412218882,24.309777587071213,11.496263060751355
593.4209069835566,1064.8013553263545,22.706788479800554,12.3350902427136
597.1991773431259,1064.8424812998308,22.187117286571155,12.805742007556802
610.6930605438318,1064.9242943290706,22.289520791775708,12.799680544418898
604.8765935090566,1062.5070579402638,21.196591404600078,13.496187642863909
611.8560841057251,1050.021142157463,22.051230778584873,12.43930026010117
620.1925791795902,1065.5373781433227,22.441713378657333,11.697126750296066
609.4117568263048,1068.5198029188525,22.40158959157589,11.639281555620334
605.4822882943049,1061.3099355050992,21.17069530334175,12.35915676398658
617.8267007348504,1064.1106673449444,20.97316528309063,12.010418208655326
625.7686080688779,1062.3336596062982,20.891900930892575,12.03804790179851
621.5654069642542,1066.3565085740238,20.943649781680577,12.302665098488392
603.4695489101015,1064.0960541405577,20.990209029634244,12.003581423153554
599.5905583515662,1058.0352270274082,21.032976847907342,12.031951996193683
592.8600246151262,1047.0499761082212,20.42275811931008,11.97714331821016
582.0657397965515,1054.4480526713812,20.45283128124,12.000946017695512
595.1907319624462,1065.244604567304,20.3914322308226,11.836719102681379
587.921595935711,1065.506701717252,20.186346625906815,10.657042749028264
592.0748741249143,1064.2172161422877,20.650281847536675,10.584725866425105
588.1155529545529,1060.6853453127567,20.301256417873976,10.98634527588414
590.2456132085368,1048.4505465199295,20.281625869622754,10.987766973476823
603.2335425887718,1050.455909069876,20.80130009865487,10.693569812426588
605.4366826195965,1061.50316958184,20.426146536181502,10.78452318425085
625.2866357986609,1067.5749602231058,20.426237126294943,10.938579841172311
639.4743651323804,1066.2718494367928,20.300112794182894,10.79925316550727
636.228658128122,1068.2438851250367,20.262092598598176,10.79029092750817
631.9506418515333,1051.3964826324107,20.312084578655497,11.0352782552895
636.8765582034612,1037.7682021836474,20.169164724225944,11.17714455747906
630.7006818058176,1034.9357820799073,19.66648445982074,11.538372055913912
627.2176389757142,1045.3095511574636,18.80071243875311,12.294034431806951
621.4261361312701,1053.7061450715992,18.564531917008978,12.297467926167869
629.366697751892,1050.8079266607253,18.063362060164483,12.773051037741086
614.5477599864416,1051.0212653203273,17.94152537182716,12.90246419266573
598.7395651588905,1056.5684315831963,17.57746535041561,13.185969801693167
600.7662790188125,1053.7030745416555,17.622113497270934,13.162386628305295
601.5513872671974,1061.6915253206926,17.13966150207293,13.395798867228345
606.7245008570447,1062.1496020971958,17.140217960378465,13.30632359028385
594.0522415599812,1060.3354834939782,16.66591750848518,13.566124460201346
598.3721370420171,1047.6593395249495,16.661255519327902,13.570635985294997
587.7898698889335,1047.678242152279,15.613877670343788,14.545217887122789
589.3821128830115,1050.486190161703,15.36574727300807,14.733041388843503
581.9883402547631,1047.6768090496364,15.348171107690941,14.813791585236451
588.2417507794119,1034.7068166698273,15.352965811567074,14.808566841680754
598.6517772291529,1042.789778057865,15.211692514135883,14.965594428764298
589.3560732718472,1060.0842953326933,14.310247264074423,15.926570560260407
583.2925378490025,1064.0224144890378,14.340350412620268,15.879948794202045
583.6187574398979,1061.241721881933,14.384076315668274,15.764077901081459
584.3629838008596,1065.597619986019,14.321080236849523,15.810663536476305
589.0105336037358,1053.0887582968332,14.319888750298697,15.732626569388852
589.8758032678832,1039.7345388745016,14.685716065909576,15.376576049427937
587.7703658411912,1039.4349205104543,15.124760122098293,14.500611528400121
586.1214793597736,1028.4673892208282,15.130690624300946,14.499331868272222
573.3721420832703,1021.8092444335199,15.042741031799869,14.225639410112988
583.4697126336946,1019.0258488599027,15.197581238934715,13.751541771031448
563.1954406011773,1012.6384671274358,15.089032255873525,14.189641989810518
545.6164174363576,1026.265752607256,15.156372713931018,13.949524918109496
543.7646395872058,1022.3226820977344,15.385393185412513,13.66061424800474
537.767920857548,1031.6663351963743,15.398641321302879,13.163800680729977
534.1417199050435,1030.1413363096704,15.667133142541202,12.203117301793887
518.0846829096283,1028.945904147441,15.830439616281657,12.122682216386325
521.4934727056975,1029.7930500415982,15.741101944614377,11.923417135721134
511.81731018521356,1028.745333480189,16.124142927965217,11.245425871561613
518.2210838502672,1045.1140529510722,15.481405778522062,12.133513358017666
518.8939167861455,1045.012914832674,15.267174347378258,12.159209821388322
532.9881372805843,1063.9172606031916,15.208650503275926,12.280610138262784
526.8966281662439,1059.2462365042375,15.533833915977784,12.112563693532152
520.3838746946612,1068.5746087896935,15.955136681286664,11.835293762512588
528.1522797056263,1066.7145975342537,15.936848921929727,11.411920849503067
526.098751184284,1067.6259653367608,16.242150774718688,12.016623503613474
514.0206410893018,1068.0843202006636,16.18842528597231,12.157948434240259
505.8289847726234,1062.3499792539224,16.140085850237092,12.075429461023196
512.898097341137,1068.5998026362738,15.917442416395916,12.919695774628586
516.2991969267654,1067.3899928910387,16.15083913899922,11.70824512807487
522.8763445238123,1068.6147419405088,16.13606745106963,11.805694985219649
517.4936643753002,1069.0929062520268,17.122039320359626,10.214145417302507
518.8831180279703,1068.1679550207714,17.50417518213364,10.651025242446
515.5827089458726,1065.8643539272584,17.693965438004035,10.694322190366652
496.5187028943862,1059.9366586213303,18.422250673300933,10.233498240760726
490.8141763013339,1062.6144405137748,19.727499271087687,10
472.9989878322336,1063.8620978128165,19.155334857969905,10
476.1223712911994,1059.0031319390982,19.230521713536824,10
492.82103971954706,1067.2822321620947,18.90964664883365,10.282658013479647
483.8073669048466,1069.1549909464468,18.480325331823472,10.082303837796347
469.8788070477214,1064.2142660152167,18.30934407866659,10
474.91182766085603,1068.7405087482184,18.287400752788,10
480.7907194282712,1067.48409474366,18.353682426392762,10.231768982398677
478.11215980507706,1062.3888111168744,18.274484228933336,10.287013665169072
462.600628675657,1066.3650344156488,18.13601313206064,10.44550418615043
465.2975363476,1062.2305892240256,18.149943149502743,10
471.1584534015693,1055.5501041123846,17.93614946972572,10.169005120132535
473.95151867200906,1042.2056802045554,17.64102215608013,10
480.158544882339,1049.0752890836447,16.978686349189744,10
478.0930461233944,1060.452092481777,17.528523798567033,10
477.0563145663772,1062.4089577142165,17.44476559531017,10.10677162557515
487.4851688691167,1064.1220484506339,18.20478236214556,10
477.87005371102543,1068.5153098832816,17.697929243269567,10
457.9124661542927,1060.8003283273429,18.000296129195988,10
460.8853000088017,1069.5222416650504,18.031959104839792,10
451.4664889258562,1065.1034808042775,17.360323000467094,10.28380410832537
450.44871320729203,1053.150813874739,16.315116104389308,10.075376065547069
451.80157396364683,1061.6406543156284,15.946095984807082,10.286052392020435
442.60864998393936,1067.3213768731803,16.2898506672445,10
443.5207731888027,1066.2638715039939,15.988543581896828,10
437.72712579986955,1071.6303733121604,15.87725666420652,10
445.4534026508864,1059.8247597971786,15.51147778822255,10.201658243342344
444.367471370598,1049.859446491863,15.143246450026133,10.245964739837568
433.94539108794754,1035.5880495641668,15.11418847895011,10.273379643203873
444.6727998977089,1031.372739566034,14.760069330496725,10.199378133732484
439.57645360895924,1042.105578469266,15.083931227148947,10.087738565793515
451.7734124066837,1055.8750943323976,15.083825811265479,10.100485632865503
455.31186023642584,1045.9332862909525,15.074397841295331,10.100285950374609
449.9272555369949,1055.3577569257468,15.22233610673438,10
437.9207181479455,1059.1958454747048,15.051059917425956,10.08407823884562
425.0199483977089,1069.6276484262198,15.094741141531948,10
416.9950043145202,1067.2463179361075,15.106043645067501,10
432.5637395158196,1062.7148232178217,15.015551239294929,10.113646708910338
429.0993898813722,1066.272003961727,14.735892220378402,10
431.6634491754966,1068.2534876722261,15.545871109088779,10.358206246909614
426.5431384333494,1066.3411086516194,15.354603059386708,11.236765824683172
444.14781236932396,1066.6286395112681,15.333720305845805,11.250463527687742
452.29153701077547,1068.6258109119638,15.468577083733695,10.080962225625058
467.5721659948781,1061.1719148885459,16.206658409962117,10
470.4236447176158,1066.9678066503257,16.222863905465708,10
466.8134268178077,1070.5647803899083,16.16071932941052,10.011771038138301
468.5384792019454,1065.2311040404966,15.311447977120258,10.712615825279476
464.29617519401995,1071.3510398345568,15.356834610830045,10.783927212928258
477.4165895014597,1068.5954385836972,15.354115584573524,10.790636478105789
478.2722179496719,1060.917889823976,15.359022919449487,10.784860775196723
480.2701004842738,1064.101653297771,15.19656249387663,10.812380538574907
466.7431733741914,1066.866173867888,15.125273662894072,10.702360051112084
467.36766528640726,1062.6959404258719,14.998805159240192,10.709618851037808
484.19692745516886,1070.521143035173,15.152178099549007,10.691756242603713
475.02016465915375,1068.2952442887868,14.955487016774526,10.916236402154993
475.43200501829125,1069.0361237895036,15.178513809447765,10.906459283770221
491.48412459072637,1061.2237010756332,15.502661352809897,10.390725487878104
478.40983044575097,1063.3025387655944,15.815869088561481,10
488.68555769567945,1065.4613078963012,15.911259452596127,10
496.86042050586144,1051.4044603239745,15.8598259922663,10
495.7810141729742,1045.1384700667113,16.239661740773983,10
490.7143637436284,1045.4959772955626,16.660615568825975,10
484.5249346112274,1056.2989672552794,17.042397799082018,10
466.50204528261696,1068.0483471368013,16.942805972904505,10.100660784441295
458.5269295108675,1065.1853713210544,16.926927286911276,10.106490078594168
446.6086928979264,1066.808900726959,16.86074586496629,10
450.4677038628055,1064.764559001965,16.360341446957413,10.067439877753408
461.05034701827464,1071.1279107511662,16.2853013365806,10.253722181047545
466.64421568113335,1062.7699979716795,16.006294517760075,10.56188248733551
450.1410900009369,1051.207301958782,15.959441477518268,10.595109519844463
462.8552654749314,1064.713051877894,15.892246993152293,10.566802125467774
461.0114372646626,1065.4289872223183,15.940271665490442,10.618052116474837
454.5733287300513,1061.682343660229,15.88966225766225,10.809494643790586
449.80757330190244,1066.553375624084,15.853491801398894,10.452769499344587
446.68394743579006,1067.770433260128,15.778107406151822,10
431.3705502379617,1060.217911037157,15.585371314747936,10.202920041034565
436.3655372143422,1071.7099391580941,15.35371054100296,10.344453169888084
441.0226759188073,1068.9530811897916,15.355537067314577,10.342031029710778
457.41650016272933,1068.8868667787413,15.407480559450978,10.312148789594417
460.07215671389224,1066.0699096024155,14.499064815065804,10.564040761417212
462.77829937032607,1063.6507386858025,14.556186583802194,10.540630084572381
467.77491300310777,1066.6403322382803,14.673971777040073,10.409012922091343
466.4665820032869,1069.308609523111,14.649855235116846,10.41979226051071
471.8248855369553,1068.6223348577676,14.403745299127602,10.471521498042907
465.66986541611817,1065.698419332854,14.199537646514855,10.416749398455895
469.23368785568834,1064.9796119991106,14.017676382486846,10.516060261545315
486.3178670869192,1055.6442764960464,14.078009021099346,10.482767034275238
479.24730111891773,1057.2115170359878,14.113375614389822,10.356173317826356
481.4207862181207,1049.8626291937364,14.01515610262939,10.236951474252765
477.3434598017098,1048.1983985365375,13.7076345198628,10.484006910583293
469.16804204500664,1062.9073126511244,13.010042451482038,11.447251679456512
476.76400895782865,1048.068893480655,13.037011213728665,11.442807976938097
483.84325668552754,1054.1543573515303,13.035754718596946,11.444005097858799
479.9622450232046,1060.6571357607695,13.008716020080037,11.780532210349342
474.94240991800694,1055.025623554878,13.015946998602743,11.818106106385645
473.28554738343155,1063.5701389772069,13.04954764186547,11.825646230355488
466.5252427887024,1067.6476615615222,13.025827188074185,11.815346888445912
465.2108878752444,1071.1726800331382,13.123160653143325,11.644445553887246
450.2540341809662,1064.5488534973138,12.998518890088459,11.69179745518694
447.3715945591063,1069.3351395020472,13.049370729023003,11.537816945048757
444.1526976415415,1066.9848000317338,13.588326044102544,10.908781110590262
436.30800393163554,1053.54084906411,13.462026284349104,11.44811889788855
426.4199407414377,1066.3413780843196,13.46446911677113,11.398652730638155
411.92930705617306,1054.645365610785,13.543102820308292,11.019265781955562
413.5065579410638,1046.010337255291,13.392140135914968,11.016775724755036
412.9034137671128,1049.9151477422565,13.768562908980222,10
414.87924839888456,1050.0280445158764,13.647318192632104,10.037576460036808
413.6349888632743,1053.2333353361676,13.229355520993753,10.54835578899775
410.1095411681525,1064.9339495589597,13.263707999707835,10.49341220974669
408.3293749308385,1063.2440766240813,13.240624012391228,10.562280517934239
411.21601873509377,1066.5547953102039,13.358279454265258,10.533385794004555
420.707656142129,1050.8601118250363,13.309904924008315,10.666336443539086
408.12847366957243,1058.1841376037523,13.3159566366995,10.649573414549128
418.7320127311528,1069.5188679175506,13.055402179920627,11.205647226039678
415.95712009120257,1055.3572551017276,13.314214750165334,10.52736605226573
419.4277978144016,1045.8285269689577,13.241108720118648,10.558907171931558
424.6143218545189,1036.4923120319518,13.217878869559339,10.588098978316138
426.0203194791348,1040.4707406852817,13.244624684399101,10.600536696528456
417.4944395690942,1035.7280328690472,13.09292381112095,10.921083974200048
427.61122120740936,1029.6000970882824,13.366801101507201,10.42217381270729
434.09144892771013,1033.1622516463017,13.828415210466204,10.335595390485787
436.45770749990066,1027.5486614096208,13.900826845687265,10.330262436113133
452.6092989844703,1025.2123608655916,14.038950944419035,10.09223234436212
465.43663692396944,1013.1142452415079,14.525226222036997,10
472.36745046482577,1009.5652905162424,14.392903453983946,10
469.35714911567527,1014.6703611072153,14.285086276186322,10
469.7928971676564,1016.024317568168,14.560265043668828,10
481.2906090520273,1028.9236672972575,14.616124157617332,10.016346852246206
479.86117320108514,1039.5214965995401,14.875633247731162,10
470.6494467091479,1046.6794205569458,14.849934238807649,10.041773278120674
467.2674861320182,1050.5361004527658,14.859809906616956,10
481.68716358119434,1056.7044753268958,14.862980490442345,10.079815193146374
461.5056597390786,1042.3394068477824,14.892072464224658,10.04628790576783
474.8255752468836,1026.664054935798,15.084959344122472,10
488.2764608975849,1041.3580743170717,14.976873955805802,10.074792734645257
503.11853552890875,1054.7091138862731,15.078327262738176,10.031292468922736
515.8170004897729,1064.7924302157292,15.086914919134827,10.023646855298871
498.07273211866664,1062.4080650552123,15.090546418427436,10.018434705782031
492.4857864405137,1061.6647255348719,15.116431335524311,10.016708518801803
499.9592563104414,1062.6879890616983,14.433109111233001,10
480.29335582314843,1057.655785387382,14.672567709109863,10
463.10116645657644,1060.0487383063883,14.625851318962882,10
455.9751038211122,1061.9035499747843,14.615263157579358,10
466.33439627176745,1045.8402164634317,14.694293307538391,10
464.57307631407707,1037.3964441474527,14.848090621142985,10
465.87498777703894,1047.6859911140054,15.430684082777201,10
461.89549763204667,1056.3953050251878,15.505635938008375,10.030749237572046
460.12057153311196,1051.8914583381265,15.786566760603094,10
455.49205122548267,1052.1766190913265,15.763437888862178,10.05447506294734
461.2408014658128,1056.344968950376,15.858260711424554,10
473.5691060454419,1054.0427047955998,15.789652803387058,10.024768234936866
463.71746370192517,1045.23212329112,15.839596197085545,10
478.6992011689271,1061.1548273006892,15.318061570698838,10.404172364162081
497.82178445653386,1048.986289849932,15.300235693727599,10.561801998952845
478.44204197897994,1050.9299964210838,15.286222113679125,10.633076638936972
484.414476693799,1051.079988669418,14.417368156453257,11.263314355536567
481.5589264086417,1046.8672104934328,14.489278052939678,11.155039111132927
494.5262228614529,1038.451645371768,14.614234478982283,11.244159237884897
495.2714816810888,1050.769548385013,14.708439835468589,11.236137940399246
481.0889259052943,1056.7912306325118,14.7647955124238,11.05657349422968
472.8094412410995,1064.2654656260343,14.67297748729776,10.544229262494675
480.17863960650584,1064.6935519631952,14.677193595230154,10
479.22166163989283,1066.8587529119104,15.26778229041149,10
488.0873445855729,1068.0535871442407,15.025075304080609,10
500.6260271516237,1059.1817525179183,14.783037320416446,10.099334459554065
487.16749740915355,1068.4633113797754,15.512942035459316,10
491.62842371108854,1068.2477133128837,15.60494250470948,10.012614201000222
488.3041138694142,1069.001166416297,15.752074932961703,10.11721612520073
491.34580510178967,1064.4482680491699,15.894154428049614,10.10150616847624
489.0858761393266,1071.485763311514,15.900349061044611,10.146917026234421
489.42018829104103,1065.8201424147803,16.217336613599535,10.285982000853869
489.17047067900324,1067.8491435032154,16.707918774687748,10.681913062966732
496.8557227483212,1067.325054585019,16.34408177319782,10.64250938404735
506.6206290416791,1065.1961012788308,16.48061096809831,10.521712879053153
511.15932281376297,1051.0720576252788,17.472097783061333,10
514.3283536639233,1064.5111502613872,18.69663001966085,10
517.9032365564669,1061.721340795979,19.359936439163533,10
535.1580175930216,1068.4953074502753,19.41396536947208,10.035414011963717
530.2584522400952,1067.0059762205929,19.352268629341125,10
529.3239229617711,1067.4602807134013,20.829661280275218,10.026247607992202
528.7050063484855,1068.1068588998169,23.367081875811348,10
528.6059524109525,1066.5318712498993,26.632636697975478,10
526.46049756221,1064.9205581452698,27.742677531400776,10
530.4393196989319,1066.3734219577163,31.80177024220999,10
539.2940680901388,1064.5649322774261,35.47451566255487,10
552.7253416597026,1053.9825414922088,36.55844641344188,10
552.0082794292605,1048.9758066441864,38.70030694925075,10
551.6644566349001,1048.623857697472,43.699479790168645,10
562.6168183482858,1039.8266412820667,49.51656765795292,10
559.2966592577615,1048.067021569237,56.13682935100937,10
552.5865306619532,1034.5394374933094,62.97193248607675,10
562.837672914722,1027.5399562921375,69.73680839618858,10
564.1910576953817,1020.0967337694019,78.44787597781347,10
562.1953238667571,1028.6626536455005,84.0230886378092,10
578.4354507050521,1020.3033606614918,89.39588900785013,10
593.9969322282152,1009.7370736207813,91.3925815706549,10
596.325722540636,1017.5302879419178,93.02833542991354,10
578.0995006011551,1014.8404314126819,96.35424198587718,10
586.333374269582,1010.6366083230823,99.79807187375492,10
589.7371636372162,1025.8251125421375,101.41603024786144,10
596.2798943172653,1023.3824922647327,106.07067165570764,10
588.3357844805932,1018.5295393075794,109.98342650818998,10
594.7405884008979,1036.87716694735,112.14082153623312,10
595.4255088562901,1025.2653743829578,119.29542711287536,10
589.7010610504319,1017.5526239480823,124.88452763105524,10
594.5733430161754,1012.1477830018848,130.98353440879703,10
587.7541675705427,1003.6539551820606,136.51111602821175,10
594.3432907566997,1009.5573103036731,142.2343779871964,10
597.1271220827863,998.5475723352283,150.9914748183608,10
605.8026657603352,1008.5499851312488,157.43418972461546,10
592.5395322881203,995.4967310037464,165.19370824070043,10
608.5985637485182,989.5230857934803,175.06427370735585,10
610.9504515051393,981.2546350564808,185.02360320510002,10
604.1897920768868,985.2788455095142,194.34285325591043,10
604.232838605808,976.0161006059498,203.38033445496512,10
622.7507247538432,964.8317191209644,212.06252633125783,10
634.8147678126269,960.0973531808704,221.06975515509671,10
691.8628224192688,978.1703550424427,227.90068604191063,10
695.0646337948343,984.3601939287037,231.16392482489826,10
704.6633338739053,963.5508925523609,235.3635564508138,10
718.2699284102378,985.6730048265308,239.48862993613227,10
717.662595015268,988.3090712632984,244.46582609924084,10
712.8314916365242,977.9721867647022,249.4544379050988,10
703.635090216955,985.4174911584705,254.07258730948394,10
709.0930296693692,975.9761669244617,259.72909228527055,10
707.8626884123722,985.1148378457874,264.69569592467656,10
701.8106199635743,956.0799181070179,270.47998428482754,10
692.0232831681169,965.7585327234119,274.8396338812963,10
681.9597478538471,958.2831108178943,278.3245097619111,10
663.3512064889977,949.178581437096,282.713009727938,10
665.9300779956999,954.4850303735584,287.13044486089603,10
671.8437311655105,960.2390563096851,291.81990411575737,10
672.1305275608245,981.7992751207203,295.9953609886729,10
665.3222189546736,956.5269629564136,301.0672861614848,10
670.5444116217757,962.1451680269092,306.2437294558209,10
666.1349284943285,955.0211174096912,313.41845533138167,10
663.8270619748225,956.8184195365757,319.4132735535371,10
669.1218607704891,964.3485780563205,326.61517986845416,10
673.3689457562537,952.9140163268894,334.98851401679804,10
665.9223129762134,956.7074106540531,343.06645527039046,10
650.1758142340202,950.1544340457767,350.8579890554361,10
642.9697659228884,955.1776955928653,358.0531524272725,10
625.477035851538,946.9793713893741,364.6138364927028,10
626.3163230536658,933.3055995311588,370.5938419148022,10
625.2296889529858,950.671648344025,376.1379146644256,10
609.682482601275,948.8940728511661,381.4250401516608,10
614.5460728680604,923.9835923518986,388.182644698046,10
609.475583602714,939.5913194026798,393.7760057932835,10
606.1521068638776,931.2276576366276,399.8041726379415,10
604.1369537535415,941.787750562653,404.98837852826097,10
599.6404969619839,924.9690574016422,411.1381388730798,10
583.3501813174531,927.3332942333072,415.2683726706862,10
583.5545540792872,914.4314654674381,420.81298961192283,10
574.501595184951,918.3862725105137,425.92189907692574,10
573.8103897517666,924.9360223617405,431.76433763799673,10
557.7865309040003,917.2903867568821,436.4277264913662,10
556.6881714166437,923.6656046714634,442.04659607795685,10
550.1123686401584,917.4090758170933,449.4801015599741,10
550.3701000475317,917.1633318867534,455.9920029992253,10
537.8262166988452,917.8340243306011,461.0250402349284,10
530.5313273167799,904.7486905064434,467.358393141515,10
528.7573448910055,897.8134569134563,471.66664289372915,10
534.8198548824846,911.8996070828289,478.9076087811323,10
527.6752389373532,894.3022922482342,484.9624256170737,10
522.4529014255888,897.2215393986553,490.7975673306661,10
508.9257774891375,893.3236938919872,494.6764211453411,10
522.0233362129552,895.7323471512645,500.8836054860359,10
514.8943773595918,889.0407954659313,506.3297136529678,10
493.7765290207283,879.7439748253673,510.2380597142396,10
482.7541366324618,869.2652274575084,513.6616019675793,10
483.26413321155184,867.576506158337,518.2018886555906,10
486.12733299785657,873.0740003790706,522.8013958365211,10
503.392429162879,885.9578523840755,527.6349348907536,10
505.8335527697793,873.1587763037533,531.1383783660399,10
489.948829217429,882.8425455298275,534.7912330635139,10
488.1816472879101,873.5952396597713,538.2170223011724,10
478.3716518946634,878.7719345297664,541.685483775532,10
468.3389440860168,873.7453608717769,545.9695816819487,10
481.61503598258446,877.5656771864742,549.9736684881786,10
476.13941723785854,877.5527962334454,553.243489942932,10
484.080534018066,876.0314608700573,556.4046924329322,10
479.7420390328728,865.6550112850964,560.0215012624188,10
470.3317456472656,867.9403341896832,563.2155612010527,10
461.5324251862666,857.9499910958111,566.5699613622475,10
451.57025935956074,856.7285005934536,570.6112125331763,10
467.9822370688832,869.7908365614712,574.406981388213,10
450.3572951415063,871.3218392021954,577.64631379033,10
468.56742070131685,861.6721638329327,581.6978987607969,10
469.21888332070336,868.4371431954205,585.3874347265527,10
468.11308392349093,874.6225312836468,589.0521207316327,10
440.00968245958524,875.336284507066,592.5268718100789,10
436.8774160759718,854.1914194710553,595.6450878105669,10
434.39756484008893,878.1299570687115,598.9790570259926,10
443.6684258995813,874.2966736443341,602.815274131251,10
434.51562430291943,861.4023798592389,606.7119284262593,10
414.4459759871048,845.3648241646588,610.4208242094999,10
401.7822491625329,875.028013098985,613.493269161134,10
397.73778520150563,851.4402025826275,616.9983466994299,10
399.20990863570074,854.535476077348,620.1059844822238,10
395.81327155855604,860.128753054887,622.9682209720997,10
394.34119835943073,854.6781047470868,625.395840373261,10
405.95612410500075,847.407561648637,629.0089969235028,10
373.5768918445041,836.6360295899212,631.9478928104629,10
375.72219005175623,845.5399545319378,634.4550645119559,10
371.3820181129798,848.7208913452923,637.1154208063484,10
380.8566404518283,832.596038211137,639.6824248316543,10
376.0481608879029,859.4675954468548,642.2356894824238,10
370.2725290876488,842.9715436585248,645.0558282050023,10
386.5956506443014,829.7118199951947,647.7604914637675,10
393.3932558455605,827.4028130657971,650.4175393620305,10
400.98566157030365,844.4833584912121,652.968859580635,10
386.86815705602027,857.6265231259167,655.4032285030006,10
373.22141437700924,851.0512648709118,657.8335737548215,10
366.0271999987278,834.9126578457654,660.3526101163649,10
369.1751275601782,852.5532714016736,663.3718480339303,10
365.48023119031734,839.4026824124157,666.032591567872,10
352.0788195319197,844.4663330204785,668.9292163830804,10
334.88666764952995,826.1861873753369,670.1989113832115,10
334.79687036991965,847.2027755863965,672.1762212487141,10
351.39734772581835,828.9954639561474,674.9337969629421,10
353.6847198899837,822.9292989857495,677.6783303979781,10
346.69968428742493,827.8834482319653,680.0987132638622,10
333.62771957793314,864.7095247395337,683.0851529062345,10
333.5879913747249,841.1288953907788,685.6192396875595,10
342.18179194974084,836.344083417207,688.322744189383,10
334.7813606817984,824.3733488209546,691.1723299460931,10
346.7978671671009,813.8159290440381,693.733768879785,10
352.78523828689447,824.4114433415234,696.2210551436158,10
350.0726120671165,823.3611858971417,699.840560074169,10
350.59074325885524,826.4875546582043,703.4540965607782,10
331.0631013008911,819.0537420399487,707.3163110186987,10
311.7751212701896,810.3941551335156,709.9196339035881,10
287.62853696175637,827.1849113591015,712.3171039730912,10
290.4699421396699,823.9212113507092,715.2026100769199,10
292.71348809006753,812.6058722622693,718.2344390745621,10
285.6550591080286,811.093695987016,720.2185818134203,10
271.7570489060356,820.0132087357342,722.2666507098379,10
247.02915966762305,811.7223800309002,723.57172194179,10
224.4633266747975,833.1912864334881,725.2098805421872,10
219.58993205246293,819.096978534013,726.9530172142245,10
207.7017064274428,820.6152824051678,728.1658221477364,10
208.51805365558863,809.765757907182,729.8447889348835,10
200.93868036471565,822.1676000244915,731.2701342181065,10
197.0937486353634,805.3811563141644,733.0240054359052,10
182.57866462572196,822.6613687165082,734.5471238946412,10
162.56639859373172,814.9195865280926,736.3747222122838,10
131.71830290248528,832.1445563919842,737.8515723167005,10
118.43815353083545,809.3402789719403,739.8157940946681,10
90.54145824560936,808.6743436940014,741.2957691377766,10
112.63949617607886,812.4561103470623,743.3546981596501,10
103.39307914901605,812.0159509368241,744.9673919092103,10
90.75107607843347,819.3811776824296,746.4880084629731,10
105.78162015937022,861.1819627471268,748.1796478096445,10
119.28007990597996,851.8140199370682,750.2078004142033,10
126.33424682915455,830.036012429744,752.0887043531935,10
113.35544546082235,847.2951009459794,754.0565648108052,10
102.20465941748029,837.6194961257279,755.3560788683145,10
110.61564791642144,826.7069804854691,757.102623370066,10
78.87853629429219,834.9675443358719,758.5434374956722,10
96.77435383887433,835.1784468330443,760.5966205217422,10
105.54793767859758,839.8123393692076,762.3609381328231,10
137.95731500805908,831.5080953277647,764.3022771628649,10
123.46475699016395,832.0275210179389,766.2041717631083,10
111.00575967136547,824.2900127209723,767.8058936651096,10
78.076174111547,831.9011582173407,769.5506620137504,10
100.95683448557668,816.42585933581,770.8985369749196,10
114.0431554728757,824.430118445307,772.3363610037395,10
130.99582169222197,822.5848187245429,773.697344025252,10
114.90751120143761,841.630165938288,775.2007548627778,10
128.42881432579895,839.8457315005362,776.5509079371752,10
89.1308138038047,829.678994897753,778.000012618859,10
66.5398265454736,832.1026413477957,779.2428697038806,10
76.8317501977296,819.2533962763846,780.559519835892,10
64.49470813973124,841.8423645533621,782.1254572844083,10
66.74543035869664,829.6366703547537,783.778392691143,10
38.825499168803844,829.3628222085536,785.2853311817685,10
8.767540160851695,836.0520884133875,787.2786677157392,10
-0.5208410301835897,831.7586685754359,789.6412577345285,10
-6.899626477878655,845.7021214105189,791.9268857283073,10
-2.410252451821691,818.2960659600794,794.205391323044,10
-27.60696707589608,816.4240941144526,797.3571938316908,10
-35.461274729615354,808.1260317899287,799.7019203985898,10
-8.608532273603942,842.9236201383173,803.1755851142525,10
