1850.5,818.5,61,107
1845.6548244790383,819.6868339389823,65.88362601674619,100.23912461394818
1838.8894345786814,819.1327917821995,67.87441539235013,96.68884701574007
1829.9798605256601,822.3765965957847,69.3056068791303,94.92387075038624
1817.7709938375297,825.1608955807384,68.20162699855526,92.83760024172156
1814.242423010847,824.7697630682626,66.58741626544604,90.75607999979687
1806.3656912224612,823.9968538701621,65.37859003203687,91.94063297508404
1799.6622086042464,822.9173676071089,63.11013736838108,92.36871737291003
1793.7219104741603,822.7529065611869,61.27749014405599,92.64261406974785
1790.3616920054292,823.2563332114904,60.12111128561972,91.7890817521931
1784.0484315331441,824.6455881440596,59.28770943966272,91.1845056314854
1781.158861126555,822.3652997345297,58.60476643631277,92.13958294454852
1778.036615069819,822.69451765946,57.97795308408669,92.24526946159314
1772.075275348337,822.899391562072,56.80533948200605,92.50786407599352
1768.8568676055863,824.1445954396288,57.155209910592504,92.11244705116552
1765.2513203403157,824.8942877525834,56.12042812887807,91.75073854506056
1762.8347343625155,823.548790939854,56.31091324060631,92.34731793635807
1760.8461423821834,819.5147752123185,56.504443941993195,94.19093027445521
1758.247733944098,820.33181313827,57.53974224440284,93.68526774213986
1757.2745237965482,818.8268826347064,57.96030509092442,93.76648146952775
1754.0506919466427,819.2781231690971,58.72171762725287,93.56350352450656
1753.5024635317777,817.3690314922858,58.311389421849455,92.73633785240293
1753.7012255376844,815.9572914873966,59.267448626703256,92.67534120049919
1751.3254825443892,817.2170872978916,58.689216500348365,91.76801302059485
1750.449283225176,817.6060995999317,56.77558401656687,91.1516971886972
1748.1702252464697,817.9060185431874,55.91904953376341,91.0288258620727
1746.3141669298639,818.190538411594,56.16390795202469,90.3730443499851
1745.775187699732,818.835919314716,55.37910455716296,90.58828818853964
1744.6095175847418,818.5765773904585,54.246155598758506,91.05502644757172
1741.7981806179578,819.3741584528797,54.45687036103107,91.03834981162092
1740.5898968003437,819.2689133940246,54.81811964069912,89.35719235204532
1738.7391310774462,821.1598505138517,54.49245324866412,89.37204028608194
1736.837263630651,821.1216785883405,54.116873528912286,89.19248199577177
1734.0284569125904,819.0344243842027,53.859935668799764,89.52533920279907
1731.5183253051616,822.9738224623595,54.36078779662091,88.35098411704207
1730.3162822164813,817.3504683073968,55.02286457266001,88.93119042806612
1727.1638550054427,822.6226736881657,55.243350765825184,87.76398646889662
1725.605454627368,821.4059695508537,54.17292904120046,88.1509171872919
1722.5261165357294,822.6697623061348,53.425338535177,88.06477512002817
1721.1650332265224,820.4509444995374,53.010592092449315,89.03436382961272
1719.3328936081207,821.770838760562,52.99326646703946,88.72829623003354
1715.7696336212937,819.8867019451184,53.638348757587906,88.4028341660354
1712.9468574680886,822.4163501334419,53.88373073776522,88.24273346046985
1709.8597382352184,821.0775317664745,54.28754293016001,88.08681926438165
1707.0215324488383,824.9698322190756,53.45500808415783,88.28568116969596
1705.2073267623925,820.7239539124208,53.21384252604963,88.35988006663565
1701.0495499335861,820.3877798738187,53.13467610614758,89.7726871091416
1698.6367062127817,821.2771542860767,53.190854232265785,89.85350127767519
1696.1057700081594,821.0911210099878,52.988969412659145,88.67732645297617
1693.9181687355397,825.4869588773867,52.879535651136045,88.13648041483361
1688.4237352179516,821.947840902076,52.5416080619832,88.90715306055375
1685.7711712979367,822.8948638505452,53.71219677466352,89.90003381461639
1682.7989719104385,824.6758182496663,53.4880112028887,89.8473513385482
1678.4740019448268,823.8941042920003,52.90104889717346,90.62255211297686
1674.8821510101081,825.695716992236,52.51255619034744,92.52359726609421
1669.7851789487333,823.3009901674833,52.549408218675396,90.73358075797643
1667.7414211158514,823.9596923747998,52.80958709626197,90.79461040534743
1661.1419884968493,825.4270814235585,52.7191580914071,93.29371883584514
1658.4202132518758,827.2216081728886,52.38988095607968,93.11908713398361
1655.1827294142622,827.5016461780461,51.746812361165354,94.14397229958712
1650.1558520349006,827.6203916508964,51.995455234817655,94.18059852565096
1644.2123722604963,827.8468132918628,52.858962024837155,94.42660480254868
1639.3066492485857,828.3793671278031,53.413955488233725,94.4145460989829
1633.6885416501161,830.8880445623927,55.20726049077564,94.65138072107584
1628.6437737808933,831.9145350043534,55.23811950955579,94.03806920780558
1623.552655981107,832.7754821011218,55.63802745715115,93.35736325432013
1616.8198168211418,835.4145570749492,57.08898390665901,93.06493775582292
1609.3848450008757,838.2742283908062,58.15055314228401,93.52961421285413
1607.0403456415054,840.486734272405,57.57034581396627,92.74960767579174
1601.658367580027,842.1755999108212,56.673888194857454,93.38728586856381
1595.2331028202457,842.7678674234269,56.78687079364403,95.33884374458233
1589.2940053711422,845.5268649099462,56.07657615938043,97.18806488177323
1586.4649047491548,844.9963390598289,54.94098515558308,98.63413701686422
1581.3951211590156,849.0367668701723,54.397705312851215,97.57904967620681
1579.4653004778438,848.6246260170556,53.15194849709383,99.12698845403075
1576.5709377415026,848.4847942414996,52.65329565861947,99.74499005240872
1574.5437801707342,850.5063351231747,52.41485471952861,99.71469277010686
1573.3277380722277,852.0629494040656,51.90416247496748,100.28411095972893
1571.017441641289,852.7155456467067,52.100885250175196,98.91114341123011
1569.9099925742635,851.2336809998696,52.08155334272204,100.00060023919823
1568.7340481608476,851.9274855665557,52.37545781744234,99.24219269684123
1567.7182579166006,852.0466642269237,52.736474488911895,99.50146254499901
1566.8373159846244,852.0682631582024,53.23625825234687,99.87004384770935
1566.3509338275214,854.6002992923951,53.841780766721726,99.01131959415565
1567.6530941609308,852.6240868835956,54.86816164180338,97.821312198925
1566.7999235182397,855.9693435902187,55.496148091675394,97.72819468259044
1566.3653557994135,854.9738165865423,55.75046942667814,97.8650519030628
1569.35750008901,855.1599901099382,56.37702832062955,97.10821126686972
1567.306938464668,856.2134199084105,55.72889591211752,99.48530562271428
1569.4196749408545,856.234457723644,54.52846072524732,100.56923027739587
1568.2449500368111,857.9834608897909,54.50115219631318,101.0361299223515
1567.9356772402623,857.9674940354507,53.946315626363436,100.96920141515506
1569.5006660402632,857.939253901127,53.13157936318373,100.87624509074672
1568.4589475942093,859.8808335501931,52.16340340128767,100.1085519104737
1568.3453351208539,861.8401489594324,52.36075015262365,99.48528785606342
1568.3024240852026,862.1856353831384,52.301774764681156,97.46278455687684
1569.9515942647467,861.6942093565298,51.77108596351536,96.7964100638066
1567.8785864431195,863.1283944363688,52.63729308549915,96.08194362689173
1566.3182367608813,866.3408472473095,52.504019204354606,96.29132345499187
1565.6317512534465,868.5450612206582,52.42906512843449,96.1541386036924
1567.5762031475078,870.7735545780571,51.84345313795006,98.0768697157379
1565.8826355548247,871.9466705637149,52.072661287030556,97.71879668569134
1564.612692194025,875.6069948903386,51.306363955209136,97.66696545721821
1564.3031595599018,877.168700705652,51.02591144887339,97.79389571883374
1562.7747527335066,875.0472250928068,51.40445047016371,98.0971506325734
1561.2643818315103,875.8214680202478,51.45496550947749,97.27107933085682
1558.8109805472675,877.9343079650703,50.8925402871307,100.47165800520713
1559.0555230581665,878.1926826089903,50.680090435315364,101.41207610437604
1558.1394134983407,879.1250386796216,50.072998289021456,101.72929116724521
1556.817061872858,880.6058480286894,50.16834245681119,102.65596692749914
1557.0464120086474,882.1733081821619,49.72710136916375,102.97695062751211
1555.9374843642713,884.7830270673853,49.606690523653825,103.18633966599464
1555.7747809595169,885.5363654970921,49.61549826213705,102.05156798441277
1554.801074996913,883.8566369153671,50.13431202183233,100.7837067655997
1552.7952637515214,884.5935999840829,49.451076915264686,100.93978551098056
1553.0829290990746,887.8464765730513,49.06736138443824,98.06911982312536
1552.5744243540016,890.3529123972176,48.747847818553886,98.48966120350985
1551.8845212027384,893.1950258586454,48.9550544478093,98.69978147151117
1549.8313075649212,892.450677326181,48.3100049587645,100.56619558436972
1551.8957454348529,892.995163740395,47.99805927451948,99.75320963600583
1549.9582911985028,895.0126064836161,47.855970409878395,99.21515938134459
1547.2929455550766,896.414772474348,47.091720080672616,100.07483387151481
1544.9592470869702,897.188064901487,47.04212606916184,100.49109398507876
1543.4983645307543,898.6088941294684,47.50689235652058,99.06856501996847
1542.4681191409124,899.3720966316843,46.880123462131834,98.78466699643272
1541.1841921441742,901.1769243433106,46.34211769913871,98.04864614997756
1540.1466772043834,901.9935196546144,46.50603932333373,98.06608397490243
1540.5261157699972,902.7351622286931,47.2653087069989,97.82186375861477
1538.891194296649,902.2420272080898,47.242968492913526,97.89618303278107
1537.5823005712277,903.4494072251076,47.7371154064938,98.3528183482478
1537.675352900653,902.4367394264525,47.63439086565593,99.32790341531528
1537.3724381745744,903.8224048750803,47.22327853200078,99.92692907781303
1536.0824012475523,903.2540613056244,47.46274188189455,98.47055572325553
1534.0841744297456,902.3141108617253,47.7436870565095,97.4298328317567
1532.3854363526768,902.1735368073819,48.25918040730239,98.35109393654518
1531.472780877582,905.5294800296838,48.33946143119185,99.1606417990397
1530.6163528224768,906.2606485184315,48.75098447160079,96.73771392255372
1530.5564723626237,906.8064003429835,48.9095143607833,97.09782489175103
1528.606275404619,911.2229043116388,48.93886530994985,97.62430353433535
1528.2582877865289,910.6244970710168,49.46290609049719,97.09782077722954
1526.2585457202522,911.9796984174028,49.27592209866076,96.11092429669205
1525.2527574818466,911.077473815531,48.99267397525243,95.06441086158055
1524.4381557476167,913.0287498996464,49.219816458146724,95.89767755626485
1522.4894547353585,913.1650167866683,49.37939571159066,96.8006982961524
1521.143668062251,913.5703064645511,49.469473791845516,98.4395725326871
1519.4724797994286,913.1337269137088,49.688528784286746,99.65283433675108
1520.7105924680757,915.5289692585666,49.94546179698355,101.4086705622575
1519.3933877121415,914.6233759567068,50.038799655486116,100.79256791846436
1518.246271312319,912.417182170646,51.14034482447738,98.20578375672977
1520.258564336069,912.1873078386675,50.60656893284599,98.38599781256103
1519.9034447632885,916.980345180589,50.904890421747155,98.07676715337624
1518.6332246858765,919.0527125788531,51.22797484842164,100.03468156873171
1523.2176988120957,918.162100257905,50.03036677542669,100.50511173793339
1522.030436466624,921.1960862589887,49.34967086242682,102.618442760058
1523.663805516698,921.9356577609678,49.68078451551396,103.0756831226844
1523.236296746387,921.5176077863943,49.308451225103724,103.03239289172072
1526.2940001428774,922.7108174564137,48.93644691320219,102.32235919277994
1524.550093579342,924.6160939814345,49.78873386000581,101.86529458802025
1526.65985377149,922.6255255792091,49.83576067877422,99.31323923472561
1526.3050954794164,924.692895810705,49.266037131542745,98.80404093558293
1528.044507368314,927.7722175853809,49.03167703592205,99.45471068350275
1529.1280889590769,926.5546591469163,49.59284041346352,100.04209287071956
1529.140229850739,930.8339836649847,49.59030151234636,100.921963312427
1530.2562739404282,932.6077257241129,49.435054687337875,100.45418467093114
1533.7508274792053,933.5565989399298,49.19658323371556,100.64335397072745
1532.1483260893367,935.7599316787309,49.93877835811847,101.07074868523344
1532.1118643945413,937.3622901617143,49.8452106266554,102.65981776815582
1534.646508247339,936.4506868998816,50.223414090036044,103.26315885049891
1535.1102606004856,938.2346838081937,50.84356389328714,105.08721386962898
1533.786499271256,940.2808414052042,50.80750734527948,106.1515773522132
1535.2603687677151,937.331074514951,51.73915310844957,105.905043036559
1536.8599707426201,943.0331988728218,51.707613448114,106.68478861403014
1537.5079059241698,944.5630114624807,51.57717899523938,106.03357732173625
1540.2037682552154,945.7904900182358,50.741935694537275,108.70251394801907
1540.2759100713172,944.5750941222202,49.94970808879276,110.69156895249256
1540.3134892511962,945.8909451242458,50.23098428289626,111.34404735119702
1542.9434327713966,941.8061050510948,50.48646236624443,109.75190861169595
1542.6613568007929,946.7088920135927,50.41603107266471,111.03091415447349
1546.601399667376,946.3675586419295,49.85801641493809,110.47975461815983
1545.2502330670934,950.4587643292812,49.70536962359037,108.15673445591989
1548.991594638272,949.9367164900267,49.528182751374366,107.3965434160603
1548.085115083977,950.9140063837799,49.25340000815833,108.12828917863324
1549.990963356516,952.4591362638579,48.86906542825937,110.8488352160542
1549.6261097303366,951.3363406211629,49.32819539890485,111.36009978120649
1550.8891274630828,952.8539239596294,49.18423166688733,110.64587359881088
1550.247403692141,958.741096959563,49.2071605386885,108.59163372382142
1552.890043336727,962.7838146828713,49.31853299435919,106.27356325599516
1551.8154907493042,961.77497091746,49.20931497660848,106.60034211639235
1552.9670630026003,965.1336439049879,49.93947754551645,104.14780574979582
1551.8811805553416,967.2563655586636,50.630516794015065,100.92762014908678
1550.9443965164792,962.8747164394745,53.00223814103096,96.8426813498064
1555.2343669824006,967.6656369791301,53.02761051027437,94.47510323283629
1556.8836777003637,964.652617567259,53.99545473825796,92.20021012603651
1558.4078360664776,965.6649490460583,56.198363477526755,91.10834525603501
1563.2654604546506,963.0965195212774,57.44332740870031,89.998936986871
1564.2870973135077,964.8664076283526,58.033613156394665,90.80454966203344
1562.6675942730733,962.8809472632892,59.47396158154757,90.7660209101962
1565.7687482033023,965.3909739871137,60.03800637459309,91.67847450066343
1568.7343635152156,961.2676499145057,60.19076012576632,94.39853468277539
1567.4813326987903,961.8673268798292,60.72464925991363,95.76903262743352
1570.99448665584,959.8745011326635,61.278515315083226,96.83466163412459
1569.6667777827172,959.8617534408579,62.84260753985993,96.3753975975792
1570.2999575763868,958.1023448801974,64.58166935259072,96.76398715313479
1569.0787683318847,960.6524389707561,66.51641266541318,98.33578412140095
1567.3043183796315,958.7056343551272,69.74513003784749,97.60209118285891
1564.9276857289542,958.5798467210959,73.83763642663881,95.80223598713073
1561.2783285957323,956.6117068615661,78.30667048869087,93.58034262193122
1559.4827486244942,957.7600158721774,82.26729849428321,90.75582372609388
1556.5436856710528,957.6412321260627,86.00080350578031,89.10315364851424
1557.8091666886805,955.1348200252884,89.13771914462781,88.4966178799703
1564.3019861017278,958.3513268187525,87.0465810509549,91.23021691816426
1569.789585779506,956.6903891438487,82.92188466323292,95.90302391241119
1574.150793758222,955.5970458283077,78.90366468205818,101.7632091740169
1577.7827322056582,951.1449775902869,76.38859664796452,105.98210156665407
1581.4690793521838,947.4942546836731,73.92268593569369,109.16474626293817
1585.8689174257377,947.4176525264577,70.96512519080781,110.76713213407078
1587.1663593427784,945.6163523304286,70.50517268263886,109.03539767581758
1589.8149473913584,948.8812875203313,70.60999987374765,107.08005980486244
1590.7602554603836,944.9661727799048,71.41047503475443,104.17284726911387
1592.8975452383102,948.4814524450073,72.36759160774625,103.30108186514789
1595.2970056234074,949.1027308395448,73.58632382598599,100.76965211884317
1598.656788682174,949.603978392756,72.99270566072306,100.75958138127935
1600.4756125995186,951.6021467999493,73.05883776187073,100.16285747048755
1601.720187457696,948.5101544545491,74.27825781060652,99.36875282870736
1607.9131565017954,953.2695933706572,74.46997932934153,96.37216761047435
1612.4759460213677,953.0125949355202,73.43091762418143,97.20010718137289
1615.1737935535334,955.0149946976918,73.02286532489508,97.64808027436962
1616.4080153005564,954.6612946129012,72.68866603441649,97.68728871297475
1618.4761282540694,952.3822893735926,72.1628908720193,98.92920193207048
1620.4154288955165,953.3479344596275,72.10384081860235,99.6906049934907
1621.1874218321748,947.7037783824786,71.97674508963374,98.8967180511087
1623.986849883569,947.7119261415942,72.28385431506194,97.96363693507656
1623.0378372495238,946.4516320407657,73.80080113128031,96.04036126801998
1622.294170905239,944.5466204543658,74.7063728173095,94.211724963586
1625.9700901730869,941.855306704468,73.89975513351197,93.6298858915737
1627.110609206995,940.2210088489898,73.77922474468133,92.52932333455526
1627.0108604189081,941.7260524998292,74.40300019270205,90.68751460782006
1626.706422885803,937.6153386310643,74.28196566008485,91.12858927604441
1627.6117574847613,940.5621939110736,74.05268529330725,90.77380627110998
1630.342982669623,940.5029108168511,73.6611935379328,92.59199628272091
1630.5534560296046,941.3861283526265,72.86907295932707,96.85005061394091
1635.5258021334396,934.8472570970382,70.52969977478952,101.347043613399
1637.682755402193,928.3836103285331,69.54118095357647,101.80134043867821
1637.746435220836,929.2992963253963,68.68742052369154,104.75434172833798
1641.8229038247503,927.7300130863757,66.20427119962163,105.14699732342922
1642.1165008032985,924.6246920579479,65.25251538673163,103.8212252338617
1644.2517982749134,925.5579126396049,64.40789099785398,102.92072484403468
1644.3654088927053,923.6669528959471,64.08179762222032,101.0144529174708
1645.9472159332731,924.1407402604154,63.30437920072207,98.32259284345685
1643.6801713628477,925.753510810542,63.50075271581012,97.92385590427531
1647.4912534570858,924.2150063656111,63.11203083385241,97.51751523244597
1646.1652977254357,923.605209854864,62.964717205218086,95.35591008613916
1646.9861339881556,923.2851873344157,63.88925518812482,95.26032085970564
1644.705206633437,922.62896689073,64.47246457285522,95.29157015962892
1643.7680332377006,919.9289417629745,65.50461704555664,95.04695946543283
1640.1786756089623,913.9440098566776,67.00826201723626,92.12151192243606
1640.0831976405077,913.0118556868654,68.88485161350788,91.04397269927043
1638.7892486475298,910.2671449026915,70.20781136418097,88.51909106022063
1640.260900911896,909.096710424588,70.73898674916015,86.21235078257145
1640.301125458104,911.8868134457649,70.86880827017622,84.74513464271408
1640.018896824616,910.6379077569601,69.65063747776509,84.80297838802997
1640.3052465205935,909.6308460436595,69.39420179130202,84.05429826009619
1639.4631970727633,910.902414137865,68.83737752068744,85.39736965225156
1640.099424121705,907.8124936598554,68.78330756949434,84.96744746282417
1638.7696911951837,906.9595648826645,69.1510685294245,84.4237475220887
1636.6755982977206,906.4391379616311,69.23937649003086,84.50052269937581
1636.001976737354,904.6991708297662,68.45934628961233,86.01811648897689
1635.6111173207667,903.3035518356593,68.70481417388098,85.72262876536821
1636.3749156319898,903.2294947133505,67.8167089306958,87.7823527788533
1635.9046954692492,897.3431776226945,67.15335408539303,87.2161760394499
1636.6995519457396,895.9247919856866,65.46238158046978,88.35785105911695
1636.7604115342335,894.8766254911307,63.577702327150035,88.91217028384742
1638.3567934267699,893.0107886167045,62.08168894452784,89.94081821482865
1638.3255004513783,887.6350385030465,60.56221813452272,90.85375166205418
1640.9478416320633,886.8924240893176,58.77273406111689,89.73977189614347
1639.3197478580676,888.7176795156346,56.966428761665654,90.17047594829485
1640.9789483890897,887.4512206981091,56.27447037044344,88.90497386937173
1639.0474118167897,889.4012464445146,56.234332636671496,86.10405336468172
1639.6628736345363,889.3504483012454,56.90850636655765,84.01813224666407
1639.3329005315634,886.9402867820909,57.25390339461829,82.16428622140481
1639.1520940604564,886.9342771941251,58.570860954199105,79.40413127738697
1638.492401044552,887.5518012059952,58.18089580402393,80.67626680543515
1636.7288870749858,883.8997032459174,58.08099803629263,81.0278326825611
1636.9408426425937,881.0667508822772,59.03270094812753,81.54546155763796
1634.787742681001,879.4874626068395,59.54762179378319,81.252323831246
1627.113183024772,875.773365744406,60.97974224302057,80.91136968318813
1614.1501088272294,871.0985292265188,61.74716299223212,78.45735276229736
1594.850059476943,866.0246598156094,62.54096439055865,76.89319659510271
1571.1590523261787,861.9076863056312,61.67479830268318,77.02347635584283
1552.8095892686852,855.7704786885583,60.77270360468196,75.69224354921697
1522.9084140823045,848.6963781652321,60.32603816933772,75.77011588340612
1493.483346456195,841.2556870378364,57.73339006584361,77.83701735664236
1472.1940759428846,837.8483730361457,57.16715951653681,75.99525898459629
1450.2687571456272,835.2465912364798,56.332563041227374,76.46348055817131
1431.4508214013729,828.2713400892052,54.80986137910102,73.95034263970788
1419.0223036560865,823.7334769955575,52.65854649735936,73.85456289896383
1408.0798410451562,822.6196829089748,50.469470406964156,76.11058276522121
1398.3505131150482,820.4471619926861,50.33661930917232,75.71479322267652
1389.4664022875506,818.4790817577261,50.11564609417259,75.2479652587585
1384.199832598774,811.7112694885117,49.99405562858587,74.34028573529777
1381.2119714348053,814.3113597073126,50.71308840803094,74.00727515472104
1376.4096601479753,814.6738724374806,51.03304968866125,74.28844941190688
1376.2672787480685,811.5019844780331,50.50780652562604,75.45407849165976
1372.8271184164405,809.2857525488896,51.127047400674286,74.740160971773
1372.7030631630878,807.8877480479683,51.039366170538344,73.84023353219412
1371.567882062259,806.337760891017,50.526906240085495,72.52246225588684
1369.2377384691833,806.9656162172151,49.283600362882424,72.58631773412861
1370.672656290427,807.1765035757002,48.656587129070836,72.12583229632156
1370.4946041117846,805.0042725129373,49.00370453457241,71.39703411453526
1371.5876370383749,807.6031432882793,48.32453255460661,72.37473573630604
1370.3267637880172,806.0718447487052,47.34148207351044,72.3474170630433
1370.30291585064,805.9515339489312,46.696810632972785,73.21191940657177
1369.840262792753,805.3064452912428,46.439103667196,72.74342937213332
1370.7428338081777,802.6428705277197,47.41655297927258,71.02938112238509
1368.691775609159,804.7385697678195,47.34563232515549,71.82754086209495
1367.5685471018355,803.9423961261625,45.732919141361705,71.94035876461075
1367.8797871522042,803.1830823038516,44.658345171176535,72.43421066574804
1367.9881250761441,800.5813326669136,45.144177653642274,72.82859500661019
1365.4720863773443,799.1037311744816,45.02731162701704,73.32809234877385
1366.0256043000838,794.319238238193,44.93858167925046,73.0167338304821
1365.9511095266125,795.6946409842559,44.72414874298736,71.45737857658406
1363.8768745994275,796.7838343698409,44.08165494760754,70.79835461268783
1363.5830731400067,793.2287848085107,44.92033435613619,69.31516436004303
1362.1779617220159,798.1137164146039,45.15200399234968,67.51935453073031
1360.5772358030617,796.1445684189008,45.31290607516161,67.16059813871357
1361.2025191069313,795.484810179481,44.95733909072108,67.12278560658976
1359.8005299982212,796.0163921739893,43.94618612070216,67.38783364035456
1359.943059842431,794.9419036735577,42.891432759625786,68.46727324001844
1359.1373058681907,793.618778429767,41.85335474581082,69.42077279681371
1358.1793755412734,791.6571113306492,41.41607933702337,71.08585508960793
1358.3617366183655,787.8583626856711,41.05301787057157,72.4187521026172
1356.8229174463204,787.2967237697037,40.94446370214975,71.66656024995119
1355.75409820281,788.7204716651071,40.49942530165837,71.55582889014413
1354.2659733923401,786.312624334365,41.339774901998496,70.9959618374559
1353.5288156951121,784.4934037140674,41.114070936866085,69.99725755879456
1351.266983538853,786.3799264578361,41.47869908986885,71.13683213885352
1350.9813210624043,782.5445512638188,42.10307736222074,71.21278110095423
1349.228902901926,783.248701408695,41.582627485514976,72.28877498730374
1349.9496495282156,782.4369271739366,41.59511265223945,71.07405231576817
1349.6753677944855,779.8102911042718,42.175720742746876,69.80911928923489
1348.0903287102674,778.5071882475353,43.046523989765774,68.61590130809705
1347.2478300768964,781.0772734175769,43.81042308384282,67.61676223327267
1346.5879801038243,781.1522567362422,43.586015473644146,67.03499180322696
1346.5088775092386,779.5751106170807,44.66976170609732,66.2520629912876
1345.3477333811732,778.7961799274935,44.48099687690074,65.9038566414657
1343.9770856779194,779.7796268343513,43.590510466925835,66.08106754691192
1343.6065334123994,776.3075739091763,43.861846920830914,65.67667266865483
1342.370888271244,773.8105623045027,42.75332706062464,65.53721151444623
1343.0982927024554,773.2711168259195,42.02768732852688,66.78392589058748
1343.086378788231,771.778003542218,41.15983300899576,66.7960840547465
1342.3986424536565,770.0682295256566,42.268579452530695,65.76549208847942
1342.320482348886,770.8958813518979,42.16448506169941,65.31902058073435
1341.7983989150282,770.5956884901829,42.1017803244953,65.12076056937731
1340.2758671750792,769.4321984716023,42.00200404075209,63.9402125399033
1340.1017163940494,768.297655878223,42.07771824386025,64.02808244040696
1339.2746710728277,768.049334933351,42.108464703335386,64.66101046963917
1340.1076360517047,766.3867097473484,41.929899514563395,63.76340575054957
1338.164230798385,765.897837874016,40.95640471190684,62.47066195029353
1338.314666995602,765.3062515375235,40.26427020342503,64.46060143131142
1337.497405804931,763.6920822696626,39.75478275619918,65.61198393332666
1334.6250991208353,759.8329765134037,40.356772223023846,64.69173719389138
1334.9643333707854,758.7458850325936,40.02209258535169,64.0178936414581
1334.0150632009172,759.0224261557287,40.1330969000411,63.601881395359634
1333.550624046508,756.8178923990345,40.470848468880604,63.35146118444386
1331.3902771771309,753.3476445486641,40.697070276177115,62.80541370662637
1330.5072210394587,752.2852158301828,41.854647678989565,62.4148278185463
1329.9155513102257,751.3226242269632,41.629695201534936,62.6848623996116
1328.5242955102628,749.6596240928674,40.92220607666847,63.40701039576943
1329.4647943966431,748.0929245672396,41.70728162620368,62.30698621399267
1327.8434826212817,746.3632488703445,41.98271419601525,60.74773046819555
1326.8233445537974,748.2742353762612,42.00216732912243,59.97121458107217
1325.5522247795918,746.8745226285811,40.79823611833271,59.713346184525804
1324.7171691085928,744.7955439747363,40.47276583343842,59.778155260708985
1324.611973135624,745.2988374298284,40.134783841769085,58.81964808705559
1323.6111805224402,745.56144857825,39.200637180319326,59.912079398534544
1323.883496334982,743.6096012910826,38.87270046158966,59.38547802865546
1324.1362794438544,744.1034370420475,38.99061581551934,58.52278246880087
1321.4535908442203,744.3370966101015,37.82478402278331,59.08045913652592
1322.4667983977804,741.5483574455334,37.49191080008563,59.5020355567876
1321.247070555599,740.230486669758,37.106783430859124,58.38354422488513
1321.2104478023114,737.9345585983363,36.94394168970533,57.60528365706564
1320.0255967989856,736.6574845517929,36.824016811896584,56.99715405163553
1318.88119739627,738.4970160190464,36.01606655002096,57.153501473649996
1315.2437373355556,738.9602311310391,36.53008283615344,56.27454139459215
1315.6233284642342,735.7223496362221,36.4448346212498,55.54141442298361
1311.96048927446,735.3817735759593,37.80211442978377,53.892084299017675
1315.0982677149516,733.316983730749,37.56279145077802,54.397170152081465
1312.3431004332026,731.307666707903,37.42716759066165,54.21386795280913
1311.6306704723074,730.9469525122745,36.960355497261965,53.869979428553876
1310.693292616769,732.8356857062024,36.82726962127212,53.76512594620047
1310.2846917361446,731.5715218433622,36.764723455332,53.00470087761494
1308.7734577889723,731.7340632235326,36.741327006033124,52.489404273094124
1308.6044805654758,730.2968873728818,35.94605744255878,52.703794273956426
1308.2086551395707,730.4284970941733,35.98786880967724,52.022429264194706
1308.5026615745462,732.7012320907022,36.469315854887384,51.50677065343056
1309.7166015500409,728.634824608591,36.84877747952088,50.79941952573403
1306.6187990024878,731.3838509712234,36.4181656861991,51.92325305382612
1308.7344863635535,727.7663828077376,36.93454124635518,51.5929098970025
1309.1055573422673,725.0637143402829,37.48337760142023,50.33840958597072
1306.003489234624,726.589969955718,37.673039424769485,49.59390583381476
1300.440148507067,729.9362395401629,37.742357369751396,48.522690250435105
1305.524047688271,732.364870403902,37.261501107868824,48.644964579475314
1302.1249754022106,728.2063843293729,37.94592335561829,47.97848107057455
1303.9419783527558,726.29409959349,37.901331812666875,46.78148176716327
1299.0874991718395,728.2053688678285,38.33151209832758,45.98838362147106
1298.2292608760615,726.6981562740822,38.875304616435265,44.91365981070306
1308.5513224117285,726.3091044589054,39.46185056670754,44.43076435753771
1307.4122663256537,726.7225564437451,39.7663078726388,44.14994634157084
1294.8371786246332,734.2418965867535,39.78355442641298,44.10971728846424
1297.1692784227505,731.9104555705143,39.41062317887242,43.688194375569005
1299.6824931795193,731.2108469013759,38.97478032762736,43.540684414155436
1299.8496755315325,730.9545885376074,38.98168672602946,43.23195392165324
1301.832967315247,734.3778131921466,38.83069663966412,42.86657560790556
1301.7049228453209,730.5297268643263,38.52343722660724,42.76965648955925
1304.13739491905,733.1946997105978,38.57399562736675,42.66217965001338
1302.2996771318035,733.1540995118266,38.56694895927564,42.61617494391984
1294.8668230850194,731.2180927725888,38.239764978258854,42.94261709518603
1308.074464039385,724.1249915931562,38.41292110358534,42.79417227540118
1302.281185509714,724.0968074860056,38.38594705025603,42.808515340833885
1298.2067477888804,728.236960860258,38.50226023606409,42.07704434672371
1302.0375838238185,735.8989167249622,38.082131936024396,42.39045504315753
1300.9042744920343,735.9001335037342,37.09785843726951,43.10527976016873
1301.0073236015503,738.57375664447,36.634328293894825,44.243759835203505
1300.2971491230971,739.9773595040804,36.3381891278609,44.63985983726581
1299.2317326066714,739.7808918308693,36.22373331183568,45.23725495520172
1302.633169963848,742.3207120006659,35.77994987937309,45.978340533424564
1301.4257936396004,742.0411573246616,35.20531930719542,47.23731486899195
1301.4019522207939,739.418171083378,35.05603834282879,47.15893842501506
1302.5762706627359,741.383476173614,35.21015710088204,48.08386565909376
1301.7697115830756,743.3911792762333,34.65873973774158,49.112247886930184
1301.851260218776,741.1235362844558,34.562282575164666,49.3638033635881
1306.2477686206762,739.749127083223,34.56558477923757,49.62735341163784
1304.423215501379,738.4162056979753,34.67300758239197,49.62891195285468
1267.4492166456755,771.8883229149894,34.466449019385166,50.161507047635084
1270.318695019808,779.3110283638223,33.79260295456122,51.72039493231797
1272.9922409710582,795.8437805200992,33.378262230802186,52.65382631922688
1279.9266019652075,805.7902336551235,33.230719250987505,52.993582250105995
1279.9458989872562,814.7409580842456,33.35401492387307,52.5160111079264
1287.7672768918846,837.3424685245278,33.390203702323554,52.41105083527224
1291.0575635956632,872.7273926879892,32.9972094497349,53.470433770556454
1297.725204556432,884.916819735471,32.42836124401744,55.178459405817414
1302.3993585231965,920.6422249590167,32.159921627138694,56.10165713743695
1308.8583651130466,929.8268630527183,32.058643715077636,56.53255757051713
1312.444854498342,950.4368394422297,31.9669590042404,57.051530725332164
1322.9728630984018,967.9208947619105,31.783588135907877,57.65493421560917
1330.3696170846833,979.8195101292492,31.674148843154615,58.191050801488466
1334.3737857262947,1027.815675608878,30.937036535517727,60.3095367977973
1343.655362815575,1019.4494546939175,31.304205004051678,60.28929117349474
1351.8611236875174,1015.8219605348474,31.457710497105303,61.00230733129558
1360.3275959887294,1014.2669624112549,31.555745051175556,61.91749509535676
1369.700993209074,1013.0664678320024,31.68382854017346,62.645535058953655
1377.1911550289883,1012.6730492112097,31.844374040970315,64.2279131697751
1385.7781916967404,1009.9131868283482,32.17202876332747,65.4322783430602
1394.1232398043549,1012.8896456656698,32.52265062671177,66.00524720406159
1404.3672495620647,1012.2127969572751,33.02843413558399,66.61899485802974
1410.7624024266636,1009.2794425670107,33.23362610993842,67.6254131112148
1417.165702195544,1010.1348792783788,33.63143426413323,67.71918582285525
1419.3580682111442,1010.4447341289629,34.054026642417895,68.07086166026507
1419.7230046589484,1010.9706685040575,34.33252223893587,68.25641311137737
1415.4667851578895,1009.8741185820802,34.82164104299456,68.67640053906456
1408.1133600961816,1012.7142952792375,34.89457049685479,69.05846465192175
1397.7482066335767,1011.4638768365855,35.625791042059724,68.92467586393157
1384.6732723132016,1008.5118771670686,36.0250760341284,69.08355610811671
1364.4291850349555,1007.8821414552356,36.44286942606951,69.4455515739123
1339.0436497959652,1010.6819382373493,36.68825173266341,70.34635616871196
1315.8011777241798,1007.4330688318142,37.68834403907608,70.63354228736867
1282.3380950944713,1006.0920603111995,37.32501192300452,72.28401035170008
1248.7843922065806,1005.6110562436019,37.21735269634453,73.18856567782977
1221.0057581588587,1003.2202253540029,37.47021176468894,74.08678004835151
1186.7019467531031,1004.3922515621734,37.21909281594597,75.17266499468134
1160.4513197445306,1003.9102152539554,37.4747108467633,75.59231122952959
1134.5835467187944,998.1235502519063,37.56828149540341,76.6220525953219
1112.8073041130813,1002.6419587596725,37.81296259916351,76.83580873805357
1097.311986588527,1001.4303315765402,38.028510291704976,77.08911548011181
1082.8546885478834,999.1249911449656,37.94500609223027,78.65553154986499
1073.7436615984793,999.7337489746352,38.02730283466644,79.28494842092896
1068.8153068261836,997.9763957112518,38.2665092130591,79.59470389979826
1062.7611741690382,997.466693147508,38.673939299383605,80.06750516881523
1059.5059182055218,993.8720143626325,38.82828390997953,80.69288454337556
1058.1076080118364,993.2105948739978,38.596936605928946,82.40965023053545
1058.2665990644953,998.9089686908468,38.92099415725026,82.69478640878809
1058.9364906188296,988.3151768061447,38.985124308088004,83.27357119747946
1058.7200315310133,990.3463969726228,39.07601475993109,83.9489419530854
1059.2130359864436,987.9209255296253,39.179133032031224,85.2992852163538
1059.2733950161587,990.8953965344998,39.37560165601752,86.59016559430009
1059.6492172344056,986.7714557693572,39.733491363925225,87.3091307656376
1060.3215685886316,990.362069487536,40.04961998767999,88.05490909710214
1061.6257000122494,971.1708986600738,40.650593047045426,89.03356041389173
1058.42666246757,977.1548786472283,40.740647544668406,90.19041161206809
1052.2657655838545,984.047169749357,40.879958592677674,91.67044637405843
1043.9472980932644,988.0464487382326,41.26309032068415,92.44807343201285
1030.9646955002363,976.7511693228171,41.61026114394715,92.94087873806356
1015.202391971831,983.8060093114815,41.908795889356554,94.40912062810517
993.422925694867,970.2084011051954,42.20805055632173,96.28455859829467
972.356183633131,971.3653578632889,42.633362835311374,96.43442834626775
951.395386205379,961.9227026536081,43.1084778934518,96.63675345984318
929.1531756200209,955.6656754489111,43.52791188155095,97.35843898038229
913.895014775661,962.2662436352654,43.826080570392854,98.09925149835978
896.8536926968635,961.869090864693,44.06405538594676,99.00389507920073
888.2955431011625,957.7635788621051,44.261390191362494,99.56479930288242
881.8572889486294,913.8451390855986,44.92047982577441,100.07208901214534
867.2099882233995,939.1168028146806,45.276030601795924,100.72078197024126
861.9081325032912,947.5767757656381,45.95981730598951,100.81581256979086
857.8652469010583,949.4971731105674,46.36409522813699,101.23360237929161
852.9871234267791,951.6595793563595,46.66196052386344,101.90039564637448
853.9867506863835,954.6633585916499,46.76743994859391,103.13137544102193
849.6200670822063,960.8043146072569,47.11174904385,104.12580675544986
851.2168074047441,949.7486345946603,47.25329537822095,105.49203624170269
852.4352031817638,932.20241925361,47.61257416147713,106.04414938840296
853.1598453965946,923.6169428553762,47.77055305846033,106.45672129497785
849.070046383865,935.5793540838321,47.85262167260356,107.12546954729459
849.8654548053577,944.8093742728154,47.8776971206874,108.75152497926446
850.7412231763258,940.6161483704846,47.47694253474181,111.18726362627243
852.8788462373527,947.1441024021354,47.50718833697375,113.38126687125923
848.4353838880571,945.7829187404926,47.84622714078946,114.37665660779861
849.5228809032515,957.4104707541418,48.194353990527766,115.74714958062235
851.6509797407828,948.0669650006928,48.6245471922352,117.5548314061239
848.258522642211,952.488619947017,49.42392242987561,117.45256365062144
849.6523987290049,951.8383332469557,50.189185249955486,118.55274948346226
847.0115898041574,950.6529890169172,50.44653733350662,120.21151345022656
849.3332300972434,947.5793525699171,50.74169468602495,122.27513670891167
846.3136030735496,949.7700337076307,51.08405837925575,122.8678650096564
847.3368964462311,944.4683653380322,51.32374964330756,125.10009846211025
847.2609152190284,936.3349605494151,51.86368224722996,126.02141663004262
843.8750530120931,946.5328556921164,52.38988130099317,126.92255665775033
844.4872755662977,937.2365643173957,52.784289284777444,128.53620416549245
842.6928156826015,937.7270408059637,53.67811422833283,128.92364818580847
844.0430835623831,938.0123983478604,54.286801166981235,129.49109833753437
841.0949623673496,945.6068797951584,54.504376488566805,131.40444180890512
842.9234242158063,939.3950884930562,55.02646175237716,133.24962952327812
843.8848179416798,938.1684500735588,54.80449152799376,135.76180038184688
839.2518527792973,932.0168916115779,55.086204209021005,137.82532666097228
838.7732299139319,940.7039816598965,55.12641406204723,140.20667787537025
838.8101210885075,932.8649792412671,54.85648193154976,142.9961958504464
839.6393243526734,932.3851702978358,56.12998258018927,143.55059445062872
835.7572928301892,929.1904690280595,56.81600693268335,145.13956955335266
838.5300012603483,931.5947183149717,57.93099189350166,146.91641720145213
835.7441641663107,927.9042741752795,58.06753834643872,149.85645999133445
837.1301232649236,931.8400103354322,58.27113766058098,152.0019945451135
833.0983993371849,929.6315676558984,59.17297729691147,154.19589916649517
831.6678432275601,927.851123932245,59.145116280077175,156.08951845679664
830.8908895425825,927.0548330948328,60.0617370465816,157.82733283888297
831.96721512011,929.3919544038844,62.03857054499946,157.7932083428807
828.4542772286327,931.736059993267,64.5366634109313,156.51483798633532
828.0860335608859,929.0384427317931,66.1557503982385,157.0656730570737
832.2186271855293,929.8119726004555,68.82404913375392,157.2840920499504
825.0435657388858,934.0284426480619,71.67945538275384,156.6182961579239
828.8023812009762,935.1076497004838,75.49674248072876,155.52096465462722
826.5471419140786,940.0036339048606,78.77104134508946,153.00040766478836
828.3637291997578,939.4495462238672,83.0939348126715,150.3367834624136
