961.5,826.5,110,254
932.7391675206306,836.5481210306166,116.51699958398288,233.79317969980286
931.5756690852862,844.1295967004073,120.70714800496467,220.48395725064034
927.0843801328784,850.0656219479408,122.58752873952258,207.90872203171915
933.5719821541724,853.7853783881094,118.49543474332155,206.9623164702603
926.2757574558425,855.1538020204082,117.0241996764803,199.5983940103502
927.0101438311252,845.900022511853,115.62948831965255,198.37742595836872
936.5655310218608,864.4403784389325,119.08570765156031,187.2265007863387
923.0114081147769,863.5766369465388,116.42439551284714,184.19392584494818
923.3121106605346,881.2548486605273,106.06031895068988,186.35950177610192
931.6447050160419,857.0241999400419,99.42822941417475,191.09840618118426
936.2655428753119,852.6345417446868,91.80747685714138,203.57356245379123
934.8697087485168,852.0393213097285,88.88565796244664,209.58363013187437
928.8038185635019,848.5043117268223,91.38149778071869,207.62103554341442
916.0512068286687,843.3408966023203,86.60452711281191,211.2142379962453
920.8329599820787,853.5744528347219,84.05458873049132,213.17782964826324
922.9830797977168,867.7730333480833,81.05819593530528,218.3510764889719
913.4761233702078,846.0538875940159,76.69974093143657,223.46863969510497
915.3101415484332,835.5614643885257,76.47151389734282,224.0795561286684
913.5184103049868,843.5499187040648,75.28906051356928,224.4849202179272
911.5704296489398,849.3452144965258,73.60674328409819,226.055247822458
904.7811689723591,842.2347414932516,71.98403077342914,227.51742097896997
906.6240347184015,843.3090446457713,70.3194276974056,229.67878076127192
885.4859993747726,845.4765581082637,70.40903979701703,224.0485015131364
884.4886381072715,839.2206830085872,70.65940903764647,218.9925599095108
887.8170401709183,848.6698368620173,69.27617687843166,216.0740753151385
880.7269875904834,862.2861666290069,72.35962142528783,205.64006270803918
882.4434381697052,854.4005138647135,73.57311738064418,198.83268056877927
878.8582055954784,870.2864957755667,74.7609608593287,190.7544175374784
874.3140998155745,864.2184013574374,73.04176790100871,187.92331454176662
880.9319941782867,849.74075705425,76.39133874894883,176.32343881098305
886.2633346759776,867.0932157854121,75.74721053371822,173.33285202187676
895.2664957414953,828.3733226608681,76.20882587216525,171.88786501657032
871.9982784797394,798.113346391662,73.80373970475924,177.23186464360538
864.396149134159,790.372096277146,73.94240753746044,178.78991399830875
860.80645783565,795.1111617254845,74.64265366749842,178.94217517621684
866.3815203666828,778.8277994437361,76.73760478493723,176.19660954806312
856.6634196404835,777.0134873942194,75.76165299331728,176.6793903796559
854.6822607159905,768.1047218419116,74.3945946216002,178.81889909962794
856.3955268070406,777.9053496077014,71.42696810656672,181.39345724297505
850.491518069731,771.0535495032548,69.15965198591002,183.28360568490046
850.9171773098469,751.1693297458354,68.34671854673621,183.22069678054976
853.0755599472102,759.8298674594067,66.30371382918418,187.23040901209856
849.1792888364072,762.1973029580023,64.27859571906433,193.28930785133315
845.1822263790604,759.008860737472,63.93659525991754,195.11950516623415
838.3853487522149,774.2619471348025,64.56517488494634,196.77419434056725
840.222351952742,772.4416688961066,64.55337775627693,198.55727911347606
831.3431636944983,763.6217014109153,64.24481587249548,200.4546718170129
835.4833229942088,774.5932442078541,64.9922949720491,201.67160514403372
828.2015683821568,764.9179863519697,66.81777471617286,199.89868678903002
828.8728543164323,764.6246030076002,66.17048047890455,203.34011899557612
821.139264108802,759.5180975839561,65.66077223754897,207.47700708209166
821.9791623930977,776.1150677534392,66.56926326089192,205.49855899166062
822.4806347527359,751.5073594837629,66.98144379243179,209.19963226929428
817.6451150691437,757.6837470000687,67.19264047773152,212.48809449559388
809.3684538352842,749.0034466201294,65.0410049834143,213.76397273655164
810.35784309422,754.9801580567985,63.47072865684775,215.26114762627503
808.4510114567802,751.8842316453231,64.64738421840947,212.32319297699686
808.1531238300389,760.8875798824256,65.37594236328479,210.9658609742272
802.0887932313011,745.7933575034581,66.69420450527936,208.02849320164484
798.3379554692477,751.2495230575357,64.35691938180328,210.13042429289143
796.518978646892,755.8972568332266,62.99943921914152,211.57826480883136
789.6144096950395,752.2134392378806,62.105578007856366,210.39479450025584
785.8399862392414,740.408449118875,62.924279465045814,209.93483226390194
780.8233157114374,737.1465506880836,62.82407559877869,210.16988372219464
767.5265978599416,754.4669092896197,64.48254235340625,201.03348094172998
771.7167245352811,727.5932018910089,65.20108775455839,195.8619580558461
770.458306666375,743.6143326748506,65.38234218972744,190.06722647168306
770.5486736033482,718.6069874765719,65.89677460558747,186.54140478327966
768.1041335476689,708.785439629046,65.06665362899466,177.29461171490388
774.591767055927,723.1450193029196,64.5527818761501,173.14153818258615
784.110750019152,727.6616077702906,63.83669819762513,172.7382488287158
787.5864276474172,714.4984420793307,65.51308952312594,165.9596760358308
797.7157927560628,724.4708240002346,71.48155886027806,160.3264041602705
808.2836689923065,689.0151059773342,73.20349338425063,154.36615136329812
818.1762158868717,688.3481604119016,73.82960870156559,152.1535730441662
831.6320470835835,709.9784089428999,73.82125136185275,153.02635387523603
838.9576414991334,718.4954916237122,69.94599198174183,159.09673601422196
841.0530722147254,697.7738675472901,66.82287432878667,162.9544319514899
845.2196864483938,688.3345967923312,65.94860067254592,159.9793128779114
850.7677140478423,686.3184799854355,66.4925753808754,157.09044492157355
859.0691318939073,701.2927257919696,66.20672195803266,155.65946086160608
853.6726003644164,693.5219280609092,63.9988570919045,157.0110805852014
855.2938984718126,688.2042241696497,62.27765763328447,161.57240551631054
857.8314568773437,702.0705927816902,62.366507954790535,162.33133890075
853.2621495782358,676.4756157221341,61.41452253927328,163.6783441062881
854.4209039251595,686.292943270103,59.188514023405595,165.7541325070543
854.2205268965917,689.7543700386075,57.81710361654437,166.638768842024
850.8291487325789,688.160409764376,56.034007779347576,166.21770849639813
851.8349895997264,686.44657159391,54.08000128375134,167.85197239035455
852.3401880134536,693.6395765756291,54.07720047222705,166.71447278763404
848.2419279208497,692.1592813585128,53.506064331140955,167.09474167149745
845.9969703868235,686.9854505803415,53.06591996620989,165.3505968160969
847.8230105439956,689.4889620011583,53.195064141077836,164.30635850319575
842.72973337297,668.5167525705732,52.87688825851949,166.27016747056695
838.7526492345316,670.5846160896435,53.291574418697095,166.65836239897897
836.0677172140835,657.614005434749,54.00856112881333,167.40649708462274
832.479239599386,660.3148745385515,53.72217750627975,168.675658268192
831.2648425801774,668.0630930393513,53.70298684926227,169.24077140697318
825.3392122770931,654.3258000341518,51.958846645189126,170.39659559181075
828.4816764413146,656.2018477802138,51.84128243722962,170.33705528881933
827.2413965722724,661.4884859257131,50.71336601335714,172.60124905244723
823.1443079738514,664.4228482455053,49.928157834222624,172.1445980250761
821.880961946526,667.9602433112416,50.4282278319124,169.4757579630308
820.8824355347101,669.1513490298101,50.2471185576132,168.75588072961386
822.0498760295104,651.4015110092331,50.20361463557862,168.4172999348305
825.7793733112196,655.1407075101187,50.155820118699474,167.09546258567784
830.6548037149125,654.4464755998492,50.40615617258072,166.13467823536382
837.4012124876244,655.075855812362,50.892403568563125,168.73313345326756
846.4396768339833,642.7980731866162,50.7494539102692,170.08195927909998
859.704851342501,653.3860025144724,50.72983563664208,167.58670174338272
872.2610344531494,642.5799241489138,52.176515206971345,162.90510961890897
895.1539436031329,641.8619742729138,51.691085243185874,161.5262014790632
918.4195083318383,646.9505876282881,50.66952686121445,163.24886280695006
939.4175203027288,648.5690708694647,48.97353648876944,166.28520269437823
969.5985914930146,643.3017247982784,47.568547428510286,166.72712807497092
992.286889301315,643.2203428050666,47.056907714009085,164.62437983338268
1022.4395844232716,632.0752002854465,48.22542112610166,161.2539173445465
1058.3088294536522,646.1996973322906,46.15634177090695,163.44392242688383
1083.5042258564347,633.3415763358882,46.256401321298995,163.52475220350198
1114.45281632994,630.0669352990059,46.275266516866246,166.22170192367486
1137.9444365533477,633.9468401895779,46.18265488474859,165.52692605518953
1156.7090064046354,636.1503200207376,44.76509126249553,167.50651300465591
1177.0547809293628,638.6380495853953,44.94578800161459,167.35309014166745
1187.3129493320514,641.9982784034056,45.432422845407444,169.2708494779979
1194.2499553006787,632.7460836549028,46.60522391932227,168.10039041848495
1199.697330880223,640.5498625845421,47.246061024699074,166.71368541107393
1198.1433046558031,643.0628013774151,47.063113107327624,164.62125900101776
1204.1607707690405,641.0427103416049,46.82852820903931,163.5113656369997
1208.1033053907051,631.645491277051,46.88392823069414,164.50388764367113
1203.5124551733857,637.3663115310212,46.00766243303333,164.52274403819627
1202.9874601342506,624.9078316213538,46.64090050071923,164.27285472117856
1202.4483380668976,623.540263979481,46.63189964793766,163.53275621166568
1197.4244701579419,618.962588352597,46.06177276443299,162.73019883506257
1196.6137758865618,608.675654010792,48.55460845313219,163.06419363256424
1193.054874357167,608.3214337559632,49.91749865868108,160.94283663588936
1187.7326000990831,609.6576798646399,51.10307519761446,159.18386326457093
1188.1214288634558,605.976198975973,51.15481045966368,160.47870646966948
1179.3867254110423,623.3107948149444,52.65404925078218,152.42263582444164
1174.3947585174092,620.7238695134603,54.129859640221134,148.56462321482454
1179.4573760198691,614.8542260663253,51.148554593644704,150.19014916091334
1178.8218142498595,619.7280787958537,49.171279591259726,148.84761223518166
1177.070650387462,608.0449264096544,48.147708382644474,150.67163299573951
1172.1592213916201,613.4157785564395,48.804015738036505,146.76615135078978
1172.237811272933,609.9980915479316,46.880504302742224,150.71695310027337
1168.584840995673,599.929587300493,46.363519289635605,150.6315552078212
1168.6258168730853,618.7653763674125,44.53984149397047,147.73142711670698
1167.2362001950294,595.7047391667386,45.04883406639081,147.42342982005678
1163.31427549945,604.0844969414817,44.7477726451716,144.23053414361752
1162.9370582138345,601.8520475012308,44.709604140898676,141.36990726346863
1160.5603617735367,617.6931670496976,43.90534836274157,136.00583108462567
1162.4717483132079,618.6734312770675,42.00158055817219,134.9483709339478
1160.6103608292908,623.1379603184319,40.66042596820601,130.94193982341775
1162.886185337641,632.450382065525,39.17325391836326,131.95866928150195
1159.0202435097988,630.0661048611089,37.99700311359875,128.48661261397905
1156.8000875445841,638.125460981225,37.1948557468476,125.68391466360269
1153.972851208821,635.7133753245685,37.82342376291736,120.36632896550239
1154.532041824671,638.7954616463433,37.807538916791714,115.67292238945754
1152.7819070014116,638.4688452814211,37.71558658798405,112.8360168269895
1156.5742327255025,643.2316164494016,36.98451847567869,111.51977167120421
1147.2430214584658,640.7500813980303,37.74266130088973,108.46193818660544
1153.7174371272658,645.4539468922152,36.82513050802834,108.97392212590908
1149.011620985961,644.0247702199081,35.25931909557012,108.95339330079962
1144.1308120884614,644.4279653352296,35.376761361089066,106.52904953126195
1142.658054165454,641.215401038317,35.21988858672738,103.24817684334886
1139.2446512699257,635.4703107229108,34.86757669818773,100.0463475483191
1139.835717084526,645.0642936813989,33.819627209218076,98.35271299120612
1138.3803167240108,636.427389361016,32.73788041819457,96.4746509044327
1142.0272384227133,641.2040032556904,32.86404043494358,93.91707722122413
1144.753146343475,644.3529631607865,33.40655070807472,91.18218240874309
1154.7080164839572,642.3189926771172,33.27101277391177,91.57513820571748
1142.0318439257667,636.5903410404698,33.10584270779783,90.40963874463726
1141.9178532730052,652.2366501116812,32.97753090128137,89.77662372111071
1132.36728477161,640.1403479945171,32.81150748842218,86.47106091747517
1133.2474243546949,642.1244102095485,31.989948488935497,86.1711813261271
1127.8238262259097,641.2424333961533,33.79175938578848,80.91124588812855
1122.3486108799702,639.6108602565682,32.752496436004435,80.15712827798605
1121.758698203974,638.134214334103,32.06242156140399,77.21329583244997
1124.9527481866714,634.081922210867,31.39908641992278,75.44438211597058
1121.3289153133376,649.9629768700102,29.811403083643505,74.58150184736687
1126.0833277901359,642.7506052358256,32.57361809281568,67.75507209632678
1126.253380696109,641.9703976120232,31.72740244715203,65.0644115993025
1126.435086176718,642.9639428226324,31.324944721560158,63.355616039400935
1125.0796836687994,640.7863194136597,30.355820004121014,62.53243325376966
1121.3779403288195,654.6387705567903,29.410928502623392,62.044448005472375
1129.8033093136376,644.3199111140109,30.717415188138503,58.30554373734463
1120.571614943029,633.3353099972323,30.194750462558474,57.06812289350916
1117.3113260489706,641.770233306815,28.84389642313036,56.81885504021278
1114.8453239519567,640.1380819176946,28.636056199586307,55.00991563095364
1114.6534969553106,640.3072169091433,27.527313838203103,54.60655344950556
1117.1187326043732,643.1566837834835,26.288658154778368,55.103627429401875
1115.1571423427488,640.0084039548408,26.20165915837398,53.99238927327178
1115.0899066642041,636.0916112940323,25.759109155065705,53.571951996622175
1114.2796500530624,641.2501238444526,24.691174901916114,53.8172275778496
1110.9118318218157,634.9825846722499,25.0944019825428,53.38670209382454
1112.4452721258713,633.0103073041234,24.57119417449584,53.82483216462643
1109.1529307586168,633.9208551567311,24.967522893654255,52.86142202535967
1106.1090213584919,628.1414070235384,25.08256766512625,52.16615550335402
1106.1885515778392,633.0504407616797,24.355667186701513,52.11284422976894
1103.9682025299749,630.8586492354141,24.296131155385538,52.51158736607113
1099.3767779716677,629.7572291013694,24.46744272011986,51.76529543010467
1096.4267119198587,626.3651907731602,25.646830213904963,50.68805349826632
1100.9207311680946,640.9663157714047,25.22763269796326,51.57178677814449
1102.6838516845655,640.3027562844317,25.827693907300173,51.115269539741625
1098.741639507414,639.9071357417997,26.191432588843142,50.59695509445746
1100.3807211985238,642.2511154938798,27.11649624977575,48.801620206920184
1100.3821517017752,651.1253998993704,28.308131278848737,47.62528459601199
1092.0979173132064,647.0059361336971,28.27614381819339,46.679518790872024
1098.5020654526725,655.6480628173776,27.78562803395104,47.779334866259795
1091.5112049505055,662.3639755047096,27.243874344986693,48.11512862459163
1092.049704914603,662.8914896073827,26.945174284898847,48.69842420312
1097.2019858865233,664.9676459768638,28.51029751409274,46.64689433540401
1097.8670736496465,668.0033882306949,29.78154954293033,44.379609523329094
1086.128808012145,660.4289676346874,28.419862128968415,45.877144563000336
1096.9006053919193,674.0484990406576,29.60187238040624,44.53151246089873
1098.1091810261023,682.4118486835692,29.542889475611545,43.97115686404023
1091.9768393818226,672.8833749569051,30.676785868419017,42.01045180577204
1081.7763586083722,691.0530449185442,30.19547850968,42.7402799733141
1084.8364516624436,666.3251257392174,30.226965241655737,42.92057893377425
1081.4307648066952,671.8096938676458,28.83872728933427,43.78122897757656
1084.794908366669,673.5287648946083,26.976137553267307,44.54034444241979
1081.889199304589,677.4261031201943,26.180140954984335,45.49421363791536
1085.37392704373,678.5466764685816,25.448845610064303,46.00202672088028
1086.8706784546514,676.0088160681352,24.142741341116317,46.630526242628804
1090.895893728705,679.5524997893546,23.201222307291033,47.462022573535926
1091.2361375166572,680.9402231032212,22.130379740427728,47.96042137999149
1088.3141648032558,681.3321614604794,22.144478785089003,47.69141650118382
1086.1741132195968,675.311662485061,22.300592847182344,47.449955192987424
1080.9612615461115,667.7413740022887,22.747717626648296,46.84404644838797
1079.0960535277893,665.6843715890767,22.955434307213675,46.35222775796623
1081.400407506015,671.293448881271,22.939418725945522,46.55680171209071
1073.5682674439659,672.3228919769717,23.0575085882029,46.0376453542922
1076.650988585167,667.0803433762526,23.26784688822879,46.044551179998045
1075.4139045832853,669.4503330224717,23.019492394814744,46.238058826036465
1071.2877014803598,671.5221411634786,21.733443591205425,46.17919367317295
1074.806885707548,668.6275351479435,20.8538647715335,46.899865131122986
1068.1756858819876,663.0637144931117,19.752783854722185,46.98289450993963
1072.816884895961,670.0831102369084,19.17063168401429,46.940151949653334
1068.73234344575,666.7966640292641,19.070440826501567,46.6801056938297
1070.9424330663912,664.3568749892174,19.044017021162723,46.674564812588784
1075.8014604852453,673.2894307595425,19.40583240745368,46.16028716476107
1067.3360717425041,670.0575914578154,19.247258238883255,46.27745058953475
1069.0651869759597,671.1598911599589,18.945271096252046,46.28082585756538
1068.8339447335102,673.1818803750512,18.72939988733383,45.29775550652804
1067.4469992010368,675.2982871420716,18.709787190989008,44.2551196515492
1065.657835528925,671.0606500269242,18.444228636622427,43.59584664826223
1064.6994786989992,667.7571427547745,18.00427930781146,42.92922389779246
1063.4228517206782,658.71715195833,18.049163580234147,41.62956681880665
1065.996993146015,663.5167107840165,18.443166648749873,40.137595430556004
1065.593010813991,661.4769479454774,18.653686480472803,39.53087328201179
1064.9804178572645,665.8340492642825,18.85319173272446,39.35923599016556
1068.3184129908286,657.8934818954135,18.98352451704907,38.916769958860634
1064.4034837536374,656.0519174420892,19.40948093759814,37.93643527297988
1059.714485216773,658.0724640770128,19.701703589635038,37.02167428615287
1061.1008854473196,664.7887537422775,19.470565821565966,36.531291801631696
1062.2763273543294,669.890281106867,19.724052363152275,35.80437995575366
1060.7360239747964,668.90893898845,19.75072502492831,35.28099975853583
1057.0077530248545,666.4896904549176,19.16771042151614,34.715774062539055
1060.3015897906077,669.8012449793378,18.78640772054556,34.750294980434774
1058.245787802119,669.8681890829163,18.889048589460515,35.2854705202068
1058.3654932289319,661.5788789024352,18.60146404375708,35.84240432721401
1059.1530604567915,668.0538543322596,18.621448349100167,35.68906048508236
1055.4047632145318,661.7131795904696,18.687546617799175,35.230895045566434
1057.4214008095762,653.729976738301,18.84240514429384,35.1259086905775
1058.004203152808,653.9156279221319,18.37609335600855,36.070232109697244
1053.7557777229697,649.161114274515,17.983519891649195,37.36827612856379
1052.8313453925448,643.5775009645836,18.069172944566333,37.77019150727664
1052.9419454964843,642.8737303640268,17.943036378354265,38.693462046320896
1052.6934443815264,644.2323429454141,18.32169328059483,37.848105851556305
1052.5337548098757,648.0354583411971,17.834313841304272,38.48680151262688
1055.204800148861,648.9310190397047,17.70410813876691,38.83097121516011
1048.7763491315252,642.6363943561995,17.48539142954243,38.25351068226809
1055.5447446435358,646.0661607052983,17.63159143335293,37.77374158728103
1050.9409791107032,648.7938951790305,17.569722856073884,37.192449618881454
1044.8569781629226,652.4861989644684,17.397365063830062,36.61414125760051
1045.6144736670835,665.2830530067757,17.110690124157312,36.96591161231696
1046.625520350503,660.807594239651,17.161192592050604,36.77148918074592
1047.4200798924662,656.8827844743732,17.73127703748191,35.70217293554476
1049.67121499825,653.4431200039187,17.848583756914394,35.41258278999754
1045.9864402056671,666.0332192806604,17.111407649330964,36.346195729434
1043.6160151753315,648.4574761771925,17.671721916697603,35.84673055087188
1041.4335069528433,644.8985746771126,19.32664486344418,34.20739720612183
1042.4630664695349,618.4222196303415,21.87454716184824,31.60934130845306
1042.203183849619,625.2663491792987,22.572491814759942,31.038511943815145
1040.7486947311495,637.2560412718437,23.83410698502594,29.794324825985868
1040.7969847902734,639.136920159414,23.578434857710164,29.89221217909533
1041.1823437565106,633.3781260383165,23.218212921711167,30.113063704066207
1040.698960315136,631.3606428564692,22.386750467721754,30.69852950700041
1042.3173844413682,628.3761289965403,21.26834212805369,31.837735163412102
1041.2347626535695,623.7777792098249,20.780349076072284,32.45178932058322
1041.2728893374756,628.4477439412711,20.10069643152633,33.51808792318146
1041.8454174962767,626.3045549421965,19.479947603319427,34.14800372879514
1040.0980183457693,619.9425933302705,18.813517247565567,34.36878554944906
1036.1557616165906,623.3895947989486,18.747712369436247,34.58337559915345
1038.99155112078,622.7020653794744,18.29419862289791,34.828763818137006
1035.2796260890416,627.9275329438018,18.299523467411223,35.022885414030775
1033.3819099456744,614.7439680232139,18.76455981717986,35.06310905098271
1030.5566552745786,618.3025409620082,18.444604452950408,35.509111671929624
1033.428235558115,621.940814057538,18.551795219495748,35.49270637671328
1028.0066597110285,619.6919834906375,18.274989943454013,35.8303991343547
1025.4829890777269,625.3480788806683,17.69958712665281,35.65049633341917
1024.8799605256079,622.1238142320846,18.179567091512933,34.87109842263982
1025.8550468730054,618.7846861068477,18.514228304799055,34.55596268245181
1021.8947585071451,615.9103220168126,19.113091112111803,33.81928494058592
1024.1352102353899,628.995364672854,20.63718538587722,32.35221018758544
1020.3008842332217,624.6530715536286,19.600830790787256,33.395196770884695
1021.9472633921152,640.9965995403707,19.44603910584324,33.56150764920715
1023.1572001043467,628.6395763802449,18.73294778396536,34.695048598364934
1018.939037779582,617.6381859658704,19.02389050600443,33.74662894188433
1022.5663782611648,622.9531834525125,18.58557526168039,34.43614442850021
1023.8819372938945,614.0433143801956,18.263073119148906,34.23737938404703
1018.8633986507512,610.4626996739075,17.77145434525487,33.70932018044275
1019.2117597690306,614.4478551465703,17.600189669712073,33.429910991403865
1018.3738590096189,613.3349921783913,17.3505434861277,33.891210100331236
1016.8817166121481,607.7927405897392,16.712025069857035,34.19683792668325
1017.1809090606583,610.6593973230658,16.66971771275738,34.21409332675956
1017.1967390083973,598.6836593667501,16.548913952468837,33.59595482899066
1017.7002721223912,602.3362703135721,16.386659223600006,34.04081304398946
1019.1148476337214,595.7416564059969,15.595823973949857,34.908813785470365
1019.7227746301794,597.0352158720674,15.519092824776248,35.185638906979186
1019.3161921317678,602.0754893005221,15.39510877374778,35.22499370717428
1019.6038719506962,602.164874200514,15.473239917675038,35.141654862481445
1021.1720581083539,603.213121771267,15.06416347790903,35.620044135648136
1020.5201649252123,599.855113363068,15.098023296188027,35.46301455388324
1021.1621652120734,598.989878198668,14.855884614212304,36.296033124298695
1021.6343696610766,595.7591735829875,14.441891906830334,37.221299052742054
1022.2846061965591,602.2035203232297,14.24239494536979,38.32379838994574
1020.2802588527953,595.6990730455428,13.91936451235296,38.50425609381804
1020.419174523406,597.4042348168288,14.22596660752539,37.9438096703105
1019.0260027159576,595.8101982650435,14.789125875269615,37.29130493307591
1018.4312918332718,598.6749684761937,15.849301569660225,35.71651008954124
1016.3006623375778,598.9453234259286,16.645417357312656,34.84993858705011
1015.5347241531941,601.578485299335,17.014824815862674,34.55578853103323
1015.6646180110725,597.7421675213851,17.250947237997778,34.436302199725816
1012.7312207535689,607.8775169558976,17.25600021018877,34.454179456799466
1012.913510037736,595.5232129691274,17.754536237267704,33.92813014274229
1014.7701764345834,598.6869045695521,18.480551664398234,32.89027912649358
1007.7384952766806,611.7004809596351,18.625183244424875,32.241731235243535
1008.2066646910872,604.0644623809756,19.116310450501025,31.354693609237632
1009.7283403047892,593.8505583856071,18.280954637830895,32.00161971826054
1011.3591872756786,600.6367271109981,17.778307965873452,32.11720283785201
1015.3242947278942,600.9825990088119,17.85283854484055,31.905118092927573
1017.4874843165519,598.0502965420812,18.0183965280172,30.913982479208727
1011.6492261065575,593.1170479284496,18.06977085053272,30.308235443776876
1011.5534852131555,598.7259707272783,17.510697181652287,30.5768791420787
1009.6941004814663,596.8553020441524,17.150052277354764,29.85833567947313
1012.1972112559246,602.924110734794,16.782629442122243,30.68453017257954
1014.6938365279497,596.7129686085738,17.419029967713094,30.391777079133885
1011.9687997583515,596.8228359352238,17.975606993542925,29.46955346699815
1016.4988884699196,600.1389749350393,17.49669883462776,29.976567707509872
1014.8779821815691,596.0051280947536,17.87248882450624,29.160376195210453
1018.6338177505786,593.4276359327232,17.544045225549866,29.074709388594723
1016.9770198190363,594.087432102666,17.26477347579572,28.94161235281694
1016.6818061957022,593.3886183794921,17.054617717512443,29.01581653275381
1018.9287153355103,595.357848943422,16.833461123839786,28.910387059251978
1019.3697869298311,593.152673860111,15.744222535699132,30.40124736533935
1019.9162880395761,608.9602117583065,15.355867738046118,30.78568138034959
1019.7870423500808,617.0883463644957,15.083241975789747,31.368815320437044
1021.2207065380247,612.122231781532,15.749673670702832,30.241954825719912
1018.576112944087,616.7024485764664,15.91659170498329,29.293207370189435
1017.2315192433533,616.4769886757244,15.430109913182873,29.441257315315866
1024.8739693285415,615.7293157700811,15.499133540413997,29.176363048629995
1022.9519209525977,605.1349193452264,17.043963477116012,26.752242766625578
1023.4002642202171,613.3216853885457,19.234594408612974,24.257933549860027
1019.3739336576722,614.2791113486724,18.80654455042641,24.68024460110342
1020.5344649229575,611.7489685456685,18.384977383091346,24.97337408299608
1014.3271033954976,599.3025872473922,18.83813923500818,24.784301886457815
1017.2821362970001,603.0526787317492,18.259549166713953,25.01045348958219
1018.6062922993705,608.8747348293329,17.427172773697887,25.387530030376777
1010.6144129337121,606.1018564381965,17.398909486582067,25.576514866696307
1015.2433458574643,598.5952357104634,18.130588507546985,25.04832775618332
1014.7448058455775,605.5134250212158,18.550910563848472,24.295951629490737
1034.4964602612838,618.294935106451,18.738760027113397,24.232691133092473
1024.556657276245,619.0528736375708,18.586568588133662,24.113741069944986
1010.7175622809689,615.8742760836676,18.265389911083172,23.367893575212186
1012.6950953898547,623.2350106228821,18.78537271217144,22.532905781878604
1012.132970975639,620.2023990408518,19.949702821818,20.931762845627883
1014.6499905251745,615.8692927780056,20.057784084074843,20.80341970725782
1012.4303395038257,622.9962086141084,19.995956976381827,20.86194403023037
1015.9717898537859,620.4942271908586,19.914962671420017,21.08177487294577
1040.30244561765,642.7371966140751,20.567982198379465,20.75844894155201
1050.2445591029846,639.5860010917528,19.881894418384043,21.11453614174456
1050.2930674366592,628.547689009151,19.84677587078239,21.118520841616206
1067.178262370936,640.469007584445,20.026062515900772,20.863619820788927
1076.5647007180899,634.3128824963024,20.063265396177837,20.849008615543152
1102.593133739843,621.7312156599359,19.991888244273,21.030113055488243
1101.6627953810869,628.6287686609996,20.10524621712623,20.96974826429829
1100.2464747571646,642.1993564607284,20.251093899220308,20.664071474655284
1091.4444042354094,637.2714003530834,20.18252833872719,20.819079797427992
1091.265853757923,636.4242045044678,20.182170821448004,20.690193544372526
1097.9736620096562,625.1501919472098,19.929023228198766,20.93517147871265
1089.4186925864078,635.0026282993447,19.888251015125128,21.042545097074594
1104.0607463406247,641.1316694086847,19.482820874855488,21.517868945289035
1101.515648720998,660.1715429259522,19.598174996250115,21.22669231480691
1097.7355067830715,675.7034847469928,19.540489836000827,21.244305865108572
1102.1397776276708,662.9527092200667,19.08846021650426,21.599342026382537
1106.2211425842634,655.8142453140863,18.976694658787714,21.72129871560169
1088.125013354097,657.3441462229822,18.80217760642528,21.840946217649293
1086.3462799994593,665.201724693182,18.771098039608187,21.9022003337685
1103.3018095845816,670.0848620106335,18.46559917209804,22.13651411591863
1109.0401587968888,684.9360179707154,18.494521703904617,22.2757053390653
1119.6098627713063,691.5484764282965,18.69058395465426,22.03244259107849
1127.4544312916732,688.1502353306039,19.264504622660645,21.51889623345449
1137.7159910021696,697.9212415211882,18.434994439339107,22.43274971227137
1140.3170804533424,707.1108367663705,18.408893856543017,22.52148143260011
1164.5545766911573,742.1065859219023,18.514231275932822,21.8317180458531
1161.2087258266206,755.4197970934142,18.55336657205311,21.73703589142762
1169.1378230840792,753.7788163323298,18.074007735236655,22.151196462592466
1160.1031709386043,769.903080659337,18.208224822206827,21.904998588607533
1154.016194753029,761.8173481406418,18.14343055029113,21.970067904562335
1167.776103228504,759.3045109753162,18.301792386572323,21.75729695323093
1169.5661839588688,763.6407368881199,19.235634202667956,20.478285851042738
1151.3051043792786,777.8323405479472,18.71647637576434,21.11992746937644
1140.2117712250886,761.4810957837739,18.75690435711778,21.02628967838732
1164.7895374556324,762.7780005135055,17.547214638950376,21.955375316656504
1175.3477824886174,765.6111018801928,17.555942010724443,21.87151187008621
1160.5189404927337,780.9146641209892,17.24038419646169,22.08787371661824
1156.1145003218,772.7048080491737,16.715421307127574,22.822121954914792
1156.1492409833809,772.2876014166111,16.45155767405211,23.25367436994428
1155.5829709754655,775.1670337885266,16.351949042574496,23.39286994792114
1142.9597974056794,764.6090048173675,16.013461129656857,23.70260769980982
1150.5535921987525,767.8448667427782,15.73045356713116,24.022053015553084
1148.9510188685801,778.8056442388364,15.296473449826781,24.369039359496373
1134.2571035345966,802.1182548439521,15.538542627925933,24.259385928806157
1150.179328702278,806.639051593197,15.542536277548272,24.249850192462233
1136.3724114260592,810.0527993439192,16.120499324248588,23.22078847168788
1158.1778446766232,830.761574957079,15.300221202027135,23.313655183600822
1161.326292440081,820.48598902123,14.944321368318175,23.74958886560142
1175.2692243296426,830.3826772457485,15.233977532432286,23.44867266741892
1184.1740164809974,836.5824697142192,14.849260859727394,23.605823722909317
1192.4988923392552,846.6678581183982,14.312315463402417,24.41739631030331
1200.5670971517725,832.6980585867117,13.987935676929666,24.80463102431092
1213.403869948459,842.4830081305539,13.744508644347611,25.139744067363736
1226.133914831427,857.1286368420249,13.585722741936744,25.304714900647458
1215.8267932609383,855.5829275644422,14.050153184550215,24.7680063577292
1225.093931723426,866.6765112077886,13.322469200858803,25.290569219352044
1211.2784560291632,871.071111215361,13.298812816557545,25.286225046797345
1193.0823749037447,890.3377898837575,13.27201831080285,25.3508138769967
1182.6391188094615,874.5860066779799,14.369317318826996,24.243902841042274
1197.9334672034945,894.6661070656286,14.436454728758942,24.169921853342387
1184.7248151887618,904.3655312676093,14.325276321090552,24.30582152677359
1180.13556849813,897.2260359768031,14.296221560874816,24.319786015856533
1193.3374117043402,897.2174692525219,14.301041541887304,24.314480457703024
1181.215629871932,914.2255552406732,14.28586192057079,24.34307395381251
1195.1592255393352,938.0786693119095,13.62430420697998,24.76087687823441
1200.7569974983228,931.462472897667,13.39195608978598,25.04787995909987
1195.7749960157937,923.6607871325962,13.43559753598425,24.993699723799573
1185.274982433058,932.9324206660053,13.563602072671648,24.88096892712286
1187.526178311488,930.5545895624966,13.749407451737337,24.423953655349948
1175.4314794019542,945.4972655258625,13.612248111380865,24.565697523295967
1173.0885000441665,936.0198339821168,13.230749627859556,24.97564827253059
1186.3571864964904,941.6647535315417,12.736723128240875,25.513379135228554
1181.4227866448123,937.7592574796236,13.781123837151604,24.162582298635307
1183.7626111900515,946.5498978648858,14.127656444518506,23.69433100809113
1192.20456390644,950.7926023651239,14.171361409080312,23.663284876877654
1188.3802894963587,945.4931784614745,14.858627499140407,22.44430545944509
1200.1711938540318,925.1915867062039,14.081954510722777,23.15850428981044
1200.3210428018397,924.4219462175622,13.899732296114202,23.312230118969282
1221.3404199774309,917.9830286749658,13.967472848495955,23.219109355468078
1223.9805592684897,941.8681877573152,14.01369658952916,22.974795982029015
1223.1865893688262,947.8780415423229,13.243318536835671,23.705849444118265
1217.0568749859249,961.2662080282424,12.879046207057431,24.222365059315305
1221.7875481722724,960.1456149732234,12.419679662243272,24.56227279277403
1215.216383922254,967.4625650275665,11.276391287585326,25.255934062566908
1241.0011208217875,979.2342394246821,11.967419350090612,24.51631909401939
1251.2097057358799,987.5355367256617,12.142324869806007,24.329185078607978
1267.021353747458,975.3756974110132,12.630761329559997,23.771365081195945
1251.5516333392661,979.4368881980545,12.970114026436905,23.46828654284943
1265.9132322071034,987.6101008470432,13.416422363760242,22.86373498602179
1253.8868252206878,985.7400155581842,13.99701877677706,22.10271299400724
1264.6456741873178,987.1810415423789,11.962732632457655,24.058139663313014
1260.9829035732537,978.0633865783686,11.019812633168998,24.141086767847266
1255.0028508638795,986.240104448356,10.95864443894107,24.240726436808174
1236.684955675165,974.3152003644431,12.147802431116311,23.132225431050106
1223.6027171094072,963.0917062335471,10.68482861963853,24.28186948507823
1204.3395366129932,972.5123258062673,10.479729041177556,24.497759245887874
1195.652561443725,983.3219334439191,10.413989743483292,24.41162311792334
1206.7199672724257,986.5423029363185,10.664864960471586,24.14891891553414
1220.252249835059,986.2699761069998,10,24.825843387159736
1219.999364880845,988.2086610131591,10,25.808184268200463
1226.8844606739387,996.4178669750959,11.186978900262746,23.757379461026193
1234.3221890392938,988.5650394128171,11.49402777715749,23.38696189271264
1216.7106092717797,982.1780274258833,11.91925182634586,22.95290748218087
1214.3654580430498,988.1669014144796,13.159690849967898,21.622180798628328
1212.1489658438034,994.012791604413,13.056999722795426,21.71773295355168
1220.8586673770847,983.4221456649037,11.560997535139172,23.79681764873226
1220.0202526157252,1003.3099020351129,11.877281184215823,23.321780982532506
1228.8454200199678,1022.0445690626257,12.11838772094563,23.089293851335206
1235.6128946114711,1028.2168499470479,11.995282791479038,23.252816379671124
1243.1755909890267,1043.3095122615757,11.779618086599726,22.88146040906256
1250.8773403427576,1058.3322339114243,11.70824885759236,23.003482319326597
1255.5632155143765,1060.0824825942702,12.621166483104922,22.031194639913743
1266.1292276872969,1054.5534659353452,12.489155488704345,22.200866026916746
1267.3125351248916,1059.1709406336856,12.426672121388519,22.27495669981586
1267.3894076525758,1059.8794845751922,11.754940470389691,23.040302183578255
1270.2466292271884,1059.0732500921129,11.31521417525975,23.575367961985254
1264.9393369447776,1054.64154210374,11.00404610031087,24.06666784986353
1270.3282973548278,1056.867869800114,10.65605310613816,24.517533041222304
1270.4079658663545,1054.890510981897,11.175598801171121,23.87661717088113
1285.273490837694,1057.317138474078,11.490210784761732,23.418144729701677
1260.1583987234633,1060.0664935807424,13.326794549355935,21.633943765106547
1255.9276164911246,1059.2571783815138,13.146419850825131,21.875472861416696
1267.9238945115735,1055.0830557022962,12.529203317983843,22.63327937707865
1279.4930138878417,1052.1111656612127,11.671232280901602,23.351669024980133
1281.5379077931361,1045.4529569650374,11.959399907019137,23.104611762179715
1289.9816728941785,1056.3955236138108,11.175286147805755,23.858344889193205
1298.1637476749124,1051.4889205871202,11.112097127109452,23.94182701221544
1304.3215163902375,1061.2468092237016,10.973112468981165,24.118917018105403
1307.4364149455987,1058.3901815241,11.101781029798023,23.981088184978304
1309.9523992913014,1054.2476443229489,10.737733404676678,24.39065332519574
1301.7088770952728,1049.5968385879573,10.912651637066185,24.109963655347336
1322.1834469884327,1057.1043292788934,12.670268442543216,22.10649216879968
1301.6076246085422,1059.4601395691795,13.247717340507648,21.474968786713955
1307.2328949422076,1058.8177281663425,12.82109978413888,21.91139546993248
1301.4325677163101,1057.64480517316,12.753297204683914,21.9948811219012
1309.7840827654463,1057.3835257622927,12.910120850918045,21.784595114076176
1316.0247574664893,1058.0401391118492,11.80161995957439,23.084430558289057
1324.5752072183207,1057.5272607578356,10.46099915769396,24.80611989304031
1327.2390760702096,1039.8256637588297,11.103001844693662,24.22417976629652
1337.8675610596063,1051.674345418429,11.039059362238346,24.277804453689328
1315.4257796574484,1056.5919105043263,12.609725438038314,22.663070323765176
1314.5928599279978,1051.7569994614796,13.00796912896481,22.18131541360886
1305.848013630245,1058.03221770235,13.450868740461372,21.558911806929387
1314.032550527239,1057.797408321408,12.850694864076145,22.155386284922237
1314.8771860714005,1051.6606739659733,12.050951215824078,22.970219665591756
1335.1801054937375,1052.0978328900514,12.336721563044529,22.674815088862314
1353.418964177838,1057.7166935202288,13.879927809345533,20.840616319962887
1334.296022525358,1040.231218788626,14.046324267381685,20.744449999477155
1343.2940504881576,1037.1171433929474,13.698961426499505,21.30632052121141
1356.9119694621588,1032.4611457239412,13.373727955425656,21.745597048188852
1355.950229240459,1046.1733073412097,13.235001415258893,21.923797617362624
1367.192071200065,1060.4823871957412,13.998124594436028,20.688677382786967
1371.8028441023773,1053.7703253899967,13.949422722916728,20.755108275770073
1380.0981893677092,1058.1826565301901,14.805973021720456,19.51133522038925
1395.062439802619,1047.0894868314658,15.05998062052882,19.42121969230092
1407.0732389205623,1043.666510237287,14.971354338988032,19.525295324811456
1405.1670757130707,1055.8383050173445,14.706700639987929,19.533041290209194
1403.0606266793377,1044.5111026429347,15.084878572719013,19.20171300680193
1411.137481686288,1059.5757928567996,15.077452662211527,19.162840086396482
1416.2359976540013,1045.1109932904358,14.915083927163648,19.33337359107252
1417.3903174003085,1061.11493535305,14.95767195644563,19.292158548485588
1421.8650435441107,1059.22436328489,14.635519931292459,19.65135091402313
1423.4168419221578,1060.6133636505217,13.757987380367723,20.470842162358753
1433.080144259849,1057.9828532359666,11.271621276152569,22.733283966200297
1439.301880423881,1057.0948292928908,11.895176040068854,22.02015247956427
1418.5816034001004,1054.8519107063914,12.44446040379165,21.435052972723184
1413.8484213892314,1039.3868602278226,11.672053940605569,22.063207289846268
1421.0047455626743,1019.5718070730858,12.52185638412495,21.41331100532562
1411.5836356482946,1015.7038621179806,11.298247889519997,22.769292353829275
1419.4540931606575,1009.2170530860632,11.837211481127191,22.392615350830795
1419.6060399317653,1017.4077202084295,11.245702550279915,22.966057870014136
1421.6049556327184,1034.7567484514161,11.13894795158107,23.055011576911856
1414.1100720726854,1032.2921357290106,10.616258177726154,23.69879657677665
1400.9429442416877,1016.8253329650759,10,24.498656911164737
1396.7286176618484,1030.4226749888353,10.131307998240676,24.31145920702948
1410.7207643520087,1038.301548712233,10,24.53588377256358
1404.893912507221,1040.8640947744532,10,24.637724173757714
1423.8035491473029,1051.7291415919901,11.24040002916274,23.331000900012064
1431.3222124682025,1061.7657113503508,10.863950615146518,23.60449910912075
1425.3278332410678,1047.6298537037583,10.81583239094928,23.645356553184822
1414.7512272159433,1044.7455954313848,11.649615043615311,22.520055673157565
1413.222624258594,1048.937128652119,11.50186204260374,22.688470478636944
1417.4842424292428,1048.3048572648343,12.059810088512503,22.022458386416115
1432.6163061446946,1053.7322771400843,13.488078821549603,20.790556792043805
1424.917916729508,1057.8436814398447,13.410236832830698,20.86942494270619
1420.4221079988456,1060.990730359372,13.941012161587603,20.200567429579245
1431.7862658369104,1057.6084075420126,13.722870283065498,20.51444983874241
1426.2656288883754,1054.1904254339468,13.005945442036996,21.279584186557745
1418.648560716344,1047.636179364841,14.104213713590081,20.276897926637094
1430.4608835642416,1036.3237414660236,15.655782235934574,18.625181469632757
1432.6243479027496,1062.1975341466236,15.727722596546677,18.456480233188653
1441.1315277254196,1058.4610172765354,16.240922231602106,17.570038837562045
1435.8719691431188,1061.2523523692944,16.139061040796193,17.701400348363567
1442.1313804073445,1060.9924486579034,16.128857820816403,17.695409867607953
1455.283471214086,1051.746327176208,16.26753585699182,17.59413934222923
1456.950227357108,1043.7432578052626,15.940867137842389,17.81765097840709
1448.0929966848273,1046.6496635432686,17.11757823826286,15.906950317443133
1431.3563541205829,1049.1175671609406,17.16699709477909,15.691647842841542
1415.9141568414873,1039.2739151949963,17.0800705470135,15.772943245067106
1428.0490611771634,1048.7608367276914,17.09292140630078,15.753905553822468
1435.413043869083,1063.880936175316,17.14092838879481,15.601185296268483
1434.0854145944108,1056.8963410509002,17.079662337156098,15.647524936274337
1416.401004076181,1052.4013622414134,17.008034612629732,15.610375316478544
1414.8494509846596,1062.7240676932922,16.983546563113244,15.605471157105619
1402.5180395235896,1062.9601188958025,16.744407204979645,15.583279541813166
1396.8289464796549,1059.930913733416,16.74049128021496,15.578296750588644
1385.3712956747788,1062.4367386713739,16.935885129346698,14.849370301492073
1395.181225542145,1058.1837144092572,16.936400074179616,14.845481539348361
1378.3369128752913,1057.705477717626,16.741442339039608,14.892394123012021
1376.0749527076698,1061.741565856839,16.44844239382593,15.178466555218135
1386.2941631983044,1062.2099902362206,16.129528248494353,15.422602770362689
1379.7700435278543,1059.8087299001188,16.18055994779289,15.29996160403488
1401.362377297091,1055.2450935907475,15.953110579485802,15.47778563726689
1399.73988519696,1051.6569302438268,16.090229207772207,15.350184432701527
1414.721705908649,1057.5817659333438,15.642748749359901,15.585302329790242
1409.9762820052615,1054.4544419862439,15.371749060101955,15.887923856803067
1413.8045077865431,1040.1425394794721,15.361339844493362,15.850130664779893
1404.8441807669622,1061.6649847663534,15.288562792346555,16.05595725410321
1405.1595297417948,1063.334532742514,15.645378742484572,15.620860868814122
1419.0853403081694,1052.1978995012087,15.82585447252821,15.37633178868064
1410.7650647773937,1066.2531686958118,16.085752152731775,15.090286807677431
1413.176161444401,1064.3301307415932,16.007089568992047,15.099941941654752
1410.5904612517277,1065.1572325791371,16.33490541683252,14.593088816264673
1416.7693235388663,1065.1578994687973,16.450992945826684,14.4678953930084
1409.3454115065786,1065.173417094669,16.426600785731594,14.533490915703076
1432.6147474877553,1062.4428330903145,15.47856984510671,15.253743149113383
1442.380501278107,1063.066718815467,15.235882531127316,15.289666085290255
1431.6971072641365,1062.54598755257,14.90671528257858,15.686208977218842
1440.448729046368,1055.0876081798403,13.951584587378553,16.642871363425424
1449.484784301266,1057.7866056341313,13.640490923285627,16.8385096297398
1447.1586344609975,1066.4085802789054,13.736763191407977,16.6384541542782
1448.3396939888448,1053.8895668930693,13.359021758317967,16.887214339646835
1448.865248753083,1051.8059742611183,13.892540096586572,16.296633833590572
1444.4675124130717,1046.4362608059143,14.001575169797318,16.08689253873716
1445.5136142028693,1049.8570885800193,13.87790570217876,16.295364973620377
1455.726045780795,1058.2611148769954,13.597167531068894,16.735454622100132
1452.7148768685574,1056.3642784042047,13.379466960615826,17.15183731881058
1457.7104376737566,1049.228023125134,13.99422704119665,16.372208594725077
1470.6212194996347,1039.8412131364307,14.182476698156055,16.230650273181727
1485.1273331299205,1034.963666491333,14.35697886873669,15.975379984580572
1474.419326908024,1038.0040142894215,14.666322840239916,15.327648236517476
1486.1551689516614,1029.2831659456497,14.359080815343134,15.810909865467499
1497.2963731792759,1023.7747588571523,14.374062344245017,15.802102628277828
1504.7160330019078,1033.7806995301173,14.365004883124,15.619986602172023
1500.3463745776492,1046.4290615738425,14.469864143445779,15.285407366405959
1483.4107139593962,1065.1312740520846,14.519995499580332,15.135197650400539
1488.5379575531565,1064.6244067223815,14.019739765001688,15.607052715480453
1473.0077484545627,1065.6535091849769,13.865956988678779,15.740479345847426
1477.9192912925805,1060.0745488393882,13.611407117391682,16.05233356211008
1490.076684025934,1062.5779062603046,13.860836357105637,15.745320029481473
1484.00619492995,1065.4436863293495,14.274708454713014,15.041827480197963
1494.0871387628408,1051.4650027082637,14.445168658804636,14.883021931841926
1489.4140053162782,1047.9389930944303,13.697034192371568,15.507293909905307
1490.414363780488,1048.4176761454519,13.027823158613188,16.146598435456188
1482.606107110208,1039.631068581604,12.8223283662381,16.53080485038358
1474.8215691354874,1043.1859008122121,12.943094417303037,16.478955464087704
1472.9233720785915,1049.6221533737507,12.893500972730363,16.589120171333196
1476.4636719376508,1056.3761359014352,12.80890249820289,16.368836695553988
1488.8123899056166,1060.1053548748282,12.972840463638603,16.221767691028557
1491.3432809277558,1060.3581796904052,13.109589570177725,16.134253345251985
1484.551505975996,1063.2858645527886,13.16928426434708,16.029557391389815
1495.9041744555273,1055.1443350892448,13.376272210679833,15.772619217647184
1496.6327836106352,1044.3932237984288,13.425232756359934,15.720228685875878
1490.1996670905874,1039.69038770117,13.342947043403825,15.859342233237923
1480.932142570105,1024.7399834077512,13.36530840126288,15.876998812018709
1480.9268042838519,1027.1161165124577,13.313745453517567,15.904920209417671
1482.5955091495237,1018.0096132900443,13.258844572271583,15.95842462482531
1494.1157034850244,1024.4964054933141,13.636224379664093,15.351292435387851
1495.6859555998885,1021.7927316361065,13.682451011599252,15.297334531516833
1497.107726564484,1029.6536983930127,13.429812602992394,15.677396485843879
1504.350136863322,1024.098714828532,12.586354195563112,16.643709745176565
1508.7388281179383,1024.1470849588313,12.594291014638745,16.631052289198017
1526.314122113826,1037.5203117617953,12.353565541173976,16.90804953471052
1532.8433031573982,1057.8950129710784,12.288381821644034,16.46886592717943
1534.6277127884566,1058.9433941263046,13.13251784364614,15.54960040761305
1548.024274218487,1064.9956301697175,14.010667261416998,14.479249834154183
1531.6822363810047,1067.171299583058,14.724217194804769,13.884377634593767
1533.9720645789816,1064.136553310953,13.334506496635308,15.477885128602539
1548.0582549669507,1063.4005076539108,13.50033678026752,15.340901373259461
1553.3283557065945,1062.6192372636124,12.596707185135127,16.296138951703952
1541.1897551680472,1064.3757133740896,12.934756498313577,15.431758937246789
1551.2277908892356,1058.2710544091422,12.603361645902396,15.76967317298869
1547.5793843597578,1057.4953789593726,13.307400790521335,14.853386533618165
1558.0296938444794,1063.0969108740026,13.464828162020337,14.892058162732148
1562.450229503703,1062.0706353513535,13.358631568914898,15.150620026511776
1563.0695425627734,1065.642519816541,13.391979179907802,15.108667273504832
1564.5138148991773,1063.7808469925785,13.616133300511079,14.789536744214466
1557.099695083918,1065.5595473833262,12.774091520812267,15.88479585575481
1549.8897484032866,1057.3594692749173,12.15853108568868,16.426153091859728
1553.431721946649,1066.104473198091,13.012527457520557,15.579568325956801
1566.765491670928,1056.2257765829954,13.035837313162341,15.55185680456086
1572.1194045479797,1064.1205550420461,13.035100029517778,15.618962636703484
1570.8849826051357,1056.5286154242392,12.589775080519281,15.872419089419699
1558.4221193466014,1064.1777385441098,12.603867152397529,15.8192118358842
1557.9361613888545,1058.8950295902769,13.114914679476964,15.042088048909331
1576.3369175408948,1065.2110805266473,13.848894318756034,14.305091538106861
1576.7660571538938,1066.3180400197402,14.002398931029953,14.168613052180245
1585.757422850516,1062.636789878252,13.068482311345008,15.068890759015117
1586.8626812388866,1065.0847195693768,13.665327137386942,14.173589276240593
1585.4878118310469,1064.5001093740811,14.04596728973647,13.593707908828861
1571.2320976961523,1063.8776620990966,13.833142858719938,13.832481061779538
1577.8275359295073,1059.0904814594544,13.889584659831831,13.592774500487744
1581.6881765733822,1060.0990795997516,14.136495949444285,13.2807935547856
1577.0000589857643,1061.9715814852655,13.900567580979011,13.546181495946588
1580.9589053082937,1062.8609269029541,13.728061741645492,13.707667266747832
1568.9166448072701,1053.9466547168026,13.868633997965127,13.597078948620867
1564.1077968568034,1051.3044656579768,14.47385488516574,12.717287277912154
1551.9753916921438,1052.224612844365,14.589094749396917,12.54183586835398
1566.241560958573,1051.207331326778,14.564812857163421,12.585699969926683
1568.8778130296537,1053.7684574291068,14.428051856176214,12.848758415141134
1568.9881112953913,1049.1170505869418,14.372258650831267,12.923930040144857
1574.854563030197,1060.019187183987,14.44856595850267,12.933827683457089
1559.151194839419,1042.4466305361402,14.657437807587678,12.821643463281134
1555.5559229187131,1041.7834858665954,14.631019311505495,12.844321881464925
1565.2952295033906,1025.4309703242338,14.576413557922004,12.88911279284824
1547.900499626986,1012.7021680538337,14.948472950623827,12.538211321685573
1551.2733798595311,1021.149535312086,14.876685092192659,12.589844068974994
1546.9098373851293,1012.7168540316939,14.8741338486745,12.58425402355816
1552.6524753962956,1020.39036037374,14.910647377123132,12.509605002185445
1553.1371324324164,1029.9176744995061,14.924695025920306,12.496705724042016
1565.2357513072525,1027.3889485414772,14.681942215823199,12.76538219606901
1561.4658202408475,1019.2311670432932,14.73078366915913,12.634663759331378
1563.4697760914437,1026.3195935651074,14.79312581699646,12.63816483405031
1559.14032026426,1010.2627243249428,15.114542621205322,12.497936029223165
1564.4868283977694,1009.1575310429498,14.8903259452508,12.851220199105134
1557.7200104732208,998.9490185033167,14.627410089941272,13.067624627126365
1570.2991818738517,997.7721219496615,13.732960416120878,13.74344398718342
1566.7006775834923,991.0395428858305,13.702728911237902,13.690164729286112
1554.525960620461,994.4614046622967,13.868792247090337,13.55427685063983
1540.3735830243297,990.698614944639,12.850789718405668,14.307693848516253
1529.3533290805876,1002.329001700937,12.570870664972068,14.432309663923025
1534.3701730955709,1001.127069687916,12.218067949946853,14.879914677742777
1536.7247091100041,1008.1693209287529,11.968768984740105,14.812145365624668
1545.142709687046,1013.1059080180229,12.226084862516993,14.565498973339642
1559.1815650185451,1007.6556762639212,12.375337242731458,14.359416079565387
1565.7659514581517,1015.6471925313558,12.376655038872377,14.331582786334456
1566.7541398449152,1000.8351136554141,12.406636888849999,14.303524580576044
1559.2966788506158,994.5300205821409,12.605994149665563,13.978781833079678
1551.7958969927502,991.9359030203021,12.591605755106276,13.820316765259358
1541.270815415392,985.6883653376977,12.5723738445149,13.81982099399341
1532.4995765190672,1001.81117422522,12.066385908404563,14.47331210566777
1541.7866773421147,1018.6664201841353,12.057596783672194,14.512331906587184
1538.6283789039085,1020.1574085286454,11.81871890193656,14.47208309423008
1541.2986113633872,1027.5867426755358,11.863105438667313,14.399386441990135
1536.5318038079954,1038.3487065327338,11.891992232189985,14.266877184625006
1536.3230698894506,1044.2537169167258,11.900020654540253,14.24541251557924
1524.5849198671253,1056.1502662627017,11.93851743075793,14.207742137836435
1532.0106703172014,1042.1587792751216,12.050324864956352,14.194305743123353
1536.6670515781993,1042.5338976919834,11.990357562382089,14.2135839469367
1533.018535627574,1044.9067621681265,11.975147909372367,14.218642729635512
1537.1214747994609,1043.8995548117869,11.666278938310086,14.28991872370997
1527.8510426400771,1046.3416228914557,11.049117515500129,15.074757917613066
1523.6709736831583,1032.8772479460492,11.00087205989226,15.113788799026867
1525.1283625648387,1036.450156718007,11.068976557807767,14.834871222304791
1539.6277450122086,1045.6980720307138,11.050165428936758,14.840406258512326
1536.563230052091,1052.2459619175402,11.08538908238746,14.799642048824444
1544.7425486448512,1044.8829877205494,10.704923245438952,15.199421428828868
1539.9831163374633,1040.0323556574551,10.599412516892013,15.010104424035994
1542.2137935409503,1042.0589788104448,10.680643482842608,14.800435264586444
1536.5663583860032,1035.061498048896,10.73984656403793,14.713361722987079
1553.488208714847,1026.3852206726315,10.770634736917284,14.577219423513956
1551.6728766613126,1040.9458380653234,11.308388554221406,13.887669132148938
1544.5811952551594,1048.64710730714,11.29065101710155,13.91135154237551
1543.6125176514313,1064.4807079126867,11.194927792474608,14.208387544416746
1551.4533024895936,1065.6810986999421,10,15.519099938869877
1558.4198571313173,1063.688273563013,10,16.789849242269337
1569.4479561913759,1060.5830681416348,10,16.928987234988632
1575.2913400039226,1064.9610309409024,10.699662161588641,16.00330236292419
1579.8782790331531,1066.5734037561922,10.235653487892986,16.507364658522846
1589.9860836137086,1063.2544996231113,10,18.51404222934183
1581.9032830396893,1060.017468390604,10.01422060909808,18.48581158446223
1592.424627887085,1058.9945102153542,10,20.072792465573077
1590.731963628281,1062.8023417489035,10.119492994002837,19.79774943936819
1578.7609898846183,1060.1316363294866,10.143929495000277,19.76780855929914
1579.835858533542,1062.5466818144141,10.914069726297141,18.826114329404124
1565.8781938422471,1059.3637493954336,10,20.470248935126225
1560.1986235662657,1062.6966480645776,10.417667544760745,19.943804872136983
1574.481109125043,1056.078735365409,10.478240021566256,19.904008856289742
1577.6085027134156,1051.7266037265517,10.997378626071063,19.361000596223853
1581.7930483594532,1055.6844839905789,11.029481906444968,19.35867028209762
1591.652811636596,1062.3916793679166,11.354194396348811,19.081442689653546
1586.1330475241914,1060.9879271472694,11.46626862640668,18.968902708798513
1574.0946443631585,1055.3528208968949,11.596703869981237,18.792659254041872
1583.414460562931,1042.9476142807916,11.653110670265422,18.739907584514867
1589.871532183363,1060.6120933934344,11.654112349750728,18.735507617285982
1592.1620109338012,1061.5379958617457,11.895551127255608,18.376280471877852
1596.1599563496704,1059.119944494071,11.164198106796425,18.925759252454156
1580.5978131125944,1061.708141835105,10.069398887589037,19.825828269727047
1576.7928688395768,1061.4911757283319,10,19.93663088894731
1585.3707670108438,1061.8795769832905,10.099372572261164,19.788099481935085
1586.5316509671088,1043.3350561061432,10.29686983459679,19.624596833153678
1595.4369733203202,1049.4962237997875,10,20.767763231143217
1582.873435908335,1053.2087908904002,10.700334177608283,19.49417123665472
1581.7455679862817,1052.201489266136,10.829627350892808,19.33528586824015
1596.5341379747347,1042.7354566797135,10.998865318932816,19.215156445748292
1581.0911303193952,1048.7242561359865,10.863047209812118,19.29795372766034
1593.9155925051848,1061.1935744793655,11.05175597116747,19.047274804574265
1598.143844907668,1049.5156238218838,11.048876845217217,19.04983978530888
1583.155644872534,1056.3191099123387,11.044356123859508,19.014338818693446
1595.4642515097603,1056.4593572954152,11.511937847575679,18.329260985838594
1590.2101799753675,1052.5276555867076,11.511378638223983,18.33299233370418
1590.958192626337,1042.6369638051856,11.568863286922728,18.264036007222064
1598.5742824810502,1048.182943691203,11.303627318341025,18.33241940535297
1598.506107049314,1046.7062577843592,11.493953149263024,18.261396706864346
1589.8079678187942,1033.7637402560551,11.366357327466108,18.447094757856995
1599.005896776619,1032.9126001182094,11.486942664380035,18.26769955175217
1597.332408139651,1031.278335887306,12.174979384650637,17.553956103845508
1586.8119436460536,1023.5391787121662,12.168157898823384,17.564087890343117
1577.5670140016268,1034.2093871974325,12.129895239434719,17.607973059092537
1587.960299610148,1031.2502123919894,11.876670198539436,17.82625610351176
1602.59571543078,1040.0082432338127,12.306085368188617,17.39438860321476
1598.9127619727242,1040.2462409670084,12.367232781889522,17.28321159061217
1602.312965640844,1038.1045985684939,12.528189238069242,17.34580804459291
1598.7873447880743,1040.5218376160312,12.596382981419945,17.205012143274566
1590.3447258632443,1059.4533722020872,12.726537746973424,16.6884281091021
1590.3902735041281,1057.1778219283754,13.031152337451513,16.314481735749194
1580.4300719960984,1062.604526319481,13.603929621089042,15.127060921982691
1579.3276198889537,1066.173115361524,14.13126063133832,14.337444197302245
1571.5154019571073,1060.5520923535491,13.913597305272367,14.516943483210325
1555.0934769257483,1063.7656605915772,14.388432628000205,13.905355427106906
1560.9378133121443,1061.810224121399,14.366017713484728,13.648055054322583
1563.4171570361038,1046.6065450303179,14.291253319307078,13.81210612283709
1579.6715469933863,1049.7112282563223,14.230204422808614,13.85187421138603
1593.1189640258874,1065.336382563382,14.233393963153038,13.925029037208464
1576.5654862883482,1063.4579081275767,14.62254166845616,13.662151973455067
1584.2514478049632,1064.6884263702227,14.745802579928112,13.547254680744224
1578.9567456326797,1064.535693398627,14.74387067419006,13.550808345998583
1590.535307955759,1058.933356660607,14.760179331864572,13.552043063188446
1592.7425700532267,1067.53459611419,15.404389553890612,12.790520271745322
1595.6479723601458,1062.1117710692445,14.982500478840466,12.845416043398755
1609.8708214218643,1062.7820683114508,15.028440538996874,12.725149055515109
1610.8771019041953,1061.6917717242777,14.696358147180469,13.001968802851325
1624.9133924306716,1066.202963794534,14.720514002186762,12.851943938156564
1635.600171504968,1063.4924653859912,14.173322278154306,13.195945859307498
1617.5003120655285,1064.4194858309424,14.539720539358077,12.929706545065308
1601.1713358768047,1062.8177090688669,14.559954716121776,12.949557361925894
1586.0105941684892,1061.063863663543,14.842848655213748,12.688840589336873
1585.0236291800127,1064.8934638957878,15.232053729060056,12.255854056884782
1591.6002921896657,1061.2252339624692,15.221548068030572,12.258422531767804
1582.3676930957467,1061.1249919537677,15.222266809457272,12.258121374204975
1570.1648963448229,1052.581988034897,15.288760427272098,12.140519745393814
1590.0828823724896,1066.3443425968983,15.291281719106207,12.12632964910116
1595.9066119426836,1062.7776898414843,15.446634201338046,11.874028394181977
1611.3688037717804,1046.597070155726,15.37697351982903,11.98978436726124
1595.304792841796,1060.9180666274347,15.433618579260822,11.906656017349423
1602.847860026803,1055.2873713185302,15.51339779109494,11.763304394252813
1594.9260987148248,1057.139172628329,15.518885785229557,11.763719175396375
1574.1188381305894,1057.4964245885067,15.247714357264698,11.883125779886548
1573.4754540949466,1065.8630101805634,15.12016243648488,11.686798849313053
1570.0800703080045,1066.8148643823297,15.243623110344569,11.562450501704019
1568.511441572881,1061.291628612291,15.556506858515231,11.549507178194627
1571.3506953484768,1068.9397902025964,15.678406716991677,11.44320074410486
1582.821765321064,1065.4783398318139,15.74530188229066,11.458383780897254
1571.988769496131,1067.0798151050503,15.772879149222078,11.254058751315679
1574.4696916683015,1065.013480579737,15.65384734302833,11.498918525361466
1571.8228851131157,1050.4356496853757,15.266392032989703,11.438008506223236
1575.7587239581128,1059.8875792116285,15.256679999276077,11.40405683286792
1560.0618496935392,1064.3258012801116,15.535781616801971,10.707129488198955
1557.003542443412,1056.0080181401545,15.689473067129583,10.596533353562172
1549.5267644563532,1065.0482594099165,15.60177118297093,10.449923036938841
1540.689027241106,1053.4480050521977,15.752881142029588,10.466124653987677
1534.098287651071,1064.7636927501535,15.734533127886174,10.464250600849583
1517.45335466794,1064.7923721615346,16.25475340323017,10.082896307086852
1508.3549802272316,1068.6629867274314,16.21727987253755,10
1508.6281477804202,1068.5924280229956,17.41552193557826,10
1517.7324533587018,1054.4593761507422,17.802922894493737,10
1505.0608941090652,1059.3958967272192,17.74324560214108,10
1500.184129863495,1061.860147662837,17.690101997029096,10.056834432474952
1497.5232034370056,1057.821963871917,17.303974217226077,10.2019028047208
1500.0131360143826,1067.0097907471659,15.899721845904132,11.359442642479618
1499.3153656416187,1055.1638633195016,15.925916568825647,11.36735088831123
1508.0510443529515,1061.595260349314,15.49303799747871,11.335715466686894
1508.1454314147359,1059.6791900987726,15.527260287617477,11.279299725780756
1504.1923255375364,1060.5844361710642,15.580338840417246,11.116312268506796
1516.0587982276945,1053.4621792193714,15.686447567767075,10.961295761125687
1514.2762125938496,1055.0309860151942,15.726360294349858,10.943938116593177
1520.993305838685,1056.3296261844305,15.883600654043967,10.676538492536876
1526.638787400795,1060.3174097009442,16.155022135231754,10.622252797247857
1537.256583482732,1062.4996975334006,16.49303264774983,10.315074974741998
1552.031547891937,1060.7629067841917,16.74540523620003,10
1547.7142517953253,1057.8396639768034,17.547707733683463,10
1552.2787442413764,1062.499818796292,16.928617212614142,10
1544.593800862527,1063.3177189771086,17.58223924558176,10
1544.980545543182,1062.8179100466573,17.492430478238884,10.034030542958853
1547.256335741951,1066.2033008579165,17.655094446392773,10
1563.6190171058306,1068.2625023368746,18.15796887073354,10
1575.9621836908445,1068.2181309364612,18.214723469260257,10.122170016939654
1568.4480717276856,1065.4904917608947,18.659253891244504,10
1563.509038988251,1067.6258493792266,19.96132297118811,10
1567.5528046848717,1061.4856120797047,19.777728440892133,10.158636983076889
1562.016943106773,1058.1056827526886,19.623336370344102,10.328200799157514
1564.8826973296843,1063.8993340861052,20.55037961748415,10
1576.0103622764523,1059.7945796381682,21.284927424753583,10
1577.5893704525463,1068.604233874008,22.83199015124001,10
1576.264327703971,1066.8603490721434,23.991283969961806,10
1595.6721998634946,1061.671304596588,24.409323372838365,10
1607.5005050080615,1060.0013032089919,24.657196878870877,10
