731.5,591.5,55,135
732.0908904374884,597.0912693266808,55.68824833606745,127.20593390370627
727.1255810906412,599.9027549409873,55.5041447778699,122.697047395705
725.7995177448597,597.4772159087363,55.665638935405674,116.14603348022638
722.5615831326072,607.2913652298403,57.118935165678636,110.06726963568701
727.42203662355,604.4455261921867,55.229221154069016,110.02982507229166
724.7347382656724,608.0324065096764,53.45290606181022,109.17643558828264
727.6323873763098,615.3186796753907,53.059845732686284,108.62392786159026
728.2569506770694,612.0658090019841,52.20332941287282,106.57074357974149
727.5875927724558,614.7507578500076,49.94643269616018,106.78971688589166
734.1071215276959,616.2423562692325,47.87247928876827,106.81639319922115
728.1944048716152,617.511420983247,47.515325931007624,104.86545064415122
730.3103895330332,623.7027751063475,46.9369127166465,101.97879513995467
732.0774298078861,620.5327911978338,46.434789078027784,99.80499380720173
735.777802081406,620.2947599755854,46.00375726521043,98.4579270746051
723.4142783760946,613.2052072004597,45.44527458550127,98.18961441196589
726.8509349591507,619.5883343126627,44.37237169007986,99.60768445208633
729.8352978307843,621.2636406708854,43.68405194504267,98.7085309050288
722.032601770431,604.6341534972685,43.047386265456154,97.66340903033878
722.957016599722,612.4210844657244,43.96790761242838,96.06109803489394
725.7200015759512,612.8906852746398,45.14009020208445,94.66951611749514
719.6028151238812,619.5846863059546,44.4393415699695,93.56347168120821
719.3366757065321,619.2147104686849,43.293598377651854,95.09428579681074
718.587149613103,626.5606969452284,43.66033421357346,93.15671118967079
719.698234254547,630.8549649024008,43.16900108371581,92.91568942785295
723.4830918751576,620.6010560228439,42.01258635671573,94.03218791206453
722.168243159578,622.3766839058845,42.75831376567335,91.05698022213593
723.9343446006304,624.3097641938573,42.44959396920083,88.6482864869345
716.2327913419691,631.0363900739244,41.56778646979973,87.55424378746912
715.4964624484219,619.2595216481226,40.15546381675451,87.72066870364803
714.5300376651253,620.0751149889443,40.71434680867884,86.65699727602531
724.1604240182578,615.9735158299655,40.44727031518241,85.34667821422195
724.6919520534215,622.5154195895022,39.477163009417545,84.52046766475316
721.9743374833965,624.2085276430872,38.133118639488174,83.52317305683552
718.9132979622149,620.2638121207623,37.55135981029995,82.72002387840197
719.2806567277111,631.5097414596519,37.292168701569814,80.96581893292252
716.6410268040971,627.3379991613759,37.15463854025289,80.04164148113452
729.6286614184344,636.5377440636773,36.71133456731564,80.49779018055995
730.0532369550812,625.3699910457265,36.10399649803897,79.46365014407411
734.9384136252282,624.7987760122994,34.896947105193384,78.61980644536426
743.6547876568587,624.8622765406526,34.11383817157127,77.39968219110227
752.7782776028724,627.3326787810207,32.782849109011465,78.13753142740721
764.7987590811813,633.9672572620493,33.02542115605604,78.36276686036939
778.7141904400562,641.5805518710749,32.92258006001032,76.38133774516248
767.8201539140485,647.1558340681619,32.73808841475991,76.28498115280743
820.086970682953,631.9013958787143,32.9077706118141,75.75478358761079
839.6914884446812,629.7539520208928,32.849747509012076,75.69377244613693
866.2883874540279,628.2294084797477,33.16240014339501,74.73845355308552
883.3915439721527,621.8162069831761,34.565896982633625,71.82282830983947
897.1944638445618,610.5577214548123,35.301783540916006,70.25153490123519
917.5125300378462,611.6939900935433,36.20576269609519,67.74795920238056
932.2124130277801,605.563515871617,35.05826264640319,67.37418970494912
939.0308232923669,601.2686645392448,34.292473878398994,68.50758638901108
948.8849431374862,604.9752546935936,34.44231028374148,68.11782879836164
954.4892640542105,602.9467898187278,34.31903183835446,68.41513835842638
959.9799105526815,604.6244391483234,33.920175402996946,68.6187817787793
964.2302755613999,602.8218357862783,34.214678158387194,67.97321745718479
960.6152762196662,599.6454353456465,35.14968773281547,66.84382010007542
965.7936909961985,607.2418649259929,34.45362478131325,67.18279458806424
966.8019045082787,600.5490788244778,33.790673804668764,66.99637105592606
967.8294657750349,602.9589810032032,33.157378587440434,67.59857473604227
975.7956919713658,589.8811173501108,33.11175175630216,67.93628789732968
970.5854830204422,589.0629734858773,33.49033482691147,68.46304505767388
968.5212820203312,594.9312875415138,32.98398121571377,68.22871816252625
965.0856899502043,589.9201575481707,33.358433597849974,65.96099058512574
964.6358197160804,588.4011744003127,33.523807410748056,64.96669217136892
964.5002243358261,587.3894894904,33.26724779836996,63.98318886039593
973.6172809718827,588.73640448875,32.32379538441111,63.921957502230455
969.9933649073549,598.9570105402807,32.68833388477407,61.67539223449628
969.4249247930933,592.3034168805647,32.717488493027496,59.597805345859676
966.1590990434282,596.6554447009368,32.476883617998446,59.2830195339117
975.267358828044,595.3496193987336,32.481296055602826,59.17344082351416
973.9940214437694,596.2613788480255,32.343534979730755,59.08705137477445
979.3501182237575,598.3481060000356,32.25358720832874,59.066940271437886
974.9917502210039,597.9879217952923,32.3492962210379,59.10819857111855
936.0654351228227,605.5939064295613,32.01558608536918,58.67372468679681
973.8197091785868,592.3294331935314,31.631572580774712,58.717340577191685
970.1339411682133,594.8814771823718,31.42882023329655,58.65149732378451
970.6709110759467,593.8790509627455,30.977945472246237,59.843121871115
973.7703497348709,596.9951739124863,30.72871558100308,60.092136748153365
967.0373368886923,599.8747426818862,30.57903292222518,59.9306864537687
963.249721748277,597.004146583455,32.08005017510164,57.38063700481809
934.2694182439254,592.9809589658335,32.475498339810656,55.94792631782002
965.0575958754314,588.2323358783907,32.05656418885924,56.070141021452976
974.0716673551343,583.3912706339753,30.0781171980814,56.6295994292902
968.093280360784,583.9109479428364,29.952709256240073,56.70983199456662
969.1988717602969,585.8075326645082,29.985603186034993,55.738141871749185
968.6763876879975,578.5301135743429,30.014552343931886,53.864576197709724
967.4014372237947,584.9850999592355,29.59321108293009,53.64228844074186
980.4162064130668,583.252813850401,29.569848699258852,53.61937215018638
971.5955126540495,588.2397385330156,29.56778452661978,53.63010568595818
974.7893209270493,578.1144737955686,28.548248119780215,54.111704725671366
979.7079319714682,587.9307318973804,28.054085570737406,54.07997282380569
972.7542306897235,582.0864138008524,28.72013986762522,52.792304008927125
971.8396013616723,596.9170491925858,28.89682899133319,51.75446347753571
977.9555310677171,587.6869813537037,27.54417051460745,52.22270157229204
980.6543541886307,597.4368331162051,26.582722030501127,53.01995506328036
977.8594965739813,580.5374429296492,25.515318462497493,53.38975365538642
979.2402412406606,566.9945180198096,24.466585524479154,53.743902577848814
977.909469951469,590.1656990487038,23.803292802416735,54.27398467289236
975.2769185649456,599.5479008811106,23.82190271276198,54.212509551169425
975.7001058603847,588.2820359572548,23.629023552830105,54.17555768196221
982.0146453673227,571.5091914058017,23.160175175550982,54.046941822710195
978.2356366268349,568.4580682940832,23.378638346681534,52.994545464207405
984.0600356548387,565.463867276191,23.201742184289753,52.97223201537278
982.8312817385148,567.4992052569124,23.063031669388028,52.75630621033245
986.3044177527108,585.3794602596752,23.17211137515741,52.49426269650623
973.7206334742699,557.5940738588607,22.917309021394754,53.12806574105506
971.7931186137947,546.7959444727843,23.518534297078265,53.072701740991135
974.0245061230363,567.471279935484,23.46948656207282,53.4427606434727
977.2096662280808,571.1968251311231,23.35830398244664,52.203708292355536
973.3398257748157,566.9908028643953,23.800633528655638,51.35012210376529
977.582206244969,581.2327297737063,23.79743329544144,51.34889806114415
968.123680036566,578.3841914809171,23.65292031307741,50.86681262127073
967.3124611579602,569.1727221699686,23.430932988082333,49.739284705692505
970.0877943089308,558.2655957573049,23.710844536482988,49.115448160292104
971.8034478246769,555.0836241104655,24.188592261155268,48.290962575186676
966.4504482946222,562.4587552493455,25.64407252243658,46.52679000384763
965.8953175340358,550.6779809264317,25.24653584872397,47.53141382972908
972.4800468028409,561.2609608731489,24.27015535219061,47.50407049818427
972.4552300403883,556.6227948867441,24.430471871223006,47.292940427231585
974.3074942114818,566.7607837116543,24.443541013624706,47.27823711517966
968.3208830934765,567.8583865912548,24.4436826145646,47.24025076592156
964.8621867519759,556.6867128192827,25.287676707477946,45.62353819023678
957.9621039540714,553.995198153174,25.96791680432443,45.070450350212994
961.7017354957852,530.2579993975498,25.905508579295145,45.08700789564083
962.918104963807,544.0898798566836,25.94008269447535,45.2528005814994
962.1938494075034,540.7358423745324,27.131961896281666,43.96519282943229
959.3648044602885,552.3714505273562,28.02213844918922,42.64468872776405
958.9655342922192,566.2443582820599,28.424943819526646,42.158585437594944
965.7728013087435,558.6443919267608,28.493840458169892,42.10700371337857
967.0306989089863,564.2808788596117,28.47142604267264,42.212096864278465
962.1314926726108,581.3601734888507,28.590459052228034,42.15711478353471
977.695969769814,623.9013626329148,28.162363927645668,42.65825547734015
954.314629633141,664.2126149699225,28.19267954645085,42.63376563486771
963.7218648878026,676.8395033866816,28.13015262538444,42.7956763623847
950.5789148665715,710.8400493281547,29.88446125244123,39.867346015083044
955.5001648996439,755.9742562322399,30.098947995073296,39.38234895495941
948.4262513766383,746.5508860734643,30.69068850086238,38.36863089848728
946.9004461375383,766.9748588542232,30.680259842175623,38.37622275152038
963.1694636206514,792.284767692317,30.800721732639012,38.30566044642627
972.9152818445133,791.1532152436297,31.162574207034343,37.90933603204873
990.7981875450171,804.4642938556744,31.389610248653742,37.558024221167294
957.1235083471521,812.4480992133701,31.233696732762642,37.540140564186366
975.4498293176056,786.347928946412,30.812000379013927,37.475744922565525
1020.7260409417158,812.9913147883323,30.71313700628159,37.61757736470176
1012.239986412755,818.4490151978245,30.572157456415262,37.395691369630875
1018.8578342516039,825.0617909401674,30.64951967819263,37.26085147857291
1014.6580734043039,860.7568568112412,30.626735312001585,37.272888010351146
1011.0688042225239,867.5308635923735,30.097294950128074,37.248712491299386
1015.6910820424305,906.3049453885402,29.989037489941474,37.2898814795323
1038.063416765399,910.6544209213837,30.391451326475078,36.62562794649918
1055.343056683606,913.7339933786965,30.53432374225843,35.763966476087404
1054.201010736181,934.4323494465776,30.32724999913864,35.76300247875301
1032.9481333072695,941.6866788450723,30.084900761502524,36.23767631573579
1042.3603575509567,974.8499882661547,30.656242374225926,35.62683200970388
1027.3694185619563,994.78788998372,30.679818808036977,35.61334470616492
1030.0265786952382,1005.093870601761,30.95657539236435,35.38621013023939
1051.3764179580523,1002.7699482566227,30.777885331091728,35.689509932973046
1061.0998817760992,1013.6951377992369,30.69335012053487,35.810240238003324
1040.348343507078,1004.6026188949451,29.878429679817604,36.91477458284204
1043.404508565647,1028.8218369965898,29.643778433834573,37.14996814029463
1024.1888996135779,1031.6151557829485,29.77229629524803,36.9950541622431
1018.6700923493904,1030.5254243830861,28.572943736831007,37.7779252986072
1020.3248997837267,1035.2624654691926,28.63915761113934,37.732718095876514
1027.8971267708025,1036.2438971985323,28.63176284871846,37.736780139020624
1008.0531313458695,1035.9553729744362,28.712125829932305,37.72342288462169
1030.8115059498625,1041.9894366652643,29.154875981076906,37.01704610568763
1037.6772105616956,1040.7605491212942,29.163065985316447,36.99917660515756
1058.8490878843052,1036.777672522793,29.850126464608856,36.0306980440421
1049.0515408109409,1040.7210913770573,30.058814666513058,35.52219008938937
1064.676497533095,1037.563486525295,29.21197930142869,34.71075518155539
1045.0539943951248,1043.087288153553,29.1571732604744,34.70572966856987
1043.3604200781517,1045.337446297284,29.39527690388085,35.039945165165214
1030.6426465404904,1035.6729682597131,29.406990132157645,35.052269923168446
1032.8841941556316,1037.1008442583425,27.832528610829257,36.49009130542631
1039.5840827897425,1031.8433959212705,28.0483490675218,36.28321387831281
1043.8138117611866,1032.4157363131985,27.899444675353923,36.38743112378433
1060.6135839417298,1041.378673471948,28.017242690976623,36.16231287928317
1051.9156464826115,1046.5456914569193,28.0930549718843,36.2496397862328
1051.2248138684142,1039.5189701834809,27.598441323020463,36.798524723551694
1023.5065391138257,1031.5245847092456,25.888327166425885,38.75164732607464
1009.1540229213468,1037.4219560665488,25.71223124022651,39.22215767848496
1039.5462025701406,1037.4291987718043,26.1137087346309,38.78075018507282
1033.5344928439065,1026.0487086045393,25.210873914638327,38.980523701976146
1024.3655821953382,1017.0335608860352,24.78064024961675,39.300039948920855
1053.6546346940054,1031.8548210262104,24.911447148034366,38.977107376090025
1042.1189457568976,1035.9332204190434,24.962204676180598,38.855567837249914
1031.5978424259386,1034.4167936546473,24.282643912561316,40.011808821982285
1031.8848305515878,1039.3490798777425,25.811319018913572,37.38238814352283
1027.9534751377105,1036.1799868298103,22.956917305469553,40.90157041896772
1005.5168125067545,1036.8345582196662,23.43277400048708,39.95567664314311
1031.9955443074796,1035.4347894787456,22.293887211781268,41.61611548072767
1026.6027266581664,1035.1079416513292,21.358046909211385,43.67873905304139
1028.622259093212,1035.7555387010696,18.869836006786507,47.07372763941247
1032.8623609619221,1033.5031249423826,17.018926664813005,49.504677583773024
1054.7207798710165,1028.034953476909,16.273532022893967,50.54923393940283
1043.913457803383,1022.3422943662322,16.110824778766354,50.651277510182794
1029.4890963596617,1039.6468107405644,14.752100614207018,52.36255726151832
1021.9758072376936,1029.9197546990783,13.13276859508154,54.21988475281566
1052.963477625963,1033.21058957073,13.567114860779439,53.500856820883364
1060.154152624528,1030.2455957021675,12.820944383302434,54.70228411031508
1055.5235319281671,1031.631949945388,12.356504471092807,55.428349437121994
1072.8914809868654,1023.1104431409979,10.279004028256578,57.955934502811594
1076.7029321802331,1033.918742481091,10.0229887341115,58.35332431749836
1082.161843329668,1027.0374781971639,10,58.89296298514509
1084.9101946651936,1027.6041271330282,10,60.91912828060697
1090.9613521397114,1022.6160677262833,10,64.64669000333754
1094.6956838406181,1032.576989807419,10.695287518291542,63.60275645507955
1090.622659601327,1022.2099732008352,11.0946342794967,63.06268268887722
1074.61611095721,1027.6767627397437,11.826254593244048,61.90874953085992
1057.9791027654924,1018.1809050276346,10.352452983515148,63.60249513696285
1037.0319044073005,1026.0606606842734,10.12685458271091,63.925938230423704
1044.4436289638595,1024.674226441522,10.008047765430756,64.13072724433819
1042.311085730791,1022.8337616723913,10,65.72541744467841
1042.4523110375667,1028.312374022646,10.542088332600363,64.86321208468398
1039.1409555971622,1021.4869652013112,10,66.3088266710184
1055.5606348273793,1019.9687107012057,10.941899168960306,64.71524495772829
1070.9226557314396,1031.7504121253417,10,66.58066367317733
1067.7917517721653,1014.654027516123,10,70.05563847327943
1070.9405271808612,1019.2568515420905,10.075085500815211,69.95335536580254
1067.7247229388718,1013.9763950138598,11.970515395926528,67.43450405611414
1067.4425721610237,1018.7993334897603,10.618571133484842,69.49061150983054
1076.373421639204,1014.4662153676812,10,72.62918166206978
1074.6762981116772,1012.1055320641947,10,73.66247010398868
1089.2384155544958,1028.4358254815031,10.38382747703378,73.06114840609062
1082.353263348341,1009.8817823740166,10,76.51512848092693
1075.0620240867138,1022.4129303997828,10,78.44371911762686
1068.5079383552074,993.6496305718553,10,82.4237527639604
1087.5322341620922,1019.651252133395,10,86.04470473975789
1090.4785151784893,999.5453326519548,10.2002848376283,85.76057202295085
1107.8806881606579,1007.4859018844019,10,88.35814754731459
1115.150879830122,995.6162378463301,10,93.55598316129984
1067.6787950634368,1013.940469363966,11.5132079244838,91.88967878691676
1054.2059154212475,985.0382461323243,10,94.89944751582507
1063.7026414573193,1003.8293314396374,10,97.46336454768337
1068.2344698607922,974.4227675822892,10,101.47398295451836
1067.7254455387592,993.8974359052918,10,103.70492508658945
1077.2410934269428,991.8430508412519,10,108.5632447823687
1093.6112850010395,974.827970017636,10,111.54934095413661
1082.2279184162617,971.0295877423225,10,117.34264407230637
1097.7966268360615,973.3161980082192,10,121.20092302171427
1093.9400720894337,961.0151049733531,10,127.82348148219344
1089.3081231415272,969.5128541411351,10,131.5999043044664
1086.0472996532917,975.7514114358837,10,135.7487243157993
1081.2743013203144,962.9379424059539,10,139.4826570045652
1093.9662120640278,960.6761973858393,10,144.65648092617278
1102.195310384035,943.6549521515658,10,148.49474585455854
1100.0537617504597,942.934717592066,10,152.45978782283166
1109.0478842556477,965.6483193560425,10,155.82753668745679
1105.5748575031757,938.8323529742265,10,161.21183074869617
1116.544639378786,950.5119415910025,10,165.19849015454864
1111.017895013094,932.2746260133243,10,171.49668393197513
1102.3590748608112,932.8626312956483,10,178.50859203035233
1088.5119259655476,920.2288471885024,10,183.27542591542024
1100.9574349224567,922.8400756695786,10,189.42532727541146
1108.615225583315,930.7346766878347,10,191.11534086084757
1100.5199621021748,920.5135242580764,10,194.3999327839629
1096.2844260036945,915.7396384415828,10,196.45277558012745
1112.4002650082111,906.4589502177595,10,200.78170917193918
1087.5422194302082,901.095642215857,10,204.49174220989326
1078.637954980135,894.6191589626735,10,209.79693020521293
1080.057524472475,892.8187075447694,10,213.41343215211617
1085.8243463337421,916.232952325013,10,216.23463512702943
1080.2203548252583,893.3903123988143,10,218.1721465773271
1063.5669601261616,899.375685596537,10,221.420876881711
1061.4564302265644,885.7671778801573,10,224.63030678895765
1087.1279027760029,866.6531613459281,10,229.18911225731847
1085.193693548441,908.3860824140414,10,233.77005356835727
1069.5711807310581,877.60765005484,10,236.91107050843982
1072.656321913004,876.0196928962087,10,240.0938930892479
1081.3919014036655,882.3064527972979,10,243.22531694399086
1084.1938499510288,884.7421316072512,10,246.42004132481682
1096.4764341413975,868.7125448631766,10,250.0600387112812
1110.2254814207554,870.5077125846841,10,252.83867318556372
1121.7120698988438,885.4281199265664,10,255.67757270468
1113.711413770914,865.7157196797932,10,258.2514248644861
1140.7781347334385,871.9671894708415,10,261.8143689188642
1142.5483831465244,876.9586858959713,10,263.233829491151
1158.7741102278233,868.6662120164971,10,265.0527297723772
1169.52804890275,875.8475410029171,10,267.08746788718366
1139.9028657972813,850.6316385183002,10,269.5716219469937
1151.47349396348,891.0350626315255,10,270.81302201155853
1170.9072479307652,871.1639541031435,10,272.67528377657464
1206.4615501463413,868.8208713284314,10,273.49277099462364
1217.1420511305332,855.3763604702078,10,273.8613478410757
1205.6569265425205,865.7777840151255,10,274.2705139958694
1173.612958341837,863.8516544519093,10,274.84671945523314
1197.6226533949375,855.7470269178237,10,275.4726319712192
1193.6044339239597,858.3556013660238,10,276.08271686617024
1204.4092415869236,865.8298261747684,10,276.7756799836667
1180.4275044500828,857.9806256041752,10,277.2569876571407
1192.3675192892551,861.7062377746996,10,277.56353337758475
1177.4138669073582,860.1003437395768,10,277.729173862915
1210.1560620367527,853.5237552640235,10,278.115651023067
1183.897889047861,850.1197086740978,10,278.3373861325451
1189.6698197424412,870.5962917835607,10,278.57049539579697
1186.2571090757847,858.320253688074,10,279.48490297715136
1164.9609989225864,854.6340248814832,10,279.8185260184944
1185.1693443357944,859.8735391938259,10,280.7385700409039
1176.937930494547,858.5599722697568,10,281.9636544667778
1194.9616293013096,858.5288905259563,10,284.12784703953827
1187.4244088232517,853.8893770593895,10,284.68281963612384
1192.3650583326817,859.7036750651247,10,285.4692312159012
1178.4122366011143,846.9808976817553,10,286.03166639950996
1201.15229550004,865.739735042496,10,286.1741479280285
1173.7345384657383,844.3933391234209,10,286.60636924005576
1208.1818498671055,855.8675683658984,10,286.99478857797675
1182.0828947126865,839.0941353477821,10,287.2083721435063
1172.44734993577,842.9426780172735,10,287.5035196040534
1185.0368331968784,834.8330645789063,10,287.6047903192889
1169.3831991255283,843.0945588430038,10,287.85935344209474
1195.989272505045,845.0342580698502,10,288.02325275604113
1211.6177352964878,847.9213290684563,10,288.123342574167
1196.4519895613194,842.9033210439335,10,288.28627074021716
1179.794852644205,846.3206864995849,10,288.5468138004719
1154.1103509962559,838.1156814070009,10,288.97723356968515
1144.2534107267857,871.1321254696838,10,289.7071704565264
1157.5259670317173,847.7452212804292,10,290.59965788166664
1176.5625499784946,851.4959443927187,10,290.83445585874784
1139.769688040018,843.0972443925283,10,291.74287499365
1160.6394237577915,848.7379852874176,10,292.3832662965227
1181.443428426981,852.2296529428937,10,292.85019877731867
1176.22691527009,846.9092912933479,10,293.1844960281314
1169.074098020792,847.0527249059212,10,293.4319459984004
1164.039577871561,855.6085896542305,10,293.55289777619583
1152.8481601774693,850.5040028429221,10,293.88641240985993
1169.0578922331333,839.8666953373062,10,294.00407933149216
1144.7498477995396,856.5893219968068,10,294.34348253714904
1153.8872226774693,861.5673971137642,10,294.78464542121526
1166.6514972746372,855.4971523870787,10,294.868023134474
1128.0754207670689,848.8343316852945,10,295.09861658729767
1119.9064439833164,844.4374818228519,10,295.2386774724614
1127.1687144339085,855.492518939703,10,295.80534579247006
1096.543384462595,836.6671357579459,10,296.6376955605253
1080.2331141531467,857.4399903600242,10,297.63830822526495
1059.7174071371555,814.5418644862546,10,298.80748477749194
1042.157428652048,839.0737508779175,10,299.7150674323985
1066.640094667673,832.3993042402149,10,300.41081491770365
1031.7322882711887,835.0355108878243,10,301.3269416043267
1037.0397547781467,835.259583510996,10,302.055015940541
1060.2536925375462,861.9831053816854,10,302.5308161322679
1041.5218714773655,831.0014129120091,10,303.26423586165953
995.3759364187717,832.535357849709,10,304.40417450798793
974.9412898123264,821.2787240683881,10,306.16633962312017
982.2323564589024,819.2425316903596,10,306.8103741689873
988.5786236822605,839.3485957936359,10,307.329653127962
1009.186770349741,826.7586391141682,10,308.22858733040334
984.9395970404148,837.2005564165847,10,308.952170785873
996.8848265707493,823.660586943178,10,309.42439031129976
998.0422171652317,838.6162014878892,10,310.38136152400136
1031.254840761423,802.7624410820466,10,312.6993101921319
972.2360457479954,845.2876697552028,10,313.1834368912296
988.7346247732639,797.4117559447169,10,314.50634758104906
1036.1582850515842,840.3448960560407,10,316.1267388061554
1053.7522830069065,811.511742711835,10,318.42644927264286
1092.0104350149632,853.4467558668393,10,320.6720998425172
1101.674937158823,793.3331908509087,10,322.55017744517903
1121.4237507879734,824.2581425324122,10,324.44677219008236
1133.6302451193333,811.9191152706903,10,325.1650221786141
1167.4081648886204,825.6680585809299,10,325.74246438503917
1156.7224053442478,802.8170130051165,10,328.8458159126426
1155.8941383063793,830.9408040814188,10,330.2464233047156
1175.560020416975,800.878307060418,10,331.00893718314296
1138.8872298896313,817.2041660455299,10,332.18839597073173
1169.7328490912914,815.63465949509,10,332.7917383143179
1181.4390678107738,811.3784992837443,10,333.3591582243139
1164.519046753645,829.4548876508743,10,334.4717203877591
1165.1591768562794,801.6555179308566,10,335.5542321056263
1149.2694511711597,827.2911033029812,10,336.53532347685564
1144.9550371468067,797.424014186224,10,337.2299738173037
1141.003503113985,834.6180692443562,10,338.0140438768206
1167.7958367168903,796.6442562294749,10,338.64849851986435
1137.1349270641804,838.1328858996491,10,339.25111131086373
1146.9869244396687,799.3695239475333,10,340.12339338159927
1121.1734917461872,857.4637761021013,10,341.21745895771704
1148.727177888155,783.1782954783415,10,342.19775248062734
1102.5222904980183,811.7410484685274,10,343.1851233923454
1143.3543064892292,821.3475143073287,10,343.92734231899095
1172.7576554119587,832.0676264925579,10,344.6490766429904
1164.4425766766071,827.3699282475907,10,344.9642529104516
1182.6224186718464,804.5017497141749,10,345.879835898914
1165.6613209545612,832.003604207845,10,346.2836205028824
1160.6565444767475,799.5390295291868,10,346.82946144955446
1143.9837501347065,808.1623519466541,10,347.6647830147663
1143.3392650187016,797.4158757320446,10,348.1929832467197
1153.3183585703373,808.3102712679894,10,349.43853780166114
1162.6141711771488,813.840188377099,10,349.6483187567817
1154.320473819971,824.8162136677463,10,350.0732365592761
1142.1466743052006,796.8366055389155,10,350.3815853547797
1127.7955543100834,832.6456143557687,10,351.0231883875772
1129.7181045114994,772.6996096826364,10,352.6602996625527
1136.9244343340397,841.2473232577591,10,353.3233411402369
1133.5555645525455,806.344262862496,10,353.5079027876969
1133.976758390665,831.3801441960657,10,353.74194914155356
1105.0454782545567,785.9837242986554,10,354.13616070151073
1108.2445129454136,830.2378081861873,10,354.902567206232
1099.3649066984653,767.9527814416903,10,355.9527232342887
1128.3187641203403,798.4182172470857,10,357.42305477901516
1103.5205387175083,825.4776375396603,10,357.80537004713756
1093.5443090498447,804.1702414711252,10,358.1513252091101
1107.5934614241123,800.3183733179471,10,359.4092006527345
1091.9932006895542,804.0272809734572,10,359.71465766532253
1107.6318019926548,802.3385134030547,10,360.18020573985876
1118.4450296461582,823.5810259622347,10,360.70404597794413
1104.8140443861485,788.7607760249605,10,361.3139596098168
1098.7164444029331,823.8765486524877,10,361.741906847438
1117.935797125101,778.0761018668567,10,362.4476740759267
1103.1357864439487,841.5210118373973,10,363.3347858975409
1122.0889801084995,794.7230118359855,10,364.1121747553449
1094.5484069883823,818.3468441638682,10,364.3275800153508
1092.2216831743717,772.8839438286104,10,365.3497628269796
1125.9375111162663,824.4203519801579,10,366.4219507963457
1105.0556274950504,761.3806898481259,10,367.38667392515583
1076.3588253557682,805.4404839129189,10,367.8548543502573
1076.5028421729803,757.6957915917085,10,369.1458289584985
1092.6321775764227,812.0697654856929,10,369.74787964465065
1114.6484339088202,786.8796962049971,10,370.35947114793674
1105.9111091941595,794.6601748682825,10,370.7555145537879
1107.2996278852224,816.3517890839692,10,371.16272191343035
1091.1610666364431,800.5137804454231,10,371.80902269882307
1090.6643956154585,785.7735742026631,10,372.30413512025615
1124.0490620583296,809.868947451075,10,372.8269163028758
1130.1870978325605,793.5433633876435,10,373.027904376028
1112.2670309990644,798.1500869497804,10,373.0775798103478
1113.8006772249937,804.8843888782035,10,373.6773687071027
1096.4218701571226,783.4180593385295,10,373.97689485188033
1128.7558697909117,819.4970285389065,10,374.5716191098176
1113.6077431887388,774.2515240167902,10,374.80227506567144
1079.2846879214048,810.5463445406635,10,374.95686619565925
1070.1049336642027,781.9087477080924,10,375.13352623043033
1071.1340811699629,810.2530260664241,10,375.4268840340305
1079.9352963417768,775.4059203579283,10,376.4401567303191
1071.416151329875,796.4580820180186,10,377.23108945261913
1081.2005398720503,777.9508254943843,10,378.17062081043446
1073.3838899582624,814.2486695020604,10,378.70049737027756
1073.8875363320112,787.4901241541791,10,379.03545915979026
1099.2420266121626,800.2469769593248,10,379.3824141024772
1064.1776268929243,787.944318986526,10,379.6108265141392
1097.825270935893,808.0748029048477,10,380.088586247076
1086.5882723778486,798.1814928043211,10,380.4002365842374
1116.974521920085,819.6333482995951,10,380.6738365372929
1074.3630488365889,760.8423007857764,10,381.3112828222546
1089.3024466484785,800.9542021067291,10,381.73392640837676
1107.1541083306074,772.2898011435997,10,382.1327585470379
1098.2356465309858,813.3835173788733,10,382.2648069724867
1094.185673519969,766.3418826014413,10,382.4308936049873
1069.3958518952131,821.6310776817711,10,382.79775490917143
1073.8153317421675,774.6314684612908,10,383.1331855083353
1094.8100140541792,799.8155605206346,10,383.7215290996087
1090.5914528816938,785.0554716831923,10,383.9837016322814
1076.7006800621748,810.6908854577302,10,384.370825438186
1083.9121973961592,767.3377763902221,10,385.14060405904206
1073.2192118614912,823.2170087155162,10,385.7534010051335
1065.6341274231672,748.4410312282256,10,387.3952302472929
1046.7268684357405,811.5444603279699,10,387.7270683368668
1045.1334813088179,760.1987702340671,10,389.2167349626607
1080.1793835610151,792.8600974490462,10,390.25034273973375
1093.9083998650312,785.1876104365103,10,390.72810351559883
1074.95173291862,806.3513935563302,10,390.93858506648644
1075.4315194040537,765.2655991953848,10,391.25161513359217
1083.1762627512217,805.1006960044512,10,391.67859711360387
1052.871672526002,755.7485016272103,10,391.8901880165231
1068.3074444681406,790.3013847761622,10,392.12038210680305
1059.3768576532602,793.7919571634486,10,392.28613369453484
1055.8712545782328,770.7689628202254,10,392.5021968438719
1062.4857641607523,808.6841010755837,10,392.7896418907723
1081.0843111425638,778.8495461027507,10,393.23238007130175
1078.2746716886759,802.8161816238493,10,393.33680205278614
1061.3311387449503,758.7336710182656,10,393.50711043436365
1064.1241523176432,798.5561562528263,10,394.2308380853595
1042.0097838789225,766.498312250762,10,394.35177511292557
1018.5904666334391,778.7029722273243,10,394.5399359337269
1027.390009060502,773.9872121581175,10,395.660064241696
1025.286226645112,790.9333295576253,10,396.1854472405321
1024.026591077447,754.3670176340493,10,397.04084177860216
1000.9077346473932,784.399742383007,10,397.8696832047587
1006.7389276176691,768.1399123552313,10,398.47441673137956
1015.3348348289728,771.2980053454636,10,399.1125044516291
1029.4170177131891,765.794901357005,10,400.8278760943179
1044.5980689674616,763.9098877203788,10,401.9671686854869
1039.3950212150812,759.3917987453892,10,402.564130975371
1053.2195727974176,762.0617445168629,10,405.0431419249469
1059.5542433410883,769.2765467396204,10,406.03917567828444
1050.7190745025873,748.9703475642223,10,407.10440911208843
1086.0065729767084,761.0760912504276,10,408.6322882710499
1087.0024758130312,774.0158274607377,10,409.4103933650781
1086.0000501424074,764.5269020975211,10,410.26703971529065
1070.3564935475588,735.8537787919756,10,411.3456090192526
1036.7414956837893,722.4627005611924,10,413.53705960923713
1033.4325657635927,725.1784856589343,10,416.03142086745817
991.4588413983583,745.4330521487366,10,418.3702607577266
989.3661638051271,759.8260467687973,10,419.2813483150906
986.1765878945589,705.4446989390441,10,420.0801386401242
995.1257637292147,723.9869635595875,10,421.68598949547294
997.4510119706392,711.1382439628645,10,422.9942494591826
993.8361132889986,727.5338508995146,10,423.67446350336286
993.0241555124521,764.9676367255422,10,424.54048102367085
961.1609486490488,732.2697705539794,10,424.7407253907225
943.2055024057627,735.2366740368739,10,425.82047395166677
942.0273045450449,730.2471759321738,10,427.14158079491705
911.1500576883554,727.4561129468472,10,429.35962729016745
914.885900631547,718.757451630397,10,431.1046033120449
896.5853120237589,718.4589078958173,10,433.52928613433073
885.7573386579752,709.0394355172004,10,435.49868400130566
878.6721955686808,702.715685337623,10,437.582703029589
880.0028240829706,706.0608645831829,10,438.8787165324877
891.3548090606928,674.7867948968795,10,442.2603710723308
863.4423906952143,604.5456994345615,10,446.58647984364666
847.2090475708246,610.5663830447714,10,453.5996036663175
876.0519678741693,617.5955648861312,10,461.81594777778736
849.8363669067621,614.4581883323586,10,468.15381321129894
826.748445764184,576.5549550813325,10,475.01799608298006
822.8105979114771,547.2929804496016,10,481.77692688330706
807.3595143566922,348.7012108244072,11.105681208690925,480.04689191494595
796.6611707686977,366.4095694378618,17.985858374914205,467.8399487053707
796.1783478360991,408.5611783858619,33.233062276915675,442.2997656299271
781.351432408181,422.5637685448606,51.00430283886756,410.8609357719823
766.5121840258004,433.8286759937247,70.75088622777429,375.4834836977404
759.9738095729972,441.65855544688895,87.99970706712705,344.3034878224178
747.0989353099636,456.4532986480189,98.92403139885823,322.825227502006
742.5780215507442,455.7163216796172,109.19357083326686,303.8227677120028
735.0014279801228,473.47426982696754,113.29354008663142,292.2199668915452
733.6718781592881,481.31584906148635,114.22017875265371,285.1023210796732
730.4170507750098,462.34451674440663,115.85299436029112,279.1294278525044
732.7085795209696,470.0731635880386,114.79065043610538,276.2086741966737
726.4471364730784,482.2533795270085,115.47100151296662,270.208748376473
724.2148416549117,488.48427259080444,114.80202810761321,265.57315891941346
713.3722310754338,492.53759828668814,113.79827297872731,260.552780959424
722.2443114928542,487.0103231592959,111.64456910647182,256.84641450430854
713.9328415876462,503.0739997499197,111.78899138453926,253.68967861737244
710.0384527124427,517.6018760559778,111.53701767773182,251.5946021984936
714.0032973368815,523.6670462735722,111.95571805440359,247.99753641387855
714.0813835731353,513.9863671266902,111.02807205494129,246.2170337457285
706.2081144795111,503.73526938331645,110.85595675403056,244.04101420562046
702.4774983296231,518.2606708912531,110.44789917877597,242.04208153581646
705.3354287534379,534.6405532154665,110.07473642837552,239.79962035418654
697.365754212165,535.0716458659865,111.41306469793294,235.89685215786773
704.234051527023,530.3745939915906,111.85788085770679,232.41863954618597
681.2204932250473,569.441153491203,112.21596822581824,229.37093161873852
676.290360434205,573.6399993440642,115.11497539609539,219.13214994910305
684.6444619400944,578.0670255646648,116.10052848783212,215.0075572704749
667.578355536108,586.14482443219,117.48854345034604,209.11758930379622
662.9539664292379,590.9184711300381,119.02810649990174,203.50244460309202
663.0763478832229,580.3056536604479,119.75104633832302,196.85854028140827
658.768576727352,582.4685539700304,119.99025445969619,193.3866876593366
658.9185579007303,580.3078755365377,119.95102905523068,193.24588155482536
657.4530152032515,582.8381250253045,119.7278182904441,191.9625966275847
652.8409117495353,594.09964975338,119.533677839173,191.0889764927226
650.5705534475478,590.9925937640705,119.4602720524008,189.86802653973143
637.2311290553598,585.5063834250648,119.69867779783627,187.00983503512586
643.0075509156371,589.5510011195345,120.44283591596572,180.90133065662346
645.7808261523754,584.3759314122459,120.45421781935075,177.03079555643012
646.6358908587011,588.4641146378808,119.75570833219832,174.95867238366372
651.6856486569698,593.1786845600496,119.20627684973589,173.18176137157087
644.9238625874775,588.7273439215176,119.04103577918656,172.14497712586905
649.3083857708614,586.3782107451188,118.21081931125305,170.98389613522147
655.1171586399008,583.7206514953058,117.88899939562296,169.02146489119542
658.0254862364214,592.1343288114651,118.07947577911985,163.95495067483137
677.7248238027746,591.809026918677,117.62213060246813,157.180398343922
683.5583179497547,595.8356284539952,118.14486246231647,150.53703764522604
703.5027127197338,594.1261150565591,117.90980522216294,145.90196058877993
724.6436826317106,591.3641428339832,117.350601756852,140.66684322057722
741.8740156247201,592.0754742068957,116.52703217586226,137.5023043494167
767.5313023956168,589.933154082946,115.81146528690094,135.59577724273237
798.9255250627493,588.5679120323562,114.24395195947187,134.027333559946
817.7249039208765,602.8587619986492,113.80150527837364,132.43183205265257
850.7418080676645,585.6647955309851,111.62051452019818,131.01057614520758
871.6328024749347,587.0124192790845,110.51285355599961,128.41429202141813
909.3237126223404,592.3728287535838,108.98768456734045,126.45830652273693
941.4747141426142,595.597222147609,107.08389777435158,126.08229557544558
974.4272983585822,591.8882965058797,105.5004609097983,124.21364306709538
1012.6170829090673,585.5804409702189,104.88950753148416,123.61792835716679
1046.7351747394853,582.6945267135926,103.61133931254304,122.56879777923298
1053.7141625232161,589.9956227657264,103.8078914092657,121.20388938163047
1080.7662758338392,589.5823784590785,102.79097939373233,120.19246567383534
1101.3981098654403,585.2239046096071,102.15841484615513,119.62966540982657
1113.7533188455307,592.4021411471857,101.47105100889928,119.53993694831682
1126.5639678829496,593.2085974350731,100.92121556528727,118.12963637026556
1140.1167559775215,587.7584158866845,100.12750422904854,117.49497387042426
1149.6386947484239,586.2621480847203,99.41436094017368,116.98475311715963
1154.5319680253333,588.310412309255,98.26561555670376,116.17084986645445
1158.4188071323265,587.3801420676767,97.05769557101944,115.60023180697793
1161.9616661010616,589.1981445774725,96.10169784457837,115.08083922177354
1161.7672419932346,593.4448260740677,95.00476057591831,114.27071521173744
1166.4013694896767,593.7492735725278,94.05929858993116,113.7365724412892
1173.226974401721,593.1506369465487,93.0442877633401,113.07784264721168
1172.4217987489524,588.5069510538178,92.09358722332664,112.72703083892337
1170.481317503126,596.1254097572997,91.70157522385996,112.41282194331215
1171.8613031229247,593.6811184301547,90.8131296295185,111.81365120633639
1171.7707411707695,596.1164538040157,90.21184851502251,111.72712772118764
1173.7080936813454,588.3516315985065,89.9992454778951,111.68487081079478
1174.0850206581003,590.9445369871087,89.83251950795524,111.6275852907011
1178.259242368752,593.7757330588306,89.31051117576325,111.47483288724733
1176.8413564373318,593.906368873583,87.9950002512806,111.1111291036237
1179.5640234319633,593.1068558490888,87.36554656063223,111.04897763662844
1175.44089319727,599.4587107817213,87.27754322844399,110.95838785040407
1180.1809197326131,591.160147027282,86.16423419920054,110.77681929910172
1178.8021623285658,594.8018569222431,85.22102154452661,110.33683622716676
1175.9320133684696,598.0686750614944,84.91861678985317,110.14922398507156
1180.1765844911868,598.0468844252816,83.78859825123664,109.69083502596425
1185.192426143337,589.5219813290979,82.42402634372588,109.33723126044588
1186.8330283271691,599.4249546071419,81.3678311790185,108.94924010291737
1182.706491833475,594.6170851216849,81.16325588912441,108.6441845868318
1186.1363612983246,593.2754107562359,80.53944930958353,108.20810349099328
1185.1026377091862,589.805223993169,80.56293186345569,108.26769441290983
1185.68308318147,600.3070629720302,80.3585667811049,108.16271907664736
1188.7863021619596,595.3338623500015,78.72821438760009,108.0163182729753
1187.4544522016074,595.4502405142111,77.92315644049134,107.44544503052194
1190.518858490104,594.9538082474918,77.34594431973575,107.20889855798696
1194.1928736757966,596.0988526565071,76.18332635527193,107.1257172507136
1191.650486058787,597.9290320207076,75.31063737115174,106.52588942326784
1191.4410943337175,596.9995082167763,74.97736636839461,105.6773710082575
1197.5129485474988,597.9065162355759,73.85968562027517,104.93353753253282
1196.5382687294887,599.1000787713477,73.37058252207294,104.55946945447367
1201.6594987862143,600.47863154567,72.90345295214019,103.87291863910544
1203.4568671653649,597.3297180481834,72.61843504111341,103.41908147239661
1194.8433473748746,603.9895081564072,72.54677238210374,103.19696963210873
1193.0862236289963,596.6172608692193,72.57613203549668,103.10614659479002
1200.9968204957681,596.2825405277559,72.12742346278094,102.97923089773097
1200.7102062171446,597.5021504018557,71.72112550025246,102.97016118157491
1195.9452252566332,597.297790676275,70.90571712861177,102.60082711062643
1190.9572134151988,597.2272927990186,70.08163190187369,101.97110816491704
1182.6882648087653,597.5903173454069,68.88129173375913,101.97933185017462
1170.4644048162725,591.1173800242647,66.89062098693336,101.96275265029615
1159.0852245409394,592.8695002153838,65.75118681408846,101.60200925826159
1146.0031093819478,596.4001006464921,64.38208621471364,101.58102484196803
1129.8717402382465,596.0073404617048,61.63208341324873,101.75849766658634
1113.7176023322156,599.3111343859977,60.70919620040819,101.41953412372568
1091.4723727835776,606.0561919613637,59.584558251786035,101.55470507528877
1070.6870441688282,597.0873561684086,57.4268448147808,101.66768870343496
1048.5489745469465,600.7890845382327,56.326652729198685,102.32858972135514
1015.2837090301542,596.3703892679325,55.50130302547836,101.06599704662364
989.6293549707033,602.7286769175432,54.22754883358924,100.96135640926752
959.6946045908729,601.6832352167881,52.70668780736138,99.81269255812252
932.0862976512842,611.9549717136113,51.86757277418508,99.80151479152707
892.5376169651,604.5601444846179,50.75486639753008,100.37132347772425
858.1935783460585,603.0496170123396,50.80556112828881,99.46202048923641
819.1063966351633,604.2781540966434,50.1559957170717,99.59163555440874
789.0400863311671,608.6948917703413,49.352329398794474,99.93681106303097
752.5703359965155,609.2215759505643,48.79302025364442,98.81257777183612
710.2046369131397,620.3883997135084,48.45572335203673,99.06008411557681
678.393882204134,616.8629902178675,48.06716196926686,98.46241077058535
649.771229073513,630.8405631522813,47.100733458780354,99.3492353454832
624.3944777823584,622.7782086420776,45.62667790510315,100.74793308964567
606.401500870923,623.8683660547928,44.18110172919486,101.93496335889611
587.1051308266678,627.2604789557444,44.13002391609366,101.41667536216877
574.192083619537,631.1282693256103,44.20996926724491,102.37132785302776
564.2183424559291,632.1992927429277,43.9580840712674,103.04981047929974
560.2751039067234,638.2651682972776,43.215900967652445,103.67467882403037
551.9029372133696,632.7650530465212,43.49146337352512,103.57583496183457
548.7257637342685,639.9152145072798,43.27201453628665,104.36238795584481
546.3302416224377,643.2920450132805,43.81516494967605,104.66751238238095
537.6455029648134,641.87081582112,44.823926398835766,104.92448244730497
541.1892033222576,645.7681979123421,44.73247590596281,106.91264577798326
539.7585025644116,648.4547054869154,44.6738592255487,108.21535751940064
539.3319533657162,648.9796943920016,45.42367380040316,108.41339320562713
539.4140839247617,648.7068397453298,45.21535208697863,109.66983609148097
539.5673171376317,657.7865650100788,44.68919119583994,110.6218624601763
538.647080340734,660.324282381966,45.148578916985215,110.28065203585993
539.8192045579488,658.7214843432092,45.02649988181703,111.19950232670661
542.2946457056628,658.5139917701089,43.79402545572787,113.86877328528514
541.5180252476847,665.5510512116567,44.37843620343685,113.67107633059533
540.2707655555599,662.7798942214079,45.75097897368793,112.3286671246
537.666867177006,670.9199053938182,46.57694694585332,112.21744322643472
539.7331713663147,671.0306486667879,46.559026010015394,113.37499847145746
535.2969269380893,670.8929953207149,47.43749345075566,112.61000241015493
534.4376537322715,677.380321963752,47.741845874544914,112.79762539208636
532.1080022762012,678.8587276662406,48.80256937994716,112.159919373843
533.7366418316219,681.9669345581203,48.6065013782672,113.5229600120807
532.1720602940974,690.0105707628032,48.58314165096344,114.75185352678696
532.9695870455832,686.9730890201081,48.86476613795137,114.8397340539558
530.5879018178061,688.5828945969117,48.82464881579565,115.38085602794251
527.5370459840564,694.3628275030093,48.93983685506039,115.39744056364785
529.5717398970565,696.845113293328,49.0365199671703,115.00328161881352
530.5692065916812,703.3099444355183,49.3896428942968,115.19514128420104
529.2776612911415,710.6595536832643,49.18614434971563,116.08399556550361
529.8331119228094,703.7489329668987,49.04898348526374,116.70270232263677
528.1567121572511,707.5771470501812,49.25452854936969,116.52688834140491
524.572911076524,712.3189876622175,49.37567628119775,116.30306334139229
525.0520816162222,720.3875930889528,49.60832183510211,116.38363736951351
523.0372935020171,716.7955907212244,49.669571971745874,116.704832923757
521.6060454788567,722.061964366344,49.55374718104583,117.03967844510217
521.840535273025,727.2212881812329,49.57333604768996,118.33510933705296
519.5727805957922,732.3629698799203,49.8305017246349,118.57156615299593
517.8132432423706,731.715091014444,50.3533050596365,118.53066910165336
520.9204662154519,742.5855223109749,50.722241243143124,118.54708113627721
514.1331813085912,744.5955545779965,51.00266547275803,118.75750633306893
513.190388552765,746.7154552409306,50.54794660971572,120.29579500735338
512.9075168741557,750.9058431089079,50.598903604286356,120.35841488602264
507.8570217148755,748.7561296382673,50.84178158764164,121.25349679175099
507.30274656256245,757.0776032166891,50.35234054495476,123.21429414174331
499.1923890823023,754.4565119945896,50.47494339915181,123.43491210229972
495.30249430119505,762.4892865681074,50.58737217874302,124.18042862909203
501.98729194580295,770.6452519157682,50.74910222979828,124.27096375408314
494.11895296145485,780.4858173350456,50.66046281568193,125.29590858386344
493.98581909906693,791.8337294622502,50.66321801847565,125.81751062950288
479.8098123294522,787.1899652014548,49.7290491541406,126.71570542611805
493.31224182886194,801.6335088471087,48.91258470182998,127.37931355412194
491.27049508400637,816.3037437190974,48.44644468858088,127.87874478060337
499.50902401370115,841.9375206547691,47.954231036955036,128.2505074680981
480.8207696973449,800.8690631818303,47.05978172289022,129.2010439349718
479.93252415959387,808.1056881804147,45.99618657669728,130.23804498302974
487.7856676178526,825.9373841839034,44.99065859420076,131.25887233640398
492.73080223595105,870.7195097597593,43.51086032052825,133.82315359436024
477.9833477006125,859.544872083188,42.65101208224538,134.75912557225874
473.2776345878972,874.7783960671997,41.68170958605747,136.1024280223262
475.2623287778378,857.4790736256925,40.65045516117795,137.18443701056506
476.17808483558906,884.3718626476075,41.27993204408855,136.50616640081728
485.1921756166288,908.0088575704798,40.9309973844749,136.9976260789983
486.25006464997534,890.7018928281523,41.12267461906666,136.68139504119242
475.52465620353723,936.0507067864876,40.930110393168476,137.00495395313504
484.5861937661397,935.488148970378,40.079952061786805,138.47335764935735
459.1509915849838,919.5477961523305,39.24320310378613,139.97531916008592
480.87608059537075,955.3886155217232,38.48727328247508,140.8581564344842
457.641928296143,928.7557417397794,35.673641235422686,144.8835551824538
454.0296346671289,945.0387299093014,34.93911441874385,146.17447810488449
449.733774318217,935.8723543178378,34.525894129934365,146.81071706552154
434.6802284022466,938.7916277039071,35.26220501705096,145.78559249644692
429.6931969738944,939.829733670169,34.445983716956164,147.31309741420378
428.9663000718546,944.2285145849257,32.437766660592466,149.99296115994673
427.8794320315792,963.004649488295,31.782279585168027,150.9779914630716
426.5635318625598,944.0973272869815,30.798465985828948,152.5825643019779
430.1409271009106,943.2121786987436,29.477274122866284,154.79788760793772
433.1338366601108,965.2323077881506,28.54894392277039,156.10034946086222
412.7238589500848,939.5648976136561,27.89476299028334,157.36356031278095
421.7450888011038,942.3782028988887,27.72696187283998,157.67251569080184
407.70986969883273,947.9274288419251,28.463612159291273,156.45677330790298
407.9164231484645,945.2557671683525,28.395410040415594,156.5699130536689
389.70912533895915,934.7218575412019,25.186863416994715,162.73878840690816
307.11883019075697,928.6768965949252,30.14304270265686,155.9638211545639
285.00786189254825,926.376826136673,30.539654286867314,155.4531436849904
278.99233142818383,938.2184308407193,34.90831401625526,149.51384029801605
268.4885036762654,941.5288107305792,34.97696652936948,149.42526225810337
295.28098131918495,928.8327171700275,27.633256513305813,158.25867443108646
285.14993352296153,938.5522431804125,28.23645470585029,157.36873473026304
278.45247310917495,937.2872756720592,30.573993903479582,153.87957671031796
270.6489601371876,934.7360422486488,37.000911777080745,145.3360283899023
266.00399965587343,939.1858380275032,41.09154484832118,139.9118127229254
258.751153987127,940.284207009359,39.509074717308145,141.81440089294193
258.95684478472907,933.7449346905338,40.91672281093913,140.05249715107564
256.79393870835025,940.1046288395889,46.53898796281177,133.21963782177633
252.57764500845028,945.9799435525399,47.859656436372745,131.53920550128223
254.37428415478553,941.5987001587465,51.519396999750846,126.766083997243
254.9980436974752,950.9683714075868,51.57008567422868,126.702415938039
252.23394709431903,949.6352710416405,55.54065620941364,121.83040103272452
256.98280150142824,945.5409645656662,59.3472562864916,116.80920658873814
245.27205196633892,951.7781144315719,61.750780503154665,113.28844098320843
244.70590415316875,952.2815937658506,63.65761214309822,110.87859413582564
238.14639521352206,957.6133341220374,66.39356289134909,107.5638468485925
244.57816245809948,961.483442273095,69.74005800424501,102.06006429090786
240.24425360475564,962.6779720606198,75.55299132487009,93.50882190793573
241.00394553490253,970.4866870942027,79.63242910459095,87.09653767664638
240.04432807241838,971.2583080268204,82.33430824180523,83.16559716105108
232.65436104253308,972.7604979043456,83.74062512933457,80.45979456564366
233.40329901114018,973.4604346033752,84.03971395671542,79.17103572914218
230.96882618449374,971.7406018593891,84.71521774217996,77.05641759818738
234.54205089376092,973.2092093693763,86.68585282681944,73.09422787442432
236.42081229008605,976.0070902508756,87.55402621642013,71.9220858585874
240.16885274195715,976.9626556365155,87.44923073214206,72.08249401247872
227.08035190563538,974.8841833587418,87.72151019104048,70.3186021193567
227.81468285376286,979.6942944742469,88.84978642802523,67.45406807880663
228.16567594126536,981.675207473373,89.34614865599723,65.49813125787684
235.18676986139693,985.5179345032254,88.61099435455247,65.17935591292411
223.30659602895548,989.1323303906732,88.71505577981137,64.71758102569332
235.66174317085134,982.5972299632155,88.27039794011144,63.316598103753556
230.2847038225312,989.421346443479,87.1160370005212,63.41183247415882
243.1801601383093,995.6765569122557,87.1476684668654,63.47269296971098
237.16454742332937,982.1212850919645,86.77885517764804,62.47613516986379
229.36994336658006,990.2841116174869,86.08881791455971,62.735975206587355
226.43883864630502,989.3377179029997,87.04815050116694,61.69227758345329
226.5899977586833,988.7210249263705,86.96479205495766,61.389215773268546
234.27515923175878,986.6338883775338,86.68945888541808,60.698266893707945
232.982983800615,983.935051183939,86.51683433533688,60.644195770796415
236.13025312612857,985.4357795335209,86.50835124919006,60.67608548619859
225.8565754585147,986.7372620324459,85.80829676386116,60.48640002173493
225.24207979423667,995.7661018386261,85.96298696879815,60.24624627302193
229.5185458190992,988.145616170037,86.28492903406331,59.943175976594176
232.94205528171187,999.7021844151832,86.31315472630014,59.93295620383094
219.0650241470178,987.0060886047236,85.98095524642069,59.55389042423753
215.78258834299993,989.9749914976983,86.0906009099374,59.38986450736779
217.75800748550338,992.2102060763553,85.8989083616248,59.25521120225692
219.72540474105534,986.6616140815182,85.44665469639189,59.07458223416767
207.2808798546468,993.3777351118932,85.3718410964062,59.10399674385217
207.88550908712563,987.850040833244,85.49967979941731,58.72472629693925
210.02000339511977,989.4067663628526,85.69767736278081,57.86494926802582
209.6170706047855,995.5192415450814,85.69480542704616,57.87663697272112
223.4176531057284,986.8580738293773,85.72657118077561,57.954879462845206
222.24567723885417,987.9058011295762,86.14994014322279,57.95895245987486
204.0867318523806,992.1159101868413,85.24211146426562,57.67591467371355
202.6607079114502,990.3169065230944,87.08538661529911,54.5553026545888
196.9515942388549,997.4785132610955,86.30197478507465,54.821889059567994
194.2834587129513,996.8403327848453,85.82031513848709,53.97222576585278
190.35902151934243,995.6575071912827,87.37459619150681,52.843600190969255
196.8515851218985,998.9383816289096,88.31161864459787,52.23238756678349
188.61201661645822,998.6044681767098,88.01464596004381,51.88050893720181
180.10921192089904,1001.9066759048166,89.65743663320562,50.609635351105354
189.6127143268862,1001.4302580953633,90.10238761651941,49.87860709176179
173.94110898982044,1006.320305178208,88.81051986047514,50.60555676457359
171.22911630941783,1003.3167876975756,89.26017765704087,49.9516529860616
160.21776183624146,1010.7136460637239,91.54891405395513,47.85389534495151
157.8502915922419,1013.2825437096418,93.2214365579455,45.975021676345676
159.63290824760188,1015.2932907781429,93.55787942520404,45.74290522870497
157.84334070569673,1014.0682741274725,93.46861565189762,45.808643781739605
159.6802268502479,1012.4485540904216,94.92967383764878,45.30363805506018
216.58384901425822,995.8992250088703,93.26995911167892,47.09740272451039
246.74433549235084,984.3904428015209,94.96725092600151,45.17304971977573
262.10739908941366,989.814193325647,91.59858566119719,49.19488956812995
254.53040324978215,989.1875281921664,93.25440076575312,47.59100848369636
253.0558024001199,996.0005062311777,90.84295049516798,50.019701758701004
261.38725274160055,989.1697040933128,84.56888285816619,56.41059365879011
257.312685701984,989.6340676770151,81.08682091536562,59.91685689742188
253.32116259367245,989.6119826925492,78.09283351687635,63.019771773732785
251.826576191067,988.8333277723787,72.50202261084456,69.31850951248093
249.56769176216403,991.4853062424198,66.93405424025696,74.53127811255978
230.12513723225143,980.8219978149484,64.36032006888097,77.60006720871341
240.5828139644772,983.7954601002724,61.389375021177486,81.50572843060687
226.28545355997855,986.563756389655,59.78142859384668,81.98704347131806
225.18985188763597,981.5583530286316,58.497456319406446,82.99109627185615
231.20650370397502,990.7795790136897,56.21022259487046,84.94647717222328
224.51902300315024,985.90028613445,54.94737901147364,86.91504008066613
213.33782085225215,996.7184818601069,53.926909778113576,86.19453455464523
220.94884416769156,997.0779281894635,53.01752336451987,86.29001872698672
209.50410293470802,998.9289027557013,53.0410924393737,86.30617252648744
197.02148021809776,997.908849495367,52.88415121182759,85.2789825421817
193.65122454003085,1003.7556438991571,52.939332177031254,83.68312723222104
180.55445915513698,1001.5731583503117,53.35046472294204,82.3130095046861
182.46566215926515,997.3121787202307,53.45807284813907,82.02317448384223
182.42462866640912,996.5920645800932,53.2711794771388,82.09058667830193
167.6912329735222,1002.6022366304186,53.23617986254642,82.10324066267304
158.09252391785765,1000.9635583366857,53.99138300805521,81.02319301811374
157.09321657593244,1004.4484779879157,54.3388473461033,80.19943754744081
159.2761310100699,1006.9075157759213,54.37779743519537,80.03405276351327
132.25158890446284,1004.6140771484694,55.24104103972002,78.80465728282142
139.06418230308174,1005.5474854149031,55.130701997914365,78.9358941814649
135.82958228808738,1001.8263268853175,56.337657803354716,77.27986834512825
132.32909430637665,1005.3117963332911,56.23424982131111,77.14644098864025
127.00156291638085,1003.6131762260554,56.38189396879536,76.88332444308664
117.28120239693774,1009.9379270932243,59.15913234166594,74.0248345190517
114.28000836593486,1008.4657602915255,60.24684135322615,72.9933416206028
116.69444420237778,1008.5775927492678,61.732533431561016,70.93919338774325
111.59414663703342,1009.8841392591117,61.80997201470337,70.6749751754131
108.39960110327758,1015.8840898839661,62.981863756653524,69.31723148033082
107.06182051742346,1004.0070418772309,62.7427403942889,69.65767888845438
120.09657727041746,1011.0510236035391,63.16449695360851,69.1949900940412
122.08092194975596,1016.5719905365712,65.84943165270127,67.09537514429785
131.93159608899379,1011.2383322555874,65.43916384907911,67.66900464877031
154.20274478474727,1002.6045904131702,65.39508499394915,67.20118064012328
169.20626075566892,1002.2833212512095,64.1253043338441,68.3913957657263
216.21384121068613,1006.9040268441063,62.52625060154406,70.07969782913912
239.11206753231514,1001.59374776585,62.07496702566887,70.68412553826398
242.5310271225832,1014.9517375505606,63.92089908719817,68.40071737997572
254.74786972457366,1015.1980429603465,64.21662214737736,67.8864400187082
302.2820636273267,1009.3971222414477,64.3509702427502,67.63852330831244
329.88182083503585,1006.3284331738994,64.33720106658971,67.63368142311496
369.75846595676626,1008.3116321905962,64.26589477088287,67.74075588956866
400.7146996821775,997.7310622243459,64.27152195507003,67.7131407866688
431.99387201481125,1011.1928410331946,64.02479990943148,67.7646693811299
448.17050757500334,1008.6770429281885,64.02113816404737,67.7724199185345
459.57818231926524,1010.1065871146639,64.12816912291127,67.68629959940154
461.7186467303738,1009.5563932763381,64.02920374445027,67.64844562737895
456.849833449971,1008.1649594818815,63.86085496345895,67.59436076840096
465.71406429219047,1013.6230326480661,64.53269235128559,67.14116800353662
459.81271716588935,1012.95812681036,66.30165418964219,66.030347097238
455.0361092098383,1012.1500495564655,66.57265116863893,65.79221314620284
456.6072142852515,1011.2789011409399,67.59788095540407,65.74436589137011
457.74227219702493,1012.0691560252282,67.80843033876631,65.90559062749323
452.1259214119218,1017.7732653333987,70.83196347482948,62.67687926670631
447.9784182872651,1016.0164675749098,71.24808779283813,62.655105149055665
443.5408962928711,1016.0239441142957,71.26833155732189,62.628095766142145
448.9787413978737,1010.4846474988893,71.03878621425994,62.89538299719899
490.47820939574126,992.566001720328,72.67784307741161,61.09875197741745
478.7579976259764,1000.6234245377645,73.57848886120401,58.73943193153352
476.9338017574447,1005.7663082433745,73.71112470646742,57.98927758031112
469.9418894284185,998.8893380605108,73.1185991524227,58.2897229204039
480.71666274668996,1012.011786237698,72.5851371869003,58.368347226429904
468.1998191143128,1018.2993597453781,73.3527550394232,56.6225564046121
466.47286995976833,1014.9508106498505,73.42715319783156,56.2003117917123
461.26993751698365,1020.4230086095027,74.26428296072024,55.45754360373094
459.0514570309311,1018.198272535669,74.47429185686713,55.19224591115796
456.84936576815954,1012.7445452709057,74.37268319512384,55.09363221100917
443.4544484437505,1013.2263061692291,71.98210364411281,57.38842049393709
452.5956011208887,1012.906991640231,70.83036584049559,59.44858587834165
458.32392663679207,1022.6838100209734,70.07267511294913,61.01349464908339
438.6503581867148,1010.1419153601064,71.52278595109189,60.02825130175011
442.2564278575423,975.0039583496433,74.88261468805024,57.4076275419144
423.98785128990596,950.3861714672233,79.07256170760029,52.45508714049463
411.0573181295972,909.3076065547958,79.00674433070796,52.447307602556705
417.8438729212317,927.3417472673987,80.22935198681887,51.23551726621838
427.7810779595514,923.5804642488151,82.33217198220095,50.292477567606475
411.34103550808277,935.4201868572195,84.77927539404935,49.85524273898138
381.49018663103226,969.0303011196244,85.4540413854551,48.77621904815603
372.7523135625237,1004.945037837433,86.95045269123449,47.164129950917655
363.6139022341665,1000.8517118451391,89.45023677373004,43.587602156452746
363.1185337469438,1006.1526877934502,93.1508109464329,39.78019781766136
392.913272038159,970.2852615787632,100.22692274290871,32.71500904830491
403.0534558269489,988.5236722371395,108.34353545097348,26.97098535423278
399.2736281517878,981.0452149702638,116.1014516748518,20.44518428129485
396.48097700437006,980.4202621884157,122.765438776511,15.104313878346815
394.28060373724145,979.8898194876965,129.80163162081152,10
397.887938040043,967.8575681296643,132.76012261451265,10
408.59053509456817,948.8820222464856,137.21247245077484,10
415.3137692913026,932.3245004264172,142.65341708220836,10
435.1410091484137,915.5744451133069,148.8672692771658,10
443.50060611456615,900.5463279334363,152.24907899171146,10
428.25204984186564,908.9254115668591,156.81605008813793,10
420.6599239954446,896.6040176001843,160.38916152982029,10
426.74909286587575,899.5593436805066,165.3050677922539,10
436.6622526009164,887.4637673941907,169.9486103064255,10
432.5052615710667,869.4138959494885,174.94431858339487,10
449.42687477539187,885.162682875758,180.75314982244961,10
456.143974416251,864.7762826529797,184.39238918514047,10
462.4817172287084,833.0835031119641,189.0265616107628,10
461.6244841293615,783.2966836539563,194.080255009011,10
437.76116241528655,729.6039689627942,197.2413009029813,10
427.3718798345728,714.0801757422742,197.64897830806115,10
420.79903325858044,721.4018558112439,197.86476461495303,10
411.2017789661211,729.7800906745251,198.36076779826038,10
402.55027979227725,723.836824282771,198.68913197541588,10
408.64046682384605,740.1086915328339,198.29453023588667,10.343464901729618
395.6457437611733,739.8950507702343,198.49070815749684,10.181160347808055
400.48360225554575,744.168442289586,198.38099687553907,10.276154347678952
399.41932213421103,733.7102931567129,197.9885195396257,10.600573722434149
400.6743256353125,728.6859586900385,197.50509978527123,11.01196600630757
400.8725454610581,735.0856064555707,197.5469241759191,10.974542766808431
409.615871123782,727.6708968845959,197.18626467176048,11.295412218511355
420.13578108278233,725.4399892707836,196.9248451749023,11.530956293639429
423.95815183063434,745.8385613783829,196.82442187835602,11.627824529612754
432.3902170136698,729.0184001331023,196.75304663923814,11.696346788240414
437.9872690742455,724.9825513229215,196.92392321571867,11.53021043185641
440.5360497080626,723.809370873677,197.0281160412547,11.430096062934926
436.55832169888015,740.1464002316469,196.84421258543742,11.598120324290216
