938.5,942.5,60,131
936.5514078902397,936.6471048634041,58.13844427124798,127.22391866827229
935.720035539096,927.9571753502084,55.54845574294454,125.02519111629465
933.5266935185638,921.6813920963251,53.53698886314092,121.5308401130748
930.8273638361171,913.6834671834358,52.06659915576864,121.38121073658306
927.2660784737683,908.9316809398582,52.99883460672366,118.67541928636032
923.5719850611146,901.2778410474626,52.41240490447383,116.8194294849697
922.1638744031467,890.3931989113786,50.6085171391413,116.1894580045743
919.6818597607141,882.732762553423,50.04475397024043,114.84355024868384
916.8382436406748,877.9062585351052,49.260479137870234,112.11634931620318
914.2444454624562,872.6584112504065,48.500123223799754,110.45205262125721
913.6880318900805,864.599315893937,48.36495678010346,108.63700244369338
911.6578571869609,856.1269914552197,46.77831588711801,106.45829736299822
908.034895343323,849.6097943859208,45.99484923931078,104.99490497968407
908.1428939061343,850.1178427162486,43.99252284427902,103.02176294272803
904.6468307006467,838.3914471190044,44.718964650609365,100.70139701746518
904.0715680517101,838.0465195709301,43.86646560880678,99.21413357380368
901.7878603587443,832.7838140372049,43.62481326860304,98.35460449385411
898.0308091186303,820.5365362909463,43.135389061209,96.37930181681585
895.7924381174048,814.5492889749802,41.441433851440664,96.06760641578889
896.8777234946767,817.9622602230781,39.485335137430866,99.495841013099
893.1718470809386,801.1976163365736,38.09403697003396,98.61611313059056
893.8081058306857,803.2653891908773,38.65311393770306,97.94814893252682
890.8236660704739,798.1351142157209,37.65905610308515,94.94349540688741
888.30307650019,791.2639033956303,38.44796502194288,91.85766425471023
884.7304037455392,787.0429574175771,38.464452441797306,89.91751714068725
883.1768475115729,784.3467744387353,39.18762564352501,86.52788827872966
880.7366553214539,779.5037440256712,39.21303813808176,84.17735089929164
881.2133415233665,777.4197779736395,38.158991760696296,85.42251846363641
878.8720590180908,766.4604240091406,37.154680474250725,87.18069820965079
876.9447819901294,761.8402718069565,36.38174114867322,87.28244327258844
875.6654770728212,758.892727840419,36.470204088834535,86.21321626807196
874.0409137566892,761.9940495406125,35.850664549071205,85.86694713144811
872.8656151955483,760.2857028600888,35.86096540288965,87.05894552522578
869.8196257528999,743.7470417584008,36.840736398629666,85.75099474886544
867.716097918894,744.8943763984577,36.32959376723349,84.11162042352836
864.6100021276097,733.0970109571897,36.645666708902255,82.48245337210435
863.9746853585583,728.4539958872062,35.394244859508184,81.06408917155608
863.387798570199,730.8792663874707,35.12597560862052,78.6342203492956
862.4576856816415,727.2671074294095,34.43221769738128,79.97645866413015
858.801818797028,718.0856593648264,34.81523242287646,79.20259217427787
857.457674693642,712.9743733372477,34.78948392653875,77.58838844971118
855.1079323446377,715.5950030549071,34.56377817578647,76.58330359782732
852.6192033097218,710.796031130753,34.38675054310355,73.10388252456563
851.7470950164884,707.1054614574156,33.128895987373745,73.41544226995276
850.4043284900921,699.3766361454387,32.523554320546474,72.2530596297462
850.0167028717204,706.7588886981525,31.801890812912603,74.17180876626219
848.6901105962088,693.3728057243147,31.35511527520615,72.61768839801968
846.4002996487733,688.9735834725278,32.603915179110345,71.24145600645194
843.5685690146506,684.6701875351207,32.947172189390585,68.65015542063381
842.089238297421,684.822153826895,34.13047172828856,66.19792457353535
839.7580241791738,682.3715301213689,34.28135716769421,65.57612406054587
837.6683986663658,678.3603134285667,33.23740215006715,65.53054330125298
835.3050535652676,673.6069271537186,33.09213457333278,64.20767069408865
836.0434898945739,676.7827211173619,31.46954506873096,64.3445847924062
834.5499210243302,676.1824373341577,31.64327801071059,63.84174292544989
833.6306151364067,667.5894334847333,31.906310381726673,61.467930449127856
831.9350416089508,662.6999931422087,32.4981286326223,61.70539019759249
829.4112746133596,661.2908601498752,32.59592173711635,62.32494454857715
827.2521097949192,657.5806783773988,32.18707995294627,62.49701946209083
826.3854993865224,657.2539026284065,32.695340323382126,61.52715894702152
825.2912563704415,656.8299423923017,33.11306891879168,61.0987543126102
824.5339118602293,655.5045455122594,31.832425269004194,62.239153976320566
824.1528861101549,646.9511254214858,32.780069092694596,59.84379879959125
823.2895447075779,643.6083665251762,32.0876814155947,58.53499524592749
822.5780815358852,642.4499523182782,31.263148108940392,57.55366715986096
821.7396353596084,642.2992334590257,30.859080187751267,57.673112943589615
818.7657243555542,638.5935725029266,31.82910707180566,56.7004626878191
816.5464462106952,634.6137869698266,32.68786156365701,57.26797252049853
815.6511042785371,635.7450627382493,32.74394464557878,57.4922330983685
813.5317235027634,638.196394064722,33.43543542228491,56.08034293115636
813.5594133885386,630.9134246098087,33.89133809473467,55.265092494669524
813.5753182803534,626.802902780447,32.861976810307894,55.51293440168391
812.627418458845,624.1053327614042,32.749465658494216,54.09844070792736
811.4539782806526,621.7620076989475,32.242929333589565,53.46982040895166
814.3072623621915,622.529944679352,31.53056807587665,53.99160631256843
810.3064771645933,622.035857378284,29.872535352176666,55.124788510124105
809.6941004169877,616.7454430729343,29.462379813612444,54.272201707920715
808.2823900716085,616.0627790563505,28.230121659918908,54.18172360495713
811.0763351042945,614.2337047300339,28.85337413452494,53.896366255164224
805.0221357241793,610.3411384447072,29.896836256876966,52.25881797102007
802.9901680535526,605.5153743769088,29.929987468033836,51.59482582005687
803.7021166618346,606.2291779700572,29.641828505063394,51.04543019162516
802.5616046285016,608.6402051377847,29.03021126580564,51.79214101959187
801.5546728572837,600.3505576537049,28.370610509993316,51.67433439473384
801.4813114930809,600.634407325209,30.013816087520205,50.615049916265725
801.058348971774,598.0040674513557,30.269315102359144,49.40925799191419
799.8450192246921,595.8287573173941,30.719442494891688,48.172062498271345
800.7173240635418,599.7254917491416,30.922221943016144,47.98387212675027
797.842412596312,596.8892737407864,30.51343357986844,48.41553017410028
796.8259143845469,593.8902554259671,30.499242913478497,48.31252739410131
796.7956539605597,592.7935305988505,29.566192003182856,49.334568037447546
798.7999742327191,597.9865146916561,28.695430115251263,50.43813041519072
798.294025132847,587.3902341335636,28.140310282921572,51.452939990237994
794.373004303199,584.9309841386171,27.913119955218058,51.606898354154545
793.3151653222449,586.4841908517762,27.832348398922452,51.46254776352945
794.65287159401,577.488879080117,27.433004065994126,50.486216121911426
792.36608753775,578.1068978330936,27.79813902726892,49.518740426213206
790.8733349921634,575.3502429097048,28.60482255472126,47.63502659516503
793.7408376899347,573.8278325213666,27.2504648184806,48.70077933099363
792.4211366740951,574.0332340635789,26.90139391162215,48.92624641201245
792.5232026375892,571.4792143929818,27.014893378304944,48.24634048266825
790.2506239265207,567.624249444952,27.3725674897425,46.68010727753154
792.6765616682031,570.5407146035019,27.277871266631514,46.061786583387146
789.2749068715057,565.6241780271915,27.918784429057254,44.84771579985066
787.9978917467422,564.4641823033843,27.680476784144524,44.74244241210757
786.8190659417517,567.7062858255615,27.53422619724138,45.07621518037508
784.9560286098445,561.6619841976773,28.10136102264653,44.25366941118022
784.2358858208472,567.0878315328578,28.443674446023575,43.65408808310451
786.980798737932,563.1523929961951,28.687802087806233,43.13171755205967
785.4491316530037,559.3013931159358,28.537918760790628,42.97479959941309
784.8620020911407,558.7132071102054,27.561632525858986,43.842000262063436
782.4445721607597,555.5832824103262,27.29704561309211,44.122425662035624
781.0202536453485,555.8408929470464,27.266662668252234,43.4312019222409
783.5368156013506,552.8738260813487,26.516817221518963,43.94734353861565
781.7705208173921,555.2584556036045,26.030422948493392,44.3311420693299
779.5751049550166,555.5524489154203,26.140076198818154,43.205107893589464
781.5826369900034,551.9356113322592,25.397056549086983,43.06703079779612
778.9151302131056,553.063220461872,25.237678661537196,42.23018910355018
778.4588165992093,547.1221605515325,24.52624728508961,42.6412052560164
780.3936176773869,551.6748660866849,24.113005230434084,42.93550960929552
779.7037418300187,546.1398191180284,24.202306471412392,42.104696983803265
777.5261237628332,557.7789865337146,24.17010383167439,41.61032058748951
778.8031638101584,556.5359249958244,24.517954546045154,40.677954683930274
779.321340575628,555.9469424255869,24.533433691039654,40.65226636962453
774.2272687242166,545.7215485044593,24.57967733130143,40.55103318526857
775.0511581500067,545.5031057765283,24.819528584739786,40.389555837671324
773.2022271644428,546.1701372643636,24.93744642210905,40.10088620974113
774.6746856389806,550.4088471088239,24.788799843516856,39.79784396222663
770.493863498537,545.4450793327604,25.324722860518406,38.9394631859233
771.4952661571392,549.8330045937435,25.425958642862597,38.45303565284896
771.811314880315,551.006965613513,25.322986290924796,38.18022834033019
771.0610400947676,546.8443992221913,24.95856338982868,38.32959703911114
769.0662197436626,541.118247063154,24.570171884549644,38.49430560828464
767.0629367858671,547.2026604905892,24.67093459655786,38.090216836299845
768.1517975950619,541.6232759041242,24.808274785800695,37.84548640595841
766.2234166686195,538.2628509157814,24.689914186903277,37.657269228713076
769.008706889619,544.3863236798093,24.623953820130154,37.51354559396816
764.9456828018965,540.8001494951545,24.71804246188364,36.82929749339845
764.9792732756027,538.71569188232,24.732150761149683,36.18737306605229
764.9069523127977,544.5138497172233,25.389525907813834,34.565203285527964
762.4657822956453,544.1473608921381,25.170499899027625,34.495925722437825
761.9916425851118,543.2762379752746,24.31468417105456,35.01118908183764
760.6820809903169,539.7855460742741,24.29055284213543,34.92559347557451
760.748396214008,540.0105334075614,24.794775672436433,33.973497718110806
757.7165396559006,539.9545496237548,25.501530399368903,33.096379730647485
758.13621677617,540.4899140395138,25.439362790986586,32.93705628366993
756.567565694963,535.3728149540831,25.545400171448506,32.57362204638942
757.2626232901429,537.1376857657801,25.83089492733985,31.935999830648974
756.0293602841621,539.3556889199044,26.040416439866068,31.26951714300594
754.8824704683589,538.0902046651239,26.353611450042905,30.24196915018655
753.404258513398,535.9666801551937,26.11170948754344,30.045754162478648
751.9507900273225,528.5112570972946,25.231927375908448,31.11744412745901
751.2172126491523,533.1374153937252,24.707154627709325,31.392675370901554
750.5874654581858,530.2473611462431,24.316449715552118,31.56670571797759
749.1892915806378,531.1033487930694,24.727234573919628,30.784995195309566
748.3231933219406,531.2945188559036,25.07804624176562,30.548228596262092
748.6548754660453,528.0532042776388,24.996413332588343,30.98612279795763
746.1546572774089,522.0161243869377,23.864651852958012,33.216715684828685
745.4931403758948,518.8324586402656,23.284859585200774,34.826126912974956
747.5693657659787,520.3997390858472,23.2361695243323,35.66292265213718
743.9679724899011,519.3045802254992,23.065211588725163,36.343533875640844
742.188160003693,517.6100247251164,23.60882651513596,36.27999456779728
741.1968565040322,515.7615055005915,23.11965679059574,37.14179456012096
740.0199039536236,518.1979502203724,23.335330852365768,37.5230488354641
740.2339816012427,515.2270249169992,23.184464023819523,38.34158124686754
740.0160920476504,514.1303976807376,23.492767452083292,39.04059019021595
738.6422347768166,513.8095965900229,24.08634819705904,38.891547070303105
738.9161325723182,514.5180096115539,24.075622045943952,38.897115541325164
737.5242012980117,511.5625050272368,23.55984513113233,39.27209870898275
736.6991717714145,508.81108769797686,23.380730977043612,38.8177318866372
737.945924147912,510.1017068156434,23.731698870761946,37.762788359556005
736.2913833961827,510.9338548280708,24.466723272017248,36.7265680535809
735.5922052899116,508.0428113723372,24.165585599518998,36.43822802413017
736.1916045527619,507.9326682988238,23.23282120010024,36.960674762044015
735.5499720134359,508.5195484090571,22.486345945195154,37.865336372708434
735.829262031132,506.0907768744877,22.993500653874882,37.55623629914699
734.8676962738655,505.8316722548944,22.746710293407794,37.930277459434244
734.1585919369653,506.2585416975934,23.33282316537786,37.69221783810485
734.3725440853598,503.82674502596797,22.57057254438362,37.51697756319163
734.303131484611,503.4712138390582,22.801462007317724,37.65708400487084
735.1223086494213,501.6441078443075,22.842560931443224,37.1301069341611
734.6908685304154,504.6561527871202,22.072962455465685,37.242260868726014
734.5725066941035,503.3406849407382,22.144277025053505,36.71853347555257
735.4249330660683,502.73129535008803,21.925190691951418,36.412878805610866
737.8848837203942,501.4940420246717,22.168989487059477,35.93656787145198
737.3136616052341,500.16666337192675,22.046082898745567,35.38533104776107
736.8007961160499,501.4391061297219,21.52668958474036,35.92562486108916
736.8598192559701,498.71042740037785,20.474776148394305,36.618984288161045
738.214060701557,497.3738413621887,20.4668721852145,37.49555566511462
739.4719873978121,496.33101597592287,20.36692546041351,36.88144457012308
740.3862971397571,494.57924251590697,20.11512670768653,36.498524748593034
740.9394630840236,495.51379929821144,20.844486628807864,35.58069618859991
740.7234109947879,495.84685460715,21.56064374550225,34.25747738304724
741.7193791735394,494.6483130075165,21.636424463346813,33.79797579494549
741.6131093048944,493.7708661665226,21.631043450257575,33.85383633579717
743.542058773127,493.98377342025213,21.051854402250438,33.92978135745186
744.7660886081885,493.07389091996646,21.084791579280115,34.0318598240952
744.9354929553278,490.2816969100053,21.05879741871191,33.65648670128684
746.7947286238972,492.75866031580483,20.848215352355652,33.746508540047905
745.9690457109213,491.6511982943477,21.28486379015453,34.02198208056656
748.0713594826515,490.55605852076945,20.747586777318475,33.83594627242209
748.1384378680004,487.76954205561947,21.274826808092307,33.67838742873532
747.4185398695328,487.59044486856516,22.02896363487687,32.59018402147181
749.147616930215,487.993087682331,22.13286891597813,31.74792118478932
751.5496343971661,486.94205802442696,21.95393030318202,31.490150597948478
751.2496348215541,488.1685172813951,21.05705714853593,32.08468453381075
752.6221163954141,488.2013072957059,21.052047280311246,31.897615762658955
754.2007697663337,485.8145316059069,20.396284298771594,32.87169957862776
754.0590750008902,484.44378569741514,21.082595834119985,33.12211587986421
755.5784854569451,484.0043659383282,22.333214123364968,31.923676545575255
758.9627122737853,484.15161525385025,22.885093970519634,30.658759878547116
760.0414738081505,483.90350838992254,22.529825220980122,31.12547779158744
759.9323048947276,484.7942190306277,23.094419005906296,30.5339817039637
759.4809096001069,483.8639092126493,23.348848627511753,30.274196858032692
761.2266454375326,485.4634608872118,23.548714538109447,29.621946097561192
759.2967064973296,483.81630269214895,23.81571288474759,29.242421726502243
763.3667769765324,483.9579273788195,23.588559635387494,29.52071540058929
764.85823060415,484.754623302641,24.055818128748488,29.10657403169077
763.0860024599373,480.67104448704896,24.330335948240972,29.08042569363659
766.7274942322578,480.8122983946371,24.12237462421143,29.263195848297556
767.6869973464916,482.43027184789275,24.22539922612713,28.929861389524884
765.8206125199006,478.3240033427543,23.67197646216448,29.33159260222491
767.4788856043101,479.39004163206226,23.586444783472793,28.965865339252172
768.4586762321874,479.58406068124185,22.825444269600723,29.27071520275755
771.0878915536387,484.487300700478,22.97704876005994,28.757395602822797
772.3992383991019,484.5552823988113,22.705184432002707,28.906197837116633
774.8530562376956,478.91975436260356,22.80170534432345,28.860441394273376
775.0653061969075,480.48223940047905,23.02963500658801,28.84317762688731
774.7189908058098,476.4367809786099,22.3066362826724,29.015479129439093
776.0171608818398,481.10593437089204,21.988160586789142,29.75913016195237
777.5704149399876,474.48547364777176,21.661918278599003,30.360924830544015
779.4214976453819,478.600179383355,22.139896224133512,29.912414791414896
783.2584736324746,481.49139874351994,22.10022350104666,29.55596569892316
780.6947988988558,476.2838742410442,22.445914318839822,28.948505128984475
780.9442323218705,473.44624934793853,22.170087159490258,29.297762330967277
782.7434621766746,473.88757114229344,21.648775172126218,29.809012222558387
784.2038070389848,472.7189960464466,21.446536947444784,29.029816531836275
783.7220468849024,476.2016750851408,21.224214622362283,28.72187908967138
783.4397562127031,476.6837896436758,21.364245999710494,27.885661243958786
786.036063574042,479.2031594294389,21.324078977533052,26.748099317162158
786.2188499051949,475.12652165285067,21.029394290621966,26.782355361976954
788.3604565201177,482.0919308224261,20.839738418564433,26.783154759642425
791.4425957208747,478.85566908274615,20.579488909567566,26.21696049226775
792.8853964763616,482.68825234045966,20.551700041644892,25.518927498874397
791.2954473493508,475.96197420641755,21.276488699414195,24.379030764028947
790.8281444354811,474.32983264418965,21.30583587160526,23.982954267436718
795.1844831998878,474.13929865784803,21.296514131976352,23.66007499404531
796.6710869049682,480.2816667434869,21.27577988542045,23.69852188245995
794.226042643937,476.069961883029,21.278920775646895,23.594711831036904
791.3766270043318,472.0955382203294,21.201540793108073,23.632470212954654
797.0815330694004,477.7980347355839,20.645405458930327,23.97420894056331
798.0399973461942,479.94800157486293,20.41494610261593,23.78937469208952
795.9688001487934,476.0413471560625,20.39766489927295,23.769233689144734
796.4677740632463,476.11068848140786,20.887180425431534,22.57366066999233
802.7479305794085,482.83440643843505,20.860649398417376,22.50990414589161
799.5080195978671,478.7280172469151,20.686094377857422,22.5868020586556
809.5539614176255,487.536894345909,20.770716780821104,22.463524179027196
803.9182211457004,477.94763070806437,20.387961484827684,22.352765794926462
803.5025123595033,478.89394797144575,20.437633802228337,22.15769813503829
808.188926073958,481.34751625033215,20.610989959439692,21.898187977259425
812.0248831826394,489.58476694382625,20.566382203411063,21.9019523526004
805.6292643731915,477.0310259362659,20.11339527396698,21.967529918258208
804.3057196308213,479.6699816773913,19.672363582941422,22.38291534533954
805.8834095323043,476.05118788768675,19.832808288642276,20.92179820520523
807.2469379482505,475.6742101809903,18.557084860337326,21.124543036341876
806.0298148772683,477.3353749120417,17.82509078700021,20.904355431386335
807.6038004378969,475.1126168250368,17.24390857756257,20.015953510761005
807.8811902664471,474.8222998605307,17.180435821440053,19.47538592457561
809.3704195792341,477.21196729419466,17.448426904804887,18.363348658947384
807.1519309871435,475.8379961580165,17.270462968838302,17.85433101614259
805.1423913740913,474.88964236389717,16.451581951717557,17.891092353465794
806.0715465850074,473.8363077872562,16.10947600624196,18.084169168185685
806.5311091419019,472.34490789956857,15.292118678300007,18.217036749804794
805.5274900890099,471.36243269527984,14.150137032726015,18.92818259390623
806.354719989598,472.04416050248324,13.472891091107948,18.70437696672027
805.9467893323148,473.1402454775164,13.040524690182199,18.23686395616051
808.6093100067314,473.1128065095695,12.305234108102937,17.978505178644827
807.6280087635412,469.8180767479016,11.975811028382347,17.487061648696887
806.3875380844117,470.6762620802656,11.929342356276361,16.693642086225733
806.9925615004727,470.15241290734645,11.743444107566472,16.040757689372928
807.9662537961676,471.83199356177374,11.469022300943772,15.547998291300276
807.187425869408,473.07744131169966,11.570296237463308,14.566428653379253
806.9196485341346,474.08467745762346,10.963932844846411,14.132708019017583
808.8296742419797,473.6813752962331,10.673037637194556,13.52678656874991
808.2971230410864,474.72094062439146,10.543869666590322,12.790541883502584
806.9142904617535,473.3513071263243,10.040609873702776,12.620953441404481
806.9731231582487,471.56907587898036,10.34316607766874,11.695471478084496
806.8205691970537,471.8961895750331,10.323669339786044,10.938359569859095
806.3481022107886,471.8138055674148,10.335087107958987,10.247956917924194
803.5991269251874,471.6353042824194,10.798425977195986,10
803.8070128926357,471.80845970939845,11.151068360860998,10
802.2752883428395,472.075254063122,11.551192627537244,10
802.0079813452968,471.6807045741007,11.633246615050437,10
801.0281019880339,472.32342336606234,11.190792232957545,10
802.209465169993,471.8383715014828,10.195038911527554,10.679138470083892
801.8935911184791,475.1321894775896,10.094370027136097,10.779101699999224
804.2244286743609,472.1705921612688,10.049362186033033,10.792000846190552
803.4538269266486,469.8303801910006,10,11.031006138960963
801.3708112463355,479.0623397504591,10,11.41244300759274
799.7980838045478,474.65795756095196,10,11.675105816477613
799.8073189230636,476.5422505849828,10,11.893792030989212
801.9720106096938,475.11340093526917,10,11.981541417391531
800.5449627609923,476.59531814634806,10,11.837603454813202
799.5963005395606,476.22141981799194,10,11.606139666884381
798.9232606859878,474.9151136922584,10,11.941299211060787
799.5517482133582,475.52121107055854,10,11.469514186325469
799.6456172885373,474.5193912632168,10,11.224282951399545
799.5526534812525,474.73458284980666,10,11.185613337847327
798.8895290987566,474.2731552983337,10,11.054114607594816
797.4632272967277,475.1754338821985,10.051681448677519,10.687443558753992
797.787213225849,474.5299775694088,10,10.843873442977499
798.0696455197848,472.8985544422841,10.01920353165422,10.61050959896028
797.4287171049988,473.2905030189647,10.041408342679226,10.598525377994935
796.3397141504827,470.6751513429915,10.122060793306863,10.305122227408429
794.475096215494,471.7256408378424,10,10.165406775113587
793.5331409325502,471.30150727462023,10.10359278253189,10
792.93498985935,470.6565916342661,10,10
792.8132522227243,467.5144268702886,10,10.562222117524048
792.5090480269864,468.16177702717295,10,10.652407353300672
790.9776672543958,466.4817621321959,10,11.185293712544926
790.7084153810179,463.0982960134089,10.439838196404697,10.455647256729034
790.9057309706353,461.75910610613533,10.2841921533211,10.42515046147392
790.3411526503041,461.2394915892104,10,10.62895376080384
786.795000535436,458.0727684445938,10,10.655947775714516
786.116546315141,458.68826711778206,10,10.654185124772594
787.3440691651776,455.87067996868086,10,10.490897508912386
785.177753132768,454.16596211268103,10,10.34746437783353
784.1605540933087,453.38477553236567,10,10.5104446952177
784.1317981379107,453.2084965492195,10,10.633682999654411
784.1803201371804,449.79047311406384,10,10.905390709046497
783.4986053640023,451.0117494163693,10,11.140106371113461
783.1229222351685,450.25041966552106,10,11.143470776412528
783.8732605511323,449.4685887256249,10,10.84729083262694
782.9786983663216,446.78765881339524,10,10.733540400891279
784.1481794053689,448.08967594465895,10,10.294575718441934
783.4954643780366,446.3016693985577,10,10.23341348906546
782.7879665428773,447.16462689172477,10,10
779.787830053128,447.74674731027335,10.15668033576064,10
782.3003254467621,446.2896560980007,10,10
782.3725214311853,445.12765709452594,10,10.094496759543526
782.0728162987303,445.2990978760645,10.017432241857593,10
780.2015652069822,442.7732937334303,10,10.213379105885972
776.8935729870573,443.79385184035266,10,10.081339940342994
779.5026339897886,443.2071806700498,10,10.160279729297708
777.7753154644743,440.97738520335406,10,10
775.65364521835,440.79628669749945,10,10
775.4516158858314,439.55997704993933,10,10
777.8388416731046,439.4840308977291,10.080378690498659,10
777.4177664676041,439.56680817436427,10.104405403265229,10
776.7850696583448,438.88373077940196,10.07340062052354,10
776.2369173327461,440.19788635801524,10,10
776.4074820736423,439.02492953371257,10,10
775.8908098796383,439.49996594619006,10,10
775.5849654832855,439.2803010744974,10,10
776.1065755048767,439.90677783917636,10,10
776.5361203130122,438.52687821816653,10.00700014498611,10
775.6940162508328,438.0512405736372,10.147773887860119,10
775.9371493468061,436.8867008788511,10,10
775.8846879387274,434.59748531412333,10,10
775.2692338610068,436.1458691461012,10,10
776.4754478121176,435.02324582170695,10,10
774.5078567648306,435.0720282671973,10,10
773.1984496648367,434.9505740804598,10.191159933630308,10
773.997402110137,434.1202200455591,10,10
