786.5,376.5,92,233
786.5043127735191,379.5683173203299,97.15642448271646,222.005062766109
785.7191438476124,382.1348526639386,101.69985131425094,215.34538778411468
783.4943119704704,385.6961858358885,105.48507133722674,211.83812604608033
783.6648198263405,386.3379638342112,108.23119046359099,208.6803114120067
781.3497032491597,386.20128924663356,109.25634754335248,207.78537092575442
786.645567315951,386.69764625311086,107.48449417325847,208.0998284959756
783.2176253784994,387.90047000005427,108.84584737036627,206.89700344891185
788.0616734019145,387.32899366287256,107.65090394194425,208.0330353711597
786.2849308043147,385.3904521642813,107.63104228388768,208.87575533695488
788.3788876381967,387.3631708345596,107.15968325784725,209.70072948779244
789.0066325825812,383.08681923772633,105.42293721191851,211.14646666278207
792.1787105626809,383.53888060787904,104.36173975925712,213.33439042172907
789.9969804650311,383.8376082395347,104.54026819949058,211.54533710067085
791.070318078125,383.44039827979657,104.06207778031745,211.0970000573709
787.2261366534133,381.6749797467665,105.33598187806226,209.20010942415126
792.7724188129397,382.20617659072144,104.34321194682693,208.54771334847928
789.4709356822468,381.72510748731736,104.54492975316491,206.8268242878314
793.2440384678835,379.45736843639975,102.43908043646933,206.24237402968123
794.9362034748618,381.1316683989004,101.27098248389865,205.76761729773415
796.293903614428,377.8517171731262,99.46707699627397,207.06994042265293
792.7244438773786,377.52170878480035,98.74397836200501,206.44456765672498
797.3775350709964,377.9607256294795,97.42585072711927,207.68603651176971
797.4168776986038,380.15182938047576,96.86692593156594,208.1045630528986
800.2089512653799,377.15755074016874,95.44607788172338,210.75935029681526
800.7334318953838,380.0551435786767,95.43549891350943,209.79832017933919
803.3555362920239,380.5138218253914,95.26383278761817,210.42372703830378
799.5960580045951,379.02372614319336,96.13866103987449,209.77136959364833
802.3254879802492,380.1071107815186,95.78336773514212,209.440595514294
803.4305945508302,380.2130146339,95.42757394460432,208.91632747642237
804.4862731938751,381.87619237846343,94.625601123732,207.76064964919118
806.4517569649813,381.8281198559306,94.11959586370034,206.5556309016467
808.3827724631794,382.49312630247215,93.94764622525997,206.22041571516766
809.8959205968142,383.34943970819916,93.65657253603922,205.59292102575347
811.5448253251067,384.52611702565497,93.67262278061094,205.2843201807435
812.7573416122113,386.02665110526493,93.34933843447482,203.09908761665457
814.2408136025774,386.90638309229564,93.10777964279904,201.71537653866352
816.288406360189,388.37479382503943,92.72494854919141,200.2052938121896
817.9679540649203,390.35378746424675,92.10478217300837,199.22254676433536
822.5845319617275,391.7085698440065,91.80495977630534,198.15806543224505
823.8302709721092,393.39468721807276,91.68000597505485,198.70460171263122
824.889929038721,393.555770726027,91.44352618368922,197.41659978108476
828.532244208309,395.13965179366505,91.18508278756765,195.41223424271726
829.7394875858225,395.48647315116824,90.99466777364461,194.6578352727696
832.3565210273857,396.88399729842797,91.3069055932769,193.4234045443589
835.4979386235768,398.66956619589115,91.08347525090089,193.0388424006013
835.8779701033437,396.440398335104,90.69228165562868,192.3974771944412
840.0168340627785,398.2251509114702,91.26724634082419,191.22460948143663
842.9215672905926,398.34688930805487,91.45297670450114,190.89202487681632
845.9464204770769,394.11164193430324,90.53798541179391,190.06682241210035
848.1270293282213,393.56888348565496,90.56513536239812,190.75343194598207
852.7457346645507,393.14586886489076,90.75847458292786,191.0800512925673
855.3691950433433,394.00965173831923,89.563942493403,192.30839765890005
858.2690715778328,392.3793152839308,88.19633692732315,194.49632441003075
862.3860965279654,389.01869697120515,86.53287323158685,196.18090942415387
866.3451054691699,387.4645143036719,85.77192169439262,196.39844638817254
871.9215529911852,389.5405522952197,85.2170977486896,195.3882041872729
874.8708987876746,392.4382119134172,85.22847848237103,194.00007336640522
880.4403828406178,390.0687516159078,85.27201503041528,192.85183509072704
884.9415898125776,389.80348885542406,83.72826168906533,192.46325937344375
888.8131279039787,392.16122863719426,82.3403672002937,193.09689136691017
892.4601976812834,388.91273047077823,80.55566759090546,194.9473647009325
895.3884576876287,387.4466149635985,78.54996478173652,196.4043439214305
899.6069523995503,384.2196080405176,76.9287827004226,197.75295100642293
902.7816406619262,381.0044300372505,75.39395371442819,198.64894851152275
907.4927138650362,380.43844316817285,74.6472814750783,198.02733428848114
910.1213298380039,378.300881362119,74.32070643908541,196.9754405933073
913.7415309433786,380.4275871740317,74.17209824231296,196.35031032438604
917.1251200332397,380.7309322357695,72.93929525332577,194.97715572909357
921.051837909658,379.6393539225951,71.67287083776937,194.5664855846599
923.7589340441873,381.2048402211515,70.46288122068827,193.9401378311444
920.9276358435267,382.1661622006949,70.0275767545474,194.00633218706773
927.7398151564181,383.5134828763883,69.94617448099842,192.48233857604498
925.0081568661783,383.4289844535155,70.11802196434058,191.5653652584452
930.6356512646323,386.6921398597042,70.39126097352396,189.94038968547835
926.9402304160458,385.4223566849408,70.10414990427842,189.1519020837417
934.8752804632613,386.31052474549847,68.90116692868295,188.6562094257611
930.9282917543795,385.51414582939793,68.37850406476926,189.05188283108225
935.8959940689888,387.214295577327,68.44907706616604,187.35288169128034
933.580571311518,386.2268779350964,68.31716337242821,186.4760591083099
939.6979024923484,389.52364096359634,68.54840333925877,184.84120271378563
936.846851649605,385.7710085745464,68.0027256553913,183.58411550213938
942.4599779733783,385.78986288285716,67.85912700717338,183.10446833623763
936.7563931377393,384.98016652716166,67.41137724485743,183.17744750678858
943.3456312711772,385.1200921389955,67.40625321949787,180.83589045540782
945.4711705924653,388.7392639424703,67.53948911396986,179.8321073381128
947.543011812643,390.03700837541567,66.97639429911797,178.68594653714052
949.4674181183054,391.8691960975226,65.82629308305692,177.98468511613532
945.2244290520723,392.7344236008608,65.15807352265207,178.26483329892733
951.5737194835816,391.61159197181263,64.87824151522432,176.28627246644746
946.1433488700028,392.6382458746535,64.83455521400057,176.39812340939247
952.6997207214984,394.02925578375186,65.81403372475461,174.0072089152257
947.8005754622777,396.2561876854491,66.16942644656491,173.1458202876887
951.9187659664283,394.68380372012143,65.537704041932,170.9563539806731
955.2598401877405,395.4262081490259,64.27454525766346,169.08658605098958
952.0349093166049,392.8490280533319,62.866462034572066,169.98050398545013
952.822850353015,390.1265774293223,61.61310138008487,169.19625398453746
954.088949549302,389.89885152766254,61.175593787224,168.16560988255296
949.7961680209219,389.9659918817695,60.69237022289049,168.9413087561719
950.8401239047417,389.12797241697433,60.85724676053334,168.5488772077045
946.6543574019087,387.68928028491655,60.67284581386808,168.88916234881884
948.7400969623384,386.1616500863292,60.66770847462486,168.32596066026971
944.7431524110146,387.35924630555405,60.140754071412914,168.77368089577027
946.1036584813318,388.78192541934584,60.010347428138815,166.89014899264953
942.2027808451045,388.6699561777114,59.98380365503061,166.4825236932264
943.8822943700234,390.2436515107536,59.676040891234095,164.25296134859897
940.3470562797737,386.9863196327022,59.78809917927748,163.92584778002526
936.8450707683618,389.7835947206619,59.588286689985786,163.54082366611757
933.2925934124728,388.4284278247905,59.467869087310675,162.66870682957972
929.2026601368416,388.1116757848704,59.81261305327634,162.50337175756073
929.9482518060131,389.1867748558401,59.245554909482905,160.6781177541481
924.7174746597763,390.6256288438839,59.57913373808951,158.5637678346059
921.3320683607819,391.025717720701,60.123980836200296,157.25629149221896
919.1969260399484,388.82814380907104,60.09234220287347,155.6332179371524
915.4845960302697,392.2685864753879,61.42258560388358,153.81567994414883
911.2372648505633,388.5371554754797,61.542201233254985,152.7260974859573
908.6708369745801,393.2666990010031,62.46502976735627,152.04765580539404
907.3526970751496,391.45066016916314,62.86650660486772,151.79923505980264
903.5728162224523,392.631852587181,63.01421043367564,150.34999075912154
898.6421860815947,393.47231914291064,63.204825955258876,149.22220579810627
900.6575190712219,392.81035761284306,63.10311338519942,148.9845979105562
894.4844712896551,390.80222200379603,62.11748859616023,151.25286528820385
891.2157357762713,387.1980563182918,61.66666072995277,153.13739800274865
887.5209201564437,389.1530421549719,61.87606182892202,153.13435343815314
890.7562963941051,391.03744093510807,61.4934207542035,153.32901942272628
884.0756126677056,389.24869296138144,61.19934787649706,153.21838689880508
880.1967605913694,389.90505770003193,61.46017197469575,152.57193786994083
877.4771961037872,389.98272908132435,61.220452683258586,152.20432404283613
879.7541963626521,390.82301706675605,61.1940829714978,151.60568621951754
872.5526167862848,391.5530084953764,62.37663913503581,149.79593412761955
872.3596138586513,390.7707217734019,62.508729114152636,149.33047159897342
864.8205892859746,389.25021030350604,62.780228233566035,150.0706067156602
865.4201604350043,388.7419671386014,62.81784333315849,149.68783538555738
863.1092307737007,388.5904323275116,63.247129108402206,149.81005742253564
859.3241212813781,389.33976537431573,63.459131807341834,149.81550011551042
861.0803718519952,385.94626110766274,61.40484244570207,151.23481760877738
857.2412355025974,389.1291299905437,60.72246126723938,150.26193739459023
859.0651261146644,386.494754442234,59.2331292160791,151.37982389007425
855.7378803223227,387.1063274996183,58.948117131023665,151.6887187289418
851.6173478915744,386.55176138422104,58.162350365628384,152.70502960010194
854.0667089897956,387.7043936095069,58.26924721825799,152.85457696097743
848.1382324886052,389.9539827358453,59.03297188048994,152.48036676021104
851.3462332466283,388.82620812673866,58.13486224829387,153.46588631438465
846.0675270372553,388.46460588765507,58.34525642515743,153.57774806441387
848.5266673232157,387.8115660277465,58.075674659999315,154.51344380634094
842.1671933212587,394.5975554775292,59.49229073947514,151.98895693405828
844.7193599356216,395.1396323117949,60.99474090079437,150.42689355154334
845.7171285233325,405.02317513223034,62.75935034326199,146.13641618703969
841.3800015008438,404.53696024270926,63.846617369654,142.55277611516024
840.8664175525495,408.3856230239587,64.19309479888501,139.58659450407725
843.1605828263671,402.6181742761132,63.597936419981565,138.75298842921165
843.0155395437445,401.6440610901104,63.095971550710004,139.2821375240337
842.5083470754737,403.7922628742057,62.913315094925096,139.28280541275245
844.5536723687752,403.557730546834,62.512251147726374,140.07541176833575
844.5814322354597,401.3926309851516,62.775097643891506,141.08422646176896
847.2258612618813,398.951068509826,61.89276377241435,144.0772951599406
849.318583990618,398.65051777664485,61.047572860152755,146.37705163557257
849.8520061481113,398.87159643784014,61.00896719930279,147.84134971078782
850.3227639488856,400.23069754387217,61.373925091330136,148.91421152269538
849.6403613225419,402.8920783611074,61.88500663920262,149.64343992042097
849.360539356324,400.76330655460833,62.3066872468533,149.43943758920523
851.50198318728,402.01395449648464,63.19101970060291,148.52954828923868
854.8213167966616,397.0954365221147,62.37774234390041,149.3162044848657
855.0213316972759,399.32047769175193,61.74004814114056,149.41872682088422
855.7046726963756,396.31498027073326,62.35001447362956,149.2854798530766
856.5699075935114,396.09353002866794,61.53041856928108,148.57014419123408
857.6767855600852,391.90949397683454,59.90136840614895,150.26537999118992
859.3130181879918,390.10087063681925,58.67063188530606,150.34527267875833
858.4731657554423,394.32359197770336,58.384409984009366,150.09407628910435
861.4982028222651,393.2044631584821,57.36492352355128,151.27165878335137
862.9214824357437,394.981338433476,57.88917265955473,150.9035139977525
863.171774206109,397.8216953259767,58.3037270654298,151.23876424397062
863.9752825968735,395.87594166043664,58.77695077195315,152.23952307422678
865.6496775416138,394.21817325834417,59.28277752447087,153.6372998638777
867.2292956677031,396.9657112148761,58.64726010621543,154.77843773026336
867.1832745625804,393.4787331631402,58.751796077717266,155.81186210308329
868.5708546812358,395.1692514516361,58.8270570306684,156.91339712795914
869.2685163151976,394.1496261543718,59.85600916099904,155.93003610444575
870.5690213792235,398.9761187479934,60.94135676953495,154.40721792464882
869.7986017316707,406.89029139172806,63.42331424539223,150.91781897964773
871.7117588893409,405.12561794327104,65.56323032250782,147.5050539075677
871.2701317681491,397.6517003204184,65.88183462535459,150.1011425941299
872.5658615623489,398.0064441596179,67.04753498530391,149.3593461956787
874.3744870199424,393.58483683209784,67.1666713229244,151.71804804478003
877.5133178465443,393.68256853153923,67.79082222312643,152.20968028798706
879.6529964924108,391.0328076186235,68.56951651754454,153.07623445100728
883.1762178912932,392.1013926902776,68.50897412184895,154.7995574908351
887.9572890450274,395.5443776733956,69.5838280836065,154.81754012317077
889.0585873774912,394.78744794493645,70.17533718688267,155.24724604710732
888.0665138494076,396.27053287758224,70.9407965895085,155.4895222076641
891.8622401036735,396.161162051167,69.50718957810797,157.49232052400768
891.5057780565787,400.5115038082409,70.17845245076346,157.3415408794889
890.661355283456,401.4918484192297,70.92258672906074,155.41111358386422
895.8978259983584,393.1870298330831,69.44954325610402,158.20303606499527
898.0375409977139,399.16698772850594,69.7041832723467,157.0157185407512
896.8442769894045,398.62321937229973,71.06343083909809,153.80869482072956
901.2343451801015,394.6990590220801,68.95034100464018,154.96546478950984
903.9641378360908,393.83729345233877,67.90272058600266,155.17576941989827
908.0597622868598,394.8763333782225,67.28400433827323,154.38879507693514
909.1614944303886,395.19199095038374,67.0746518275675,154.50797459155964
912.6866929647767,394.3603538281006,65.80559821887428,154.6562179752251
915.3207592575114,394.39361204601914,65.02078348542528,155.27828223120238
916.4451792753196,395.73519015878605,64.33908605559053,155.75900396968834
918.8035001617752,396.2195146840214,63.875517498163845,157.11841220834117
921.4874649314987,400.35826121825824,64.42730765476169,156.25764382172184
923.0415789196743,402.4863181896972,64.55403975760365,156.4952661459337
924.6846995094022,406.2385721541738,64.86279956043242,156.3519351846013
925.9600035443077,410.10643428031636,66.88807249495486,154.16332196670953
927.2684683485393,405.21244812650957,67.65229575476272,155.3400872659613
927.307292758915,408.68374123091473,70.2997834524897,153.760261124137
929.5312213623182,395.8929164018792,71.21379987239217,153.87215370213008
930.0790336268077,401.10266151707094,73.42312534226886,151.7757912183285
933.5195151938428,392.86960024062824,74.90983989679725,149.43207070785942
937.442422831476,389.7188970311412,76.43997829584707,149.0716352574793
940.7107112863226,395.1221481558721,77.14094592274449,150.04569826985835
944.358531299314,395.86730217402953,78.07661483383451,152.24973141625222
946.2579830579737,395.2255923672293,77.57457892553938,155.94372546604035
952.0259948639914,393.3196942172607,77.256763626492,159.5573468274181
956.1921730014798,391.79540641166597,77.46532093336347,160.9446210641721
960.8226982874157,391.43583041365565,78.14952087266101,163.35261571442095
962.6815877409451,389.85778090701314,78.68331695873587,165.32158940250307
963.4075285822963,391.18373962428973,78.87309870815456,172.14987559648992
968.6552149072041,381.6389781895643,79.13122699675462,174.38882397253255
969.7876246783592,379.8156450125474,80.81343704505127,176.31362038104027
970.8255156494074,384.8269945678939,79.76954501842097,179.97734743306697
974.654345745542,369.3866015090289,80.73485922190389,178.70743775001577
972.255283323545,373.28955461521696,81.50392847049984,178.24735959397506
971.1537164205679,370.0575757118622,81.17375067100059,180.95831189607637
975.5293090121235,367.21048408940806,82.22847369101439,182.45373844619098
973.3386811955038,374.23375220491596,81.69422010031583,184.28166434286078
973.9268752997143,379.92138876561944,81.25893428933655,186.86956604140005
974.7053038603304,380.8375826265685,81.41884722101418,187.74482206683166
970.1481444941405,387.8447681853076,82.3927269198856,187.08138688532753
971.9573522365704,385.51675643193005,83.85969914178266,188.09479650429577
962.9692760487345,390.01635184733607,85.77210411144851,186.96879846065417
967.913348705155,389.978131062707,87.06902502175186,188.7352676244786
967.2140266872556,387.9319815090005,88.40619078174521,189.79578601213467
966.7697419697008,393.89782064244156,89.49745475211019,187.88978351887303
964.2560526713523,393.72130711950524,89.66804614406468,187.55992777894852
964.404961558113,394.02111316237415,90.6389172877034,187.58076660711689
960.4024679203433,416.6648328104637,91.39662348871897,183.26185987319366
959.2231753519173,427.8605423884849,91.53592003800055,176.18680309813274
957.9109343432146,431.1419711724565,91.20636581959661,170.25507914616003
961.269807966544,433.8963714907875,91.32642861245822,166.84032629430345
949.136570461484,432.29269972500316,92.62460184950702,161.3826984742485
951.8141032898088,427.70097780641237,93.00208252235547,159.60338806185734
944.3577762285906,423.18113520355905,93.56995095448428,158.02771491490287
936.6458994593098,424.62374875207627,93.64903324365626,157.82499580965913
947.0174322976843,423.0877201012642,92.71907410377251,159.56677471467682
935.5338496615125,446.48602405762455,91.59075941090629,160.9040283437042
926.644429007626,462.4399308606554,87.03305858916279,165.92966352914638
897.4011244311877,524.0382002447951,84.80185997226387,169.04152777600368
896.2194111329151,597.0489336084394,85.35338356893118,167.62783387586373
900.131711226073,678.6310757350601,87.08463627262991,164.72444439801282
893.1107661889316,694.5138642274179,84.97188042711288,168.49531684567026
900.4726347819388,709.0330614824322,84.20231919019518,169.9031370115448
892.5242185395462,741.3441191174029,81.3859387080616,175.32640138027557
895.0081890883524,771.6329684926084,79.99043537366305,178.18223534470837
903.8806980516578,827.8800082984064,76.8832252931218,186.33615072822937
891.901954421858,805.5643628236658,75.21995831077794,191.4802018400643
897.760527061455,812.8008694692616,74.60777824154482,193.9324357412555
884.9334918054274,810.4485869887378,73.31555587640293,198.28926789013673
888.6824212603757,849.9797832977534,73.27238742289668,200.69398495228128
878.6399222796939,843.8269128575159,73.87337659519763,207.12084199410276
883.8778666127895,845.1407628751969,74.06580953850354,213.022517988709
873.2017574337374,846.9419251696144,74.74743654223774,216.54943725058203
861.3894497574607,851.1105945534293,76.94916600001547,220.0452731884575
866.2027686607087,844.8584022852873,76.97237140946203,223.73665132367964
857.2905548329107,846.7140749943665,78.62909352916927,225.92275444525524
850.8668992291836,841.4414024018889,79.20647389708513,229.49143270287246
843.1105636871865,820.8974255538352,79.71491829650886,233.56133906621636
834.3609795315673,828.8317201842128,80.55749900703918,237.3920391273605
834.4748015288579,828.2785619081898,81.52569036440191,240.84728484620035
820.3567259076068,827.397939229362,83.58805544357408,243.1054541869531
839.8724547702247,814.361125430508,84.84606076155106,244.84648405211718
837.3712622121109,816.5929760970675,86.03973530267513,246.76362254367442
824.9260348431134,810.5757452607237,86.36562628944935,249.19778152013427
814.8657715838453,825.2711743534082,87.37799469641325,251.14432186381785
820.9102754212358,801.0461865494209,87.743404250331,253.0697003038237
806.0630467560793,808.4332443928073,89.43684114912558,254.73004811802744
815.8341781014765,798.1039074524574,89.80318975593853,256.6674028001188
801.3205709284225,801.6202757532096,90.24456959887267,261.24168753040146
814.4793179986915,807.4554320852795,90.72763545589318,262.41155812431833
803.4477714756687,781.2819759157761,91.65625660862848,265.0861529584425
812.9341560460049,777.7244524324012,92.2208772232049,269.42984071994624
803.333662107867,795.5694745961307,92.94236146788894,273.9526450558174
813.40352756743,776.5618649269052,93.84012902288391,275.86061036594805
806.2379172137506,790.2143805949037,95.17337438081645,278.08733638468743
806.9293320695363,787.6762940178174,96.73931233129352,278.7829872877307
798.5234498936768,772.3764559591621,97.68438795468012,280.9303280473754
810.1772416296872,751.7098445361482,98.15935910912408,282.0702716270457
805.278427542914,768.1463661193961,99.22888936702104,283.9126406004425
808.9511721502139,764.5034083433911,101.32027835676692,285.77160140620606
813.0380353191383,754.2477822941405,101.76558392504592,288.6560548749466
825.172636752012,762.1721937946871,103.06004835666211,289.30309674201743
805.9139645801663,748.1743552881765,104.17782986465994,291.9076204194676
797.9079929222215,752.9760493372431,103.90389786011501,296.04592486436405
806.1460933614533,740.7187546863736,105.07288817427843,297.5578839323385
805.8852538266489,750.4524707763292,105.76418573124526,301.6318545691997
798.6570153593022,741.1566516837638,106.25678117332373,305.6872884162568
794.1715084168993,681.628761953184,106.75453417861303,310.60779108298266
797.2594412045978,682.0701271311838,106.49938393524738,313.67180946050377
790.0585754868201,692.4318730232623,105.9041232595966,318.37880817012115
800.5229739856727,693.4040168483948,107.23990603484081,321.18310812819357
801.4970070003402,699.4346454831178,108.61797802506746,325.59408939939686
791.1917190558495,697.940585958619,110.10818114183203,328.88826977585194
787.4963644990722,690.1499692076609,110.95235237925756,332.96682631396203
816.3963553218714,653.7832934178864,112.21707181398133,334.7519280766163
794.3730103275827,669.9849664812119,112.96753530109396,339.3344217937154
792.1850184694354,680.4787865636987,114.05658225743991,343.77999963106123
795.3545483607974,689.2019690609857,115.60437616963165,348.71587302454884
786.4656684042702,682.8113036056603,117.11142418388236,352.73566638331954
799.743746033475,682.0017496018215,119.41268317107834,355.9667830818312
794.7482178621565,670.3398862156405,120.46657902177186,358.2868553742128
790.2930341171552,675.2366756717591,122.5619359641364,360.9430836290287
795.9687111280942,669.5454934604112,124.67075078075946,362.18631364468115
813.6003138134118,657.1978676210128,125.9974196777022,361.916939011222
781.795405112679,685.7807308397446,128.19376585724413,362.59510371755727
787.7324583990455,682.9013270403115,130.26961331740895,363.3881367802907
799.8077401344065,667.9886618803971,130.54176217273707,363.4607205180881
773.4525386444454,702.457753149155,133.17672951423137,363.998719010846
775.4140499570912,692.981043282896,135.23495192983344,364.52837165352014
787.271902465444,690.4986489226185,136.13282570951438,364.2433897327482
760.1267052704026,695.0030867166874,137.8465904609255,366.81005945558434
762.6504654215362,694.9619943762477,140.42069653576385,367.49230728162456
772.6947653572868,681.3227717249644,140.26254519636723,367.56009927913755
758.4814365175,689.5956207332845,141.92147407039883,367.9211757833714
757.500347450898,692.4499136089877,146.88308429054743,366.8157337239815
766.6165709977033,690.258580889648,145.908577489295,367.1315375331748
1051.6883988430006,707.6522193613193,155.71859611510683,360.97454776024233
1298.4257700584483,492.87163413324686,154.6737853248364,364.59464765974667
1294.9559599836784,511.24721225653036,153.93196988935398,367.8930672188438
1303.7970109251855,488.57521120066735,154.41487273656452,366.23174782788413
1298.8460731153214,508.18871527294294,154.53187344021632,366.62691680735645
1304.247241815497,491.50647608757924,154.16563699964252,368.23018950486613
1301.6362905056203,504.5767560511774,153.84144615549872,370.27716963199094
1304.0571247956748,501.7820452757128,155.02449919785676,371.25075408575225
1301.8639250786919,515.2112616840894,154.19454378486805,373.9994360608691
1308.0610673153292,514.0780931776172,156.09281225959137,372.0543148676368
1300.9324912792597,517.867819947083,155.99409408484328,372.98160762081955
1314.0147092031089,505.1259636987985,157.25176021163247,371.57412863484456
1311.775466245393,504.40980993214566,156.5065570477791,373.01936805055396
1307.111830913455,514.3952242534734,156.06445095689483,373.107348688294
1316.821458358379,508.0092944962897,157.24327956314025,371.9811168864383
1311.559834172179,529.2287130807927,156.4518049207085,373.4286437005867
1321.3498638560795,505.05703030802977,157.26449343193593,371.5225127861515
1314.0472518275062,521.3920732016962,157.1447724207232,371.59811257621124
1329.7943977542666,506.0137760238616,157.18836241839887,373.432173896602
1321.0978984572387,507.9987644215663,157.6482708024936,371.95185998685855
1310.6339935825163,523.6741944076423,157.37740539629868,372.0719148554049
1327.082499834705,515.0926957737829,158.24871488288838,370.9454815048374
1318.8496644974502,513.8074170314464,157.88504366897,369.11153850504377
1324.8751762017905,525.3877733680633,158.52000868649787,369.4803515886461
1329.7497269143416,524.3271475251508,158.85144028904463,371.4251758505171
1322.8216969817936,529.9808349180396,158.86226814425316,370.71508061338443
1332.0230828619026,534.5318272836296,159.41145599402034,371.7855392720972
1323.2578368992106,547.0248390482961,158.58720968393078,373.2398519701811
1326.7601654794541,530.9084366930069,160.4910283992981,371.19928403061294
1332.0527992274215,538.3613879152759,161.00833715916178,371.990041627884
1338.4388638312957,526.6152177661617,160.79384898077132,369.7712689500383
1346.164589870825,536.3249926785031,160.0172883735752,372.8536684356583
1334.7620574906593,534.5849809849531,158.93232322668038,375.1485723130612
1340.1862778155821,534.7701542053535,159.80296827019401,374.7237807061198
1349.0090895122576,556.4280577560414,159.1505966773804,375.97664197022243
1354.2386431065638,545.0862924566673,159.19390514581124,377.37850295227133
1355.9874827429255,548.7204807408384,159.16149210080985,376.5769180137203
1357.322936842078,563.9642852542077,158.78076983084952,377.2083962062202
1361.238935397624,566.1204222165908,159.24450044955526,378.72953778972413
1365.1896552956173,571.6951847914312,159.36346356189392,379.33053525356877
1367.130403257097,573.0484502453634,159.53023023506475,380.5570421035779
1363.2212568187467,574.9525474767747,161.26287648243158,378.2963805568244
1372.2384429759056,584.9320893519116,161.98161886843133,376.3085263597733
1375.8903525996193,595.9113029037271,163.13810388125762,375.9687039161762
1379.166155755051,584.7065338529081,164.24379375111965,375.05071211058777
1378.837550989678,584.9275629076488,165.75240592220825,373.32008538519284
1386.2004201775417,601.9839462408535,164.85374255105876,376.00432341849074
1396.869938394571,592.0155832841235,164.4191117108723,377.12900328092525
1405.7843292975347,606.8783629256725,164.43609978714676,380.5058381018311
1407.0233690612658,611.969520956522,165.35554866964216,380.22169823336924
1416.9107593861954,623.1041863876176,165.90175572119938,381.1546149908071
1419.0339003206618,615.8810143308717,167.01496806155603,381.3893015801901
1420.2381967311742,634.5807786888457,168.0711984865333,382.5164604863123
1427.781509341189,638.4333879240422,168.43953981160877,385.7559966164443
1437.1277403248725,641.4514103717576,168.2897261596712,387.78560933667524
1437.1668945908461,646.1937746389615,166.99011416474212,393.52898539363696
1457.7446807722513,635.7819607972624,165.0128941578887,400.51400624262357
1470.506419332855,636.1230257213404,165.29108329644686,402.92737304897804
1487.0099630983598,649.0842538829604,165.33305277227342,406.51327091274965
1504.289627288359,648.191971463584,165.7021721156635,407.81367869588615
1501.9826995737465,657.5247734476111,166.9841348160829,407.642562490283
1519.9417847264658,668.6979932097272,167.78382568618156,409.27147811436623
1544.3428945168648,668.3420357844662,169.43921337467035,408.4644495358951
1551.456787288277,679.1585233265839,170.86339774151415,404.79421821081485
1563.1673377577108,679.6293325899553,172.38425809109856,400.2319117224939
1557.8242587075608,701.246608277467,175.23423216658767,396.0109521138279
1588.9840639950498,701.1153196269518,176.21837830547713,388.62762344333134
1604.7329626586925,706.9862151030788,177.54760353068178,384.276894273914
1614.5842295488521,708.7181456009732,179.40276513915654,380.13219350113246
1632.1023031929062,718.0311506598563,180.58970897653685,375.14464068164517
1644.9139299411831,733.0266697526954,185.24019434106668,364.3953322322951
1650.5700169234844,726.5986183262596,190.39045514514092,359.7046916922223
1662.1688347578795,735.3862234627509,194.10197055362136,353.04433451524795
1698.4569264393263,740.0263978522169,193.6891554158257,349.540590865558
1694.0621901478303,734.0360007816478,195.75072558640304,348.110460095197
1705.3058052910355,742.0524119125846,195.1871822811936,346.87206093665594
1687.880086651924,764.1677662603194,195.60666612924066,346.20585114255374
1674.8623004931894,742.0101035948031,190.4340475287414,353.3612071437521
1656.469235867779,759.1315983353275,159.28546150856616,387.20767994297694
1666.3661923316674,676.2636050636107,115.22479252305008,437.9624500557464
1675.5398940342764,637.9694726323406,70.41271893655774,491.63894886604044
1727.6539320708303,630.1076027551396,33.66047294157499,536.0301328495684
1729.4613356016887,615.0643679982778,17.92314066470925,556.4550165554917
1739.3594304412034,600.426450752917,14.292327648887566,560.910103670725
1749.0293103460795,587.8177635891427,12.115438246239918,563.6157764144114
1766.6253364757397,583.5908778497245,10.610023865337425,565.4610650555708
1755.32301522512,567.1312601033651,10,567.1047230031237
1778.903741848655,570.2660775461527,10,568.3567565516914
1789.3291845442727,564.3255829044829,10,570.3367467658172
1788.0547225596383,543.561858327138,10,571.7272444739739
1776.9976327540353,543.4330841526055,10,572.8824496214015
1763.5319316508248,512.9229814958722,10,573.6327116975633
1763.7936223568395,522.8302904387954,10,575.0147681586409
1778.041710239835,520.3683980620156,10,575.9470594486842
1799.879320484586,532.3094441874294,10,577.0286474651905
1797.2229534210637,529.7301297659928,10,578.0050744457284
1813.7922588409856,502.0680303789371,10,578.6666564901036
1790.2999836029485,469.24936645434013,10,579.3823153329499
1788.1015103878453,477.36739490509325,10,580.6251936731429
1769.4759439053014,472.2252611210719,10,581.8890592865347
1783.9329141201451,494.78832972866456,10,583.1093614329217
1780.1832731785253,490.50464531339577,10,584.3740059020396
1766.5818403782323,489.9917291592445,10,585.6731165361382
1775.1340368809178,486.22038965499274,10,586.9849453249152
1790.3840426029637,477.7643392889779,10,588.7070979749747
1780.4377640308812,480.12106842106994,10,589.9352562459774
1776.9874962391332,481.49545882453,10,591.2171932887887
1776.9373601386324,483.1121117832321,10,592.4689137309426
1770.0796664664522,473.8079948021772,10,594.0304214662458
1757.2579062888399,477.3806107191457,10,595.5943418539885
1776.465498299338,482.4109206182815,10,596.8618661292031
1778.0288852164522,493.7902213806185,10,598.470026765784
1773.3497947165743,499.6545165146506,10,599.6171298189479
1775.4872168013826,493.0700876329251,10,600.7222659255996
1762.7151268431917,458.8628497068391,10,601.61219038617
1768.7720149466768,464.801876007128,10,602.6845419527675
1765.8242238471285,446.3005170188604,10,603.5957491565977
1766.7452555606142,453.6115713596771,10,604.614614519764
1780.36293706391,452.2329738378752,10,605.5305186125927
1772.3273411700502,462.79837359453774,10,606.5229490797363
1766.6822977969423,488.4262094685286,10,607.7331014589519
1754.7779236743227,483.93644690896537,10,608.630449415908
1757.260280222632,468.31883353400275,10,609.4073841583869
1756.6228657672182,475.1469582425595,10,610.0395344376235
1753.0263656089082,483.0078461411264,10,610.6421871988393
1748.744518131949,499.78050343902004,10,611.2955267778567
1718.9347017714754,501.3781307907032,10,611.8574501426514
1713.3282092520967,489.98556684559196,10,612.1204051050174
1703.7545770118013,503.0343971277598,10,612.4039205355548
1731.149722428061,531.7774033516366,10,612.6476978216879
1723.9310830542818,528.1493568862456,10,613.0730626984231
1760.4908936927095,530.9400866824623,10,613.5233609375634
1757.0342372367159,562.385960526997,10,615.0113816200759
1769.9122298667207,567.737744021975,10,615.9421520553519
1779.5321391532198,561.2884533204725,10,617.1568440693188
1763.724157662131,508.830817739762,10,617.8751395227321
1775.0630382010713,480.49741858030495,10,618.6313810484332
1765.7873319098726,467.93057456641316,10,619.7537565914756
1787.5833276221529,466.3817674328698,10,620.6208470338705
1798.7165482947603,461.70018450624985,10,621.2896006556651
1800.5954230735078,462.29998638161425,10,621.9272554822832
1812.3751109549776,450.4848382438574,10,622.3837007446133
1809.7121313521639,442.3891953222387,10,623.1334964145108
1806.1076682517305,435.50521740809046,10,623.7261621350802
1803.3861220786348,435.7157935385766,10,624.32748893142
1793.3085425803438,450.10727489691925,10,624.933632965223
1805.6446822592989,422.93916667051906,10,625.5325714334042
1790.260938973166,414.75895604380366,10,626.1295954700381
1794.8624304244295,407.85629682583345,10,626.7302067602876
1796.4308006474748,400.55784109272713,10,627.2048266615589
1787.5506527135149,392.41595386692825,10,627.7394851692479
1799.0962183186784,396.664240383127,10,628.3651483886815
1779.7257272908464,378.9160491651086,10,628.9047894917105
1783.028902024962,386.324441825776,10,629.6270294770774
1788.8339748093858,385.1739566817949,10,630.3566249910604
1804.2399787614122,419.00829075643975,10,630.6753835995831
1804.6387811312452,430.09616103795037,10,631.2196061102924
1800.014458716847,433.00138219042407,10,632.0226834739241
1821.1965208658949,425.38800248934,10,632.4840086109555
1820.077813447453,415.74428703295484,10,632.9657411289504
1820.7270895252004,400.92442124395393,10,633.3585893146183
1813.8022719630972,393.7242134058867,10,633.7074236080012
1816.8928457507864,390.51770654534425,10,634.3006865432585
1805.5123754749075,373.3982370767991,10,634.7372725750754
1805.911911428906,370.351059094904,10,635.2117912547775
1806.7818179735914,360.12985684575847,10,635.7459411296554
1807.4368959674612,354.81012187261484,10,636.0897472423245
1812.0688363322988,362.000936841538,10,636.5291097742657
1823.357124448754,358.19870665671345,10,637.1042651626832
1839.7407590160146,355.48960595157916,10,637.7172645656581
1831.7957326183096,345.029248269283,10,638.1093429978773
1821.4398452052847,337.0066288679503,10,638.5314252529963
1821.3600188279524,325.8571385587848,10,639.041022936757
1828.2495718980208,303.40755948818224,10,639.5663865222981
1837.35940847639,300.02297399943456,10,640.0855436715159
1831.5505553269759,282.8029319002297,10,640.6947868054725
1827.8123117471114,261.80554044305916,10,641.4872152886612
1831.6716972375289,189.2854631453688,10,642.4220537219326
1792.9870048547164,70.9517211353267,10,642.651122214673
1686.930760958232,-103.51264796825416,10,643.4608723847253
1779.899510958232,-120.5711832128647,10,643.4619531888878
1622.902440645732,-62.01834539320612,10,643.4756546858011
1608.3260179543868,-77.6461002488686,10,643.4900106800851
1644.1081453347579,-34.797984154594815,10,643.5084467654633
1615.5850778603926,-71.9395300832121,10,643.5258678463307
1633.137436487712,-70.77475961499323,10,643.5353350027732
1661.4818731332198,-76.4423092728938,10,643.5543237076124
1703.2889448190108,-98.36516454840086,10,643.557668993734
1743.747658350505,-110.16270958400321,10,643.5717043774387
1648.2136770272627,-60.13611385349719,10,643.5891458509969
1656.1897922540084,-53.870980829854545,10,643.5950822344367
1660.483474352397,-78.62285319901554,10,643.6000095289111
1697.658336260356,-77.48612290654546,10,643.6121159891827
1765.0342212701216,-97.21234227352306,10,643.6237130483332
1692.9520908379927,-88.62926067527076,10,643.6332319196997
1790.2262607598677,-118.82486388493209,10,643.6475538785731
1693.1074329400435,-60.03924027289861,10,643.65632374435
1781.56777534727,-104.3054757821871,10,643.6782433102902
1712.7825351739302,-73.27254441878358,10,643.6921916796746
1771.4726940179244,-111.04308856962814,10,643.7200658700356
1699.9930568719283,-64.78452606243138,10,643.7363499742944
1748.1692424798384,-101.23901437062142,10,643.7932147742682
1725.3817568494512,-83.81908327053941,10.006894173372027,643.7833238875808
1746.7029605889693,-111.17845437955344,10,643.7947945296811
1769.391604998149,-89.5065217833864,10,643.805837326849
1724.361289598979,-72.7297686801466,10,643.8166965073323
1738.5362249398604,-81.97430240130996,10,643.8269297974373
1663.8083044076338,-80.69589828353264,10,643.8569805496909
1696.4679266000167,-90.23733540601097,10,643.8641006289981
1743.2835432076827,-84.4867060102506,10,643.8670399118182
1635.2213254952803,-80.81978220891892,10,643.8843108737606
1682.705982782878,-86.03400900850346,10,643.8879483413378
1708.244843103923,-85.1613817026207,10,643.9051408483315
1712.7255197549239,-78.26767188418427,10,643.9274956102623
1706.9680911088362,-68.89288896548067,10,643.958079232694
1675.8176089311019,-55.047936045483766,10,643.983287986206
1679.4475697064772,-66.02411083194698,10,644.0052805797624
1719.4349888348952,-42.34244322538018,10,644.0610203788358
1647.3271931195632,-30.161442605629816,10,644.1030547075724
1620.8844154858962,-7.435774900414231,10,644.2330143105689
1580.622895100154,30.920177401024546,10,644.2724067047617
1562.0617855573073,13.210329004524112,10,644.3807822392176
1545.5363014722243,-16.481747245392228,10,644.4465219582886
1536.106561520137,-3.566712898586786,10,644.4868737206103
1547.4615286374465,13.230552647568175,10,644.5441942823531
1527.0375097775832,3.614354198839237,10,644.6560372094741
1534.7032192731276,-0.5590260379747747,10,644.69680174194
1517.1718929791823,22.64307322518613,10,644.7543608755303
1516.337462165393,-7.052865352056926,10,644.9046227346063
1513.7415659213439,26.398698173884327,10,644.984581315048
1496.429184176959,-5.443531261727628,10,645.1762270759203
1472.6582166934386,-8.553359889378669,10,645.2557771763762
1428.277979114093,4.467120127023293,10,645.3246956836114
1369.45087645296,25.991448574158937,10,645.3392254348479
1223.3071691775694,18.59488526410621,10,645.3396798976657
1026.4088079715148,37.15773147175753,10,645.3399640448631
965.2456762576476,8.076051145015299,10,645.4494459141679
933.5376837039366,-9.405949364026696,10,645.5656724266366
926.857319095172,-10.186609684717496,10,645.8850293238547
916.9002353930846,-4.817157103025295,10,646.2815134884733
921.9064700389281,-8.527016762463518,10,646.5123909875865
910.9688937449828,-17.071248700742274,10,646.836004247689
921.2071549678221,-23.95378083686353,10,647.1063375705296
921.6083437884226,-21.87804520484906,10,647.3343628809025
906.3225161517039,-14.050486789123681,10,647.602589707899
923.2683894122019,-23.989815954172684,10,647.6395598818691
912.2221075976267,-27.57363664853216,10,648.0554074091989
912.4439147347584,-14.843916491653317,10,648.3468482905096
900.8914483422413,-29.1350443735181,10,648.8835107925204
920.1568177575245,-35.11632552534536,10,649.3383855275104
920.8826986784115,-18.828815754880566,10,649.5724136855554
914.9645010465756,-1.986288576940069,10,649.96832246444
916.1673002475873,-9.29459142956506,10,650.1573492436036
933.256630920805,-6.758329320806411,10,650.4034528604063
921.8411827320233,-10.992420782245347,10,650.5914634352617
919.1758990520611,-25.376769251102758,10,650.7174792511504
914.231095337309,-8.522705049785543,10,650.9601717713675
922.4651775592938,-11.927522457912232,10,651.3624932407581
921.8576934570447,-15.74540042083629,10,651.6752430134995
914.2638890976086,-31.600772706099804,10,651.9193947953303
929.3492954010144,4.498263143148563,10,652.3766194225171
919.3752315277234,-16.628211626257382,10,652.4677571327157
900.3907535308972,-31.49013432483582,10,652.5088499206197
912.749537252821,-15.947140486930493,10,652.9437953960542
914.9863541359082,-16.123893858772703,10,653.2375526482258
911.5870354408398,-2.3575190208208596,10,653.502192956453
930.8970902198926,10.165965488483096,10,653.6434391935824
919.2395203346387,-8.07025011991152,10,653.8236913027056
924.7560594314709,7.905206062227592,10,653.9050741654781
926.4283863538876,-7.03300258012581,10,654.1341640270892
923.4452704424039,4.174002337288357,10,654.175886537842
928.7857803339139,13.367574713446118,10,654.3426224770548
921.0955742830411,-6.899234987061277,10,654.3813154254328
913.8403812843691,3.748298431130081,10.10654783969013,654.2077619557493
921.1339059523895,13.342557053549342,10.039305365526744,654.3142257137184
913.7520546195348,-6.434126331258312,10.360291432725438,653.7801481779138
919.7298459764469,0.1374222322158971,10.548571443205361,653.4833597591563
910.512822007453,-11.875876537895692,10.692338085416887,653.2522916652242
904.3927290630015,-5.937352136279003,10.702734240433163,653.2363592712926
916.9995460515742,2.1955107819069326,10.670328900983172,653.2884053465418
913.8121204988213,12.631557084114093,10.731472177967099,653.1890445231334
911.4896893445477,-14.74163976678443,10.681121168643118,653.269273826737
909.9279626232228,-2.5527712312399444,10.637598874674921,653.3376732302575
910.7187641806461,-2.194849891647948,10.780121502740778,653.1124291402554
914.2111091266612,4.30155724690394,10.915003296501508,652.8898003337326
923.5060848215652,3.599365246855996,10.967452648270697,652.8063534565244
923.4522492623682,6.341681594795375,11.143589781824595,652.5164190943859
924.4004023030469,15.468483079845782,11.002694252492217,652.7435652545341
915.6549186370089,12.643851827602475,11.095184030246813,652.5940830805234
905.5941108807166,15.85096014798927,11.124384686874487,652.5478907889625
903.1408460098613,12.656224094667152,10.973853233211376,652.7858054500806
912.0239684560495,11.908509610182762,11.003523944472876,652.7374543306247
896.5121014915246,10.487085508930022,10.896018936144742,652.9071088399692
919.8430341559331,14.84378134899805,10.774867871243636,653.1016523023502
918.9929766775938,18.887247730773197,10.740284651538342,653.1576304961363
922.7636607337303,17.185189297053228,10.652732953144803,653.2976644549459
915.2666432321668,15.700020827317815,10.638243061557414,653.3213923741836
910.239323561518,7.026238616408932,11.422090395408814,652.0493278897513
889.9463448353381,13.306479002463732,11.41656377794425,652.0578969528468
917.3216624751273,15.276125306835638,11.58020080671563,651.7914568602773
918.689204157442,10.982701846585599,12.480158678963454,650.3552572872471
908.2168169748097,24.164236969365504,12.68417224100551,650.0286078638309
902.8772323737852,17.978587633223015,12.82813941668725,649.7985919914381
896.0314974229321,24.05577967719063,12.795086727756239,649.8517856088862
910.6056119654644,12.636598542637785,13.940608405631197,647.9794964802868
905.2618030526237,18.143602055814824,13.953149746632237,647.9596825310201
915.5472447520564,11.296597705715726,14.771615331531583,646.6310672154102
907.2372288137722,23.96024526444876,16.12227236068784,644.4940339387645
902.8385871272424,7.878434880281418,16.649325440473508,643.6796349927437
910.5794425306643,16.02812703271752,16.991822893212117,643.1313865139823
917.9525699685516,33.59797187814115,17.331370095684655,642.5966162567288
911.4940755171147,26.002586262264003,17.959417615196873,641.5993858557927
910.1149934882244,23.550927836183973,20.481822220991955,637.6415548273985
901.746113857473,34.64220971315564,24.95312011011932,630.4635257948297
891.1652272638775,33.8598107719784,27.54752765094808,626.4528079301139
895.3963659579529,31.546760295847264,31.654462222636184,619.7716884233918
894.7326445824061,44.44496480084581,34.23421942208619,615.644322000675
898.3961249452433,37.26466498687415,37.37859029278637,610.7072875038624
877.808344154621,46.791696899570354,42.45609889551536,602.5576206892732
884.8397702041714,50.839349716992444,46.62204852370955,595.97206708957
882.2963883951189,61.42228028960818,48.77652754823221,592.4363729517848
896.9285727878267,58.18208794932434,50.030482661131956,590.3593111525552
892.5868400748972,77.46630553254425,56.80100365091788,579.4464984684151
876.563794675554,78.54940895676094,69.01871767958455,559.9068670899525
869.6892372567688,92.43957684504221,74.36015582037773,551.3127152428333
869.8770561957593,80.65031130257563,81.4101094112077,540.9432101339188
862.8143723374137,93.45790727848635,86.26640364157072,533.8671474392995
867.6825744388454,83.77210502143652,93.73763722557263,522.4616408999324
842.3625440046433,93.85727973392386,102.91143527659406,507.63869357075237
854.3131103179987,113.30220128286314,110.50445090427768,494.1364637693826
857.5519030368154,116.73781118214868,118.52692077975479,480.79434772676245
833.3989162856407,133.89912468093087,129.96050734973122,460.81512645276985
837.8287123851445,137.10370666464664,137.07350655087004,447.51863052275286
854.1754674331575,149.17456772258114,141.6171485544534,439.400412664086
840.6137746601445,144.59038740182717,148.26744297499107,428.9946213127961
827.1102570389831,151.61706819963092,152.6679585182172,421.9777472965343
837.9251935543052,159.74529416901555,156.7770266801998,414.9354467402113
837.378120191895,176.88895024201605,161.1180887454439,407.2433723261439
834.497859288905,171.4779792749883,165.44450014836298,399.4097642571477
808.3139014877078,173.6925322372479,168.95834699465402,391.9655113618796
813.7927148151184,185.84325430491867,170.35521252733272,386.8962487756103
809.4397191155912,191.07486611892003,171.5249838526872,383.1169388553407
812.9291353205808,198.14132624607842,172.57114820021533,380.01463059290626
809.554729530111,201.28690020114766,174.25510802029078,373.89767788297263
808.865562266772,204.14952035953235,175.35540875399596,370.00571455327906
807.3494719099316,215.94429889530971,176.797223700198,364.2017199969831
808.7408974832194,217.28211757121736,177.13094421843246,361.68936314712954
814.5722985690207,212.45100582904473,177.3738570355384,359.49680071228534
807.0004242682954,216.35158543423677,177.95355210152744,355.33955667829287
808.7227790845001,217.3581868528835,178.00672531213573,353.9611912299917
806.5381372457895,226.13449337504545,178.31432724212053,348.5590498729847
803.2184075461691,239.664679215353,178.59692743420777,341.2251129000112
806.9409136787136,250.7769825431455,179.41398105657007,336.1338013036303
802.5405655205593,249.7024575903496,179.36821416944852,329.87804125743986
802.5169603961746,254.64779556054248,179.4920984847019,324.7228766200021
801.6342034224483,263.1920335216495,179.6013781677808,317.2551768742407
803.6206015717116,273.42472232791886,178.66481243337157,308.2184310442338
804.8625293231962,285.7933992224937,177.88049373078695,297.8657007826109
804.2428551459194,297.56413637954245,176.16577771613882,287.3116599020462
808.8387115802267,308.51902831603104,175.52607633739242,276.0710473623819
806.5599932707403,314.51407699560093,172.89145248578416,265.0363015347478
819.4464598939367,332.7886931369022,170.78205912586606,253.34191239179356
815.2252403285196,341.27840269725357,166.6227469291855,241.47273134634727
823.3076976854122,354.22966985189754,163.6602934580761,228.41446869691038
821.6737671327271,360.4240620128751,157.54990158035287,217.11373235621755
835.2125783362752,365.4085641288475,148.77551327359865,209.74664372218837
830.8260687951752,369.81902554387625,137.94753633834256,203.83585949915596
841.3502707242754,372.63773892124755,127.26299356412642,201.6779447206555
851.5711391025105,374.3346217731829,118.03692548593997,198.37516409887465
852.8516175299882,377.38756578034014,110.43710878677679,198.13079112972616
861.0657234591721,379.46023474156505,104.32019815979342,197.85258205630583
867.3896212265665,380.9137932667154,99.18563962451628,199.98864547170336
873.2355037794699,377.7755896908174,93.51259466870339,202.78612620328758
878.0458933985981,376.0441105986547,90.17504525832791,206.35526979405955
883.7440771288307,377.31844609396796,88.09005055482066,208.64623703661778
887.6663351583557,375.92838852448347,85.31835897392008,210.02247300993736
891.9466002726602,375.8135024398893,84.16110614246678,212.79632066816987
898.6283357746183,378.01866515291385,82.8055334692389,214.26166805935105
902.1671790128933,377.06214550953604,80.79073466129884,218.29080598845584
908.5186475653838,377.49990459573314,80.63933983842215,221.2177146310946
909.502000164002,380.69632193652177,81.28752760078056,220.87253219408524
915.9135788690305,378.1193321639864,80.53578895293053,224.0777046188327
921.1896454991665,378.6038784126948,79.84435153158668,225.48656398184377
921.5068652871023,380.4233442655117,80.05331237447363,226.44594226995406
928.889799998655,375.157269682737,79.21431711213468,229.45217533595496
931.245505279297,375.842962677331,78.17061256357648,233.12336518294865
937.262125927159,376.231558906481,77.87492200332625,235.69103423206442
937.4056751713177,380.67389720585635,77.97731775529273,238.44807745142896
945.6762853317286,379.1186401069988,76.99483137459534,242.76480416974343
946.5382663503971,378.83585203190296,77.075695358453,244.68578982291822
951.9620738059523,380.37881539176135,77.53347938838269,247.15528302507636
954.2414603447675,381.61241495325305,78.9626599736246,247.81992127010454
957.3224056873834,385.52363400649654,80.44857354864676,247.86121693208068
963.7466628322056,386.058621690744,82.4294803023981,248.5469992530617
958.7032207372113,383.0616874302768,82.5878061427776,251.37787791918356
967.3999144930083,385.8804491118179,83.17030783711601,253.8243932905374
969.7065134924228,381.11236370349616,84.45553398684649,254.60256277966613
977.6465999618594,382.9753586189112,86.25478533386223,254.8713706554401
970.6053430979161,392.6550805937505,86.95877714249806,256.76381116621076
976.7987495272296,385.6870573917287,86.91761304943525,259.09108815344524
977.9096331314911,388.76204747537054,87.90974545333901,260.9088218190168
981.8507717425114,388.9526013247199,89.65781071481896,261.7551179994837
983.1976641390298,389.11599045982547,90.33621210571138,263.4220759963624
985.9488778729643,388.4840223447819,92.291088638697,264.20389972935817
987.4286792286214,388.6470770601509,93.3140823247827,264.064742457429
989.0367101636177,393.30272037262205,93.95464791908441,262.89265604305797
994.15493996956,391.51293316040494,94.70090677491237,262.15928414791216
996.3418701694479,384.6942429760504,96.09044168458463,264.03953294008306
999.068100593298,387.4950636016151,97.03771390344328,265.47920295299184
997.4463671958193,384.46894020379636,97.00286110115647,267.2258262172877
1005.2437030753244,382.36995975628884,97.36495356333768,267.9074203921032
997.9639649886041,386.39739046582736,99.13702567641471,264.2290257241247
1004.1479986916484,384.064318299461,97.5497285721448,262.6719535231967
1003.6734290450178,379.544674680018,96.05969893535242,263.27002143224865
1006.4184676927061,371.775738127844,94.53284485889341,264.7313526359618
1008.7801517983269,367.0503841010574,93.08352688340017,264.36917349776263
1010.0067959776221,367.3187644453705,92.50310420168961,262.4020929038553
1003.9131329188638,373.9664704359197,93.36356226195548,257.20807557607725
1005.7747222562105,374.07728730765103,91.56799434222876,255.5640967903859
1008.804457046885,372.53565176584306,89.4119042011873,254.94660631737645
1003.1429500464232,378.4709418364608,90.053931797692,247.58486578337977
1009.8392876254778,373.6683184509967,88.80866798601826,246.21853490995977
1003.3096430707045,379.5496799000474,89.33199022239586,240.8689365731682
1015.1031861342351,369.5936551666267,87.92391448656997,239.14716836728007
1006.0597031617451,373.7056872410046,86.6757821649485,237.45184271721195
1019.7104134087294,357.7283318197347,85.67297426558439,238.8179686598495
1005.3353327092996,376.56860418747135,85.05036916969307,235.4874452866809
1011.9611644530676,371.64605585184034,84.33955536782597,233.55625106438822
1005.8716080462759,379.6242066478509,83.95322037409734,229.63278257173238
1007.9694064093923,377.7166795568437,82.82752296846702,229.18421923818278
1004.1108631024986,378.0091599660638,81.9124322293492,227.60183691667558
1010.7680747619489,372.0458380343723,81.4738386071037,226.62541033022947
1003.9821185952061,376.642494277867,81.46126207187596,224.52504008109406
1012.5207883189468,371.85693900204046,81.82425694446312,223.9209053477129
1003.598173355853,376.121592796222,81.55695520866337,221.15359164439013
999.3264384209559,379.0182581794478,81.35357983309613,220.153499040933
1006.8790426829746,374.283726876646,81.35405749680284,219.0303632746493
1000.2024128023068,378.51981346979676,81.15760316969852,218.09789298065132
1011.3400503605282,366.72326392538287,81.81897546841705,217.69814462685213
1003.0768534962126,374.7977855170848,82.85991654507043,214.09435233608744
996.2767329881212,384.8085459740235,82.44528787131182,210.25690582406548
994.0947047427577,386.09061358486105,81.13724477173734,207.25325417725765
1003.8813865592731,377.2190711474931,80.83119223489814,206.78527566698384
997.2862745823925,379.2719789104892,80.51345586914016,204.58370885543852
992.6127202986803,384.8627337471831,79.74163934196014,201.54927864982426
988.5272759864513,390.2157558692387,79.20134823314176,198.41187988300794
986.4384044341502,391.4107382906751,78.04905469757651,197.76048584949945
982.7365325176925,390.81495400647736,76.30540053549703,196.73242751436106
983.7150793822535,388.0708743894948,74.53540061562188,196.67133471509248
979.7116051393357,390.2631667515841,74.46896481648443,195.13051453444723
975.6270297043,389.9402411891617,73.87269286551101,193.17989291911869
972.901146448055,392.34843640608085,73.68207246470135,190.4860906429342
971.3552188191948,390.2644608222385,73.02133229776976,188.77942041932246
967.6950519495773,392.0281955783096,72.74962549821687,186.76399044937853
963.5561585810988,393.1261583664569,73.75689870062791,183.18785125480542
960.5691537816399,390.54083313738687,72.60427942381328,182.17170838561387
956.5633786165232,391.82724026105024,72.0578806878845,180.11148490424023
950.6148870136051,392.3043784877538,69.88830314848161,178.95045977155283
945.4998291121855,390.23058514573484,68.75401427297616,178.5150362589049
941.6569366253476,392.3629141576429,68.26315396772108,177.0524328787198
937.5982185103461,390.5248733918162,68.01680540768506,175.14972851407194
935.5329111312514,390.5533231176129,66.94759583268372,173.41717119409324
934.0288167358743,391.17786085936444,66.87874013643815,172.02282505007057
931.423616439031,389.79790936049085,65.03304846785674,170.92124375864836
933.9835857127576,389.047507549912,65.32504477300368,169.21343064625506
927.4388108588951,387.8260347467466,65.1924255583044,168.55408276122233
926.8815396020659,385.92627677086443,66.30420803115614,168.46512043387293
921.6085319597071,383.94900123267325,66.4192607533127,168.13434264520401
927.3973921863592,386.1850226820285,67.56574722444691,166.61331188104555
922.5357658153532,388.5667386930581,68.62080614932029,165.14786660482073
917.0618897658617,386.80906978677586,68.2462764108401,164.102798686184
918.0276375122226,389.59977466438045,69.09337207412406,162.60325519531813
915.5891139815323,387.84292895988506,68.95592805426689,161.8089484239194
917.9257122926851,388.8634575734375,68.58482779884346,161.67991819819554
914.8111760251572,387.6647756728293,67.45469270374186,161.3269815920022
917.8805193563969,389.36008985420176,66.75345597336093,159.75939347622082
914.8013163423245,388.3613327552904,65.03982554444389,160.1524537527255
920.2093908419918,388.59775603713365,64.93098340698687,159.61258394900918
913.6606478514259,385.44956668817633,65.1022694750937,159.02038232465813
912.0081953643133,381.63655730816413,64.36541829621216,157.99759832741944
914.1794882742666,385.17072975844764,63.48922547023239,156.22110160953056
915.1738350553975,383.60020426022726,62.14040010779604,155.85237267585657
912.1614159837281,382.70422333829686,61.8365772861689,153.93077560744013
912.0564993781173,386.1163838142477,62.399746265374915,153.0731795281277
909.8625627323586,382.8682093153444,60.82558008621979,154.6023315845585
912.8374107345401,385.02315792400265,61.02568915082651,152.90179649263874
908.7934654874354,385.0553678285711,60.602131738541814,152.02473273828463
910.9916417456137,386.21642984461346,60.6447483574696,151.10650563403345
907.7189810147615,385.0560744217237,60.091525698385325,150.83270735505718
908.5494888779567,387.08213281903187,60.23316221179452,149.74386217833023
905.5580266360022,386.80081456881265,59.74015171340373,149.75685003622866
907.337102776186,388.43161884939906,60.017304170127154,149.31482059950656
904.8695689989156,386.5643732122202,60.044890054288224,149.23133611435807
904.166540873983,384.5315502476777,59.845216247390795,148.79058098143128
904.2938113284516,385.15142269726607,59.85385785932009,148.5791317184316
901.5531594827187,382.45495442513163,60.774228437687746,147.7517952448172
903.9401713246322,386.02967848896213,61.16092844007913,146.8443548495476
899.0705219806791,381.14054897314657,60.76163345427911,147.34668729121293
903.8705889597762,386.8462623417346,61.76203012047459,145.91932942458135
897.8235526988285,378.39979074360997,60.814378437352744,146.96609361234667
902.5246216735823,384.4028308480639,61.32584903887062,144.6474952836268
901.3188359754847,386.48827468570033,61.09953009616814,142.42649047330596
899.5172005007254,388.2333135892257,61.740977343828185,139.17420919638278
901.2356037108273,389.42232429448325,61.48249609986358,137.9924690997638
904.5821427620358,394.0073787900287,61.58290697678609,134.68669946032693
901.4504104927394,391.2497671403155,60.568327291593505,134.54169116948236
900.2611271040404,390.1385629150625,58.80172242668809,135.9282009226122
904.7890577915383,392.59428928243193,58.625259397639454,135.63585543427223
901.59862861242,388.32457321236757,58.147543842301815,138.02866491662508
903.7125865383598,384.723891175758,57.652602996525715,139.33276593976478
907.0883857097588,391.1350703079337,58.424649101054484,138.22128127923435
903.537886658346,383.94628500179425,57.96051792378977,140.244238587375
907.5609438246175,382.9267147776365,58.628583583922456,141.09147198746504
903.5837372676139,378.9472017075537,58.67473730614504,143.58750069110727
902.0532442163495,376.5835569206424,58.83159891030648,144.02934552844906
904.7645125930296,379.8210641889367,59.483005295068864,144.52127425586812
902.6233979448098,379.62799632562314,60.01995074942178,143.95639552336212
907.7082259481655,384.38403776676597,60.79696908963409,143.36195904915746
903.0102333551308,382.80177957242654,60.46955892810813,141.921985157685
906.2600302333142,388.5128781928965,61.35913581840887,141.0571514268769
904.1678883706443,381.1886393166078,60.30450505400275,141.7989071106677
904.837954967615,390.50545745580246,62.7539648413998,139.85831930945125
902.460987977236,390.1807430839909,61.51020385298055,139.11536006689118
903.8415519877663,387.4257400465458,61.09885758355267,139.2299870753141
904.415658682097,386.47050291839736,61.06572586279127,140.04193151593708
906.7811638004322,388.65721298163754,61.25453259694601,141.74022245284175
906.0426659533326,385.08337541416563,61.5637133211288,141.95420608616814
906.138213069376,383.8070502813794,61.7370797659506,143.76959875190997
907.5389943679128,387.75121112651556,63.428140021202296,143.12981841677075
907.6743133571962,386.85309056286565,62.83916391669136,143.32288831470805
910.7250251848616,391.74962301326593,63.08298466901453,142.81325160604618
907.4566442835454,385.4576022102431,63.28501489281995,142.37183106151804
911.0341532576474,393.1983439794636,64.19673602695224,141.06550983844576
909.1855822234135,390.20616316637347,62.84214650896384,140.70265581216017
914.8613168480683,393.5359726384636,63.775029562205425,139.26038258254903
915.3748978268267,405.35739672554826,63.74607946534549,139.2471025083553
916.2220114245318,401.0432823315127,62.77683298187212,139.8054384131256
911.4185301353884,392.61303826968026,62.16565877274429,140.83353575157315
916.4924925745544,400.18531311121296,61.69761308295014,140.24240995003854
920.0666235008789,400.55165277981354,61.49099303785724,140.10734698733003
923.1915605116726,396.19859498030905,61.279191125492154,141.25945219510368
921.0532820578346,404.6605849857639,62.45702938997975,140.32391269780487
925.6940375256322,406.3138330460978,62.622755469154946,139.20656929472736
920.8362638768233,403.63308120060395,63.60209575841105,137.85132903963964
924.0649991745555,400.0893605785111,63.93700501905628,137.19967078126183
922.5400895663772,402.84673392380967,63.89898177096576,136.88837763146665
925.2014788382302,399.2673089355591,64.69255101702426,137.80088161111127
923.1168931569194,399.2087749616065,64.54578533740943,139.07350921802063
927.2432283666737,396.6523859078885,64.78071429076451,140.77616707666192
922.7853867670474,391.54786925696794,64.4936472840235,142.97003409584934
926.1528084854551,392.7157174364411,63.860870364084306,145.75839407616692
923.42595938398,394.840418823716,65.00842623686498,146.57849031742526
924.9694448230541,395.0517888969531,65.51591417715241,147.66728045106427
923.849145181309,392.3154770801706,64.90087185717259,149.92980224174897
926.569098096098,398.0944945771628,65.6321434148324,151.35566827162936
925.36489313094,398.1546195409901,66.27142979091856,152.37041845364723
924.8512194458517,396.6703329138075,66.80303913161508,153.0509327118119
927.9659119151659,391.10490061341125,66.24552442461521,154.29118184934754
923.5955087548957,387.9623971833965,65.05097937339052,158.27415766918543
927.7279785043514,389.7728600219908,65.85627417318507,159.05743397640225
923.4918821205811,392.44663347449676,66.66030459483959,159.70924238755256
927.6740171086603,388.2258974270362,67.0070217097454,160.52503308217453
929.1894682200375,389.3670237808274,66.70954391211625,160.84281484991865
924.6643052416636,387.2913069017975,67.28085165749947,160.73175309024785
929.9777082079604,387.4424243532991,68.0618902683628,161.81424804945783
934.471684443795,395.4960199406638,68.64423694525316,163.29430853793633
933.2323812727012,393.95731909130905,69.28029038712639,164.64633589563488
936.6641433444009,399.31115700307737,69.62143285825933,164.56321756721533
932.5845348537991,401.2780808237165,69.79810875517342,164.73965091653773
937.2462780626336,402.50290953836634,70.39782866685022,165.55634065711405
941.7033889582985,414.91258692397105,71.27751976309347,164.50773593168105
937.8322674424004,415.4116204903248,71.61109093896329,165.60416481070746
939.4756474932394,412.469410836021,72.37612202838635,166.59982593678953
939.4283762160142,422.5836903159816,72.86035623370427,167.03441013482728
936.8236324979329,414.1140970101103,72.9917682609313,168.63981931889657
939.5407044335959,410.1337075469232,72.85754494853468,169.71721163333234
936.6121034500181,406.18717069768473,73.6759285563154,170.21974044045183
934.580382401143,407.054427127969,73.73104412360914,171.06950735550276
939.9701597152982,403.8237766106056,74.55194287206862,172.56535142764412
936.427596951819,402.13074702675686,75.688199647501,174.35349220411388
934.1351516291963,401.491118339002,76.79258363419237,175.2269749266656
933.2936010555899,406.17252638431466,75.8393336728544,176.60835000577913
934.8950622933003,405.85039860450695,76.09095812583935,175.5178370555298
929.3991771511938,411.0243798728707,76.69548132448085,175.56885275213958
933.2751873964045,420.7860529513267,76.65205277207838,175.26843368873347
926.2250906442789,417.3785419758666,77.23571147103165,175.88041885452793
931.2123856199955,418.6777435871419,77.50143409589231,177.0989037259257
925.8151340318407,418.6111684653978,78.16475460160876,178.3220152597735
920.7727500708811,423.96223982754174,79.31570084536637,177.64342447640354
924.8292778332808,417.5716538642393,77.72069122281917,179.5920120219049
921.5842766734406,417.89059778344495,77.14164370729435,179.8330390761671
922.2894113760312,420.63456093319405,78.31416682263634,179.93640611162982
916.8219002317053,419.95016714499945,78.5891720977383,179.67290487442799
918.8184937181246,422.3099255752793,77.17954773743332,181.41161421778685
915.1598020535781,418.38654762915263,77.61520718575849,182.65667218828722
917.2606463776756,420.95201045057445,77.78479539303234,183.44861622775556
919.8159561905304,413.07612513700434,78.14641240062335,185.23237404514234
911.7956235923556,419.7214355803724,79.17230899650917,184.84395862563048
918.2399143797447,417.40102081040106,79.65279461380851,187.00224350500486
921.9327965248931,435.7807458992576,81.00051649904889,186.71852422328774
918.5478182691555,430.5011067402867,81.45876932857814,187.847874715302
921.6747279082111,422.71197739541765,80.92968292629105,189.7992985356552
916.1249994739802,424.5477451018338,79.90270642225524,191.943744510915
922.6345138561459,436.3821063233357,80.80761831649335,190.6237044714757
917.3151003009501,429.42513313618394,80.49497982019528,190.18921925855983
919.7448245356625,428.39929098743244,81.56987898031771,189.37792915077426
914.7713660909042,411.67004852225546,81.87245916939494,191.12308858063986
918.4559523472071,407.70058415598254,82.86196165984077,190.83665835017302
911.5962473891607,396.29467971998105,83.6739971939147,191.61281696888008
913.9859099086292,397.3378589302269,84.4962112899568,191.47489755042542
915.2434904392032,386.80548037127255,84.94124314758628,192.83772366857826
917.4453413517513,387.1685206835975,84.87673371293201,192.11873621877712
918.6953454818854,390.09399474313403,84.86665083718525,191.2161862129548
920.2381366811105,393.0911060721603,84.81771671220307,189.9984828534557
917.379068588221,395.14425651098657,84.4605688937707,187.7096272539709
918.6521871506924,399.32210169043515,84.84581551440286,186.07463429802783
918.8600909857362,401.7186572479154,84.6214364907606,183.9882051498489
921.2020941629645,416.7368615494674,84.3513295579958,179.79830075817074
922.5637742642721,419.1848729220187,84.78366646269566,177.56546813948722
916.2198658827213,413.1626167432778,83.85095405099271,178.53978625258418
921.0080233812198,411.4058135222845,83.04656021183253,179.109586284735
923.3010760102152,411.98164401240086,83.2438588272852,177.78806285533315
918.9713596764361,409.06572725657685,83.25586202859577,177.87982745447508
923.9123763854966,412.81776903589207,82.96350832849248,176.91332343228257
918.2036336504704,408.8816613518993,83.03427787142088,175.61102975180623
921.6095029864781,416.02273730586705,83.70466066699586,173.8094534053942
922.7927156054901,428.5067101431655,84.58533649746856,172.6125019171986
921.7884410445077,414.01220349181654,85.20279248455314,171.5974544746573
923.102933409495,411.91777325485646,85.64295367247104,172.31444214202844
922.3254108856386,417.9387225709195,85.73084362126876,172.34509428352297
923.4276225494591,414.3331153109527,85.56775826054668,172.52420907964066
919.2695993164206,413.73552635223825,85.26901476385532,174.5294293783561
928.3853531269771,423.4446501957964,85.95280369730777,173.70294614131313
921.5716377422974,428.1490312432635,86.23037427532172,173.9799054437788
926.2051353084394,429.9522067975504,86.21896290616044,174.9014369111938
920.7043533591878,432.57771241596083,86.43174087021515,174.407867671901
924.3633771745026,437.23329094672874,86.0336012863081,173.7680238961927
914.3432114178424,445.1928052387375,85.97152152948681,173.09648238035155
922.442886181258,449.79958579589163,85.9397306726996,172.52054696031814
918.0877909960966,453.2410751609498,86.55967007408941,171.33013987021656
917.4250583848989,444.11916146377746,86.43423152317705,169.95748357620658
916.824477426559,436.9974762041496,87.4449486127768,168.48918226623863
913.812819597969,446.09173322522275,86.83383004678191,167.36691234945863
911.0161778170658,458.61736063214585,86.26363523410713,163.84666530233605
910.4070336998872,447.08900589410143,85.16679514204829,162.14314757505582
915.1051475252406,463.1022414509867,85.0955806520472,160.08337033945904
900.2400186215282,455.2548280638354,84.77675856445234,158.2329586188886
899.3723980516575,463.1901844664283,84.5842135923622,156.4707319892399
902.7140024856408,458.17094521111244,84.46520178784166,154.95708552275985
893.0839826227563,469.98252335977514,85.55586895501696,150.76372353695785
900.9072499215027,475.51983181452044,86.58371752097607,145.52567975139917
898.2902751865511,478.34194915599124,86.01990602743935,142.30950059328362
892.3938825618692,478.1368245326728,84.2678285296109,139.6580473500676
892.1784653479988,482.39925946979946,82.68277522007747,135.6331927346033
887.5418274563838,476.8859879714163,82.18641103443545,133.14356141496344
886.821428679807,480.4194629044871,81.00070821947072,131.47594931737643
882.777580217405,480.1161822316091,81.21479083305653,129.80613417730783
886.7103680431007,479.5849895800968,80.70219484169908,130.79665610472836
882.5030588821841,482.9313183145389,80.682458381428,130.84372756345653
877.5161901114865,493.5790372078388,79.95432309720049,131.81298971276973
942.5827129514853,524.3680973053456,76.75561884786711,135.77940992302956
951.8992957977515,581.9434526271742,76.64974922161882,135.74379632527078
962.8219648481494,622.9140240182343,79.74540156882105,129.77873539129524
963.5171474576582,633.0700883733392,82.71053609421865,124.83779198381968
949.7337760080813,603.4580290642284,86.23453531051109,119.54835316795933
954.3655348330878,657.773058352788,89.24244481503919,115.00594107521499
1000.6023107684521,767.6109693623125,92.91446179196683,108.17692081397851
1035.1938042875886,807.4058493033529,91.75670516140887,110.04953275806967
1038.7703553832987,852.0210276467103,91.71650322709893,110.10976445026098
1047.8558089195471,869.118143354779,96.49806884136996,102.94060513190199
1036.6865798180186,872.8809814713088,97.73658960546226,101.17167900565393
1040.465501884824,883.580411549497,99.65602227391389,98.56764917154318
1037.514091842931,916.0546450965949,104.82884251744072,91.45804545015007
1035.068807356799,932.6048751897076,110.77550375197264,83.73789913721566
1041.251109694829,927.8333908878473,113.18883124296599,80.27167336685187
1028.268316760398,931.6135480177713,117.50637061829794,74.77962287615351
1021.9538459108653,964.547842724055,122.56220078324448,68.44895918380094
1032.4020563058834,961.6197035575802,124.39908687797389,66.14183114468035
1018.3056565509194,946.8874294784313,124.40710817440097,66.13175657653774
1023.787419275923,947.418370101663,125.18350429421798,65.119635895236
1013.3803767277473,953.3696545855591,121.73196057587212,69.03374211360085
1017.5452826224299,943.2541408292767,121.21388441654231,69.67638690521852
1019.0828559245251,958.9249721573619,115.97247470886677,76.09523755471226
1011.2043787927146,942.8971464746351,118.35395308900397,73.10652780566409
1011.4680531732787,950.7685593808097,117.69124620290428,73.97314947256274
1011.8061427250278,951.8470748331406,114.5811777103679,77.98313125939873
1004.1751066797823,957.6449849265094,112.7163004905563,80.33247861416493
1003.5332186295166,955.2180632221733,111.5541062942279,81.72140150205468
993.6443440909172,953.6631664073568,110.24495656771573,83.42046357765638
1001.1281652565507,948.022187915645,109.15571027068957,84.9166911528159
996.6583385688514,930.4523239702527,110.72882178360044,82.47857251650085
991.1859761247441,932.5011864776576,105.95884501928808,89.50759558671301
997.3846778529988,929.6068309917456,101.55785240948873,96.77123136131708
999.0325604396343,940.8675867026486,96.64218617515985,104.36711152581482
997.2711674060641,933.076885801755,91.93309491533483,111.66185217953083
1004.2765605548558,931.3730884782456,86.13697116963144,121.31832959708788
1011.4816733626976,934.7127223822667,81.36962217900883,128.17724404765164
1004.5760764895454,927.7771880011876,78.66052936525472,134.1597391632646
1013.0632143491423,926.9664805275011,76.40177736584833,137.8841928984793
1018.849235508031,932.8073845920239,75.02815271164512,139.92909794997553
1019.9869456437777,929.4022357773706,74.37263815037215,141.25135417837285
1025.05890859983,923.4290153832334,74.16868416209601,142.02367597098086
1027.4266405427563,930.7843178416585,74.20670498312187,142.96112040868363
1034.5486706841664,935.9182913713877,74.62924969602908,142.02127546104177
1030.3077308499483,933.7109666119536,75.4601951451049,141.1522898404446
1034.8260479642154,938.5381997960917,75.44877892651947,141.07191538348425
1036.2319878901546,938.8336954604666,75.96677955063888,140.10815848385553
1087.8474780465199,935.8748678729418,74.2846197335138,142.05721791572583
1099.8164105925262,925.9240029087606,68.29296359535854,149.40916795212047
1114.5651567589946,917.4651448009703,64.03180320211916,154.49116982749115
1132.5325909760595,918.87385370192,58.78431460502539,161.08919735335047
1139.806012418307,928.1054417523652,57.61813177759815,162.56205259401275
1150.3301343858163,922.6122905983032,53.115486826344224,167.91369847284614
1173.859811384258,923.7246515767603,48.14965776232231,173.6028740302751
1144.25604559984,912.6849413002086,41.38076416025963,181.3319518328291
1144.4072414124653,923.2682452847582,37.665495929021674,186.11648712850058
1162.8863948328956,916.4844347846898,31.134187226588978,195.23923670300857
1172.3738418424973,912.4537632635183,24.10636237547623,205.33758230882805
1173.830764822851,909.0299763355946,15.765025226719493,216.1817181687649
1183.518884755089,897.2745341344909,10,223.98121493669518
1181.1499858865282,906.6891432008175,10,227.29347438888067
1192.2649770745775,899.3206078721657,10,232.67977695688984
1196.8993550309679,898.1444647024491,10,236.83518629360694
1204.6727043160936,890.667628402177,10,242.06104803447104
1209.5163637170335,881.764672417069,10,249.46674962413275
1185.015997506096,881.1332015392105,10,256.44936310607653
1162.7861333856126,864.5890949899449,10,259.4546103537777
1158.8764217115797,867.9351263807604,12.488655239698014,255.9819625215639
1159.362519707483,862.891700438559,14.543957731549185,253.1621028275975
1153.7730973862392,855.1901792346681,15.825270864637467,251.4941079428989
1158.0511489277037,855.4482828772407,13.806923747894707,253.95346036920998
1153.943381120766,854.3829828251935,13.454096172073202,254.38840405450398
1167.0948728825938,827.1385481379994,11.91391095774361,256.20906435296445
1161.9689480456548,834.0038610177339,11.539264316619006,256.6941816583759
1169.93931937811,836.5978576393634,11.144915999853438,257.17422201497044
1174.9500751266023,833.6870831073605,10,258.96369042864654
1191.0568561324617,844.6754134406518,10,260.3499886701449
1183.7535978367482,835.1208596686062,11.86446355950552,258.09721877283
1191.0396059559796,838.6555994784428,11.585930101499144,258.44742070222907
1192.7921240802716,843.9939306963046,14.332241394724457,255.04126941686565
1190.9366420978731,832.3771509545508,14.628337004723928,254.70212649253625
1172.645653864419,783.228982993464,15.682653101759259,253.541606640784
1199.909982450945,831.5818068288661,16.576561388912133,252.47585917749936
1197.0078505614504,814.4769368185148,18.08999789357926,250.78130232320206
1188.17375652858,771.0757401741315,16.4739795689389,252.78989525796473
1197.036036823081,808.339575343144,16.023436313921067,253.36609912648257
1199.1631375809318,788.7099775665397,14.238482616212956,255.47036075024795
1218.8772361509382,813.5922276409996,16.86595335339714,252.20135162916023
1227.5613168802665,832.3899649142248,18.262718805140825,250.41078964984823
1225.619865164848,838.6636328412259,22.97637621804524,245.20731299155537
1229.22044545385,839.8512148041594,25.388864054653116,242.3185499083549
1235.8929783822994,852.72884134,32.07958578015191,235.48015741711808
1234.4931118995394,845.7709577075207,35.967904837667014,231.19695770209643
1238.681924624696,850.3476619869256,38.26950244796155,228.57078179022872
1230.7147838184708,829.6998130462607,39.473812174730895,227.3298623925058
1240.5798052523446,842.2739490249229,41.582249302710665,225.17932641235416
1243.4020975297672,866.4887842444859,43.71280789438043,222.77964330843312
1247.9000806463473,865.8342956215092,47.38525196242887,218.08336342471745
1244.7637384290458,863.8831371676793,52.608923020795814,211.98915838260925
1194.1813481697611,781.947676797005,54.97252556084955,209.2372153544265
1185.1163744293126,766.0838168883565,58.779342434141505,204.45680223715317
1189.168238366055,773.5971567143266,62.11900254588639,200.070615024483
1202.8338379964532,796.440822008419,63.65645944353737,197.8403881655463
1203.4664264118244,794.1215520450113,64.8905251569689,196.06526327455165
1207.6306856988056,798.8298311171474,65.51848660925161,194.8988004977112
1214.1881996450595,809.2300210734131,66.74423134552822,193.29397722580455
1210.8971629802056,804.3833068530298,67.69323516000762,191.5214241831118
1214.6937572629631,818.8088591639339,68.86104245936056,191.2171430628905
1216.3032074802882,820.0302692058867,70.27161237306889,189.756715111267
1219.7037399780918,831.874721851586,70.15342968642132,189.79288077323784
1224.0027558661359,836.7604104989751,69.90714637682505,189.90849784033693
1230.9295427797779,849.3064041809399,70.79823197336933,189.14702156954695
1243.6846484848306,858.8049383957941,72.05801720633002,188.2616455684274
1244.1713359923453,854.7473250353592,73.28096797026204,187.1667702079984
1235.4393702050004,863.1147580093432,73.80770090603585,187.62272304665169
1245.9271547820476,858.7569351293242,74.84295023338636,186.57246056541743
1253.0289697232724,879.9187436483567,75.71494863157665,185.79986128858297
1241.5930514220295,885.2614963799608,76.0829552780076,186.28742673296745
1246.0160070540092,892.2639089723683,78.24140898139487,184.99626941772038
1241.2127061706667,888.6374931586522,78.52737018411483,185.7238153243274
1242.5396691182286,897.4246175371871,80.3334409892776,184.05963698656905
1251.0277725671983,897.3204296282663,82.27760419326684,182.00458173217578
1238.9599978472058,896.1771010305097,81.97241876997077,181.67446985229523
1229.153518992181,898.7387295000202,84.5593106536043,178.93712747740693
1240.1610537136653,904.615378550775,87.12323405426369,176.00166518369778
1235.7079277413925,909.8777255834499,89.13437253063918,173.49369570483472
1222.437426274942,918.558058440327,94.18147134977082,168.71404271691046
1216.9360569700825,918.8030651675654,96.72286619423093,165.51370497501915
1217.6419073771956,921.2150115488898,97.47636442137113,163.5294950298295
1203.7099915739552,928.1228523343774,99.76580752382353,161.0339953054728
1208.590182594377,923.9711839324957,98.81221678852204,162.41359601380793
1213.9686528468699,919.2136538916777,98.1766752093177,163.07186078446975
1211.3358712427075,920.4140630888256,93.16518935300626,169.0784043744267
1224.393497130763,924.4214228285582,83.34166655028359,182.46686978570878
1225.3864599459582,907.6755422152928,71.11886061746411,197.45368334988603
1266.3846075155752,896.6363550123657,49.660094469929355,223.5674228604154
1270.612514084872,879.908897331862,30.5921235096806,246.77164108549755
1293.6997806854502,854.7331161768236,10.861827063895248,269.94954311725394
1314.2291820714017,860.6280416448799,10,274.09918154576565
1341.1094139287015,873.9212817649766,10,277.15053585452245
1345.6199873158475,870.3001450704213,10,282.3073590712085
1351.381821937277,854.7650549224015,10,286.9369609065549
1355.6332529255887,842.92126758775,10,291.6327791366488
1377.4221666523954,836.1019863260595,10,296.7207587742876
1391.8896454045316,813.0179591516217,10,300.6929970831243
1402.0223892399808,781.9539689771526,10,303.97484706096867
1400.2991911837598,772.881485749036,10,306.26761968480446
1403.5514375636121,774.2795939004602,10,309.78742100967196
1411.894174761488,758.6947076412011,10,312.59435669042153
1426.143987841322,765.4652698389361,10,315.3653298443902
1438.6928646037122,772.278938588667,10,317.8537130938299
1442.9144002863904,752.1686615000972,10,319.3560017375222
1452.1156084010145,754.3984810073064,10,322.1435155284321
1468.4204370448133,745.2926584145263,10,324.5294265755036
1470.6864294478437,744.497600274203,10,327.6386742781928
1473.629786438658,741.2021508371315,10,329.75303211000795
1486.2295569846174,747.5917186501688,10,331.5095190806741
1501.4809941718122,745.5920525673334,10,332.67738361786587
1510.1313437888166,743.1492701929499,10,334.2522832360178
1520.1708888480207,747.4042298199422,10,335.56163602335397
1529.8903731772443,735.6645242606824,10,337.00211052688326
1545.7272309729597,733.6068290628036,10,339.3090082621184
1560.6848439642927,735.0078937699371,10,341.3434257457395
1570.3450660178205,733.007647223599,10,342.9934471034153
1582.3220538565656,715.8488530128394,10,344.65518225345005
1600.9519576499006,701.0962492666985,10,346.16184696008736
1610.5137786337873,686.3188423856488,10,347.5878326734804
1630.6405219504377,668.0093204836136,10,349.2502381413695
1651.0441894003889,654.8599962491613,10,351.4274800550982
1660.5082644888898,655.8970660522386,10,352.8745346685328
1661.8260503479978,656.1398107078575,10,354.63459932763203
1673.9596572587034,651.8990060220157,10,356.71901765164716
1675.4185516306898,635.8131458226208,10,358.70769933888903
1682.3515941569349,628.1955987509555,10,360.91902791825476
1690.716262049391,625.889405068892,10,362.784589587344
1699.7962552973768,617.9013658079832,10,364.08326847384666
1715.2486793467542,631.4039733949262,10,365.5004699869724
1737.2211372324964,628.8770733329684,10,366.70241197184987
1748.9916221568128,624.6180167577667,10,367.49785504397573
1759.118015474989,626.2302558015713,10,368.3262887147895
1782.534301943495,626.2490607052509,10,369.0456855526326
1792.8629018733045,621.0938734706347,10,370.59415912007086
1816.54329318495,616.3994076040235,10,372.53432223757045
1823.9012839266798,614.5777608145063,10,374.3907841992496
1816.199461645796,599.9714902868229,10,377.60742414682807
1823.1881472537061,606.1289646622405,10,381.1796986397065
1806.1656062075635,611.7071636768053,10,384.21092268088927
1802.0113956400892,616.5254343374448,10,386.13452387670014
1794.4724718997022,620.5423937198178,10,388.11115370356794
1795.8287608096143,613.7931026774055,10,389.074384988832
