546.5,779.5,26,66
547.0514215249967,774.5338750609754,24.741275783548318,65.19188961803926
546.7720845215485,774.6395503033651,23.903356219735635,66.17774014682514
547.2476820088166,774.1456868345676,23.385840706678767,65.48854976989048
547.2691057715061,772.5540820934035,22.78549043471742,67.09121692624541
546.189929951329,771.4168547383591,22.676069877348418,67.60057687925398
546.1386184265484,770.3888845720893,22.57405764951899,67.22188061892868
546.027215287369,767.6097326999663,22.602309211529324,68.30855188255336
545.4905976364638,769.8256015177467,22.806079639072024,68.40280282578885
544.4822868266705,762.7458745293303,22.474766535758437,69.046554555002
544.5923950583415,758.5346300650525,21.946865829691017,71.11626457196712
544.1668738221008,767.6746428554661,22.220183726175925,71.98170484197003
543.7260424890944,765.9265783679067,22.21594386819416,70.76835782297864
542.8819101045776,769.2252072229004,21.641077018728176,72.63261649330128
542.7978255251822,758.5648951245205,21.760656262481724,73.06945162756114
543.530919575326,763.5976499091706,21.877221701279588,74.00183539169606
543.5319829043175,757.043110581993,22.259293023461986,73.40176373172024
542.282594760241,761.9017742451225,22.4195354332888,73.25471457318577
542.4396494177984,760.7027127264879,22.309497222700458,73.78004822752035
541.6388754738882,752.3441216836503,22.31221762925084,74.76379182137435
540.9250186576828,759.1219812237468,22.5997441173822,73.95633610025098
540.3928437147521,751.560967519755,22.751508267922674,74.45762071038314
540.3776425737922,759.6570125224413,23.36513502522627,74.84551155523043
538.8553893194586,753.3199508860711,23.140706568759743,75.53361569344932
541.0330723277218,755.7672089083126,22.924345259569716,76.06594567634058
540.6507999054196,753.8625023940797,22.829717700361677,75.17288220334149
540.9171891324953,755.3468529804068,22.789858214410955,72.89511413901705
541.2068150517615,756.2320606646076,22.38843412155471,72.25247896966641
541.4368655378685,752.4215866339596,22.638148949530667,71.41062700502238
541.5747357541279,755.9295501293138,22.136035723694874,69.81159349652222
541.5400141934522,755.5024573502772,21.687517581389805,68.88636106295726
543.095645426696,755.392501060945,21.094265015948913,67.60654114726735
544.3602951062771,755.3414313234482,20.62908881047314,66.63432156292724
545.6858385632844,757.1623657409724,20.54938871057613,64.82756494196732
547.0187892929362,756.8503787346536,19.952755001058986,64.70595619522452
547.0386365643376,751.8173235861696,19.80837375844848,63.883942979924605
547.6922777578114,749.299839961457,20.030762086832663,63.60038968339027
547.8918535453308,751.2379182736404,19.896809457793204,63.08567753228999
548.4730659197737,748.5867519022638,19.60231607487416,62.47154594627733
551.1229470526602,750.0573037851756,19.90714184086998,62.05647272092001
550.7849211261635,750.6351849487801,19.72457769940999,63.04695825748055
551.0924157181703,744.9875704461228,19.356629293794896,63.90489516379612
551.3893808343474,745.361758682206,19.521204465436124,64.00446944817966
552.1527922918174,745.1380895642225,19.579523805325543,63.086492604457646
554.8923746700249,746.1425230474513,19.697619047232205,63.448859578124456
554.1298576400579,749.592923189907,20.126778201579846,62.99817211288467
554.9307346638639,739.6869417917278,19.742157318373767,65.07278063067866
556.0983313523653,743.9214298232498,20.105862018381856,65.04545114356227
558.0606211609079,743.6697759629553,19.927878737661583,65.77111288880002
558.0449037805752,747.8095191038777,20.88813643295446,66.30517088033162
558.1868812120257,741.6082844817828,20.850772214174583,67.24888749238043
558.8882913028744,741.6860970031275,20.907758593947094,68.3639476456137
560.4819958714928,745.0548466004318,20.902824546737385,67.86300021263244
560.3502849781776,737.5363685684785,20.683087744958353,69.13030963194691
561.5042012798489,737.3026119819498,21.024194989561856,68.44358040864955
562.3500516603181,743.2820494788193,21.014269202492855,67.31249376787666
563.1568205884904,743.5022131826444,20.90875901891573,66.52734067520227
562.9950373229207,738.4867596946631,21.224837539604042,66.6431332483939
565.0737692810461,738.0345016174552,21.28961502502563,66.77591343660391
565.7208983214496,731.7223177087761,21.025251415387256,65.41531688323467
567.1088392649281,736.0837855391549,21.225453283923333,65.10818513177904
567.2235295297032,732.8825100398037,21.222342819084563,64.64960017085599
569.6467257879583,732.9246010658763,21.788083042595215,62.56643938469431
569.110764608484,733.0482203088472,21.45155682461644,61.661624516592326
572.5722520969354,737.7445194469913,21.019619693325513,60.95116372962327
572.0974606015776,734.9140793099614,21.113424824353118,59.97913995094851
574.3897882467085,736.7126700040632,21.578206103305376,58.77240522564776
574.4162882859054,737.7376099102592,21.520109097160784,58.160315687875865
576.3882217056821,732.0257683807382,20.953178216469517,57.885847158477915
577.5549902144888,733.5793746896825,20.199326529246928,57.901153080018034
579.3358290486012,732.7886391436418,19.39766029557716,56.77138745678259
580.3870017074576,733.9489567687361,19.59243149588524,55.1828289110961
581.2347468095076,732.885168788177,19.472160207724613,54.776357983862894
584.1107746032428,732.0379681888439,19.24627296665892,53.5358989530369
585.2185452922611,734.1633608240722,18.769168645164033,53.10475932581454
586.1332624415286,730.9953300777912,18.86235714650236,52.842981939745
586.6286001390109,733.0945096787846,18.898344935703665,53.184639388911734
587.4946104783221,728.1285866044205,19.314710497086793,53.35360616599681
588.8383256827304,728.5579103961394,19.582967611158118,52.85285499993842
591.1859579176429,736.1398929204829,19.521737774969697,54.378737897418354
593.5898460307443,735.8250734617301,19.10199589248637,55.64417836865017
593.8316972910441,735.738712893417,18.548985150546628,56.61367937626353
594.6805449056915,731.18579704362,19.10714119002013,56.35521893108198
597.4976575931632,736.3974363303389,19.193392442426475,57.049182217080194
598.1218364236004,733.8184941337826,19.051259795285304,57.31634671959849
600.1305059509209,731.0850083711271,19.10623118833702,57.32128926465439
601.7632235466974,735.5138788048205,19.37316632568709,58.78921387120534
601.5981721932662,729.8969431627905,19.90463264079067,59.008716144339985
602.1876420825498,735.4544832567044,19.903239840220383,60.00751039193714
604.626336197405,732.5125827860244,19.779192808477557,60.83468215238902
605.7513843669146,741.0715895441538,19.219375357206864,63.43469956569569
608.4588877347611,732.9459056110205,19.402067786858233,64.47069343904228
607.6714529603715,731.2269384416787,19.425125878956962,64.43912938180593
609.7482366466278,734.0405461233092,19.135645134404808,65.54181962386109
610.6004284916954,730.8150510352119,19.306411171137043,65.52593520059904
612.1749247226323,729.2397902313834,19.219403486713862,65.60244691293137
613.4835671041195,724.8586333565152,19.379521601547044,65.02220943128351
614.8080474760751,727.3192852011916,19.25434573350575,64.47100957799015
616.9351085042903,729.7265602299245,18.9097824501161,63.65116162127805
619.0901929773025,724.4432859187564,19.008886174837524,61.97927640572377
621.2449478825914,728.9423968319942,19.237667341737758,61.1145699372194
622.460927271985,729.6061853026678,18.781617438415807,60.16184604062048
624.2479266518374,726.7654968486501,18.898568357132213,59.80694183979982
626.3345323692549,726.983631940366,18.898372039942416,59.38356651963059
628.3833424384717,728.4652294239817,18.717697835804593,59.30191232769839
629.1858671710669,724.1877179388521,18.767046454300925,57.400844370833454
631.168017602359,725.4130772749592,18.8339507690238,56.03676748710204
633.6591341258171,728.6429973580572,18.56979538171455,54.887555735060026
633.3571904564917,721.6514426513858,18.725863934459426,54.132565096523
637.4233626716189,726.4269941740878,18.829052264825386,53.32656684085272
638.3803042699946,723.7433827375619,18.35619158337089,54.023343318030534
640.1188399301822,724.8748965001524,17.822253378764213,54.493766444018426
640.8741925140895,725.0894466261697,17.35152111229378,54.89845446770253
643.0221769965273,725.2154914329227,17.01571717122198,56.09562711558724
642.5800823867256,730.0867828069123,16.61941575399975,57.307127810295974
644.2544310014797,730.4322832541726,16.576515862977182,58.39768232997515
644.272872430646,728.0808805417884,16.438224657157143,60.409180925291096
644.838772250298,724.9147848125358,16.459537548561556,60.72395113822131
644.5579782411203,728.6617419314717,16.55205945368342,61.61157815248566
644.4271975041165,728.9767363162542,17.099706265091385,62.20986980799235
643.8110038895499,733.0144707354832,17.441195683765528,64.12710440733964
642.217862761857,730.0857785852733,17.57487540962563,66.36287162897831
642.9278778943614,728.1071719937614,18.42390504108593,67.67809796507832
640.9910357358907,722.278417325619,18.754937227900133,67.52690101779378
639.6497894571733,728.2867720009156,19.68996798952822,67.52779554140719
638.9627689602044,719.3689594570038,19.73848846802418,67.82461180659882
637.0256908066597,726.293056191082,19.79650507708501,67.75866588177739
636.7814606346719,725.3235314614749,19.831874157289292,67.1159549344974
635.4913475098284,724.8580790499352,20.414975854249647,67.05373378244482
633.9299026838021,730.5557099349892,20.1395970450748,68.29481787567917
632.822020986179,723.5059585015099,20.252622775144612,68.5708038969346
632.0206795961933,720.8293452798844,20.360593202363447,67.79119113730492
630.6083106569665,724.3665818882583,20.299032185934667,66.31959219957918
629.922520434805,723.1718856158775,20.377499517807934,65.07799662330804
628.3700144759621,723.1008635457133,20.171068583473584,65.02379552545146
628.5501695567149,721.6325969633805,19.981808255265932,64.54883515030703
628.0999774377048,723.5012394294652,19.83883965095506,64.5982993426647
625.9883801762365,721.4719081257707,19.72275786010978,63.21965506910264
624.7690465396109,723.9824771698596,19.691733618392064,62.41129602602977
623.764210580596,721.5735683399814,19.96445907283723,61.824222671687025
622.3680784628461,722.9639317396246,19.97571768738048,61.34102127828451
622.2155275508122,724.2374949591239,20.099554663931155,61.81713588237669
621.7867548131397,721.4127680523513,19.94615851463476,62.20760608386118
620.392698448221,718.3958401610122,20.050013021892234,60.851079576653035
619.69773214638,724.4371485974137,19.59091024330354,61.8244605523607
619.702495892145,717.4136351094446,19.550848730217233,62.597758203958236
617.7742427577377,718.8163987291589,19.353982139076784,62.06897127710594
616.0064661100387,717.4576223007346,18.848882205715164,61.15104849842592
616.0698879409312,721.0201396402955,18.449446923246636,61.89711758288435
615.6004332637043,718.8976874548598,18.338110277410415,61.84945899217739
613.5101494055294,719.0154779080307,18.684254451737345,62.90757651589716
611.733239507266,722.8097974433415,19.027327006290292,63.30251565038404
610.8757806269566,722.0141341246208,19.058630870539318,64.47439182596091
610.8751195617605,711.437184515004,19.197974723367466,65.16541758633241
609.882104131266,714.3904134941072,19.121598090765083,65.25406537153422
608.4519772748303,716.2244523435465,19.506810175752758,66.66225443824995
606.6844351897274,716.7152136647466,19.928717523296044,65.61902784195792
605.7225163427397,714.874394567196,20.489194693093808,64.50538367316753
605.4861514449769,711.6129047085641,20.487910742834607,64.28373448418124
603.7289063428316,715.1301615610162,20.498644185574427,63.6961120871079
602.5887503387366,714.4750294289913,20.706774253685644,64.45832117919096
600.4201142009207,715.5843973733226,20.44502223351069,63.286493907548035
599.0023416529222,713.1314955521789,19.904609125238224,63.42551097451821
597.8028571716441,710.6925432826193,19.498079726206942,63.491802430751456
596.4713963525944,714.0808444558265,18.729216972902982,63.1062065540637
595.9635405992369,711.8481748875932,18.481979370540486,62.291434377664075
594.72925222499,713.0353681873705,18.25147231395032,61.68022982213865
593.9398976729198,712.5058921430344,18.003509936958103,61.48017624503167
593.1521111872859,711.5125842916513,17.65525108773797,60.85561498017718
592.6135773570994,708.1951589677499,17.450010527247564,60.39189766533356
591.9085355246445,711.259751869476,17.13659143699224,61.07087216690459
591.0545115150104,709.6299535920529,16.95627371071608,60.612094469431426
590.0378855524541,708.305249058389,17.503655751337714,60.26333053833085
588.0934781672835,707.9369367193185,17.877089185466687,60.04944197279647
586.06155680266,701.715993553111,18.587558864023922,60.72875506302398
585.631553790287,710.1093960489533,18.836009908492155,61.77370857048514
584.7973651115419,710.265688458033,18.651163346113638,61.676987620919846
582.7907767480809,706.9061245234707,19.686929279731142,61.52128858193289
580.7056308601927,703.735672704182,20.001691270351287,61.290457792104526
580.3001025159942,701.9414896734675,19.88893419846779,61.17050776581064
579.6954740192705,699.3024286778848,19.19715194917082,62.09994926076022
578.5889797847536,701.1689487998551,18.789497756156123,61.54466699525898
577.8545800192337,694.4940424464804,18.683762394160187,61.738009403241264
575.980478671725,702.7235152939254,18.58542201552333,60.23915339188402
574.7204462621231,703.8128779769634,18.648674214564046,59.914715054120705
573.4920006295564,698.306066962388,18.80310123294761,59.50787352125982
571.8132161419303,701.0942400535974,18.649022506936383,60.6664840801739
571.1290523945896,701.2409537166068,18.536969108864216,61.14736948875907
569.817715998675,701.8008817592187,18.684938111936187,61.64028622591535
568.0193093590459,701.2108587601649,19.06514548947617,62.700935977053255
566.4725345995885,700.0598676198539,19.766986872786138,63.2169573449707
565.744217583764,701.0298396453454,20.408797098149353,62.8644962232174
564.5913719822804,697.846673584909,21.38114241107141,61.93472915814665
562.9191136384317,696.856395232954,21.10187646403378,61.70155934151835
561.424352051427,696.8109773342973,20.946297375545914,60.902977550120966
558.3194043963226,700.3298821757853,20.813308622034228,60.92418361802993
556.2554257466517,695.5925768084811,20.70068297841345,61.46131914817052
556.9251262992033,695.7491893298616,20.424288393581485,61.50474380223659
551.550146129001,708.5841327201196,21.453461685646175,60.04496673241387
551.3476296128896,696.9350235093937,21.3590240071147,59.69890185918796
550.8067117909919,692.9781098945292,20.602676963150643,60.5358410045052
548.7242190612482,695.9111169800392,20.285246746521224,60.27231773543225
546.2480759076003,696.5213761404805,20.510118445815102,60.61425733367055
546.2464798276278,697.2506021565489,20.04404150890873,59.996470343934064
545.404914037078,700.7938398436465,20.12957692149038,58.81658543146978
544.7235781435447,696.2351866622902,20.187611514877066,58.77452614019083
540.3341428550762,694.9868303524233,20.76910107222198,59.181643203665274
539.8620734861479,701.6904534616963,20.529366991131546,58.21478089625223
539.0690224467081,696.8983605335756,20.58155462318049,57.43117748399999
537.216043406859,699.307715072472,20.361526412900687,57.44011609221192
534.7668657645243,695.3839903143034,20.667387209807615,57.25743903689364
535.1932583301005,709.7593104251275,20.071858377912395,57.55647761773565
530.5477312714025,704.6852545699599,20.792828877144384,56.613842448493486
529.779165978838,703.96880223308,20.16265756903917,56.6914382319104
527.9470848893866,704.4879963405466,19.321209281938437,56.44538379869651
526.4544745846013,706.2903712751175,19.165595559996802,55.850773633305245
525.0979367726044,705.7599549301536,19.075906768249617,54.77856994818719
523.7662317521543,705.2406297728426,18.240817177267985,54.43607705049085
522.1064439017807,706.4746924094013,17.718782446343994,53.54685342589472
521.3167079279755,706.1795718881506,17.37226881923227,53.15814396790798
518.1554432127554,709.6699795994297,16.968397397469147,52.394621330994404
516.888714561612,707.8830391744722,17.31508259167771,52.24614729199344
514.0631609256295,711.067153891264,17.52570820089258,51.61697301511743
512.5876759650608,715.5250390097235,17.769263494954608,51.03968849597188
511.55679115414966,716.8885426010518,18.06743395944368,50.93974530295458
506.3525976556521,723.5350259439859,18.798430857866908,50.25351480025287
504.59849758604565,719.4561025942801,19.355655102151925,50.0746581991884
503.9839868596684,716.0642359723792,19.646539381253813,49.971558728909535
502.7444592023582,710.4062046044742,19.350483497448884,50.31776138781504
500.6502178704216,722.3685450977034,19.160205823492486,50.45479838841728
498.7929729153506,715.4227674510748,19.136695579139204,51.153742941012695
496.03258905719565,712.8756016356689,19.19552157639392,50.991579572892846
493.55425935363604,719.5636761992128,19.093304945915495,51.09605845941583
490.3571655195757,716.0234351911084,18.64925771260799,52.38388262345167
490.26695831249384,723.834651569227,18.905501289965443,52.141583496059596
483.67086022053604,728.1092943932704,18.857246614811157,52.20749502967474
475.64569724924746,741.3184581890551,20.6823289889679,50.02347186620571
478.1395139660258,726.8604562058065,20.952847563467913,49.49694806170689
478.39106526239175,710.9005837043061,20.87869227045485,49.64644655897045
478.7141806548121,715.7978160170351,20.92309561704581,48.90387039939378
463.6906690093299,748.8583064185165,24.287297634206418,44.794474832026644
463.9696139379628,742.0921126465872,26.5511834517606,42.08595470681785
463.7297049434689,743.5501714892476,27.210273988112593,41.11585559811887
457.85835083237794,744.9130789428647,28.37646891988923,39.64784687279264
456.21474678927507,746.6801929336475,29.63368132623969,38.48813561676716
456.7943739994964,737.0902766205764,29.873919288800263,38.35830637767488
459.1801934316528,716.7917860830587,29.38753824080203,38.885859962475855
456.25509189124455,712.2178769050206,28.44693502813103,39.60500648169907
456.4825135247733,709.1113745448757,26.703676090678638,40.66854802526154
453.7702539900619,718.5221608253494,25.345776432226685,41.82721342512963
450.5291056146467,702.0505780694153,25.47159687614185,41.54663168357973
448.72043579321405,705.9312079782563,24.730038833002475,41.50577887502259
446.909563412636,707.5836639767864,24.153698762920882,42.026752889085984
447.1193219961723,705.8184063733444,23.37046728830157,42.20855708217627
444.2056177801348,711.3691775261602,22.09912274491269,43.46940148003562
441.35872244559357,703.1964559562891,21.736531234734862,43.802744400051346
439.6578323171656,700.6661416331516,21.524045811277695,43.64706874411091
437.898559928172,702.7607064773122,21.245128841141725,43.595833209384715
433.75432450996186,696.2949848848365,21.12635404157577,42.93104111906753
430.9520508819387,697.5522117713928,20.968159255080508,42.98214363372043
428.69463363245006,693.9123131287944,20.719432505278554,43.284750901217066
424.24377833542,705.6981815895358,20.6638591256448,43.13374838525176
420.3745192396919,694.4514022465535,20.19360847249649,43.0927688021734
419.95220965188156,699.3904605376418,20.264004856922224,42.821153799281255
415.4735226259046,690.5690476625867,20.47523366046306,41.789394206984404
412.5486646151061,690.462107179887,20.397211015525748,41.7373424634052
410.3645674781877,688.0279240093495,20.018291107843915,41.3724624780336
404.23277230083875,689.3116766985579,19.2551728596366,42.14131588524598
402.2843450386823,682.764851403318,18.82436253180709,42.852153022051745
399.88988612824465,682.5297563671209,19.011403140158038,42.009801132775834
397.3259340143772,678.559457486164,19.132309782596312,41.42011592044661
393.10667356716186,680.595753694504,19.04064593123842,41.143214993939814
390.99834689836246,677.3896168902426,18.99701818286913,41.21803762132251
384.14750205979857,656.7912389232239,19.17230538654725,40.81777435980324
380.16545736232933,659.5483513619149,19.131310743704983,40.80778427322314
381.3014553836611,669.6875113066615,19.39289929576799,39.810578961977114
378.0789363995186,672.4708825590415,19.92849388560448,38.4281316346769
377.1345647849471,675.5320846042486,20.261154866059773,37.77557999177248
368.59998113991907,662.0082193293405,19.981849560900944,37.57829062886895
376.08720488395176,675.15674159601,19.855539928365417,37.534395128122625
367.44412654406136,673.4516808967878,19.778262770255484,37.244879113542034
368.51415683708393,689.4223674325717,19.620923751364337,37.29762950083655
353.0479065145464,669.9537986323579,19.496127643509674,37.71528544232858
352.2676851007687,664.2005125859894,19.393185199039095,37.97940586728018
348.4297880157751,666.6353412192898,19.152423487526,38.225656746583816
347.77412969293516,664.3029082358287,19.274813436428577,37.712227101170726
345.14980784805647,650.9003090178746,19.26664932207821,37.931493759124784
350.70343693993084,651.7828321408385,19.28306457735543,37.904884212110666
341.9028659065197,659.3070503159078,19.39518152821087,37.49031894046339
339.00711977860186,651.6506872115259,19.693993234424973,36.98756014861677
338.45959972210466,651.6392723635363,20.561930382302876,36.1783098379964
331.3770088463307,649.524764786842,20.59683545385816,36.113402567068775
330.5512958281572,645.1459658986886,20.61637417350132,36.02846246343171
330.27595027663295,647.379999033984,20.96842174117425,35.35067152815288
330.83345941753714,642.0216406857111,20.82186556893158,35.65471332082897
324.6002647208645,634.9294957206964,20.659191356014666,36.060338661930096
330.40010936489944,642.4035955944433,20.707575264355896,36.024357008308215
324.39821396906706,628.6630569516124,20.12712514262954,37.00467516921439
320.9565938953862,633.2848260942275,19.796113771741712,37.17477118421617
322.231812835794,622.5081086596321,19.543482869151795,38.120517149598236
319.2050185519955,618.7760182651579,19.13532474409133,38.55263445435479
316.9976642123271,621.211554899529,18.817810389523224,38.873726083531295
314.29509901611317,615.2466239920564,18.66948256814482,39.38031004355719
311.4895761857709,610.7395448984392,18.538569610665355,39.5612391658499
308.1334219451436,613.9551394828735,18.52127670871071,39.76347380221819
308.81745600492485,605.5622968396082,18.454478239607496,40.23058799805059
307.10373491613325,609.3026973589098,19.016875346542538,39.904002295293274
305.9307727347986,605.3913265790057,19.781649892698763,38.923823513609655
304.0309345823155,604.503725729509,20.674891661684708,38.10171037800833
303.2068821338789,600.5144391990817,20.97406083525328,37.88185814589434
302.12272619503784,603.7520375537762,20.78344093307383,38.28925697559842
301.1033896568721,603.2447113710182,21.080512184644974,38.130013266819304
299.1673506072857,603.0863131150217,21.555043277210682,37.524624775055
298.2895229460234,603.4408718488671,21.50376507751084,37.58028806717544
295.6408884409951,603.3461682875084,21.276908034710868,37.92825320094792
296.72092106992187,605.0972753727867,21.041226655565364,38.112737705546714
296.1237030121684,602.8654839381727,20.707819295730452,38.32773725797185
292.61019104365346,600.7775783220568,20.693935372958045,38.33497034231561
294.85939559324845,602.8421719165993,20.681732805292732,38.055749440843385
292.3121826173867,598.8946450638625,20.962300247952495,37.64830432887318
291.2116500217878,601.6429061676743,21.094254091951875,37.1522527595248
290.54468343840443,602.1283564189221,21.19229782390419,36.60191890527403
290.0769337443667,601.7348812186622,21.19214185652605,36.91459347838603
289.0512194257449,600.27917753922,21.306068467211865,36.482300905172096
286.9402135542943,600.2443377799119,21.70343802871649,35.86171202645678
286.2335592814935,602.6408593615048,21.532498389160363,35.55928232381198
287.07997757416,602.0048451964453,21.158753719911623,35.47547819638847
285.31464246268007,601.914273995881,20.846743011780134,35.62101491359438
283.8815263625351,603.056893241543,20.801241107913555,35.84033808494422
285.3013748126735,605.4027947630397,20.359611920420633,36.0029723931777
282.8598408743321,603.2672916927276,20.446042262008174,36.03685313707344
282.2799264025914,603.7973907852349,20.804493968646472,35.842046683320895
280.3917673288622,603.002224973287,20.380665440994978,35.94575358950445
279.38842478488544,604.1537997009032,20.101678579561955,36.054734251688494
278.3194396989704,602.8795994229185,20.08916824258763,36.355426487040035
276.36428517084386,602.6260808630805,20.074597032651205,36.72181123328311
275.8290573337877,603.5794740370327,20.393333649203512,36.42329660340363
274.91598634937344,602.538136077368,20.520726552632972,36.51756085777035
272.41730520316463,604.8845144684465,20.050232914722216,36.81579948271799
270.36939852691035,603.6980289170624,20.471757755954492,36.44629006905224
269.2301865937558,604.2621406082784,20.40853232836414,36.08602324151002
268.1033176599963,602.6453550849782,20.901092060011155,35.73561897301645
267.32642766474885,602.8805393835222,20.99081806204936,35.805778554143444
265.7331035737935,603.4537027572791,21.90941605017334,35.0736280620942
264.9638432795683,607.0897145713825,21.91871903780137,34.795910521381245
263.5455640852526,607.5791120889418,21.711815388392658,35.30723398983341
263.60875047525803,597.6030178739946,21.736742427731965,35.593542216480564
263.63874056387715,604.5720082358182,21.654431968237805,35.77658276358536
264.44964535577583,607.4927940913744,21.653870987307517,35.335647725446606
268.82274575148415,607.2102966754325,21.228284056974843,35.561184896417025
274.3841808617418,605.7043019395785,21.050707262973205,36.14259923575487
282.49965856272536,602.0482753455907,21.331766250044247,36.12297546373901
298.4804370785017,600.8766097788805,21.16050577305689,35.98795357363051
314.1601955470944,599.7919144614453,20.82060782390859,36.00199447705536
338.8652581767122,594.7739296677292,20.94979683469262,35.109105307468546
366.63625487795235,591.8765393071392,21.573986903891928,33.79376048696163
399.33001864243477,591.5470753023753,21.645970178149774,33.67560980834464
419.7447943366534,614.1862392336368,21.58803667911688,33.74013549196436
429.54538753732203,606.1465965917891,20.435258404610597,35.14368244100379
431.11784901021554,606.9754826593636,19.596621793815018,36.3255525921557
438.33043489564403,610.7383305889991,18.483189944527897,37.93041093210324
447.520447950348,614.5155822973691,17.092064973425618,39.557869528608045
440.1420128756461,616.1359844893791,16.42725371871563,40.58935012917671
431.820558708179,628.6421897647652,15.662542577331504,42.05115603958598
445.9047016909338,645.444414283529,13.668670292852237,43.41048645152132
451.3999529199837,666.5052398674927,12.890510097020417,44.06332182534187
461.94415953521985,689.0911745662814,12.073461078584272,45.231673832793824
472.0302508647472,720.8351892834055,10.557791633640955,46.949569386338574
473.0353460700717,734.1103114054104,10,48.86196208996086
474.3523829372134,725.1123965417487,10,51.219537651634624
461.2193720729556,744.9224652495382,10,52.837357236788215
453.5975354106631,742.0445583913449,10,53.30703766383744
453.59531260002404,745.3746103098789,10,54.15625170167811
447.3733177231625,749.7309764802762,10,54.9556720326972
448.3415423678234,756.878913522396,10,56.3175070701618
451.25790560711175,760.7911428916726,10,57.693666121830724
450.40980465628115,766.1552224767319,10.246458869205735,57.31382028331625
459.1698024319485,780.1311684242567,10,60.45795385518575
474.99598289001733,802.2098898577714,10,63.27714978210153
481.36776566971093,814.0997210978478,10,64.89606785309606
475.5838496731594,822.5727483986648,10,68.20891103283425
486.30823302734643,833.4746756075547,10,73.44340767401434
508.90891242492944,845.423943189633,10,77.63932632150338
522.9148585842922,840.1602402402838,10,81.99642458394088
541.8935611294582,880.7531637412757,10,86.90942401750378
563.094708208926,902.8927702152434,10,91.49177952049595
587.6365039395168,935.2614397689905,10,95.58534251261129
591.9475982235745,969.4035584638016,10,100.2886997274813
611.2778899716213,983.3022413010591,10,105.66735944359122
626.26772857178,986.0609864361489,10,111.2394449409286
643.1012876080349,997.1027868119877,10,116.30305907877745
657.0380666302517,956.7562570298944,10,122.98800859657747
698.4598348187283,972.7149057804236,10,126.31041904229633
737.5343434857205,961.8760431239946,10,131.7031654885773
762.2668187664822,965.0275944828444,10,135.3313934517249
782.5690400647,972.7751270277937,10,139.51122078736324
790.6023948239163,959.807434354469,10,144.48811766965713
801.7282836483791,956.7030707064539,10,149.58643999742583
843.0891463803127,938.4718657133506,10,154.34334079784136
855.6134622143582,936.194252578261,10,159.67785881702108
861.3946239994839,926.6942048641814,10,163.84930663165485
871.6083967732266,927.8127988970198,10,166.71327575439355
881.6729786442593,928.8260584196471,10,170.33595333389496
888.2242205189541,932.9441045312377,10,174.98933216479082
876.8920357273892,924.8813911613073,10,178.64433043785462
888.0392162846401,930.2379676429009,10,182.25065455596626
886.542921547778,922.8876607027876,10,185.0300972478385
911.8336892174557,937.146779663354,10,188.63228168998694
919.1912732170895,932.5237496294947,10,192.24666508381648
930.2800393151119,932.9626204640583,10,196.34174608085732
941.2126364754513,932.8993396882482,10,199.66160501864684
956.8003621147946,915.2320469356617,10,204.8644308802653
964.1818203972653,926.41830741584,10,209.1039685594351
969.0112609909847,899.1699379110889,10,212.24723009090974
978.1009445236996,893.5341695329471,10,216.84457537227897
1026.9151802109554,901.1893183147469,10,221.29493988753688
1065.6520652817562,879.4877537340618,10,223.96155781843822
1092.8256855057552,902.5175763269445,10,227.27684778281926
1100.6449937867,886.9263062963944,10,230.9711428335436
1128.2388658570126,897.5652693137863,10,234.33329438970202
1151.602305416949,906.3308210788352,10,236.63880165367166
1157.0376310395077,862.8327038029073,10,241.41309711861345
1193.6076269196346,893.236507856951,10,245.0142872282994
1218.2198438690975,893.2994743593752,10,247.44700280972444
1218.5109747694805,883.7697641932517,10,250.2894507908971
1233.2148951338604,876.5096543118806,10,253.36124812169356
1259.4511145399883,895.5334621967561,10,256.01694427210856
1281.5543192671612,893.6550282729219,10,258.3181347296784
1283.10317945946,890.9445505743613,10,260.7102064311972
1272.2038760231808,878.91380757087,10,262.2468415928429
1301.1944975899532,909.4477688484017,10,264.30775280853146
1301.766221110709,876.0873557910493,10,267.3967544298281
1312.0571690248325,882.9274089290252,10,270.8297157808292
1328.4827862428501,866.8191239742947,10,273.41935354612525
1349.7530842470005,856.6088528871436,10,275.0720696401052
1374.1884117769077,876.3892329329975,10,276.7386311731531
1375.3837588476017,863.5213523908673,10,278.69615396090495
1400.409578626044,861.211456276282,10,280.73062905521834
1404.24654204119,868.634863326605,10,282.89318957310263
1411.6463108705357,881.3968829153653,10,285.6510736896495
1384.5732994722202,819.3234794919317,10,289.1670364203054
1402.9335766481236,861.8956370782396,10,289.90195556165474
1386.2963715242222,872.3202611962259,10,291.08634341882157
1385.2298380779102,836.3726379735979,10,292.8851619465971
1376.255737011321,860.8689992648013,10,293.3477883326961
1369.1105572627857,878.5827414557366,10,294.28956664613804
1373.0320991920307,861.8093536372676,10,295.2956852396192
1376.6215524123982,861.5547586031294,10,296.8101019199868
1358.3304929183796,858.1455614407699,10,298.25235612706024
1360.1563327955082,847.7443777302024,10,299.97343044211635
1364.8415330098942,842.6407534539546,10,300.9143473219433
1366.2101274179295,853.2660899983368,10,301.7073429801271
1350.1894212411717,835.1788377754781,10,303.5809555496239
1352.446434800513,848.0469072015238,10,304.6960663923567
1368.3923509763554,874.6408960254654,10,306.10757986385823
1360.9004257367924,823.2448823458157,10,308.7271523891734
1394.1231125043705,832.5678370071766,10,309.8965106293177
1406.0574272321537,848.293107974277,10,310.6615372375975
1395.742435281165,835.3943072595315,10,311.8420274610337
1418.4445074247196,858.6265763771684,10,312.57169546355294
1409.6814678357914,833.9623183430186,10,313.6889001915203
1395.2421377347782,847.4714805936317,10,314.8829665899525
1389.5308426069096,835.4966564952583,10,317.02130115754886
1396.1352112935856,858.3807832380372,10,318.2639844090516
1400.0084517644718,811.8334585405623,10,322.1788242336889
1396.6677306341007,818.4467235023606,10,324.17712207651095
1399.4268465684727,839.0283584172234,10,325.20499528267374
1400.4164919899777,822.9000806924637,10,326.8242178159336
1409.1115241097286,819.626188108318,10,328.47737350577006
1415.2738070534542,814.7699059749053,10,329.8455345056888
1410.2116937683895,810.8329596070796,10,331.3799930944591
1416.147305493243,821.4214740884656,10,332.63870746359623
1403.4324331330135,810.4925121042876,10,333.62421016730394
1391.9171810196713,849.4735280232928,10,334.02258329755523
1389.4092462109402,806.9497448253796,10,336.2349522446511
1367.1292398022488,832.7014165802891,10,336.62346969674616
1355.7420623349026,824.89679796265,10,338.24462499995667
1356.7111489819363,827.1605733572308,10,340.7054699017131
1369.8059041546658,816.4925232010805,10,344.16557076333
1364.2744462536648,811.5949368229224,10,345.4751029938285
1368.6220042752102,837.5078925266503,10,346.66691085517147
1368.219676588662,786.7634054976219,10,348.87067525746653
1399.8081565843895,815.6621253832901,10,349.5292062502901
1410.2079683290794,785.3737971750256,10,351.15246300861605
1388.0046545015648,807.7928698461889,10,351.6166133511039
1381.9530807482079,790.4246467165947,10,353.5250757540911
1383.2691281782463,783.106247950883,10,354.7813372061079
1377.7358411299065,792.2826400638,10,356.3914569567142
1378.7026111828163,781.3738260344907,10,357.9662680902841
1436.825062965043,760.7888038454898,10,361.02137182497506
1474.0448238598183,767.8091818271184,10,362.0119841173332
1453.8068859325722,750.9627648893975,10,365.731377822487
1436.1763527141884,722.2609732615003,10,369.2731065250586
1405.0091430889443,752.2880491689867,10,375.4124285260038
1413.4753505932167,623.031201370278,10,380.68321946033535
1535.6126110302284,600.7050642313654,10,382.33286922644186
1561.9494735943154,544.8866470050949,10,387.3638153122835
1606.0980102764443,480.92133343000864,10,390.1844952578663
1654.7679819483637,357.32795656744224,12.587096756258655,386.43915059432726
1620.854098678434,327.77148092990217,16.315581985082915,380.29444195729803
1612.5672188631604,312.07304290662853,20.02522303958042,373.94250055999754
1619.8410540186808,361.38271627763083,28.46361382473104,359.6290238741453
1593.8350715767276,342.20874052857596,34.24087564467271,349.95460980218667
1585.2852696966531,341.402789971931,40.90734341849348,339.32529330225645
1581.5897663070705,336.8605533024187,45.64872608839043,331.5126547485809
1581.6783951951534,335.68485746644524,49.32625709243701,325.3447173494829
1588.6719850812528,368.1079843324395,54.35066637053093,316.23092745416426
1586.9169263740139,368.54684911797005,59.67241868319478,308.19471676203983
1588.5736567842284,382.2216640644021,65.58997688284647,296.9993303384141
1580.7751927786567,382.57914136682757,69.7990236149982,289.16749436301876
1582.7870156005501,386.2917078347608,74.43390534547855,280.62857627948534
1583.3615922565195,395.0458826046613,77.69703736145142,273.50671470049974
1585.5137172753616,394.1465733209619,79.77161727982168,267.7764045111846
1587.5294888700314,392.6344215726309,81.63121693563619,263.32810611728274
1579.7087725306503,399.78525121491464,82.229059068744,258.5487017765629
1591.0474410889808,405.5229674643854,83.62763252032006,254.34968557934866
1578.687029275998,388.26731516315,84.11237216191108,252.6675468834797
1586.5243772558508,396.17593623949034,85.32986332073534,249.7091876348517
1578.0967815358333,400.0062556617901,85.15167997439356,247.4658561671137
1582.3361196444578,405.6483374402108,85.65641363873637,245.97507620859997
1585.079116774209,397.05791045852254,85.96717946147885,244.01844657517472
1586.420628162253,402.00543504605434,86.1707433514978,241.8945494196118
1578.2225152064163,403.89619543795743,86.00976978502187,240.31280337793208
1588.837003106744,430.5051032886186,86.7860906915196,236.86597995566254
1595.4076413953073,412.1674999635496,86.29435787660033,234.96516731869121
1579.3841471560895,408.26707325345774,85.34162101323889,233.55868717411656
1588.398398884168,419.7906430204886,85.82951312592982,231.8435579092199
1587.30829054101,423.64215253333873,85.19404525528495,229.77911109955352
1582.02768797494,408.70685493863493,84.46487372421686,229.13225786366817
1599.5480567804073,423.94194857874163,84.12689108764722,227.19364483272238
1595.7197245479772,425.394530590219,83.62424330427741,223.7386488233403
1593.5235369835798,431.07212570815943,83.77312535293315,218.683255645565
1587.8196488290873,424.5352244649566,82.6155272875284,217.88499163416782
1588.055205533434,418.6577658249278,81.90809944800246,217.68178379978448
1593.900702792569,438.69069873335036,81.47918893699543,216.29845887649418
1591.837730917758,444.55409136950436,81.39977227401982,213.37911436193755
1596.5980089576346,446.853686305197,80.68768501293094,212.47969351063279
1592.919107306795,439.8131764500078,80.34385962961291,212.40419333117973
1594.305819465475,446.44998521862743,80.24574210928027,210.52539600725834
1590.7343077805579,446.2454294341501,79.42116274931729,210.68284234164736
1595.699333853593,449.93018715567723,78.93388442221664,209.9406896267119
1591.6545143694789,460.50150118801594,79.11052280679634,206.7719652180403
1590.5793262695108,471.8851072914725,79.40411525905921,205.1954764303167
1586.4738752849692,466.58711926233474,79.57168322087934,203.47661026447108
1587.298066640759,462.32378022462217,79.35521948799096,202.84316642217163
1593.238940195998,475.7164153666375,79.15673806354788,202.95279932112444
1595.3571457873986,478.9353295357974,78.7951745312746,203.28297015501525
1584.5127922154593,470.6142532852755,78.47512313023158,203.2369188444136
1590.7481199545946,467.02150029964184,77.7509648061969,205.06773092606295
1581.7641738952673,438.5282712016259,76.02249919780058,206.23684445656747
1595.1938745551695,427.9000121508821,75.65589000751287,206.48019803779144
1597.4473404655398,435.5345669971518,75.4160084530382,206.4358865477667
1593.2199328412617,446.60913055342985,75.00467189190219,206.54583269265686
1583.2539093388286,457.2754805532966,74.76010604276438,206.88000471745954
1585.9431176708692,454.3630766567504,74.56369621462034,207.2283043699879
1593.251180328832,456.0262613905908,74.23572263972258,207.70921067440185
1588.9246897636601,439.46044625362424,73.96085400047431,208.08423389267085
1583.371015153031,434.8037872005977,73.41018415587536,209.031961903204
1583.8883152842536,441.08284277416,72.43823528177755,210.09584572830838
1579.1108309707936,427.9215143609967,72.20986536194468,210.39773534272092
1567.1373457156815,407.63006903278756,72.15067513608469,210.81544579284034
1589.996153917141,410.72850334496167,71.9979009572866,210.95690076163183
1589.0379653717007,395.8325705222337,71.85205890525357,211.25547264488068
1589.7325800720632,392.0189243679756,71.78951254896214,211.57613863351162
1593.8009993468686,401.02979807379654,71.81835583834062,211.28404744135216
1593.7527184596483,373.65032157883076,71.67000196348648,211.76771661780722
1595.2234918030285,384.1706665392892,71.65816614174666,211.77243494579167
1591.4012732466235,424.4041192620212,71.66747809433923,211.72858705648005
1593.0202386884307,403.15500334613955,71.19311108210859,213.17500004058704
1591.3617843276543,391.32495269549736,71.1641617065854,213.280759071974
1557.9658692188889,408.66311257966504,71.16454905302244,213.2789960358164
1553.3661339055127,387.03038227440254,71.12405900930354,213.38176362265966
1553.886271055339,399.96486292787216,71.00181479283053,213.81793041325466
1561.5583200481947,386.53882927356125,70.71853643297331,214.9185157119888
1581.6895952215152,391.0610938587193,70.87262732168377,214.70789939109898
1567.7867677156012,420.8667612392466,70.79589135755971,215.08995375968303
1589.5883489507562,443.89122609449646,70.59553803031613,214.79865344371456
1577.0177970677933,457.56596902266176,69.80942812741867,216.24564585886827
1579.499687771059,429.04775622561965,69.6355775413525,216.96507392487638
1585.8040362442266,436.5940779675367,69.53496584587184,217.55485403265607
1556.9254934212322,401.42346196409414,69.06941431534675,218.77344352245137
1557.4765141786365,379.7870431146497,68.83490529222216,219.4228071002465
1548.4712735483085,362.62293999888414,66.42375760085167,224.44683700121118
1565.455567922289,392.200089550978,66.36454308995137,224.58012410918158
1561.442204264023,409.3404088910438,66.21849132323112,224.93759654355202
1566.260449639159,415.12775506540146,65.44739039687295,226.3557363786746
1571.4944999270251,431.363260191056,64.89472751950527,227.6328988873753
1570.13356475001,420.89988352697026,64.54948328193694,228.57253063351544
1585.9094294314098,456.9759814218223,65.18126374579751,226.98835852545193
1594.0582565824916,469.6879046344262,66.00713315579173,226.2434748077638
1593.60967619332,463.48641440870085,66.52893374326702,225.23592612255678
1602.247196280455,485.16670791476423,67.51076765346936,223.21461065584015
1596.4682939445659,497.33039012406334,69.02188043071665,219.87667761846757
1597.0437913597218,474.78106144391114,69.30787478859881,218.48056874342035
1590.6085018583456,476.18127798601677,69.47765098831178,216.3741550960454
1587.0232105433076,482.6832695193183,70.58763381446286,212.66411257357066
1592.1149692283857,483.07025505699295,71.03888111563276,210.6293828598394
1590.116190207823,460.6943263127351,71.43522951625542,210.68888805343332
1580.8774160111284,477.63923607041477,71.51310254038174,210.09618767869887
1587.6910721008437,473.935206524056,71.62898112633195,209.92813211687545
1590.207194946701,461.2823008136417,71.5680999327554,209.05722196482807
1590.8227201770846,468.41673506846814,71.4755864020726,208.5602240682733
1592.0216699750647,468.3914695373969,71.49475099602337,207.7162857500371
1591.5735159538106,470.9029402605415,71.49720233429683,206.81314487137485
1597.9166361657594,467.68162828500226,71.27579803100451,206.01021199109346
1594.7775261020652,458.8794293364467,71.25375189252387,206.36823957265273
1599.1532084256787,475.7244436101313,71.28699894726182,205.7433469810942
1606.334863279041,473.47401086771197,71.41692101391406,204.8306897455959
1601.8970101772506,469.5235975464963,71.61762798043401,205.1572170525475
1603.3164936244775,477.88421080143917,71.72399695100115,205.01434633184635
1607.5384895665954,477.9566471573263,71.67848738945797,205.10424640657013
1605.2799623921596,485.2480896838268,71.79229342824058,204.77181530254379
1607.6133073664832,481.9399731706473,72.03657798215679,204.35810581639058
1604.8785212569328,480.12053152560713,71.85268969863296,204.74465546541867
1606.9350516845063,491.78359903579064,71.83236699503647,204.91446732920687
1605.5104379829863,488.03674456406486,72.07858875041693,204.21377262428206
1608.5141022548823,476.2363670813,72.17817425005167,204.0556069202561
1608.1310291307052,480.56051753205224,72.12529057115233,204.51795417396394
1617.6486190745425,505.8602841173349,72.10971822742286,204.2525503368947
1616.9043462415632,503.0297516775379,72.3421358206429,203.80672167706007
1612.7816252678876,506.35844225533106,72.38745112004463,203.6668995729874
1616.2811544212916,512.0781529085468,72.37889803174262,203.6510584362335
1596.5325753785887,502.9864086159637,72.35317556294922,203.87738988639012
1611.1500179200334,513.4613679787715,72.35411887971786,203.85208129871395
1609.7815704271802,494.4073925377504,72.25181575293666,204.23328276059016
1607.7468105271262,503.0573200316282,71.9431025971122,205.67327114136478
1618.669649956523,523.7252007194957,72.0237657488163,205.0341726684619
1634.914251879264,520.2829740143168,72.12072447047328,205.25617147371707
1608.6166046060569,496.76366291541694,72.21636615433871,204.85618740930977
1608.7363169285786,524.1365533428484,72.0602418241389,205.48462072681002
1642.7325625675455,538.4933577317761,72.03724822686898,205.79786551035625
1658.9018580355764,542.5737341244668,72.2252342866568,205.14452229757597
1656.8375718541595,541.2297110840232,71.89956251268019,206.1860346508175
1662.5529364951376,548.7899227425102,72.07302882551153,205.55229804038635
1638.9350465056182,523.1538598671535,71.36528921226558,206.88133144490826
1618.8615763241157,524.4825308931244,70.80475582038764,208.6327942864603
1623.0043227863493,559.6101011107188,70.73807202372788,208.8167102477558
1645.2083902281297,560.1134977921213,70.18382660549926,210.14223423724567
1650.7323305733219,563.0972458356457,70.04773962391614,210.50014899309227
1652.7606570142711,562.2174858745949,69.88959099921999,210.8386441158471
1658.0500332499512,572.3772103464723,69.6835773660555,211.30853042294677
1651.7843235594246,586.7483176416013,69.7070068636859,211.21951216752765
1644.2343935079316,573.4259812477709,69.35474427837836,211.96166572911417
1645.3075721654589,594.1316861339895,69.57694203229369,211.4789287472042
1654.2001387800703,604.955906726945,69.00975580929628,212.55252583033615
1643.2822940648557,585.994217210802,68.42562826890037,213.92708436701682
1670.7872963507975,628.1666719889861,67.92251304027829,214.99864056992604
1664.001142019081,615.4119713575249,68.04988113669458,214.72586486141296
1661.8405809380574,628.9526615642551,68.30146375177526,214.3125790829622
1665.3687260633005,637.4240941104879,69.03110890320573,213.16949102144133
1654.3405707900458,621.7210834400844,69.55572122278653,212.3087276942797
1663.302115437142,639.6088561888212,70.01652017322301,211.48366742629824
1674.5607550305022,645.0004415194566,70.77108585039423,209.8994809111458
1665.4368913431795,648.8119203775318,70.67544278741755,210.08975227901013
1673.3576507603523,670.1454522232884,70.71633304883589,210.01569472153014
1684.2459827781363,675.5323846485829,71.02074468160285,209.78326320529158
