1763.5,354.5,137,335
1737.6917352573532,385.3713506533555,145.92825128705152,310.13208507024217
1723.7355255119387,394.2378834187552,155.43887443693794,287.9882867933185
1706.6689865216358,398.0310270619375,158.97505910699672,274.7512951231038
1688.2396812011982,415.59826583257404,155.01404007868288,261.95242511051725
1680.206133381319,427.3615427282188,148.57690521917363,248.09739059870762
1676.1975904081219,434.64113390418765,141.49946487467403,234.81857967430602
1669.6211316954284,435.44755585020346,135.4825004793825,223.45330295909315
1668.1040353795863,447.71961027728617,130.15143298685993,214.54230415131448
1668.1363128399132,447.95334474101446,125.2570598174577,208.9952768513604
1662.0512796173334,456.33512920499743,122.1994174460888,201.8564189600766
1669.2356923253133,458.7274824215568,118.75498759134734,198.79262999026048
1662.550444777067,456.286087973319,116.63976968277412,196.82848742921647
1669.1666871985096,463.28406260896134,112.34198771311885,193.48639252804895
1667.7268642758559,470.85347274949845,108.0728460599523,188.20936004299529
1664.4628990500808,480.0920028830265,104.18163664944181,181.87685582147142
1672.571778305849,478.37320042089965,99.97367809518084,177.92804335680913
1675.440208463648,481.382523322614,97.29166263584459,173.5600038279852
1679.078278151458,482.0477866122932,93.37249595462174,169.29151519342054
1682.0950714725905,481.66355839538596,91.3509427748813,165.6010821428294
1689.654411214457,490.93237009008897,89.71550151136313,160.6944335230158
1683.6382064972927,502.7753510881467,89.16491648463204,154.7072420499716
1691.9131695789392,500.6577760042335,87.53158482664924,152.26617704598408
1700.155353520936,499.1937062641245,84.24808650289756,150.83906044557455
1692.4158974641211,505.2958998932978,82.79238443500839,148.58772475430555
1685.4471470553779,510.34403990412625,81.26964107372288,145.65573611448468
1691.8098182238564,514.4653564006668,79.8971000597031,143.84798957693934
1692.3993861527547,512.6767417000906,78.75360231075578,142.0287365104405
1681.493724231331,512.3277340620702,76.82711792606416,141.91287789941896
1689.1930909183382,521.2511060647671,75.39622665410083,140.99515000730665
1670.2534932069716,503.885333407129,73.86188600505628,139.07723929841285
1672.1428679803503,516.4626087484407,73.05827750673032,136.2497378711604
1668.2027700628673,518.6149947997279,72.08230078005067,133.9450186975108
1658.9299528293948,517.9176800933732,70.6935728354971,131.7891844337675
1660.617564167148,511.46299316600084,68.73458775268773,130.0729403075552
1662.5585061605386,508.7142864987991,67.43231745151445,129.75046266600663
1659.2294810673059,517.2177600063724,65.76385625492318,127.87990156852347
1656.5494860623326,515.9797871556436,64.40012952902998,125.44774094292413
1663.5968735022807,522.542423700193,63.80504947335261,123.18904309491434
1678.5567264432723,527.1977870407211,63.881443063415084,120.52270079801346
1678.6035634309155,527.4006719988516,63.153743275979856,118.7172719633715
1663.9163937230317,527.4466727367529,62.58481868417881,116.48834693600958
1678.242364860961,528.905904252523,62.884713947993234,113.58485525385773
1674.8665712769114,537.5705052550929,62.3945399085119,110.23300253002901
1667.4810047924611,527.7781742869704,61.0029302626663,108.09040769137158
1659.7345567081072,526.5201894551587,58.9921833954856,107.39342402590854
1665.4433349916785,538.2590495584232,56.339405919224404,106.97294525919904
1660.5229724710907,533.6151249020716,53.97799682801463,104.92743962195124
1653.3309101078225,538.2749308531548,51.59327122801285,103.33433395299994
1649.4076484374375,538.3987512733527,49.96483138061144,101.02464610790446
1645.2252979357734,539.0884375102221,48.0696189394206,98.50675673124225
1637.5661684793677,539.5479563389441,46.69950237920955,95.33473073532755
1629.6550987778635,535.6586746489918,46.07026772826293,90.73702191369412
1622.6909051850198,536.7348241006104,44.44193131928476,86.96537376920043
1615.5328592049764,545.294257571665,44.09933759516772,84.11258959076311
1609.8172609349995,558.7660506370315,44.185149537343136,83.63349435053291
1593.936485153768,543.258578236513,44.774492313795335,81.68601773433345
1588.3126294478711,558.6082199755638,44.9727385461454,81.35894952722808
1578.620124179803,554.3163996114865,45.67033682031898,79.57168342554866
1568.7625138263675,542.9999920798579,45.5698436447437,78.87889118900134
1555.3241615638913,548.3980168089079,46.05441445692778,77.84376511652135
1544.9356278579294,549.7362767349856,46.14138787471057,76.87477778942835
1533.7703639953966,531.4016738132468,45.45350587077234,76.01681154428296
1521.06687900648,525.3494476899501,45.01735908835203,75.0797970779246
1509.3283349120597,515.339677870099,43.72970156491201,75.19406328012695
1493.8907515499482,520.3144530066818,43.61793171992142,74.8248514850497
1492.4898993663764,511.54045028981926,42.969237165097915,74.69648439069863
1480.4783160341635,516.0357173635191,42.69214900774646,74.47742794257863
1470.7382282753808,513.1870564551155,42.637751923993555,74.05856218690684
1462.3355686324485,511.3743993683742,42.19169219679676,73.64625581595566
1445.4539042202316,505.18846485632156,41.927803156240145,73.23584964017084
1443.3666760228675,505.3215882856149,41.738341723362446,72.99583142367537
1432.687274124131,507.2402866812313,41.7060913673929,72.77961206736376
1420.144617306651,503.4157682194307,41.11072949576087,72.71572451052683
1412.9873462536896,491.43728630110326,40.97845420361281,72.54690251954494
1407.7155090023602,492.6221592069782,40.92376864462595,72.49213006213456
1398.5784919802927,493.6368137319947,40.493086960000944,72.79482102926768
1379.25479164589,497.6980328279131,40.40401073061322,72.72558069814878
1376.0644299779894,499.9178949916189,40.07211666910595,72.59707320194441
1370.2783804263813,489.62652378413867,39.98237437980532,72.48519548445859
1358.716827971684,487.4018407601093,40.01243310084492,72.24303559639063
1339.500188858458,485.61312625124083,39.99561519692618,72.14693379709568
1344.343126925941,498.3293816610787,39.977015444406526,72.20290449902643
1325.7151623466998,493.63111542824447,39.9778100203694,72.20642873257813
1316.4576326031176,499.02603448306496,39.97659982369573,72.16576950935075
1303.3137535983697,506.8823996624371,39.88230064325055,72.51895902670516
1279.14605199128,494.44654938903574,39.83173278809374,72.43738389296588
1284.0216984790925,501.4476739155936,39.58822084121628,72.55960936530175
1277.6162216592256,514.1911263337662,39.78384569219257,72.51589033523099
1276.6926718813743,548.1358006728182,39.84153501439774,71.96241049257624
1264.5267755742746,542.1148326451176,39.85623854778671,71.9465758189123
1251.049787911707,544.2942988588993,39.79998094750676,71.87507129357064
1246.1058281945213,544.4060582690984,39.17967684824785,71.86845849917844
1230.6725360087933,549.6242567086225,38.954491047584504,71.55765194453191
1219.0593503440982,547.3206299671496,38.515878627585,71.12174641945174
1221.3979077464346,547.4267169728474,37.65805779874255,70.67945624933209
1206.5498859435604,543.266996645377,37.534174188914676,70.7422316744755
1204.2660363741588,541.6751021972364,37.350472380147174,70.84849543190198
1202.0489271119027,541.8246942819248,37.44422583584239,70.79799243525352
1184.4521060119062,548.457348650707,37.33236419062037,71.00217470263314
1181.0023722013752,546.0041276402548,37.31090381027821,71.05387896490114
1171.3978494257726,547.8093853241343,36.99559442679137,71.70201485370332
1160.83240856163,545.1678992670676,36.713792668137955,71.90441579321512
1165.535691577917,552.8104495749125,36.83653972302748,71.45250895651712
1158.247247052786,551.9376347481025,36.95521210611422,70.975916758788
1134.2357872273762,544.1909723305312,36.41903828159176,71.53999469146498
1127.5446150448001,560.3348059387631,36.415129289810295,71.5381436676279
1128.4008090033074,552.15471455857,36.536857235642465,71.19514420755505
1119.82693470512,546.2844239950774,36.36836361399946,71.66419613684762
1113.2665679546722,555.6923117633601,36.371338363979596,71.67936466156155
1113.8497733331888,557.1987847921478,36.74674062288422,70.90355520638778
1104.1120535868902,562.0778344011653,36.72688745190718,70.91692033619208
1105.2307660819679,563.9778906698286,37.19662078885455,70.44066725206673
1110.279329116623,572.3257052902705,37.51949193481487,70.13235566865374
1103.8413058814992,566.4893491651511,37.58825309622488,70.26926412403178
1097.5620798483012,574.2092920551484,37.66057444820435,69.80883906028477
1111.5568086685018,573.6015134608207,37.62322709833072,69.83825940716612
1110.8172276215562,572.4368618391429,37.72923431360547,69.99409835227328
1104.1898521759053,581.4549779083738,37.566134710522306,70.3884215574393
1096.6609558802138,573.4222223959084,37.573553270838445,71.05438786648904
1099.6421154881027,579.6998740768116,37.568702564734764,71.07318976743895
1103.5998730694355,586.9177735577341,37.37886441546664,71.582947446219
1104.6663061032966,580.1716019082004,37.35687157009555,72.02473646977359
1104.851042644277,584.7013846059773,37.35662264904422,72.02577803070184
1105.7088572913228,585.9789831137698,37.297712085879176,72.69398375368797
1103.5437396006944,593.9961117230608,37.28519834833111,72.98292676093601
1107.3104787673035,600.8867462523691,37.89898735672656,71.8086380261108
1116.1012400248153,601.8396727780672,38.11097909341206,71.76080325379026
1105.1837900472353,611.595375252021,38.28472334788847,71.2970972804921
1112.875573786809,607.3427523404183,38.507407585355075,70.87734577398562
1110.6052171502884,611.6994323083333,38.41120851250964,70.92204820082665
1109.210110514274,611.7327710712638,38.251479910988,70.78598265790725
1108.5328911838092,625.7001395478057,38.22229604479543,70.74079496019435
1103.9077688422071,628.6328137141913,38.28310381546271,70.68249351768195
1112.211925331706,627.811912422867,38.3115896951074,70.73464725751906
1112.9496662624192,633.8283745209244,38.286969764528436,70.84049030383574
1114.408158773658,638.1880270629957,38.45618474090622,71.09001246731287
1108.97919571149,649.7969641524282,38.50482188666544,71.04466178698291
1110.2714090025813,637.1393607094327,38.551908661645456,71.10324254382365
1109.0309689241033,651.5680733941307,38.65047795129198,70.51994704198133
1112.395801743204,657.516482270228,38.65062207413804,70.52016679589019
1106.6503714574174,654.5201909926664,38.67158632918307,70.6294876704106
1112.8369623892263,653.3531535122984,38.673242340931196,70.82237639381128
1108.162401457647,665.2438177878855,38.74107891813971,70.7995183779153
1111.791609246465,673.7655063897084,38.71717042439695,70.56228398127635
1108.2515826836998,687.8787992350422,38.648616772736375,70.56857983662941
1110.862273852061,700.3749480245913,39.01394250486128,69.99105429122251
1112.6347658557968,688.769437214556,39.020633101805764,69.70769114566812
1112.0260908268756,702.9540751339648,39.28083866082329,69.35267655257799
1105.7187126782421,704.7672068617553,39.36716497304356,69.28182944259329
1113.8953517511904,705.4398375629952,39.212136644041266,69.48696269438766
1099.61630261409,716.2293392593494,39.54840073550298,69.5463851287055
1109.8716038269308,721.1950267327297,39.42070236255597,69.52314273504535
1107.1267791038215,739.9416689298808,39.23864274810553,69.57126687956165
1109.6190390605634,742.4797749379163,39.52269850295669,68.39499487737608
1116.4087735923117,751.0172093825607,39.472182991706255,68.48477022942026
1106.2869953043512,767.7595139519856,39.47086079870644,68.55395595141044
1107.415166069083,773.0398806066568,39.56030274130408,68.43276827347673
1111.701000275113,776.3149980642564,39.578576307698334,68.25469903820914
1114.0687617234005,809.5160843977058,39.597648690817046,68.2235667155486
1094.8151981415256,830.7915628379851,39.83687729499649,68.37968686135724
1090.9123367690706,814.7749608108533,40.00843046135415,67.77605009530846
1104.4206856761693,817.1279742234243,40.136279155945864,67.95363828710363
1103.308302871105,821.8621803709668,40.17571008360961,67.60417206745802
1093.7725288289664,821.2112370948823,39.35077379288728,68.24749888003723
1099.8953455980907,840.04653275511,39.28813414349343,68.33699743384952
1103.0451291616914,863.618968882689,39.43236794250072,68.24152169358403
1096.0322802074277,864.1123951677075,39.42747674732924,67.61325871314281
1092.924363175563,867.5444784931362,39.320604111687494,67.80343910055456
1092.1770046846468,866.9549596041325,39.061062937697145,68.07272313872824
1088.554362864137,859.8371533247775,38.62926022541478,67.94935456493059
1085.3483511041245,878.0700068327984,38.652004379899886,67.88378258917204
1073.7896280968437,871.6750569291307,38.36109849626829,68.04483050594351
1082.4984901686041,863.4078295601678,39.090655999476155,66.92614803683814
1083.763912495324,861.24627212025,39.30878280828618,67.19632111751004
1079.6463749851437,866.06604609806,39.25790049222099,66.36441705227067
1069.0470886351475,864.6194747819699,39.379811128614556,65.13053408020292
1076.9969585024833,866.4539113911244,39.53258070180432,64.84802460662962
1069.9892955360767,872.391525455416,39.62421774606779,64.74899009682105
1069.6516810769729,861.1156347283868,39.51124688190369,64.7329309747075
1048.681788515459,855.7424668782743,39.055882773974616,64.48024514478104
1053.462640311906,870.3195874671475,38.86712019823155,64.8069247586606
1049.872640543813,866.8647795800067,38.29060137046449,64.36131258570701
1047.4941283953526,872.2308794028015,38.692590839199696,63.714186411186716
1049.4457286202087,859.9668402242787,38.90487367348379,62.08473493729983
1042.2126904516406,863.4836936870345,38.71174743493672,62.226582764138115
1044.1802281002465,864.8635434225621,38.71029449795402,62.09209882347836
1036.8930894644557,869.7123673110707,38.5082789686324,61.23445501374636
1047.5079261978976,863.7690193464135,38.45734314212938,61.33663556220132
1034.0428389718709,874.4776912007478,38.12313237079435,61.65872132740959
1027.0868656432424,878.2447869654408,36.99255945865426,60.66943021535175
1029.9250636480267,876.7110548161975,37.47098818281966,60.144596244566344
1029.1913276931123,878.4090088278854,37.737806539639685,59.049954414580384
1029.6658927418666,876.1255413259909,37.519420386775835,58.86496299625029
1029.0221396206257,885.0583376996367,37.40230979652463,58.18182531182487
1021.8808208357808,877.4950098053848,36.36858307788425,59.34653079820454
1021.3681007269189,863.7411854177238,36.215896006789706,59.24445743607534
1013.6357668026907,879.1567993660954,36.1842116595064,59.39020021193983
1018.5673312077283,889.4811082542057,35.87525345795168,59.82678369914703
1012.2082728434026,887.1783623118762,35.63904355696452,58.833293249668955
1013.8058160049613,895.4123358027167,35.47596445125409,58.41328175382764
1011.3223337677889,902.2878413133009,35.50175584896933,58.157962985772095
1001.6476200321754,905.476665478499,35.069206620367375,57.65688678748677
1002.7146091284833,905.0888983766633,35.20190032373233,57.570370159839854
999.5310580360582,902.1880601095012,34.54879081195776,56.9365746825981
999.2527914324595,905.9014919056476,34.54148631211241,56.98697501776496
994.8015904213282,914.0536209909809,34.38048425112316,57.16252946916866
995.0547222032812,919.6158818385347,35.00711305744103,55.82801155061145
995.1897823775071,920.935251555715,34.694536521681506,55.77299494606956
993.2719192224652,918.3678584560264,35.64789760501992,54.45782091366571
987.5168630699847,932.4158998843186,35.48502006470497,54.73204407209593
984.5253681372334,935.8914352694604,35.25834463174554,54.801637040063106
979.4194686243111,936.6735789839236,34.62074218359119,55.837776285026045
983.1761878936591,952.9206146700054,34.99351265597311,55.676148150166945
976.5527309177946,952.017139000335,34.73240429935223,55.27126267462744
980.465815145033,969.7284853032033,34.89794269302013,55.42435665946693
971.5753646982022,964.9127220225491,34.67409047388878,55.489098362071665
968.7126819665524,974.0335269266898,34.504411133568965,55.73248153474752
961.8187328652259,981.1759897499046,34.890674166239094,53.671801913403264
968.0992218774151,991.9886405014524,34.957411252639446,53.70012780593752
962.3390599623842,984.9470212471211,35.0091710491929,53.562199703882165
955.2809422006578,990.9951152385717,34.62952644569254,53.91766329416245
951.5364372831896,1001.4649868465207,33.772349642750555,54.9605841865408
957.1075190177606,1012.4108217730688,33.467060181787346,55.40782729731157
959.8855456734545,1017.6535093349571,33.23038667691798,55.67918034583721
947.013657850936,1026.225927388381,32.92521594133981,56.14021925424831
948.0602187160805,1016.5679057818946,33.513705272147135,55.01635157854907
954.7937164897845,1016.1447203334748,33.494028755500715,53.97995944724409
956.0849551311388,1007.3923637908305,33.48900484765484,53.429153428528785
944.7096568656312,1020.0221260768733,33.605800872078085,52.89789271142346
941.4493173028218,1022.7182762028157,33.406923189225395,53.115057581761604
947.9677657981911,1021.8472253730744,33.4082151328131,53.06674240450565
945.8110562204184,1006.2572769786877,33.154728313016356,53.397304476482056
952.1102154143596,1006.8119025236202,33.06858262410889,53.33094429295099
951.6184598025212,1021.4282180989558,33.298079653773875,53.11388473651826
949.0217890345997,1017.3126409427643,33.49215694935195,53.136581102123664
951.9241164883075,1021.0265328871147,32.9734779750114,53.65737652479381
943.9518321383802,1015.9933528763559,33.02843256964129,52.710046551499566
955.5452591314203,1011.9792704916035,32.76656446918118,52.8363491765341
948.7957141702481,1022.1657994596175,32.64181882786597,52.876167369656585
943.5324496185099,1015.6464633155642,33.07972583814176,51.67195692918631
944.507450563108,1019.3035032067713,32.92158047627386,51.44697130875932
950.477985438149,1002.8269067805462,32.45700074694411,52.09123853254765
945.7993923789168,1016.2792668669431,32.2542970720124,52.13538043555945
946.0917197317289,1034.2764942324213,32.18589083097248,51.62301188624381
943.9894363338261,1020.0011262302532,32.68411969800612,50.31814181147813
946.6290288211194,1017.9518599312628,32.60444529776021,49.4864194732408
954.5037807844923,1003.5498248534,32.75018120103159,49.26541753118829
947.6151832706034,1037.845605880422,32.02211671495433,50.387005501558235
948.2870042981671,1010.7726635181641,32.19117474069864,49.519649411864904
942.2384179461824,1032.9411726482103,31.987747392788197,49.58875145206532
943.9590227173887,1019.4815285402577,32.30254051494156,48.96512623108109
947.0655519815308,1019.413113138248,31.93206707347976,49.0822736833602
952.4368097787224,1022.8718708882327,30.99560368704345,50.29040191355432
946.7048796769019,1024.8553410915233,30.805833634031693,50.45313260377508
951.0303683749341,1031.6278488498165,30.797390493948647,50.45689180642713
951.4164193456365,1015.9433555106641,30.984573752186026,50.21301303673358
946.9929232425231,1023.3982189919703,30.56745062485558,50.56264734121101
948.4942258701717,1018.5655504077911,30.550967500906207,50.446154675585255
948.8985000384023,1017.9947171812773,30.548658530976265,49.981251003986515
949.7904622900146,1010.3067997960852,30.00129377640131,49.84326703352607
951.3531482175839,1020.0773441199924,29.82017298174847,50.5807542829285
948.0261791463807,1020.0516711929494,29.734390302774237,50.79680718674199
944.9206335019809,1025.5343052668384,30.003824525228666,50.223050956078374
959.0227456309169,1016.8856925907195,29.853183412498264,50.14987301852113
949.3717630827381,1015.4665847364951,29.904488566229013,49.82971346375567
949.0434269899391,1024.6489384447552,29.791441985614576,50.54859560106822
947.7597778343851,1027.8770918281714,29.51696344888328,51.19968162216951
945.2009709728679,1019.5234590330049,29.408284561749117,51.27987773923588
946.3139587140963,1027.1798259589693,30.040820288780285,49.94663512113256
945.753011602837,1029.1312403567986,30.117990523719556,49.79580975679415
946.8013193186729,1014.1874634763052,29.948953779715502,50.08467539217078
943.488695182039,1018.289713222504,29.57589434805767,50.45296318462416
952.5261464790644,1019.0264385064705,29.7487658781524,49.983716770705804
947.8975732851295,1021.1234636552408,29.65320821786562,50.18534642387921
944.8173893602956,1026.081208796783,29.319787348356222,49.94762770909339
940.375410378864,1020.7692781045079,29.42040390344335,49.751127002579096
941.3911847855352,1017.9405281428551,29.318918933828137,49.609691512523966
936.6012836679777,1022.3005432891911,29.53268189282025,48.84911432577862
933.644673333392,1026.5030848940671,29.629712319224133,48.592719432371844
935.5089450870694,1026.2495741259427,30.28410767371625,47.13584135619392
929.3185432051624,1024.6052167116281,30.489785361785593,46.477809597069786
925.2862799062802,1022.3816431652002,30.201745240494855,46.89228476151973
921.0425754809992,1031.7887007741517,31.20388740557101,44.927797992103194
924.3559638087373,1020.6529911073114,31.078487378970447,45.02664423618403
932.4843394076782,1030.6529163500147,30.96182903082013,44.99068191911232
930.6319259554293,1016.5388629107423,30.638307012588466,45.35231846074326
909.017186910572,1036.7231666514745,30.101545936043276,44.98755619412244
904.8226297636581,1032.0631705572628,30.11715463752491,44.68966756131808
898.4764702787076,1035.3343339115181,29.99017200220142,44.635700304101285
903.8291116726256,1023.0063220547881,30.2797899177956,43.718025973737944
895.7740698023235,1025.9023700584196,29.87723556635874,43.39913219502132
894.0367892061906,1031.7557452358321,29.883277309390543,42.61875818296932
896.4381732394398,1026.1479263588988,29.350821552157125,43.09737830530541
888.502203471246,1019.8503469218163,29.14040940397437,43.17077242422139
877.0745371866799,1036.3594163352982,28.906996855919278,43.37383263290204
874.5813765071524,1033.094070634496,29.206967869362632,42.80764312172614
868.1956401107016,1030.3540874460796,29.208338161348863,42.24976531749777
856.7087127636955,1028.7218909720339,29.06233125257768,41.93666173696377
867.906627818196,1031.0710745820295,29.12263021767352,41.89229622977141
847.6268526892445,1018.9920693534525,29.04788024364278,41.957365402745836
839.9002709401863,1032.7602964353887,28.867040102538017,41.65653936692524
828.9816847407877,1028.6236755869045,28.886671378898676,41.45371638188691
831.3299593242101,1018.2624734687951,28.845217789293855,41.47233376812997
812.9438742351758,1042.8849251283236,28.754511075272543,41.409460173193814
792.4481257275786,1036.4361152914234,28.941587619275552,41.132963712351014
785.3947179904574,1036.1724952966558,30.02681095332045,39.30002618494892
787.0082278685775,1024.332128724847,30.04824505259475,39.384117788038985
776.2632369765671,1038.4795540491193,30.243604415350855,39.20164812093963
758.4176788615603,1029.8665242572638,30.238011966165182,38.742960008727856
771.6469011421143,1016.6740086925398,29.8008152688267,39.247192798332286
767.6778420825196,998.963079414354,29.72743589045749,39.31622237521165
765.2863543972963,983.1451322629882,29.46813583213192,39.483944604578944
758.0418123006018,984.0003784608691,29.232292123299395,39.66309635478279
744.0656845706802,1013.6975698811887,29.155313650647432,39.643847028547846
736.0742977608052,1008.3495386519049,28.914492604870205,39.58701985393671
721.8483298196484,1031.860177685871,28.21872722375607,40.607497462274466
713.9294175327653,1037.7733358860085,28.386151178015368,40.24025603605908
699.7854321868074,1023.2117452958028,28.5845508707857,39.85693315763269
703.8580009060499,1031.5162308577878,28.604747180164367,39.83398917904813
688.778353566002,1028.3565782844962,28.59772868887363,39.804358721536104
694.2436323087311,1019.1763608729268,28.80763217143298,39.58540587988004
680.0817320409519,1028.2694120206036,28.03349035469632,40.81902137322274
667.2694942979182,1030.7387176913471,28.233405293888737,39.5898969931006
664.3866469883187,1024.7127245588588,28.241283121553362,39.586819056721986
678.5232643327635,991.4484877085846,28.32455668766866,40.30903360199711
678.8888541622957,976.2790295417379,28.421084498067643,40.185415984884784
663.3197751256374,998.0445011643287,28.448246325046185,40.12801018477142
661.4999781290836,985.3324564143834,27.841880082558298,39.85717056173742
662.4265870387678,982.8723690365114,27.88337351921709,39.77405657160134
667.1198102570387,976.3861724167554,27.54231339706745,40.58041034425543
653.9752506082482,990.5851475941852,27.50996624872557,40.62104717811654
651.6750543249879,991.5314856328521,27.544220070891953,40.582966165899585
633.1113065002044,998.3134149717819,27.421532614990188,40.74022927606495
610.6500698355597,1018.5548031149161,27.4180988092697,40.68303587553861
596.1522420250476,1033.6249761492184,27.66417023229583,40.39797545146516
592.8293887803262,1033.0107792555893,27.70322207772609,40.351797223914886
583.6183619604501,1034.588339830431,29.088507757883797,38.58505076047224
590.7544528120444,1027.0183654490766,29.174666318061856,38.22202119829112
586.491598329644,1024.4794733469905,29.138298714259044,38.2873389717994
584.7199027207647,1034.8685489306642,28.952415420680392,38.784574614754426
573.6768157962832,1034.7846067970809,28.357763082509557,39.4403653379148
572.1066538550938,1028.6797836662815,27.96762517671105,39.95009857461122
578.6313025869691,1032.8766904182444,27.59993209833635,40.504116224555446
576.078737508436,1029.5122348988064,27.621415004273338,40.505187793521614
570.3112252807139,1034.7567160594474,27.74531427661213,40.136286392955036
582.0285188776173,1021.9477194258717,27.797585450725208,40.14494471442757
592.6233056882729,1020.5109379438495,27.69294224933583,40.43868680711886
584.876288703891,1016.2728440919323,27.76773622023588,40.37825246352889
592.5140442876071,1016.2309444858644,27.862063767403207,40.42874132935938
595.4986397694903,1012.7644570232384,28.272937291094138,40.00366876925976
601.1546913614185,997.5012157619498,28.210038742857872,40.00180618380487
612.2102900280087,998.1519260315686,28.221670846933502,39.982956602704746
598.6963609713127,1012.137969267492,28.695928649046067,38.75642791589195
603.6329016841954,1008.5385421612667,29.101550912855807,38.39495555210971
598.5255465114866,1018.5532829100669,29.20841118350541,38.20292408197509
587.7587611028333,1037.236920637269,29.151272314532573,38.28583249597928
589.9230014593206,1035.2237341313335,29.40861418380297,37.80903167972507
597.6436251737128,1032.4295429048939,29.438932955274886,37.16414730216008
595.5178472801871,1041.0098498612915,30.440990613435375,35.9791851303924
599.5170161815826,1041.1276223034522,29.322357762884295,36.87000471559946
607.2001905162208,1038.484179254714,28.20140952237981,38.17413133736776
639.7134290293106,1027.6762400992347,27.81081201280179,38.56171527576794
626.6351702242447,1029.3512793031614,27.68405401868571,38.807571020517564
654.2350967859927,1018.5266080192375,27.091016233324332,39.43847906382911
652.9389429806068,1026.5239774003464,27.003658755442583,39.63454573679182
653.4318925416859,1039.014392951397,27.016921949606783,39.633508183275126
655.759999231947,1037.0545541952313,27.03176960805568,39.61276268382643
666.4737072644315,1030.76271658459,27.389776821895143,39.29790313032904
669.5284866105037,1035.2298487424746,27.321211820241288,38.907548841109964
677.0896409768393,1037.3038655993919,27.525233272506668,38.55586346063389
683.1332705779272,1038.4906271680618,27.693357561847094,38.04014068778874
706.5191332192732,1025.7835893215865,27.72024296641107,38.08209456982613
711.600349950961,1031.375871065128,27.394595773176924,38.11591391813124
717.1142083170647,1036.22259247417,27.506993825210138,37.33306031818713
731.6707961185142,1031.8423818751073,27.100887619283775,36.9950756782997
753.8965711671686,1025.2415385262764,27.071777097170273,37.0294392634738
754.3467395065824,1043.3269824452275,26.95603227196143,37.102009219760994
752.4768361792832,1037.1335143114752,26.188655374771628,37.170539382224106
766.5370472053568,1040.265605841057,26.008619141105804,36.764653194245504
767.6219281156533,1029.8537761349571,24.464021710122957,38.42316291772462
765.9317503634167,1016.509070621406,24.629403288052046,37.913378083010755
774.5344074663968,1048.1686780849498,24.057426102965838,38.9978420499661
774.1274826972599,1031.747794623207,24.096332229889335,38.926820582338124
791.2333400122594,1042.3037827103458,24.16665724222435,38.54441670420334
807.06208537836,1035.2777788673682,23.57688310853382,39.42524938710681
796.0589304707203,1040.4488379753097,23.96063051536623,37.718855238911615
766.6146906234054,1037.9095774258592,23.500263774448975,38.444966021345444
760.190550565549,1040.6743344887288,23.325327642603227,38.89909685791668
762.1940200190506,1034.6416651798563,23.20507315332445,39.104521649673266
730.818354551902,1037.1760448729822,22.598593113500677,40.0670604239744
739.1392093965433,1042.1313712846213,21.860507958825192,41.18163800841096
754.9301083333477,1034.8446546867276,20.474362093272898,43.2034821920526
748.6815811246283,1042.1734161618667,20.30226806558222,43.48280311384457
716.256838440583,1018.1474535508902,19.295659073321374,44.4061196321842
729.6153891098857,1012.6297641529666,19.699723963964054,43.58590951506769
703.5991233495555,989.1396520304916,20.581922080083455,42.815088532966875
702.4811526261764,983.4562851185095,19.9559727339949,43.68302875494131
681.7177579708679,998.3604371053791,20.949539846125624,41.993094837354455
678.4287040179837,1012.9665006571495,21.47320391568168,40.920501730395785
661.5519089253783,1030.5666627224352,22.33255276788475,39.91835875216799
653.2164803364956,1029.948278352646,23.113711917085674,38.83779450872946
652.3104763169397,1034.0371613838226,23.39541015986432,38.43163966006004
658.9323406463715,1032.1413151412414,23.422069150536895,38.403779723652676
646.2759134641786,1036.0852675656886,23.791714820464353,37.797379028963746
646.4852419929358,1028.936717408756,23.55212880191153,38.07487465990635
644.9586124906369,1034.879992537444,23.88076531848753,37.27185006018451
643.2845116463812,1031.6629157076186,24.131880577402868,36.88350015309333
651.3742366610986,1034.3044091428503,24.38868504931096,36.61563188156807
643.4847791430592,1036.2141821558796,24.57739584649807,35.889395496393625
649.1773878898362,1018.639631984216,24.163908585182988,36.0307024132073
652.4465185348968,1016.3433329238813,24.34895252043399,35.6717757993794
653.8449544460577,1021.111625524924,24.228735990623104,35.85754071783859
649.9936311055128,1022.1023436956118,23.97666408193025,35.951014778761
649.0613660736664,1034.0678118813248,24.053432457390752,35.477580772447226
651.2610134058093,1028.4983026953398,24.045882406752398,35.370533050972405
651.0882673472612,1022.9471646139316,23.93773537418273,35.406553644330806
659.0689219655749,1039.2377005978856,24.052357686627666,35.59717204507542
660.6815683664211,1026.1029638858984,23.922103298936737,35.790334357599356
666.1120307822848,1028.999294756979,24.248310348922942,35.275034962087354
671.1211649037548,1025.472044590046,23.904772406886487,35.587001135339605
672.6344999541038,1021.7070512334622,23.869895223439933,35.52277627013798
678.6566012364856,1025.1739420461536,23.6601853420871,35.15993656980409
680.7227711382249,1026.1272165368146,23.929925597660105,34.88488902471548
686.9941872546457,1027.5885910989368,23.906967937572244,34.93771987750657
696.5430479594285,1026.278157754084,23.71819161162497,34.60722562627876
698.91622138416,1022.9733029115682,23.86681279499861,33.96013990496878
709.2514502277841,1022.2680284592246,23.905837300743848,33.92198957373997
716.6027551427111,1019.8893591272051,23.927018593326334,33.90388706804015
719.8216573625567,1028.0066973087207,23.929062576639062,33.9750140039591
729.858591009244,1026.7004788746524,23.904149293274227,33.9807626110637
749.1055347102871,1010.8593166293301,23.583220265211644,34.177243443260934
757.3726765522229,1020.712546796895,23.3794038054611,34.56528460349243
764.1969787976997,1023.0469659172287,23.333356496819444,34.873062745423944
773.5771124924247,1018.7404848162458,23.306867107247363,34.55357369922088
782.72678992541,1014.5305710955295,23.085639148625397,34.50037867971603
794.2576665213702,1016.9216967026216,23.817423096597565,33.2139911416029
806.0015534030124,1009.1357271307711,24.019575480774204,32.60653651699339
813.5913713800946,1005.5417294282606,23.71454756646558,32.64966116395775
816.1122085547356,1008.0833237845407,23.730940538961026,32.64035264701522
818.0567307387236,1015.5092256087511,23.956400508295822,32.46963553881664
842.262864552059,1008.2258472701461,23.884079628451328,32.126658443748674
865.3591229465852,996.1155273855504,23.756611057172233,32.38602311223213
877.809178822132,1005.2305273037346,23.763212791796338,32.38451982737755
891.5029942687137,1001.7255316326301,23.005815663281464,33.135974830780206
903.3568805608594,1010.10287224564,22.78944665870201,33.469998667626655
913.3638611478007,1007.8912539349973,22.76840349934583,33.40027102118138
926.1546463751845,1010.2528297225945,22.681950232078226,33.66036005038762
937.2102730627713,1018.6412009327574,22.98043349020541,33.11936019903143
953.6118748730519,1022.6524595667167,22.71045969752494,33.17827050527055
971.8325288869695,1025.5918940822605,22.91286275977779,31.889465046113163
976.5104484831735,1026.5842856452045,22.64747099321207,32.241835116559784
992.1371188783929,1032.0385874419405,22.263436767104125,32.54363401179625
1006.4256051808901,1030.8657401058258,22.261091084717204,32.401387657338205
1012.7994333994848,1042.4686339951086,22.487392662969892,32.32337888573067
1034.9710077279299,1038.9461403910743,22.477305224341446,32.33331474797385
1043.717988751558,1043.7645484183788,22.460733466391517,32.354662717717915
1057.652527210838,1043.0276684917728,22.34243474607415,32.55406012605233
1071.5114633888775,1045.688877252763,22.21356118455066,32.30306231995347
1078.470114885568,1045.984665752439,21.975110272468378,32.27424203780622
1086.6105556210719,1044.229564919696,21.74338689777393,32.76923617422429
1112.0516853336403,1036.9442424120646,21.642530060527683,33.10894132437469
1117.4760258589833,1042.0326017361156,21.703124064773597,32.51461536883863
1126.76096890171,1040.157399328314,21.728181979564297,32.584878735466894
1134.168050185326,1042.7014222015532,21.144216365152275,33.26866879297427
1137.198284338801,1032.2891227035286,21.186328605534943,33.26579319490742
1136.7035998502618,1039.863377664362,19.71982933844224,34.8751549010484
1133.9157262498952,1052.3469626823742,19.58940693392029,35.06684411795387
1136.7545416354233,1042.6111117980436,19.584253885031863,35.099487582781904
1133.5342231528061,1048.835982146862,19.93990750141963,34.314087858045404
1121.036088583231,1038.6748213126773,20.250698430120707,33.86666846806538
1130.4897426683692,1047.8832199129015,20.2220027781552,34.050382818520255
1151.0597809102298,1042.6230881047027,19.871564813720813,34.738645702495745
1111.6516828842073,1026.4871628844369,19.012750184613676,35.352079394980784
1125.566255093264,1045.0524489666966,18.409165001118986,35.93977276390829
1125.677849753753,1036.195954894798,18.486103693037066,35.64398710399472
1116.8272420926664,1040.5111215684212,18.11400625581071,36.285551072727436
1129.4867408683585,1029.1625204477427,18.399264380695872,35.83353952319062
1129.996108324041,1053.5042700846905,18.2504263580639,35.8437315029574
1126.0672307714938,1038.8066311324324,16.920642362511426,37.47372773022744
1113.6256720916133,1020.4210324038311,16.783751635113962,37.629774735769885
1115.1648452127256,1025.9490532330133,17.05027190709539,36.64850686585774
1117.1894919599356,1034.9048907779004,16.41667384152374,37.454895130575586
1124.364771833423,1042.7674560834384,15.222310688787312,39.45121151046602
1140.415054210352,1035.8810527433634,14.194553246940602,40.78308496307714
1135.1327987594,1024.3354111270112,14.574721764506497,40.08535528684629
1158.1260371764931,1018.8447002474069,14.838645473533408,39.622518356174474
1183.0962231737874,1036.1183372378778,14.318176280458243,40.502971120838055
1166.8178444116033,1024.4833961920212,14.019331540421947,40.85268528957732
1178.4032460153805,1044.5983561591129,12.681520886578687,42.8447692921616
1195.076619834248,1039.195936872393,12.985209650210717,42.407810418396664
1200.9594424404204,1038.3298577234114,10,46.26530893967278
1179.6628668941557,1038.3526711854372,10,46.66483072205697
1188.3490093031292,1037.3481200956253,10.082181048141893,46.54011880522994
1189.9405377544463,1033.6689289917997,10,47.58367214020051
1188.7140383161604,1041.067027829258,10,47.898166489515226
1192.6882991231978,1034.4769098723527,10,51.3135107788748
1208.210419372468,1037.0314888098487,10.071804499628529,51.21384863905119
1197.93685907498,1028.9061083853069,10,55.32562385428474
1206.3919419683516,1028.4172734238884,10,57.83891720832764
1188.8249647617629,1030.762526100082,11.64144266390995,54.70924364114246
1218.4584480345743,1029.4201476581256,10.170584364136678,56.66393267589603
1187.5157547675008,1016.3162990712065,12.466512432707367,53.85165990954864
1191.9443956192338,1033.5058782272451,10.367001267571611,56.894704661436016
1197.0653266347945,1025.0525209915982,10,61.48834311344298
1201.4191798605025,1023.4483239980083,10,62.59504490091585
1181.742393437773,1018.5198828724236,10,63.09809776823504
1170.5758189596236,1018.8941556023807,10,64.01109233975404
1165.586667958647,1019.5807297390295,10,65.31842573874329
1157.8277954496443,988.4846366684252,10,67.09963928473722
1169.5170778669417,990.0024902001015,10,70.65875605866464
1172.6153206266463,991.9183349616068,10,72.86337673157715
1178.4097856916487,1010.3206824174615,10,77.96773943705514
1190.81487602368,994.5543158570908,10,84.36646796490088
1196.513422910124,1002.5236023784985,10,90.26911005575276
1181.7714805044234,983.4399017494229,10,96.28104332684319
1182.3422211445868,990.7653576473222,10,99.55017356900866
1180.5365809239447,977.6218565455115,10,105.9120144109356
1179.2247829474509,975.729993934171,10,110.98751986699972
1181.820471290499,957.0810664271761,10,119.00317311402185
1191.751654151827,965.7230570827326,10,125.78259588616082
1189.5483379401267,954.9815550170714,10,130.29356365578874
1172.9897384680808,957.252856112112,10,134.8004180620822
1164.7444114722311,948.8080356408324,10,141.26228266797145
1169.1143279112875,928.9131522752723,10,150.466151953413
1168.0908328332007,949.7289648372922,10,154.79125290359184
1177.7806311883032,928.2188111652072,10,160.09278354488103
1186.4457885064185,935.5964313480292,10,164.98087661429557
1194.740983132273,920.5681951869286,10,170.7713291153298
1217.7723552025855,920.0074317650672,10,176.7220834065625
1222.0963813103735,908.6735734130442,10,181.85124496534465
1226.3663560189307,915.5984348449674,10,188.90223888311436
1249.2032719887793,921.5327176285919,10,193.93261054120742
1237.832876328379,886.4352086192088,10,201.88146614542282
1243.6637150086462,876.3914720326736,10,207.15074397547562
1246.3383404053748,886.9924172663932,10,214.46440602878818
1266.415622357279,851.725735319926,10,223.05717620224033
1305.082339886576,848.612800511806,10,230.29944305625804
1330.970897320658,815.9678120986599,10,237.22800401951304
1352.7153831757605,822.4899044737294,10,241.57885405941298
1367.5654751099646,826.2402348158603,10,248.10006398824942
1441.813712719828,791.2811747066424,10,249.5515933253375
1528.2448040284216,734.3055169339484,10,257.73012749865524
1592.896979931742,651.9203862612443,10,263.2582013440636
1618.0869232453406,664.7383314969784,10,266.66523766092547
1607.8660875596106,699.4243311926019,10,266.934618579737
1613.2314850129187,713.9787500758041,10,269.06910318576917
1607.5937539376318,710.257887974532,10,269.73197587921925
1610.5453625954688,715.2264327856384,10,272.5361401098506
1609.56920510903,717.5245843635557,10,277.3970007647458
1599.406832586659,715.0139225268881,10.652074680362304,276.4453215274671
1598.1224814094603,721.7355655545143,10,281.40688547831815
1598.7667207159102,758.8438919380521,10,289.69541307012923
1609.4020385183394,780.8892608563856,10,295.60959237823783
1590.222459423106,769.5167475491161,12.59409395096485,291.5186299943637
1587.8260511821559,775.3933638273132,16.903062784959864,284.58117092506046
1594.3095926792548,780.611002106707,21.38760752208519,276.7652295408334
1600.6918607892476,798.6157606234269,23.412924398108043,273.36548423590926
1691.0269388866884,736.7528011221779,30.009171401468343,263.3858978673136
1696.0688036807285,755.0949380317254,40.488271784701546,247.05831540869207
1720.8466697190524,800.2069747998231,41.82994342509473,245.18781090325848
1781.6612274899255,821.0518266239792,38.780127810106286,248.90238505645993
1796.6445464278931,797.0829709646024,40.37963297005983,246.58244409249863
1802.9699007883987,799.3398144321094,42.269063447352124,243.7496820499103
1811.1400731409417,814.7643458619455,47.21260469807672,236.33236090471564
1809.9099148210425,823.1942585634276,52.703043379577245,227.37494505527908
1804.4369271851688,830.8916027731445,58.71902311452045,217.58727844446963
1806.5911448970824,844.5419725330487,66.50894393764163,205.16513427683412
1800.9234024621383,862.8596888279649,77.28616306188985,188.04290816893527
1789.8828201036386,878.754848590472,85.60957726772016,174.85289038647483
1790.6928940300547,885.0813931858543,93.97311013998507,160.71507059439946
1790.591562094619,900.1813390234652,98.53388062401595,151.866470575672
1795.032977150876,913.3045468757326,100.84855360140676,144.47365823417402
1786.449399782134,918.6632825659824,101.78983629909598,138.48416889789445
1778.9007192118584,931.1996092942854,100.84628862617063,135.44102403198679
1778.9988782720657,940.5059635446037,100.9589621465621,132.321777140237
1767.7711876385567,943.1086336054688,101.65923171924378,127.85246598779457
1764.7985277105745,943.887483312323,101.648814461256,125.847640423955
1760.032745739717,947.429442704885,102.282414879106,124.20857446781041
1756.6659219342264,955.0842085686843,101.95631956253598,124.91060699497265
1762.7618936669303,951.4704120828919,100.48671858827814,127.1334096604659
1793.173189316471,950.9580793276474,94.8076743473021,132.33225234075488
1810.4948346715873,953.517544230392,92.58924935972551,134.19509543489332
1811.2080215024826,955.0731399061531,91.28035006763996,135.93546133816236
1803.0925573188292,953.8954830386729,90.90734319324731,136.39682759101376
1794.364290927863,960.557494177521,88.82834397749932,138.21745481893268
1795.8214499141918,958.9458339020867,88.57410262303624,138.54284927765343
1793.249370474807,958.3810170931282,88.0767433858085,139.24212242932867
1787.4143625783663,968.7214618863642,89.1495111012973,138.34496811812537
1796.4235489221453,971.9479391606085,88.45679339725973,138.99633457259688
1807.4853213754827,973.3026715283306,89.2251475994719,138.34050734173024
1791.6493176570702,962.5569652989174,88.16855167325974,139.64782632521496
1797.6707620710838,967.130484223766,87.18858723030323,140.76076009417014
1792.9724332838944,970.4305622900969,87.98307767516545,139.90100236849074
1796.5248527371468,962.6130416513869,86.42849597462364,141.63911676602788
1802.1152011899103,966.4712716258025,85.12307754199715,143.12141398882753
1800.7149968920526,966.5959726586765,85.03346648248508,143.222189032321
1792.2252027051777,967.8082399086568,87.65473462002873,140.47416623728208
1792.0555483407786,975.6522109670177,91.29252743581708,136.7914931711585
1797.773496986409,973.1022557301601,90.7100704292852,137.41927668411932
1787.2521944795583,967.9657484490615,87.82815113573587,140.36349819745794
1788.8532424850928,976.377899728347,86.52801966991665,141.69500122665553
1778.841270403398,972.5046307801077,85.30327227446833,142.99185831792767
1778.126835299216,978.6398931987707,87.39288506372297,140.98477361274283
1767.7213028359372,974.7225835902785,88.33334261418192,140.04784837324516
1751.4112204166868,974.3580290872006,90.65570929594472,137.68924008470805
1719.4393372854054,970.7463216061453,95.7713200409292,133.05625360333724
1703.5069813215375,965.4031558582612,98.2935179305793,130.71022216117817
1699.0712675148798,968.1221241060276,99.32573407996647,129.76238700307815
1695.192131166483,964.7453879643643,95.68405770296842,133.4219874545108
1689.4905196918698,959.8389363839061,88.30196990695562,140.18630424686657
1687.4608369803648,950.6407988018863,75.62818866248497,153.2413185008721
1684.1560150156856,936.4742532766313,64.33278612883097,166.82853991484615
1608.2730962489186,873.9467166695658,57.406652837169375,173.52084304841088
1482.6643773451601,933.2075194163152,57.57997748550696,173.2970280822558
1473.067578599677,935.3939713837186,57.657903818635845,173.16360750392485
1457.0770847802135,937.8298373439266,53.424635170942196,179.671207172254
1479.4601465951368,936.1642201790614,50.93033160945454,183.354653931031
1478.4187571023517,939.8381089697211,54.06046159771827,177.7496234181168
1473.3640700927974,941.3750419159933,52.73956923651666,179.84621727288683
1476.8726724312621,940.7572993891088,49.75810302775741,184.32165298354667
1491.0931712380354,937.3192696916609,48.42866242104696,186.18981595510266
1476.7165496672421,935.4493470183583,46.63499050831228,188.6803915778158
1478.283929482718,932.4150090305209,44.53442892309094,191.8043947305381
1482.3698733090623,909.6563306020132,38.368428778794595,202.1720361639696
1503.7965932766167,919.4384526606261,30.44344419646891,213.42481818504947
1494.8621655117402,876.6291571240657,17.567094800684867,231.98295393590448
1491.691995203495,878.4898971686588,10,243.7590295794454
1490.3780812621117,864.6399463471162,10,251.04785753783833
1473.2717217803001,838.4803466525838,10,259.0917960016102
1426.4795426726341,840.1229725358216,10,270.3039817122463
1369.294957101345,819.3250851308851,10,276.2833929967287
1355.0497502684593,794.0200997419108,10,285.1961782583198
1369.890319764614,777.7425940644176,10,294.9402402877447
1335.201258728694,650.3850774385664,11.935640077211067,292.30825815858776
1328.1868623271253,656.0275508634447,12.060923740334259,292.14048545739075
1322.6689842018127,683.6624578578791,12.271790807915059,291.82879372194003
1326.9417469657253,699.2410740506631,13.771777479491242,289.6317244528271
1339.2484787254516,673.9304723025996,13.917959422074913,289.4236051340127
1342.79020120519,692.1169395191798,16.163717114575732,285.78359611589127
1342.960366658613,718.9652226174429,15.819873553741795,286.3048682067185
1333.6133009344544,699.8194263511392,16.138625439680975,285.82912675495095
1334.2797054803534,713.1081439881104,13.455767805860239,290.00085224761006
1331.6772852510044,697.972705779627,14.865107747667142,288.13763824099317
1331.6802777777366,710.7657079196233,12.141001880832679,291.57806790570254
1327.97322532705,699.5352294975751,11.120584153422172,293.0388664398624
1331.2445977881798,718.663529206802,11.4783323761513,292.54918138908437
1335.3695416881237,751.5000386939616,10,295.54873931906195
1327.390819115797,728.4159424445814,10,297.5165152528809
1330.145075346465,735.0023846090371,11.049453770963709,295.9979707143138
1336.1557761589927,760.1815066904728,10.669674689243282,296.5629901012471
1329.824153508556,731.1611936800987,12.729997550541587,293.2263196742414
1337.9151091243377,745.9036436276697,16.02343574524794,288.1203641760722
1335.3560552991908,757.3317022679935,21.620701588414498,279.4226331258932
1339.7063730662287,780.0707281139075,24.441864188188976,275.14157621555927
1332.6267251986617,779.6453669870069,32.594851844556985,261.89568077069106
1329.8040228953712,801.8673320331764,40.85063757754167,249.1379632180251
1329.130553431855,806.7744640935927,48.81052015386593,236.01149449781207
1329.1466679536015,831.4107539413739,55.47851026473087,225.3801081921422
1325.0466330430527,838.7737740143514,60.78092197616377,216.04356723365666
1322.2268499283696,848.9609656338027,66.11834615168739,206.58309295318895
1320.0533149496919,859.7492380939751,70.07646322794521,197.81488905915037
1316.2974770806948,874.3300850572308,74.2103964370239,188.18278764667716
1315.2670439849155,887.8050278202029,77.16209338381616,180.8372035733696
1316.8077052140434,902.807706141448,78.9900269070058,175.80240700473195
1315.2700121752418,916.4292194710802,79.61831592154421,171.3340538073816
1315.17112442591,921.3128326115366,80.3650054355011,168.84641479529822
1301.3005860333699,916.3218485133409,81.76066329052755,164.5805440176906
1297.7952423388915,917.0070711109896,83.51693898209683,160.42299063948604
1294.4169160010795,932.8241780500236,84.69112696274397,157.65438306940132
1296.0189768813186,935.0563106758037,84.36879989335155,158.4153013047796
1298.7682585562002,932.6633382609455,84.00623383896782,159.28638040230317
1312.608641275144,921.1882222615942,82.70732341206686,161.49236496448233
1309.1819029483195,919.0847603090725,82.56798027964396,161.74798944058585
1322.2472406156553,916.1837817537681,81.37637469289693,163.60805988775778
1325.1163179678526,910.0991818474864,80.99818578974134,164.35406100036997
1352.602202948138,858.469738371991,81.07189083527423,165.00181819061865
1363.3447244668987,855.355093575121,80.74062968862208,166.12473209008363
1363.4042819321485,870.6604601645096,79.95233257676425,166.51496021501742
1370.025643106628,868.8481145980068,79.8716681043921,166.46876864614921
1367.018886694791,887.8389260481381,79.48345325167419,164.49221166385553
1368.9944528426931,905.6654429680724,79.46737048971416,161.37774822803945
1376.7878245311838,908.5456586121555,79.45951791320893,161.222302653832
1378.569121289111,919.994439649645,79.44871296585085,161.11663549157296
1387.6069416373562,926.1474245809219,79.44942724982954,155.65574600469043
1388.1232611573173,936.5227229031033,78.74645029448656,153.49744023862362
1383.2415217364735,932.3386941278152,78.31390233411129,151.16480656605512
1383.1333345966948,941.766586105729,77.99672664924086,150.46957368139456
1379.6857237264455,943.7483686940328,78.17461507293626,147.59385204211762
1375.6233057622112,949.0390057923566,78.96162665677022,143.8945792454639
1384.5677770587092,949.7031343303332,78.18985821233348,146.1897068836372
1376.3094271156976,952.9596309063538,77.63067804769737,147.2765171793194
1368.1242381881614,950.9563643332972,80.01035994940091,142.45039727977837
1356.384164824515,953.7209177231232,80.62944939519964,138.96887026544618
1345.4223762464173,955.1356376437813,80.68472134509621,137.41932763711233
1336.8329938028837,957.8634129636301,80.97246450364787,133.93220477470476
1330.7428455263127,955.2807362347448,79.70265920437258,137.7557481252442
1210.7331567832446,942.7099189090249,80.94563898543092,136.17885212177703
1191.381426688796,938.1962424244906,78.54106313306849,140.79009028371655
1174.8333682884563,951.4884466389018,78.19923742886486,143.01052385013358
1169.5896858818746,951.1717444841347,77.29409659627615,145.1796815289989
1134.208086581734,902.2836989616866,77.1626342468505,146.02027147526238
1100.742207910284,894.4163110423001,77.56522441445749,145.55280350910385
1105.1706997908518,895.7914336618867,77.60013022546532,145.25099739117698
1107.837441240939,861.8129917902857,77.82864330841495,144.57915798984786
1181.9748898215362,747.4551634995237,77.7217759323765,144.28520153426223
1191.6000102091202,707.8780383665786,78.27170605564615,142.7782350643126
1183.1887117367366,684.2349656092783,78.09142481132642,143.00604241362993
1175.9711244964888,653.7893024854062,78.3502467909065,142.82556842944064
1171.6422408587773,654.1590393105404,78.82292114030417,142.46074692646536
1169.138639223701,623.5347078319763,77.27010634786507,143.39156930742152
1170.7767353499316,615.0535195008919,76.62939807558269,143.58804821873613
1172.2000009143533,623.0490000876104,75.34989439634722,143.79376329957154
1168.963547855312,619.2099206991293,74.47301900121576,143.8238684304461
1162.538418375879,622.039326157192,74.29628039385841,143.62455496610275
1160.4582946869632,619.9971489302751,73.84349066231506,143.68244781867932
1166.6703849219693,621.3465717720151,73.04124222202708,143.16845902683136
1158.3160303963261,609.9762012927476,72.63143053661905,143.028373035293
1156.4614763506313,622.6496688548489,71.68862975349681,142.99423355012868
1149.899313002404,617.4772353506812,70.83480512854078,143.1061188766402
1149.0127509036295,613.8174083470868,70.59624586203927,143.0273258470859
1152.6855271222155,619.3168147223664,70.06151543490756,143.31023993368493
1146.460377548696,608.0131115535838,69.77181194980518,143.2189558568213
1145.6915963825795,611.7488114383519,69.07656974521882,143.48237454584236
1146.145781168831,627.8884167200582,68.29399348073531,143.376278759041
1138.6668802969602,611.1432694238117,68.1956772130025,143.12429811349696
1142.1801612047234,611.731886488306,67.40850767805462,143.05747181379306
1139.0249402523004,611.9187886149435,67.28136184486338,142.71868141502165
1134.2164290341545,610.4835228863435,67.33106441116017,142.43923185034063
1134.3939776629288,633.2714637474783,66.57563190132655,142.56705114735806
1129.0753750595984,616.9469278250476,66.51900471052676,142.37864053982696
1130.936709970106,624.274192829867,66.05949511824052,141.966445849707
1126.253624996826,625.3831170758848,66.01602475260579,141.94518706599985
1121.344508963956,627.2782410211158,65.87834995036494,141.8802011021887
1120.0879784334104,629.0572626969669,65.68152803683161,141.73122061288294
1122.1141404891496,639.7501257026449,64.89777267954926,142.43582281807954
1120.9486622847844,635.3388859639151,64.81497081038638,142.26497896942817
1118.2337184268442,644.5644745848863,64.78978326229,142.11248870868707
1114.1131807285992,643.0343780665078,64.78126778506156,141.76984494582265
1113.3832152921009,654.8174939883404,64.71061360747548,141.78793126316813
1115.0731202655677,656.711177381631,64.62195566096892,141.74174108181128
1112.9642489195517,659.4254852230954,64.62263397235529,141.7425620825374
1111.5688997934656,660.1403132610176,64.60332942072503,141.69610522162836
1107.00675990679,663.6654474276555,64.57974675968903,141.62593132118326
1106.2826389673774,664.7290456180722,64.25551363431794,140.92959367161984
1105.8270490594937,673.8359391395946,64.15048110591566,140.63108983169997
1102.9767229848194,667.1570960422617,63.95208206584166,139.87935524999844
1106.0356245328187,679.5147681274741,63.78517284877977,139.81789978196642
1106.3984534131414,675.2689725592944,63.59850659900249,139.13485598485414
1103.396472561818,680.4828997287043,63.59963302790661,139.14490981864162
1101.2825906287596,682.3027717424142,63.5316124206042,138.90499565572398
1101.7912430352678,687.8053258492503,63.28269945519844,138.6568235153549
1106.1102921387387,692.3341019273767,63.06573333596414,138.49838119949519
1100.8428347800163,701.4953792378428,62.953617223025574,138.50660660785968
1103.809986795189,696.5702817611625,62.9697955611497,138.52795081506565
1104.868870397192,704.4254540774102,62.67183409845359,138.7199108319233
1111.6013906161513,708.2605077841108,62.43344580592064,138.9651161855509
1112.2453321947205,708.7221880264977,62.33040189743973,138.92893221444893
1120.1012754368667,706.6707486466779,62.347905557495515,138.9448315848978
1125.109757238942,718.0728968577052,62.11554030386987,139.00640849963528
1131.0969468726478,719.0141002257352,61.839325976338486,139.2411613686015
1132.272011946221,731.9911537779749,61.85158062533454,139.22399731832132
1134.4187090850116,710.8806495198222,61.93717556741872,139.16253894619896
1135.7363230149026,727.0626724490354,61.82160770366937,139.31079930115152
1145.9239396549888,747.9338946461748,62.047687060826206,139.04884273035904
1153.9183121086198,737.8200055270955,62.24910290490714,138.9151536070673
1159.6969725321187,737.6813704292806,62.02439981761387,138.8568207443591
1165.45984630386,751.0703132869673,61.52109890651616,139.69830453582148
1173.5104386747294,755.03105349253,61.57028190159419,139.65701402032627
1181.1964984071938,749.5113644485411,61.519287467182885,139.7053184999053
1186.8378060150826,770.2665669291554,61.17057594555788,140.31073156235863
1199.7542488107686,772.9831672147976,60.9518680580436,140.23432344102534
1204.4970622764015,755.4524100211912,60.87434220862596,140.30904431017166
1215.3000010999442,764.1260852138888,59.838019844133065,141.54008023153924
1222.303895181449,771.3922116634453,59.4823646690997,141.97384124081233
1230.4691473360965,764.8828805534847,59.4648085867334,141.98181181797239
1240.238534955086,772.3233361628556,59.414232582763525,142.43586630510197
1252.4127208410698,787.6688055285241,59.135448518314895,142.94660680350148
1271.5931572154643,795.5931045149588,58.806119501215534,143.4919430805101
1277.6019592564253,794.5800962786849,58.72472795896665,143.76211841707922
1295.9273055502822,800.1267052429158,58.896522248694,143.41925239444006
1315.2329845559095,800.7523175855215,58.52399861854287,144.05353731940488
1327.2578059061198,792.8791469107421,58.175007086945485,144.73144872206421
1343.2364350322316,802.2014625853475,57.98930378162118,145.10452710490895
1358.6683366234904,781.5257200953043,57.51993838902086,144.8018105774269
1368.7882265739072,805.1520678454439,57.00885531130735,145.30552376855417
1381.7337351640504,815.1339531314319,56.153002010415435,146.6947328566122
1398.3472257140215,827.7235639027889,55.403712560863816,148.28237036846366
1406.3845460011255,818.2020884673219,54.635108935813406,149.2272644461847
1410.7947686348064,804.2839773569398,54.57093789177973,149.3770929291561
1416.2892232044028,799.1542441054219,54.3580383122182,149.5190572196675
1419.8511514179327,809.9103679547994,54.88852358285109,148.31746511478448
1432.2372945258844,830.7560239408867,54.819236481937665,148.47442737356695
1438.047646795064,814.2290045469825,54.43223555685974,148.25703137743966
1433.3007107544177,830.7193257849257,54.40175365713459,148.41877247699293
1445.240959839849,827.0070986570606,54.186594002507235,148.61242419671234
1434.984584514017,825.5869063745923,54.52923395165671,148.30395259862397
1440.9393406124552,835.9156918164666,54.650939329853394,148.2212260752269
1444.007497808139,821.5938786175884,54.6611274332976,148.39702562972155
1450.5115585424858,833.1003271462436,54.546920187321625,148.73853492922277
1440.642301563419,824.603407085232,54.80061282587499,148.52196970151456
1447.3226153095932,829.6405938670412,55.03903013333155,148.29978997029377
1442.3615907814076,836.98880054391,55.33710725061572,148.19194053562347
1440.429085355307,833.9829825323527,55.552974883822344,148.06487511983423
1440.5133296832812,823.3345799472804,55.60101962054218,148.77515723394836
1430.9089434100108,836.6275142594671,55.748438483611146,148.65639066035618
1424.9203951425861,844.9400356035471,55.94383393050899,148.51178429726963
1431.9414880627596,830.88602483154,56.05976729182187,148.27372124655724
1418.9926877857554,840.9792586642227,56.215748735723295,147.93598748316944
1446.359590716241,838.5842576819246,56.16169903930281,147.99354754560508
1432.5860332527645,831.5382029374549,56.25360041950276,147.86586562219077
1432.2235450380194,840.9617168947495,56.698240141162344,147.5295016938075
1411.524057208436,844.7079466649168,57.820593028112256,145.5309348231508
1415.7273660321857,852.9547270831235,58.29782357092053,144.22155901481344
1424.4557804993588,852.2857187920206,58.57214812473383,143.65685037729273
1423.4123079540902,850.0393717536654,58.72420354108416,143.5924002889641
1429.7527791382706,848.863965572275,58.794664027642796,143.5356956954156
1416.7955350805064,862.3165235055487,59.32235709922589,142.77443206275493
1425.8016796224351,849.7467173301011,59.35016620567621,142.65049270161404
1429.4392628101557,847.3053804368429,59.360486528385586,142.78445347162034
1417.4059003581076,855.4552271434975,59.43471494200324,142.96078659334523
1418.0072394902152,851.3662370245692,59.55099805970029,143.06507355575027
1421.2628450235563,855.727184945601,59.58119600867341,143.463612474734
1426.7838299887976,849.7707298135575,59.674011730351616,144.0709931443996
1442.4863598229213,855.5759011839004,59.43409793612757,145.00847717068143
1439.6022245800273,856.1139933377899,59.47886292493693,144.8336287579642
1441.8966373561957,865.6858886450642,59.367650344859754,145.54246112925532
1444.418126111383,861.6147127800273,59.30530800065342,146.54265816572573
1434.2909645173434,855.1065660203351,59.380224068981526,146.9237635823878
1433.6585284016996,877.5924928577363,59.47481810870234,147.24970424962652
1429.6983746228784,877.3843838119657,60.10321120330186,147.34618857246613
1435.5022745554231,877.6334070851095,60.20667308747974,147.86755239795895
1426.720983183096,877.3692057134015,60.30820770591329,148.21423743266817
1431.2169870323285,882.9181609363966,60.43799756909414,148.65116852415355
1425.837272739716,895.0794052625002,60.9110873481667,149.13376028576445
1418.3128110500843,907.6070778463807,61.50401039936595,148.85557004048906
1428.2543885596085,902.036910252146,61.21175770880865,149.30534107337982
1420.8863473173792,909.79756352301,61.443549612517806,149.19515494638551
1426.0566636802605,913.7729180483022,61.630499055334255,149.2954264637334
1442.2134946264803,901.0644397094742,61.41315445415464,149.0487669609695
1460.4890182789798,917.5424362577882,61.47752081492718,148.8031010127791
1424.030897107825,921.5554610723945,61.912890049326684,148.15793030888986
1430.9423598937194,918.3288295176687,61.98820552062831,148.095515966254
1426.374757512343,921.119002885749,62.047864018733144,147.91768702565625
1432.152558619545,907.3090185537914,62.00962058423583,147.95666394457638
1452.168367728014,926.8765107046004,62.04511815098969,147.7893195660541
1444.956293060179,915.1859921091192,62.095347045985925,147.79464150127902
1478.3045190250882,944.2017547588838,61.82572159321823,148.7588971465741
1458.0908593703325,919.5382909745399,61.955902688618075,148.68689130461738
1485.3444669525857,928.5348153703936,61.903868645938246,148.80571041757307
1490.436712398522,930.4625205102167,61.86609196457524,148.8792244600552
1495.8718041532632,931.5370508387585,61.821994499404646,149.16954659449055
1496.6180251374658,935.0779739576087,61.975203633065384,149.1226739781586
1501.3254393860925,933.3949820373524,62.45617191163017,147.7042335137092
1506.4555152669243,941.2956008159395,62.42847635724195,146.79374684154476
1508.6246995083952,938.1211790608512,62.726584391023806,145.12655908646246
1515.7092232095288,942.4548635936121,62.74874487449864,144.31659425296573
1515.7852183747245,942.1208346587109,62.695062027005505,142.1615656226004
1521.5768167935976,943.6026536553783,62.84857192296273,139.81591269901742
1523.4139394352685,946.9730574629314,63.27012179419255,138.62619055601812
1520.8871803954337,950.6956113740455,63.55371189534655,137.88119078508996
1521.973150753927,943.2720701078489,63.61306795608522,137.78161327567406
1527.045175880999,936.624243962246,62.89012022574478,139.19121438890133
1516.566331427073,926.4175410776995,62.769392309256055,139.14234179190532
1521.0727773803947,929.6488184710137,62.228628317041306,140.02847894558477
1513.0074031273741,920.7042956297123,61.843599235191945,140.4899981541885
1470.601444472642,886.0287965333059,61.9623326457304,140.3995138030559
1457.7666976160524,892.7251430669979,62.08185954677579,139.90440946553034
1474.2068091062351,881.9599579228345,62.06426168848075,139.93084107893026
1473.7184167672033,896.3675193316185,61.06736253246863,141.64336146509777
1485.8311631770873,929.5269103295852,58.502395988335266,143.64065765519945
1469.4901392587637,926.141476060888,55.72217881033392,146.7279760731939
1487.5087093343482,922.5292792838834,50.00107106883283,153.698558595623
1504.3923788747832,928.2948282895314,50.03709578801178,153.63613619773042
1509.4561155485744,915.8101906749636,48.424981365295025,156.84925450547934
1557.2926733460508,936.7260222270363,48.62074699592831,156.48452942013265
1561.9971255633752,941.747822721086,49.78263475946066,154.4709787097433
1562.6606232441459,936.4892087635297,51.31406191569587,151.5720031260154
1544.6294720527267,918.1202651494553,51.859087534618084,150.4575076942521
1546.5060467037856,920.338375044348,51.92267803009247,150.32050465175084
1548.05473087965,931.7122317330887,53.06328575258242,148.264479811867
1548.8407425094067,930.1676379073039,52.342960236007706,150.03533383764326
1557.8453867331361,941.1511061831368,53.843216161107485,147.49949431661716
1571.323387701766,945.2884687814103,53.64145235250995,147.77084684834148
1575.2809962110593,951.43860680258,52.95315832281498,148.7294123205896
1553.747722106162,942.0065507540887,47.566169545305165,156.63265558212282
1551.8815948977656,915.6546170345227,37.592843250732955,170.58997532228017
1513.8221168880114,900.5100667316203,34.912871963112494,174.53676979099998
1487.830944484057,892.4960954048619,30.34228784646055,180.61199752447308
1465.312951570281,911.2950461236749,24.92274922943252,188.21963960491343
1498.5119087357798,922.3059087647121,23.3752072128881,190.29643269442116
1481.2863241452962,919.6675313519684,16.50071950298615,198.91526143729737
1523.890101865148,905.6905914677116,12.29788665849777,204.25466786291554
1541.4377783334348,895.9146472064554,10,211.7974201854767
1553.1197336709592,900.4951958852341,10,215.2466572242816
1547.6728194749448,906.2068463936512,10,218.237950857716
1570.4406760728452,930.4582655263447,10,221.61100523148912
1569.1869452989195,884.042850830729,10,223.45813863883382
1587.9879516160581,867.8075957479807,10,227.45361027588797
1586.0606065785978,877.4000253590566,10,232.1748446511484
1600.2304016149137,867.9689817085377,10,235.91033168668318
1571.189908603439,852.7337513262785,10,238.74878294497603
1590.6567569768522,867.2384179371074,10,241.79916499431422
1589.09350059391,859.5143159251362,10,245.3831932217478
1595.4387650287244,863.7864616518049,10,249.39799524375235
1591.672097424278,861.3371312198822,10,253.70677415102057
1597.2590501105879,861.0181135818141,10,259.2183264635946
1610.0431964194868,851.7765150860199,10,264.1409184060497
1623.6062409675214,846.6997344236197,10,269.3458822996672
1646.7134434974287,850.6426950499772,10,274.6793213985146
1662.9919144904707,851.0036129747026,10,278.0645483656837
1672.7773206031416,847.6193247625872,10,281.40824070902784
1711.1399800574873,829.6946216532178,10,283.03177107327434
1730.6285397803877,823.3703793709074,10,286.39716409279015
1769.1327359473798,822.9299969263876,10,289.4267796612274
1787.418733338127,829.6857730489918,10,291.3493180303378
1774.3294074332807,811.7772684754298,10,291.7489573349326
1783.1917979514692,815.8255834803203,10,296.561704423235
1800.9024188315962,801.8427443970475,10,298.0506045593852
1791.3708712852094,816.152509599755,10,301.0597591515287
1802.3841473853681,816.1405769396188,10,301.9802895680842
1791.8251397407148,801.7534574467215,10,304.3174691514127
1790.3225492036436,807.4721990732994,10,306.25990304303235
1751.598748544464,804.1953322677002,10,309.80566417536414
1729.2136181671285,819.9698612223399,11.48405164822525,307.3654548378622
1737.2841098881852,826.1322374606818,12.668599211971639,305.33906700046055
1753.586517746311,809.9593075199964,16.06281837731136,300.0531252766068
1768.8710531614333,840.7988440581374,18.88087446967428,295.6210195159986
1784.999987810022,834.4882700307115,20.90709330726248,292.35193548466873
1798.5074697797436,826.2448872050073,17.451266712179965,297.79939831014934
1821.7102750632505,832.8591969993652,21.29664796645525,292.3554915128767
1836.267913024676,839.5756342503611,22.268335697168396,290.8900394962364
1845.3098873150368,838.0937442848623,26.09116163732084,285.0994344327271
1835.4966442247119,832.7798041135304,27.76425769651077,282.90800077240004
1838.2617497017186,841.3321808978048,29.08516912180059,281.14818452837517
1816.5342095743124,826.9758710371218,25.024212389308282,286.19856517503416
1813.5156311928365,843.603457584635,20.50891325016007,292.07741383904124
1777.5046740062735,829.8257507082756,15.972951036372235,300.1380537270138
1771.4857407921543,814.2503290107007,12.934915479442129,305.02920969845735
1767.8362880742643,834.1120012063815,10,309.68096448922483
1773.297682861099,840.5557728575128,10,310.36076013044357
1770.2488096749876,815.3302137970271,10,311.77995304999894
1781.0885094201658,832.1870557281898,10,313.7532809064236
1770.3808029687498,792.3529328819536,10,317.33880870338805
1737.7679604089353,834.3644177320994,10,318.8363544449911
1711.862589696655,814.0969301026225,10,319.7575563579975
1724.3298843896482,820.7547495097928,10,320.8014222433642
1734.5688017404173,783.9004233586575,10,323.6187934177052
1751.9101446664426,843.1572346315647,10,325.84921994415606
1754.3845737969968,783.9887942430428,10,327.8927047251064
1746.7933667695615,847.2088634663933,10,329.86272252840536
1731.7026704347227,785.5586952197993,10,331.9403798834096
1741.7095960176084,796.4391525151656,10,337.64123058198385
1765.1529763734434,802.7772187601449,10,341.4582449883874
1767.611767867813,808.4716509741675,10,342.8791120438017
1776.1377297437284,780.0837127287616,10,344.3445446564396
1740.9649315869901,782.7564271879801,10,345.6736057129782
1736.42439756752,782.0080616154085,10,346.66934569248366
1749.8780480420683,753.9172515070549,10,350.05188601417126
1704.0295182263944,804.2961869692659,10,352.5945903460967
1712.0899725949857,769.6242297699145,10,356.0617957604248
1722.3533364331815,767.2835701682495,10,360.37286596058266
1703.4831067121122,763.8325846124399,10,364.3612244680608
1674.3326531446073,745.5776848897973,10,369.4036014279944
1711.2571259534452,766.5010143632802,10,374.534847754466
1738.88910875679,754.8714950326223,10,377.5915415213726
1736.7081764733884,742.8314636588226,10,380.95416652483135
1753.3683784997556,727.3019820793824,10,387.34330508349217
1731.3026760614011,759.3351273829087,10,389.7313830677481
1702.27693829895,705.4778210641771,10,395.2239803243518
1722.1386784112547,708.5645007315175,10,400.4613771008163
1740.1876381433103,644.3377279731828,10,402.7492655740283
1710.855114797363,667.7916033965655,10,403.2882386652513
1707.0736006295774,646.590668299998,10,404.06410559300537
1706.896094734082,662.9717100304721,10,404.3315059272233
1698.3307203596924,655.5228704625106,10,404.7866925780999
1706.5133821855761,614.5805517439278,10.219204317592604,404.3653531475897
1708.0874125499563,625.2931740683481,10.384108028224455,404.06612702291903
1702.9016242788512,623.216753297887,11.38903589642343,402.10499065475335
1712.8975581144803,611.0003678232586,12.50843150031188,400.01465789002077
1720.3220289590263,626.6842454734319,12.643922031678857,399.7686982439708
1717.3467306968246,649.5455633228584,13.966331376516697,397.22970588618256
1702.8098830050753,645.744678306296,15.111907100591434,395.20890206676813
1708.5806304695557,628.8830479285731,16.767603410034116,392.1302409777315
1717.0094744125845,612.725479547735,18.05952604338554,389.67067375991553
1713.7559955113018,614.2584587208562,20.618840327503232,384.6840602823332
1705.4347915178032,603.1541304854773,26.36438914549384,373.71318947037616
1723.2308656410712,626.2162305638814,31.15586974417286,364.91985708090186
1710.754292365344,650.5341491535348,34.12369143600799,359.3047260783529
1708.8966868094087,642.4824424746208,39.62293191246442,347.8542263197258
1703.5119355857605,648.3784005389173,51.20793086406766,324.189945193269
1685.6023994562875,648.5871655776906,60.85464937850706,305.0497512363279
1690.4041862941772,669.0675943852723,67.24823661428749,291.61523982782955
1698.421493605899,669.3559908137651,75.36346520678607,275.4625259121893
1696.8705829201886,682.2975058970425,81.47953065779723,262.84326012704315
1693.4085217380587,713.588010206665,87.73869257808343,249.13850654319842
1705.216586574901,690.0306961692625,98.01135303501427,226.3603886463237
1698.8133799743614,701.0622307475141,104.84853463056318,209.85371072898675
1689.3530201921953,696.2672588619555,111.60499333063781,195.09841486082172
1700.0171498231305,714.0595054144209,120.28320951737598,176.5269890013745
1669.332518438178,723.1127897687655,123.18706396208538,164.31218016512167
1665.4772126578632,734.1801042977805,125.46847821131357,152.0761020943352
1684.2183576376199,742.5470845497533,127.97748311263992,145.19717260387853
1687.562521386992,761.7624047523019,127.82701028537416,137.2291023892109
1687.7246517652752,763.7891964977084,128.69536527625965,133.7446912807528
1692.8885265351246,785.9489244858079,129.45324996812792,135.39829591246385
1698.0458265778982,796.2767444379743,127.87647241523482,134.0504925407237
1711.9572554283975,780.2840535086249,126.08777723559847,129.50937369751833
1724.0891966362587,771.6854846503107,125.11103089775692,125.36627475032827
1724.625008764879,771.1726732397476,124.45832954166949,121.48492516315983
1720.943878334487,774.9597601822427,124.00349798378349,118.60534327722375
1736.6968050996697,780.348554569475,124.01007845915514,116.89106131123076
1725.6255765340381,795.7549698860544,124.14467922139968,118.23060876034732
1755.9233368916973,795.398572347159,124.72764056174518,118.72114896581617
1756.5238011226259,789.8628229249229,120.9595717590833,117.55403086692905
1766.2176490161355,784.3652259467782,119.77082387855795,117.10613724539843
1772.2684178176148,797.5651754911722,120.61481621334377,116.97659338121976
1772.1969948323292,822.4902628290928,120.82846500662376,117.66638147393328
1772.6094788665175,809.6016719456981,120.99016922046631,118.16740204687514
1780.7318998012752,814.1633576729109,120.09632050738395,118.21879331827945
1787.1307194145222,831.6363765548936,118.90812876013777,118.16026013195105
1770.7477531696734,841.7702860820693,118.57599301253089,118.02301625765311
1775.9396141388459,845.104509839525,120.13275893581933,118.22004344366957
1799.5774131437659,847.2430170076819,117.99109876167255,119.67380303313682
1798.779379411817,859.1832956919836,117.1843902226867,119.94975697129617
1813.2722366046096,857.2608192505301,114.74444076019718,121.58830612190356
1805.9924757460542,875.6825468553981,113.55961204395827,122.11714629180615
1810.0870969751538,884.188530818783,111.75433221698432,122.81693411759986
1814.0191028909385,888.8307149747549,109.17939719053007,123.85356018279234
1819.6459512873778,902.0025417730619,107.4141418649365,124.32863980151014
1817.6995029091956,907.732507839824,108.51877577721523,124.07997800032233
1813.5621632857922,918.477985380642,109.90287103201761,125.20005540464825
1806.08610146464,928.2883128214817,110.42380895197073,126.1536211803178
1809.0202009450943,939.5476370641778,110.13839702795822,128.2815676961461
1787.9168305859996,937.1060015679441,109.40357127886215,131.47513450884983
1725.5923351729043,937.2799789044758,108.80348526179122,136.59984323834377
1682.138906620024,907.7215661037626,108.7771987518289,140.5796143964107
1704.0203833147714,888.3683464601665,106.09096655374046,145.94275763257744
1729.2932735557536,902.0509320258222,104.63956549682514,151.78042539897118
1748.6023625394594,912.2400537419642,105.42013783458918,158.2202380732546
1746.1499337711052,887.5098347884838,105.07748493810061,162.32500886595764
1739.3902355536873,893.1288523468497,103.88019893885433,166.04408415419414
1757.7744076176562,895.9617238486666,99.45083262463737,175.83662457493776
1742.7881333592836,886.4732098513545,98.17430620546926,181.4168258254824
1754.8577247864102,854.3644104086451,97.60811567604495,187.98123409810827
1764.2970516400703,860.6104396929943,95.08888655978954,196.01964733116753
1763.9872898694562,870.8969355694129,91.17263253220057,203.58123237581572
1735.8213185536672,851.1172293048749,87.08434429829985,215.36753928355392
1740.265817893253,859.801863544531,79.21850059311221,231.40555077250332
1778.725723434492,829.2736917052524,72.37157311659121,251.8749765738632
1777.8807002654362,829.0481339377749,69.07297962315984,260.4167932120288
1743.1748156591093,801.0190022350131,61.919311518919,275.2087106397692
1722.174086499858,806.7921460798734,46.76852526955065,303.2687233040524
1787.4543683255758,797.7827834154297,28.359649240185238,331.4819266679131
1803.9414134257136,796.7023069220597,20.14141078551529,343.0606843726705
1741.3493179148722,766.0802868596382,13.291147461494974,354.15190391035526
1772.6047148725484,771.2435128728828,10,360.99703505952533
1787.8189930936787,750.6534781736633,10,365.0868182030815
1797.324328901479,743.6777174802291,10,370.26384351145873
1778.7926764509175,766.436160918193,10,374.1493156443201
1792.8592915555928,750.4121336692393,10,377.03404197145096
1786.8771243116353,747.0260020126909,10,379.99182927136405
1752.9019732496236,767.8441223900852,10,383.59104307590167
1759.3626184484456,744.0250902149102,10,385.9697690473456
1754.6109585782979,715.8512282601048,10,390.4715189884506
1788.3913006803486,747.9645347003529,10,394.0212427778761
1756.142628194997,741.0285553787462,10,398.8869872792439
1759.8819592020009,737.2813175524692,10,403.2722421886185
1749.3437635919545,705.1543421810752,10,406.6244557182717
1717.4197466394398,700.9593706574494,10,411.7831363200734
1743.5436670801137,623.0589442268865,10,415.5371141811993
1795.7894136926625,605.0450913738545,10,418.1121412068435
1763.40643716068,570.6117348659541,10,419.8246107534061
1771.0611975213978,584.3318290491909,10,422.76674469833375
1799.426197292516,540.8354430153478,10,427.46085648769963
1806.7409436723683,544.5486904702752,10,431.1276156672002
1806.715307708377,561.5982696094608,10.2512259161774,430.672095999669
1810.1000296866987,577.6309065252905,10,431.8704940430095
1799.8061291968916,580.8671424096169,10,432.90309629855716
1801.0473233892271,618.8439221305143,11.50391518321525,430.2098517981685
1811.1802823398434,619.6074323367775,13.984937894775587,425.0042038946449
1811.308217173439,636.4723489604913,13.29169983464003,426.2348351247562
1806.85155571292,683.7938958259083,14.370005074556492,424.4937875975356
1813.3821411535992,676.3987400518806,17.78171551033648,417.96985964363773
1820.23449660439,681.9457117899285,22.663531479482586,409.16706649903927
1819.3448468321756,709.9015260397188,33.947735770920474,389.5200330311971
1814.558122739293,720.3867728220092,38.855963696065956,381.21118249487546
1804.5644139410456,763.32647715126,50.24503172133268,363.1111393759247
1799.9786235819304,781.9199650541887,52.446974568774216,359.6346738239736
1805.9248817986806,784.072611032569,62.736085408833496,343.73634807662467
1795.7493865899623,807.4842050008382,75.27962743912381,322.44351940827454
1787.8769213492249,809.373712213719,71.79275593390477,328.46192166952466
1782.6481889709432,813.5234249375245,67.91694108078774,334.9521681198019
1784.6398082271658,800.5687754451524,52.23648367338389,359.6395469719091
1784.6810111003033,794.5521865622358,37.99275151872265,380.0471668382673
1761.4370858471252,775.5651652989103,14.152118443535919,411.8031450567517
1728.4403835332487,725.3086049798429,10,418.66657697418333
1684.4207531011198,687.9315049995412,10,419.68484553830234
1720.3522182500456,716.052403581087,10,420.2697352343415
1740.6837936437223,660.3180511329999,10,421.1239076598125
1755.7493921315763,726.3504615161999,10,422.31972226938944
1731.3604169881437,723.4932690514865,10,422.52948521624137
1747.392819026718,702.6638733578054,10,423.06279976644544
1742.2127781903837,786.6969472667524,10,424.4121945510905
1761.4124871289823,707.17726119696,10,424.9899120275895
1781.348487952957,740.0668344388909,10,425.95641678884505
1791.9188071286771,725.3788717056657,10,426.4800149084937
1798.8392067945097,723.7109709424551,10,427.43623283773144
1793.6129098928068,741.991093097316,10,429.22436194109565
1796.9777723348234,747.9776697534066,10,430.80728467871916
1790.8321953809354,751.7927190789908,10,432.70444680788535
1807.6163292920683,731.811758737404,10,434.3354043562932
1795.1264153516386,736.452445998895,10,436.60310877465645
1763.5396424329374,735.5146068852707,10,438.7470267980665
1779.927526572952,737.6446456361757,10,439.7781537487714
1765.6428423917387,738.1549669272213,10,440.67507186328197
1736.6026278531644,675.2293089664118,10,442.4633308391
1776.6235934293363,726.3530203439302,10,444.18800738826246
1694.1312380826566,702.2981040441352,10,445.95649324712986
1702.9122916257475,670.7137344611879,10,449.295879080505
1680.048487762222,715.8770709828214,10,451.99590128870284
1690.2720824277494,641.7034950526207,10,453.92574052703395
1705.1240883863065,658.7929602887941,10,455.4700461386714
1718.473150352249,694.5394805090348,10,456.66207955072923
1730.1484004056547,716.5867168936345,10,458.2361019597525
1724.6742764508817,685.2071596139301,10,459.2416307037316
1747.7527333295438,688.7709055766859,10,461.12322252608374
1720.5483857190702,670.42098287406,10,463.88801315228295
1669.5878716504667,674.3031120745511,10,467.3969462033269
1681.2404805219267,613.3512460768209,10,469.9923743657795
1676.6454278028104,658.6031245994549,10,474.1480792956093
1684.0287562406156,662.9487230181883,10,476.42082021754175
1715.0522089994047,661.6875302644729,10,477.5563515532196
1686.287283996353,643.0724384929268,10,479.7794931651595
1709.315625289688,680.8730444336377,10,480.84737918412844
1699.433063606033,625.1193423830618,10,481.83960079016276
1705.7308522260282,651.4707209742614,10,482.27767078671883
1727.8916302716825,665.7228957243591,10,483.97386945852054
1738.3995572126005,685.5136032681197,10,484.5412008614779
1712.550293067703,696.7677709870758,10,485.2300223296936
1730.245475867996,663.6613730280686,10,485.5233236188016
1732.157854059944,681.9678321907173,10,486.17365755180504
1653.1490115916822,697.7108625865021,10,486.4421209911925
1667.6997451579664,682.9512546764482,10,487.2794806559047
1677.0607509410474,678.280028782206,10,488.54601424675724
1732.469163874397,721.7891748973145,10,489.5840727245482
1698.976945856819,667.7934033476697,10,490.49749845323237
1708.8707122600172,675.4386359359523,10,491.1305152178903
1731.5231208598707,685.2296191584784,10,491.7785883693957
1704.2564925944898,730.988650506069,10,492.14528366981983
1704.529066512594,637.6561266284843,10,492.80297668866103
1732.5695404505823,716.8394769509684,10,493.6070371520914
1702.623419234762,703.909806274006,10,494.1240552027936
1730.2644352412317,694.9870506225928,10,494.75281540698705
1713.4322895503137,692.3109653093672,10,495.3191078519809
1747.9512600398157,706.32508221404,10,495.9786639596275
1688.6572536921594,685.5689014993502,10,496.5602201827082
1681.8194140887354,686.213456580071,10,497.7841732136342
1697.8872889971826,691.2740884207874,10,498.57462408603453
1710.0942859149072,678.3552039075463,10,499.39977409396187
1693.7172641253565,661.5314116800876,10,499.95120147490474
1745.8903369402979,673.778722538193,10,500.7700353403589
1715.450607249746,667.2021766200677,10,502.25715351327943
1741.5509452319238,673.8818272099907,10,503.3474058231187
1698.9539679980371,672.8060693116568,10,504.38063119543955
1727.0942382311914,652.4247199448539,10,505.3070071446214
1732.1391691660974,666.3122284450551,10,506.36868104692905
1699.7111448741052,706.0173254666247,10,507.7702774700984
1696.9676658606622,686.7758168734701,10,507.98088330997183
1708.4521629309747,678.933037332793,10,508.6611943215631
1722.0104906058405,696.2672617978069,10,508.8987855831856
1712.8740827536676,676.4031742237843,10,509.50376889773474
1723.4909183478449,701.0382379644374,10,509.88794592082303
1719.8657595610712,654.7413324924283,10,510.75712460165755
1726.009464452276,668.6894440812567,10,511.7544294086199
1744.7072889304254,667.8297537861768,10,512.7109593565755
1679.2729780173395,692.7781719335499,10,513.1813258206186
1715.5924322104547,665.8605238965158,10,513.6310399244718
1707.9597694373224,675.329841947203,10,514.0421352684098
1712.3843209242914,668.6231946045774,10,514.4069480124379
1711.1357410645578,686.0131358413937,10,515.151990770739
1676.2442310547922,686.1011793477028,10,515.3553649869682
1692.526448080549,641.8129637395283,10,515.9650908810515
1700.3592651581857,661.5982676772226,10,516.5652021523914
1689.9221113419626,668.07028461291,10,517.1178409113267
1698.2181518769357,655.027817975689,10,517.2737275549092
1733.7797249055002,625.050788977712,10,518.175909482748
1688.3742416596506,665.0328325326955,10,519.2507399142852
1674.8875177598093,644.4486393161702,10,519.8478525436246
1667.7748578286264,665.0158659628412,10,520.4503682444234
1688.413380930433,654.4635948781847,10,521.3285958690585
1709.384084055433,660.2023221369584,10,521.6069673479101
1718.8850720620248,636.6147325920633,10,522.5351142721728
1710.1201880669687,660.863359152364,10,524.3939822148042
1709.2617149448488,650.8108311645849,10,524.8945555396054
1673.1747627353761,649.1497081770284,10,525.5250931883786
1675.3920936679933,633.3265050684142,10,526.1370965583168
1679.0635824298952,622.2500369990341,10,526.873374295588
1694.0602617359255,663.2839048747503,10,527.2413380070461
1697.2002256012056,632.983201695277,10,527.7019133723404
1728.505622634897,660.5425656881757,10,528.1084577559277
1707.5890958404634,672.6668918368746,10,528.473252647861
1751.4952199554536,662.8552532006936,10,528.8356370521811
1646.601138839731,711.1107617753635,10,529.0994383232515
1658.3749539947603,596.6406106039375,10,529.8571845137596
1716.314346084604,643.4145601146197,10,530.4876454777467
1725.0536840057466,628.4138264768887,10,531.2270392363629
1697.8620183563326,676.4593604454208,10,532.1177904521311
1717.7129418945406,638.6319850944931,10,532.7089730387521
1688.1559579467867,689.2206447161441,10,533.7647775747469
1680.893830547342,610.169426203081,10,534.8463100598574
1691.877907047281,599.8466262272393,10,535.434998543035
1752.6350252723787,629.3724100804324,10,536.2528728227328
1681.14012933732,702.0890032386844,10,536.9003139476349
1724.9186747169588,583.5453835907362,10,537.0257459925549
1737.8677513694856,616.3985652385228,10,539.3934336003019
1680.6041939354036,624.2999744828016,10,541.0919369043469
1676.137943515787,639.63463274325,10,541.7890430366483
1712.9177515602205,624.6538545618155,10,542.206324115704
1765.6075670814607,635.2505949998591,10,543.5163851860277
1690.458732852945,627.8573857803477,10,545.0598961009416
1731.9782831764314,655.5622701290724,10,546.0644645616953
1718.5220339393709,641.4544792607405,10,547.0361860536083
1734.8998091316316,617.5018365385913,10,547.9948314832582
1701.714452991495,643.1185886852124,10,549.9646772571547
1729.544588336954,613.4784218628163,10,551.16134314682
1706.1049769020174,610.4389989002802,10,553.6989543402179
1714.9611399269197,607.022059209779,10,555.2665926476121
1706.2186920738313,604.9913301700142,10,556.6761578266747
1672.183173427591,600.4523059449231,10,559.232987500154
1693.2871525383089,562.1803449075759,10,561.2802207320749
1776.3258183097932,569.70174737245,10,563.2203812716871
1680.7874195671175,594.710477146516,10,565.735464905928
1704.0133183097932,583.5780577637615,10,567.071041510182
1697.97118068696,513.0397248081501,10,570.3400444575378
1695.3538303470705,476.97280418116105,10,576.3895961607346
1719.7868881321047,433.88347057841975,10,579.8681138300844
1665.2225952243898,355.27739779490474,10,582.2012768531691
1645.6935291385744,366.44123316878967,10,582.618999858451
1675.18802453042,360.183453703758,10,583.5694991266491
1702.74785996438,325.58116959375286,10,584.3513073368938
1635.278148660669,371.04697265109036,10,585.3589788711446
1720.2152290439699,336.641930084757,10,587.38555570303
1682.2874603366945,337.1665163611607,10,587.8086531621245
1656.468111047754,350.7185950595202,10,588.3124459759767
1671.8963022327516,328.7928616904001,10,589.8280286199787
1684.8877306079958,398.98348564349874,10,591.3713412606564
1699.6888113117311,354.39502752470287,10,593.6652390045958
1686.3181133365724,368.46552419680296,10,594.055966775508
1713.5715522861574,317.6648775511436,10,595.8703261679009
1682.3698177433107,357.2816505447272,10,596.1184848926478
1684.7646925544832,336.53315912520424,10,597.1288496897015
1699.4235899543855,407.5316753276902,10,597.4260525142217
1708.3020651435945,338.3217514550433,10,599.3654925446718
1694.1072285270784,360.1552609993321,10,599.6757264162993
1695.4639605379198,381.7784211256171,10,600.3310785270105
1661.4536684846971,441.24346090371205,10,601.3676890342972
1693.764428982744,397.0339270101499,10,604.5625518043316
1689.6633662080858,393.61921254489414,10,605.4317561063947
1686.7502738332842,398.1878294247606,10,607.2715960160954
1696.5019084310625,393.1557769543516,10,608.0789355913128
1713.071314940462,319.8650709498753,10,608.8880850270232
1665.8583937978838,358.60312739340554,10,609.1441575037322
1704.087687621126,372.4183154809949,10,610.6696460441296
1669.8548232412431,406.4560104615951,10,614.2037150062691
1716.784983763704,322.3798743297736,10,617.2679135394434
1704.6803342199419,349.0170326575051,10,617.6294153654256
1664.4016209936235,380.6542450855195,10,618.3705773624242
1695.7940808630083,326.1931016524101,10,621.3355659498344
1635.508188376436,361.7966118105517,10,621.881788126227
1712.2446690893266,346.3998613217387,10,623.2823466752642
1654.8761159277055,332.7273570650534,10,624.2986846869258
1708.0593663549516,363.73396299341,10,627.3876914581423
1648.7230511999223,363.84783490997063,10,629.0147508295574
1701.718923697481,320.60001326694254,10,630.4696455194222
1654.5796681737993,342.9564147869935,10,632.0041988941152
1680.9869309759233,328.63524190323307,10,632.8565342093656
1699.9301244115923,315.70889272107894,10,633.7914202262617
1681.5425950384233,295.56466259795826,10,634.7788283789972
1692.6996928548906,295.90683361907,10,636.0310323048294
1691.2965616083238,285.3642749450082,10,637.1611935982655
1684.9229120111559,282.4832413441372,10,638.4078193823135
1716.074122796068,257.10693680780696,10,639.0877737308529
1659.594531426439,296.4591100178809,10,642.2566572911737
1671.9171232080553,287.6663043459349,10,644.2184950602366
1689.7642282343004,296.92004025917686,10,644.8280238135867
1700.294060120592,294.27249191248285,10,646.5132109725204
1710.6772102213,221.29227435627547,10,650.5791148349351
1664.7124580240343,307.9188459797323,10,651.8155650938809
1695.6850284433458,290.55500192116403,10,654.7614691534002
1687.3931869363878,287.1742272235597,10,657.6747076011907
1704.9869159555528,246.89730671196253,10,663.0867486976272
1666.6844104623888,212.49224187545707,10,668.9789935439779
1695.7266162729356,209.2710274537933,10,673.3734699737465
