879.5,469.5,63,161
880.19870412943,473.9944483074865,61.36931895023118,159.30147527986344
880.5641351457828,472.3607851864425,60.04561922621857,158.45143854587712
877.898638307655,470.0657574266945,59.76448893625708,158.3296782313277
878.5118138165748,472.67713348137084,59.75275350183725,157.12241713073362
877.4802607123631,473.69066089119246,60.00642946867576,155.38145414539713
878.4905457193524,475.06907672461745,58.6586757312476,154.81530560499672
875.6274274876181,473.9398333817139,58.2598792929524,154.46856744301024
876.2912518833672,474.3143419472979,56.909395926650326,154.80058831004172
876.1308994463324,474.63894446734116,56.78776194664562,154.40257235281612
872.7270755417695,474.69839600285894,56.773795490329455,154.45208372551193
872.2295249577486,475.96808694186734,56.758166391800195,153.97787022823243
873.2320568059727,473.9027306973881,57.63247052372112,154.56126378179658
870.2537157741182,475.71769832649943,58.23385454513288,153.4442541484214
872.0470786320311,475.01643424365193,56.060727247542616,152.79839430981343
870.7426221835868,476.4741811012113,55.93148382576679,152.40677487753157
870.9957997948687,475.3861466433553,55.50106319211196,153.10661567530076
870.7134907705354,475.71476728275934,54.8478282906827,152.45526357800603
869.1194051369134,472.35622348741856,55.03414108510252,151.82427720933703
867.80008301469,472.6043217966718,54.722009229390636,152.92259353028365
867.8733373693476,471.5093991526762,54.23842731317373,153.79581346160057
868.9775825068817,471.632359214016,53.81113279787891,153.9249867990041
869.4922041561501,471.7599505892329,53.90015155187801,152.67841763499595
869.3215819247689,472.20915053348256,54.48343600804577,151.3582646975999
869.243307486197,472.6937802819866,54.29481551978359,149.83493907901357
869.0660757426591,472.8154517656602,53.06967879190123,152.05451844633734
869.1825184032937,472.442291194359,52.17837618614336,152.5191589751837
868.6329423920507,470.04267892202773,52.55544499768418,153.49737817545534
869.3765390910188,469.3229822727783,52.326477517564186,154.59542470342916
869.1487385571993,467.80390956737904,52.48095851259987,154.59917108163498
870.1576793255196,467.2069025145533,51.7525221377789,155.01423956245813
870.5967264113926,467.60966877490176,51.060436657820524,155.15292025329757
871.2542445722761,466.448439656565,50.591758933332045,154.97914359617232
871.7613846848848,466.95868627850183,50.66622394451153,154.67772621089156
872.1462616028252,467.7852949223639,50.78847072422735,153.98222240793152
872.0695423578057,464.4225314542226,51.226389189966675,154.05159614215722
871.2081293811,466.0091146996334,51.732177346404015,154.43578267105002
871.3647831955415,466.443380905263,52.229662878913445,153.1056748410801
871.7150597777647,464.4271361593985,51.96296527786889,153.95613341659507
871.0544181583141,464.6260234555753,52.045300052376724,154.01303890942373
870.1513550889695,462.3871168912983,52.96290261242213,153.3602291742081
869.7131373304196,462.5860294498922,54.3511778173461,153.44664122127944
869.6923163822264,461.819024151496,55.4329511634318,153.87515314653996
868.8788370076214,461.47211243071774,55.344830485876415,154.90887085303302
870.2811075673249,461.2405551974184,54.150282228217264,154.74118322469536
865.9376681956687,460.67656315733825,54.10837736404656,154.22124121270775
867.961345336502,461.0808382367136,53.83317884409885,153.70925610980436
869.3770497065534,462.71730437438947,53.250796879356145,153.5420515070294
869.1236983751904,461.7871847269628,53.11544730886284,153.6938117550613
868.9161362973393,460.74278883039847,52.87451148417256,152.3645685178249
868.8435009636372,463.218401123083,52.76217141329948,151.40974333507413
868.7865616523388,461.9651121357012,51.97708950513836,150.18549493196917
868.7251295483767,460.42835392926725,51.292785586956356,149.8002577590217
869.2870240747345,460.93535082933454,50.54925694216534,149.73645152278323
869.052918500721,457.8453356775208,49.87618588937896,150.4874194599251
870.1747444210503,458.1039241511618,49.16331627146832,149.9676356629914
871.1598714814794,456.15612947238435,48.45938929332557,150.95527008928707
871.0209771977125,456.01159676466676,48.47350771439414,150.55998209352458
871.7116014348711,454.7516475541268,48.07359923116961,151.88027445362272
870.770381383335,456.8458400223639,48.84827401727843,150.2589938567481
870.8585434813239,455.36989160293945,47.609645801372935,150.7072095127357
871.2760794083042,455.9880384985221,47.18824857018623,149.6774929927936
871.4369384607628,453.9878140764046,47.74870853343019,149.02035716982263
871.7890101080152,455.3854761711798,47.28041312930225,148.79389613372996
871.7051239172272,456.78010005860625,48.37456727767457,147.081827671583
871.3974555908005,457.80034695395204,49.26612148056707,147.14770075367892
871.3735202205816,456.9702749399033,49.8584535309148,145.48245968808746
871.4978494875635,457.46287578741146,50.68902351734438,145.1850317572045
873.393192729852,454.59202687260097,50.66858973738775,144.98875131915582
873.96183417449,456.2270289048785,51.01521097141797,145.2317863666918
875.3460377258796,456.4924582577314,50.37088977180666,145.06166495494475
875.4562132503454,456.27337728153464,49.4759628576063,143.8747730247394
876.8405296969498,454.82129493017004,49.52129123186857,142.8886970582181
877.7227745535046,455.0043985410059,48.5399104684205,143.12924974236154
879.7886666187221,453.3233493196626,47.6090612249176,142.45444194267753
880.1423980318972,453.42600022546867,47.02892336714402,141.91905378062432
880.3341701369566,453.26232943684255,46.99773794527713,142.5965139949616
881.5429349514599,452.2305677765205,47.51964141410981,141.64953974556786
881.4241017945831,450.6681769392443,47.55301055782046,142.9154119323959
881.8624251666555,449.8791464966044,47.87855302075267,142.6916575462982
882.128840282375,451.00541240333564,48.22444319203127,142.59322996562383
883.1462629623366,448.7704540443946,47.785632358933114,143.06106767349607
883.4175138739533,449.086314785533,47.28076125762614,143.52752672367478
883.482977354885,449.0611726148549,47.82638545895956,143.12947935135446
883.7729471745618,447.83059359629067,47.08276268826887,142.82699436213107
884.4714380761588,447.8004533459303,46.26200676188283,142.02197528037036
884.8805463352717,448.333264991956,45.84541009524638,141.32350509643894
885.4425523399585,448.7834020609643,44.90724229864315,140.47955160333743
885.0133595185489,448.7995884823921,44.30645402369188,140.44242620229144
885.2752845022435,447.5186802315379,43.1113395270746,140.70383124121597
885.7066574062767,449.0094541537437,42.56047970176005,142.18358329304465
886.1074047788828,444.68657418964966,41.06156811456387,142.57737388376938
886.1555667415691,443.9969493535137,40.41779960720572,142.4538916367527
886.8182752904546,444.8891621888919,40.52845712395965,142.04025907016802
886.0356598770996,444.51239621356274,40.623432814179665,142.45165809483905
887.1914275503973,445.2212176889228,40.20488078495954,142.30341884017918
886.8749464586682,444.0713227002874,40.645277795507106,140.99624375244758
888.1662780173655,444.20957245579854,40.81955885764757,140.44860706348106
887.5708907703817,444.67539188471653,40.97618096304248,138.87935282297371
886.475536230681,445.0992693770559,41.180371063371254,138.92435739983364
887.6326113747217,443.14389554914015,40.87347299162893,139.074636572694
888.7568694172267,442.9495186984549,39.71839648562893,139.01810334445707
889.6718822078367,443.2766361201959,39.02208057352213,138.7143276891979
889.7619732295832,444.0593652014681,38.99184213509449,137.87075514820128
890.8022367689384,444.24230344878606,38.84386560589114,137.67651544360257
892.1230733095642,444.07939599107453,37.64274869319563,137.09489249805983
893.2658016475746,444.25455954323536,36.847622355653186,136.2456701658291
893.5675721835831,446.3859206303639,36.53368016583434,134.77540890999848
895.3862172535262,447.601804403016,35.641767328117965,133.01017251026695
896.3513234936436,448.53014517593215,35.39639421574978,132.25590151932056
896.8264823529079,447.56524777464847,34.54014511384972,131.5541655601692
898.0335178964874,446.05907412449193,33.314132283793725,131.4027212039881
899.0667226169288,445.68010890172957,32.7089677836686,131.012374366798
899.4076898984034,447.0362163495564,32.61942411560922,130.12410058270893
900.0743463330404,446.54822975465675,32.48878754256946,129.91025086029202
900.5381554186097,448.17895779387686,32.75049613458404,128.181484591651
901.2096338743397,446.01457296901947,32.37492737620011,128.40946469439922
901.8476549247006,444.6450404606562,32.195892669315334,129.19356090104424
902.6746837838579,445.3620094498177,31.112278879242503,130.09936963635965
904.0903701162722,442.4929567897749,30.94015909641765,130.81880392067868
904.8257046644197,441.73408935413744,31.35491556774937,129.757003069221
904.1269852916996,439.61638615765617,31.557765890414444,128.68380140706876
904.5745568898719,442.2960568130519,31.593209866578142,128.2176814746037
905.0847567181431,441.5169834811711,31.015139676378595,127.86358131505455
901.1701238662691,441.5649950343136,31.449159351226463,128.18676903015967
903.0512629109489,442.8792067245508,30.718457656901514,129.4409526328701
903.9392399410556,441.3166326171292,30.310875440979952,129.94593263863737
904.1081411867344,439.2024086771906,30.218916166399218,131.65096948297688
905.0191029141366,438.5885599582365,30.07675686316794,132.95500922046568
905.0724792409,437.19158667230954,30.620445558193886,133.07846958054282
905.6899249673984,438.2490348585316,31.694889813815365,132.45599316621323
905.2854259085611,439.5787755629534,32.28770929076666,131.77935837506834
906.2520326627358,438.69234050211253,33.23862602190392,132.20675115414446
901.7397744809047,436.1509463766463,34.480580606543924,132.55582005616947
904.1509862512179,442.46870109146994,36.88852806430019,129.24269546081172
903.0943178309885,439.85665297337846,37.59440087735406,129.10480839773933
902.6918690846572,439.73061073565617,36.74561995281072,130.91142826213047
901.3811069527321,439.587188142381,36.578549970750466,131.45317807648073
901.8513329743591,439.0547664400485,36.05123798601388,131.30460180531873
901.4577876319462,439.37021297868046,35.41114039359505,131.9875528127946
901.533869527748,438.69166172023677,36.256518923673326,131.77572696874284
902.0435583558067,439.6715894649892,36.76220001389396,131.36117410870884
902.3773620970051,439.5966315565712,37.115719755465705,131.99119022943316
901.1176392241357,438.00987888161734,37.60775547083948,131.63651617222118
901.6485713766374,436.699730586472,37.61180496226086,133.8501452021728
900.9506212045532,438.2266827743616,38.45603618564085,135.0113167960896
900.328619884622,437.14870378445295,38.29883328579982,137.07358181010144
899.5084176760384,436.8973198980774,38.30534826624519,137.97021284359863
899.2782395325737,436.80879326825425,38.02857122902827,138.93921853444684
898.4292724892123,437.14046475573514,37.515924489945405,138.87050150934468
897.9225391262576,437.0210438739923,37.035867856556145,138.99446418621667
898.9757311848147,436.699161554483,36.82438728005341,138.9527859603404
894.6339959473232,437.7657961062804,37.560260728211176,139.22127624280827
896.2463240051313,439.2850210196791,37.534386579758156,138.33214678000928
895.4333969308407,440.2033457239511,36.973996955832796,137.5981560008827
896.4504255283439,439.97537773601175,36.616226100586175,137.77948524224718
892.7647133369751,440.5710133316024,37.39226683921971,136.6756483578066
894.3366469223048,441.9280577195275,37.707757168636604,135.16988556405025
894.206875012187,440.6978920269512,37.4221570865704,136.11401831410143
894.0480717191169,440.79397103691525,37.30010243809323,135.36311598284067
890.2955283122415,442.8581627045347,37.951175808851154,136.75529195851476
892.2197340583973,443.05878521465036,38.333301731090195,136.17837536083
891.5089064707929,442.7246994065263,38.5694370918078,137.28922104767466
891.0433877534698,441.60104311898107,39.46032814951629,138.45022681238615
891.5505315357103,440.6972805664079,39.54312474965462,140.2976112235997
891.5651346654068,440.9413400791168,40.13045951828431,140.3152540599831
891.6684626972468,441.48857318025176,40.820502406325595,140.79809031361526
890.4374777162266,442.3412857850615,42.20062708485783,141.1789416352153
890.0961937323185,443.35504191606503,43.858983705570914,141.52909775394545
886.2567992593711,445.2808516124435,45.43900203302708,142.12199931150593
887.7580980766218,445.97997612091035,47.579868963802625,140.94347903264173
886.2680501473028,444.93756791358186,48.153594897895275,142.43741702027015
887.2966888359414,445.53636640156964,48.61863540697071,143.1932684590971
886.8253287378312,444.1520327378719,48.78088552996802,144.16364291120274
886.6671424274184,444.22483926942823,49.37622672341004,145.22887293433274
885.9233103823303,444.90982103116255,50.21927063345639,144.38234601679443
885.4967343955066,445.2298354858065,50.55576316849382,144.55414578039233
884.7576719636813,444.9404487115691,50.37669937819837,144.23704733198755
883.9019275590283,442.90533912402844,51.03187574567855,145.66536429874066
883.9177765378555,442.1659456005964,52.336771654372384,145.08929885994797
883.0679533456649,441.70859731831194,53.63326241388704,144.93518472314673
882.2040236266221,441.1963523006923,53.42023082452204,144.59702841706206
882.3093370268614,442.41144931635483,53.55663177286664,145.50822094236247
881.3843316382964,440.91452059580564,54.32451211786773,145.78754219342784
878.8764260777535,444.0026469633475,53.84066417752166,146.87043662554998
878.9760960414671,442.6830492807512,53.51409670530985,145.02916085655667
879.3099822163439,445.0226047847799,54.90543809647738,145.05566489213942
878.8405489852471,445.8461701540093,54.490896222031516,144.8688391291903
878.8208860873596,445.3801978889003,53.76814736847269,146.07297616739058
877.6509689269808,447.421101023058,54.621376164213316,147.99001452264088
878.1719321762512,446.22480767961304,53.466441725320664,149.77487797344685
878.1180981403343,444.33493130285046,53.841941182290086,149.97594925800826
873.879056023301,445.9355689656795,53.49052426431817,151.82059335068513
876.6276615604954,447.10543825022506,52.12561404365846,151.80889132830123
876.381677015378,447.0857689097171,50.262296297269195,150.5368843128678
875.9068941257142,448.8459610601801,49.30923484690626,151.45766879703706
873.0921909245017,446.9033425389078,48.00520437875629,154.30249782433057
875.0976120624174,446.1655709794847,45.74255763190899,156.6105095720601
875.5524333795416,449.776685164424,45.1706919566029,153.59139285074104
876.7710712020337,452.7544757162618,44.99136518704616,154.1347059616955
877.7076851605588,452.3604004989821,46.35831609346708,155.46161777358964
873.8175560853842,453.0618475532301,47.41189921024668,155.19740459999963
875.5853047387318,453.53088879787856,48.655170919817365,152.79393631606308
876.9858122007074,454.37105245987505,48.598649003526134,152.62921408411881
879.153249840392,452.90429245688335,48.88201265009076,152.23966237188623
882.8683047442067,453.38608602164265,47.70933864110624,153.13216137727818
891.5259377620282,448.44819052330763,48.272555424066994,154.51684252592582
905.9260353801219,450.817444789036,47.289399677625646,154.22292503984866
921.9294186877728,447.2989840279004,46.36200546832973,156.75791251060613
939.0237779532665,445.9342830682008,46.71030475960778,155.88823672843688
956.9360251032251,446.8651464087621,47.31396063669274,153.3812720054365
973.0638497710421,444.9550090057316,47.35467513162518,153.2650298112991
987.912930586728,443.6694853085187,47.13507680896915,152.68214129645366
1002.1636183679483,444.6596830456053,48.20798675373074,152.34588332399707
1008.5713288667336,445.03100353688365,49.33228018792275,153.23925620691128
1016.5046190035414,439.8175594097418,48.929817918152374,155.23572835401717
1024.212027438339,443.7664406623179,49.00368284177007,155.55663669389668
1028.4759502067438,445.73333784392787,49.15495260037035,153.29252495263262
1032.1320164015171,442.7194706468313,49.697125954995016,153.9124720238277
1034.9284083781315,443.3782739386595,50.546610850185694,151.08409154300037
1036.920887939576,444.5507701868418,50.727111360170085,151.52126600449094
1038.071757428935,444.96545056460303,51.71699931168925,152.17703162512055
1037.328606877925,446.5852404057796,52.80375122747888,151.7872720797913
1038.0244897651933,447.5940555616185,54.42273217039566,151.5657535902418
1038.3666749130732,447.58276408286554,54.00993514996334,151.5836561954623
1039.2236485611188,448.20572451182625,52.71198717700213,152.07201210908622
1039.2553418213024,448.1236276668616,53.84396143639688,151.69080786171773
1040.9269623198618,448.27871763548956,54.540690360390165,151.07218732859656
1044.6214113998678,449.4381753860697,54.64265933828721,150.2618994805582
1052.5560204493866,449.4120286004856,55.61068527306303,151.37918154564576
1057.9108726912661,450.5911551433438,54.91495116436521,152.00929959373372
1066.3715253343564,449.2788197271265,55.52816125904363,152.09286730154977
1072.9951219011703,450.1651324248131,54.57945864970807,152.72787354184243
1079.9531102292763,450.27486358639555,54.42353085976802,153.29381071523292
1085.1106426106808,452.11803173061764,54.42815107925888,154.16447172598302
1089.1899428416518,452.3121174296808,54.58423643884986,153.94213868864318
1092.6942132139138,452.251255853084,53.92043560826622,154.77265113083445
1095.4895003804934,453.80076772948917,53.64202033653935,153.89956188348677
1098.3614697121636,452.351309847504,53.94576252799618,152.79141950384138
1097.8344509731091,454.27433009064606,55.403025278998754,151.9075353133336
1100.286654438055,453.023806994055,55.53013251689296,152.507568489815
1100.8896547487514,455.1695240040715,56.70740120549753,152.24996225145927
1100.6077779764692,454.5096578112798,58.09465597934829,152.35605037091415
1102.532167724849,455.02642303609707,58.9017016206807,151.81789039871748
1103.386934679012,455.28680313047204,59.391901208066976,151.44990734533974
1103.2298527540459,455.8334873423788,59.12588262487067,152.40041294687109
1104.998602914366,455.8562549990655,59.750942767182245,153.1406199163651
1104.5478744837476,456.21979117140506,59.19491180684021,152.1923465392859
1105.283827851862,456.0936042372548,59.98341680996059,151.9187845192959
1105.1486266023314,455.6547996507003,59.06992300584471,153.26163044563032
1107.496799792331,456.164920105465,59.0061330642918,152.97075977249764
1107.4533922747403,455.12824250511653,58.70015778193789,153.86770799363373
1109.5171222960407,452.75249680809304,58.90178499672223,153.81522475923228
1110.8403062601067,455.43437858084707,59.06768770991711,154.1359261452122
1112.132417822427,454.90337664722915,57.06626068207838,153.85943118165278
1113.2802447609902,454.55334868819466,56.984619904622434,154.366593281701
1113.265045455674,453.3701890544706,56.10578464713241,156.096293815743
1113.5638478294536,453.7278865719113,56.67576765668421,155.3026057106644
1113.6798679054511,452.42920490256074,56.13573746033357,154.86313218680152
1114.2311270161185,452.9373686482566,55.426557174208114,154.64474381713293
1113.5337565819357,452.3662184904042,54.81481377247773,154.62535663951343
1115.5246429345661,450.4160912175603,53.67296039590663,156.62367596543663
1115.3144965952833,448.56319560791997,53.31101304132241,156.90769637363633
1115.61511181565,448.3274704104165,54.16698110122255,156.62455196578688
1115.3108451146002,450.4548930015477,55.504895587764196,155.97318998359768
1114.3706719302186,449.83738079217324,56.273643941695696,155.897810578494
1115.028634913736,450.53123236964655,56.086142976759156,154.07121467161534
1115.181950319013,451.18532853481827,56.49198901576133,153.16718313886776
1115.7947061216464,451.8913740959156,56.36409312933553,153.02831315181268
1116.8476439990886,450.25302003535757,55.39830819762477,151.81041811588526
1116.9511523785127,451.60379706303314,55.152577469486374,152.29390882600646
1117.5425774392643,451.1268546565503,55.283562730444956,152.8405814709939
1117.9237644323293,451.2513823706318,55.27135212064601,152.72927336038347
1117.2601778704886,450.62347902383755,54.86098035010902,153.63550560729377
1117.211624394225,449.4351273800754,55.27661237854879,151.4468173542907
1117.9539484829254,449.80166908854756,55.04219952028535,151.0827225705023
1118.671905715953,450.43519797010856,55.28633530809833,152.17338017565106
1115.433669839338,449.39308861026245,56.86569612230241,152.18683649948463
1118.2385777409227,449.5531392077182,57.21325489188723,151.27203472969825
1117.3821688468397,450.1940832281085,56.00436075836117,152.3274314923081
1117.2275382230641,451.7476512746318,55.49298317048211,151.93747517449958
1119.1053178745021,453.88253249148477,54.20263478221793,151.82626681794204
1119.9036768990613,453.33981245076524,53.71689140255624,152.20001957294983
1120.6512532891254,452.1356010832017,53.0923122622974,153.45318472541237
1123.2196827126934,451.8346824312305,51.8155031397403,153.46456906028055
1123.4357024595836,450.3027742533832,52.22009476521114,153.15723182291185
1123.5222507994947,451.43190142984247,52.22625179768554,152.28079647977418
1126.3005646086317,452.7714870102574,53.60529646258405,150.15947269958252
1125.3439178893577,452.8380455127681,53.421177791757174,150.56084377649313
1125.9767896549185,452.8698023109159,53.931225786476276,150.086555532008
1126.6779765868932,455.18700140929116,52.857520338073385,150.31318076131336
1126.218460447261,454.4251342978587,51.76933163383252,150.72015413422565
1126.8841679171912,456.1652861794985,51.673890528963554,150.88011941200742
1128.7421115416146,455.92159848356044,50.661398408367006,150.74970935008707
1129.4819574876626,457.7095543574012,49.532959966187576,151.02602147554396
1129.9148495445138,457.9834823674678,48.40076839251086,151.63667757088933
1130.405820884379,456.0244901620513,47.70573684273201,152.13055347647338
1130.4898782870132,456.5366351539609,46.81808507733868,153.1744187813504
1131.236851772496,455.3969830816625,45.50254975405029,152.9469437320691
1131.876489129645,455.88748691915845,44.48336416896204,153.16411124895637
1132.0760512024438,456.30758322505017,44.14142520012477,153.50551396264285
1131.4255306357518,456.2570719566545,44.44858540594577,153.51048150586433
1132.519991165486,456.8676060247666,45.367919971248234,151.47647616957076
1131.9318601629955,458.99694410535216,45.81059882393528,152.60273872528808
1133.4284162159254,457.71359843093757,45.41972012795692,153.52133673133616
1133.2764081430714,459.4563103515296,45.12819670381029,154.77736796827702
1134.619570550293,458.12344250961314,44.97878814531826,154.65665517341125
1134.322916577515,459.6484783019952,44.66383824881039,155.54340719513826
1134.8914679675704,461.75052533838283,44.71681408484153,155.80680331859105
1135.6642319431353,460.08653948128995,45.36537578481958,154.8134001395884
1132.3522525050425,462.78004085817884,45.801868039606376,153.21439606211058
1133.0795075597416,464.76053558054946,45.3919227733861,151.84351620408512
1133.6963772193242,465.94406173475306,44.79772156352328,152.39943729007177
1133.9958207965285,466.5228236286324,44.70212696969213,152.7206106830611
1133.9604058111918,465.98081401903073,44.76304412821467,152.34260092200924
1133.4256430709816,466.54425336203855,44.896826932376705,153.04592433865483
1134.4910204497105,465.8868598632678,44.761975666892845,152.01126050955145
1134.078891857003,466.10732199265595,44.31914753851051,153.3056228442123
1133.894779644262,466.9707740175916,43.93355231954194,152.1894475946377
1134.1535496803046,464.16660847018983,43.12429039682265,153.76882370668375
1133.9295586590404,465.84009381455917,42.59002556358826,154.67657561315988
1133.6980522992544,466.84381392977286,42.363891406825324,154.29053633507172
1134.080064757257,469.7785774979293,42.486717026689526,155.35217775497222
1133.4382338868902,468.191914115252,42.065991937093294,155.65782945433253
1133.274192847095,472.19049747075223,40.99887686359217,159.42098149943564
1134.6900455149541,470.5745497406821,41.25854640198901,158.35808335377152
1135.6997854868234,470.4967626933146,40.953308320547244,158.37459242126945
1136.4266900095226,479.2206644868306,41.611558391512574,156.9704480444426
1134.6322532002953,478.1380121887971,43.529860205920535,156.9714970214604
1134.7814129688263,478.97178055399934,44.51675878847961,155.9421664153617
1134.2896672094496,479.7888382169598,45.52114854133245,156.0639613668075
1132.690645068473,480.1683596435853,46.50887497317281,155.8863958575926
1131.2612498478006,480.2028282090096,47.292921905224645,156.13925064382954
1129.845873655262,479.19671572182483,47.70082630408057,157.67704550416835
1129.2866351923178,477.5500985264218,48.28327907673645,157.86326142421024
1130.2459307539316,478.00919164414114,47.84425798467501,161.13152996172076
1129.9991862991833,475.26220781916663,47.60366371851229,162.0294463955443
1130.8148117455853,474.6917151077786,46.666068614606985,163.65842809851364
1129.843879939339,472.01733030943655,46.785788672411954,164.74421055835697
1129.598258330023,472.27797667770614,47.054221950467486,165.4472803143791
1128.9321170798348,473.1082837611254,47.79191384653873,165.53709410889005
1127.8693755648496,470.0721319339638,47.50220331876994,165.74681507964996
1127.0045127515966,470.25171077377126,47.677493334504575,165.7920250555507
1128.1367055051949,469.9271822306384,48.31588621437791,165.20746412080518
1126.993618252908,470.58550743479987,48.16247026484995,164.48063999832135
1125.7814956906288,470.54684133914884,49.41641275993753,162.54793452902453
1125.3719177886328,471.7150345650614,50.296624104967975,161.82561372432468
1124.9214831294585,471.59692283018785,51.1273944644072,160.9299437976943
1125.8149952902456,471.8296742771472,52.46424576081377,161.23888059627274
1125.2371018947208,471.9351013911235,53.19768867192522,161.69125315159576
1126.8540742387765,472.64563498881967,53.47404199750087,161.46555019303514
1127.4389780258218,472.26134415662,52.22607860780916,162.83741067318073
1127.651344881214,473.2681044092819,51.44009118842339,162.01451273598755
1127.3292198002496,472.70286723781476,51.4654545219301,161.44316181780567
1127.9865600296957,475.6976210324745,51.32751089470259,160.1475548136608
1127.2709427813293,475.973512818895,51.524880964822906,160.15885965787297
1120.5578492266911,477.6885429413835,54.19211593329089,158.90655453031246
1121.6707864648026,477.77738317389264,55.75302181442892,158.0376550334834
1122.3072329374259,478.50915215815513,55.82084880746069,159.45397317457753
1122.6040393490678,480.8846017183612,55.339422006279705,160.46146352712685
1124.7458154089134,484.66906971185705,54.04003293247164,161.0085401133773
1124.7505503667162,484.48503532366135,54.0748128494963,162.2012363488179
1123.5827921042792,487.9288240841708,54.16414693265891,162.0043646040136
1123.8768847171461,490.9260938781204,53.310159710932325,162.51742341623037
1119.8327142578694,492.8170021689766,53.900357433379554,161.23899523936413
1121.2523199921368,497.48640692975977,53.26977151988309,160.41074098513187
1121.5504157526834,497.57210581825717,52.962668844042994,160.64728690392062
1121.2684777206282,500.74261380678513,53.06854275809451,160.10693868962105
1122.0824584170575,501.28630449775574,53.164970203050586,159.3612222477986
1122.5235874293548,504.07443457530565,52.64475368164669,160.55827561503767
1123.5679336583637,503.0408598168259,52.47919423926151,160.0867579300014
1122.9327755700597,504.0560235623842,52.75338239319877,159.0830197132912
1123.7761291013032,504.5197837005325,52.74524202497145,159.8254512335262
1121.997008229752,507.4465808503869,53.6360972362441,159.5810345232339
1121.2229467973089,506.6789819062935,54.48528220821645,159.257848875082
1121.5521996328612,507.7350144899244,54.09678432624676,159.80755548211206
1121.9123745151571,509.19741684108885,53.97217505876738,159.0403454605694
1122.153980394689,509.38322701049725,54.455481821012754,159.93022929503138
1116.8804503323447,509.3313965508461,56.66877596211968,158.9207420019008
1119.8822616953844,510.64786569650045,56.96215126002711,158.1180760275248
1121.0861033599892,511.0829999913557,56.20761610510334,158.43535249892574
1120.648977554719,511.0727198164875,56.152890703009014,159.3345041477192
1116.197867567912,512.5858564493792,57.30147383961783,159.0166883518758
1118.648132082761,514.7925883749537,57.78043804646119,160.17414496810372
1118.001339500928,515.3870381528602,57.71827670248297,160.97125655978965
1117.8408939968451,518.6101615076482,57.70792187105292,162.52856324071672
1118.305064242456,519.5840100124698,57.46631349319259,163.3856958285467
1119.0841898956357,522.3285204221462,57.75683340131822,162.74375142520935
1120.4398834302947,528.1542451829303,57.771022255919675,161.95459705439816
1122.3570289662111,526.4141266231499,57.3699222451067,162.3354489124234
1122.7712077980568,528.7771598244044,56.722377744934604,162.96447074386197
1124.8282719266692,530.8052699782,55.72968298418503,162.38499341913513
1127.3143806810729,533.0139954765725,55.45007716971364,161.41994334516542
1128.427162104426,531.4237298614387,55.571955281030114,161.11115024414957
1130.80023255129,531.2689548239343,54.348781487445436,162.40609032665415
1132.0391994538472,531.9082690403781,53.312911133144695,162.4061899020368
1131.8979841100163,531.3901488301948,53.86581580767046,161.14342839025926
1131.4712146558313,533.042910232845,53.75818803618118,161.54397195496932
1131.6035996298556,534.7565278583855,54.323047568971425,161.28588276483183
1133.0604054273058,532.9332055927991,53.63723467440386,160.57338689988637
1132.693328590077,536.8785340558134,53.309936436935075,160.29996181971376
1133.4263537694433,536.6996041906348,53.243121326768154,160.81345455259037
1132.8178830778909,536.7068823312196,53.86131635052463,160.68752100239112
1134.5901252617093,537.1246462529982,53.16937414482915,161.37367709018469
1134.8931555381423,537.5742816299804,52.754984546191,160.2220509394727
1135.4036275641693,538.4187113268204,52.65022050874745,160.11675189334989
1136.6715385637797,539.035515848646,51.35328069355502,160.934243819013
1137.1798876875441,537.1945302268015,51.15413471453111,161.89206845816423
1136.8289088299102,538.4269836538783,51.0849759942712,162.93357029541687
1137.79631130283,538.6677647705021,50.58015120723779,163.59352832393373
1138.056747646616,538.6755978343609,50.16045235267785,162.95634513402894
1138.5615260076058,537.4621120628564,50.03721026120705,163.2141677550715
1138.9014604778026,538.505370166363,49.84639194756785,163.81559548345228
1139.1700341041374,539.8653973762077,49.762139769981175,164.2766836323512
1138.933541549635,537.2227389040896,50.433003478152685,164.36997348460756
1138.9005068505692,539.7616301254693,50.96441480190559,164.42771245374388
1139.3801879599587,540.9182525435604,51.65706874599911,162.82653861909148
1135.2750084903205,542.2736523940399,53.600692608370956,160.12920566002202
1137.2617645933099,540.5280755899468,53.83865100633494,158.63227924348914
1139.5276478861806,542.2530867602724,53.45904983349636,159.4557220593931
1136.7801747035053,545.4842131016604,54.56418515987626,160.7797051859431
1136.8842208272338,541.5902121934204,55.284202617867535,160.81515115525522
1138.238947579232,542.818295506985,55.42872059519421,162.22782426887915
1138.1935338389362,540.7873357658923,55.32858218490132,162.9061544833339
1138.6465286053965,540.7666337995896,55.248777699607224,162.83695423405356
1138.7221842275235,541.7032327019265,54.20769779528459,162.83408199471802
1138.8682690022251,542.2105979672477,53.501424976304435,162.35122612075267
1140.9374662922803,542.3462232989708,52.07986661025954,161.9439568681676
1141.1742501320866,540.9813765962637,51.05897874355536,162.80457116057534
1141.6933135212778,541.8544006890301,49.78172403119363,163.23319724757977
1142.091947264482,541.7345520012493,49.1085600462242,164.77244682536585
1141.9859148660028,540.6140878439481,48.534972563329134,165.76783058716524
1140.6398598624003,540.1936963475354,50.31451155756038,166.04586276364557
1140.892402329331,540.5131746430682,50.814878779765834,165.69547678524896
1142.034701343841,539.7396872186744,50.98495880936993,166.47749641142985
1142.1113090963538,541.626254575555,50.08793038568116,167.2748191561648
1141.3187533651674,541.7616190734274,50.34506776701487,167.94153794675123
1140.9169247206373,538.2994773289946,50.7306784326063,168.56806142585114
1139.8147406133412,538.6142500251435,50.62092301667498,170.85820330467143
1139.0995338506214,538.3792768282863,50.87401761148867,170.53204508841952
1138.9056058939602,539.4620975492526,51.379384372558576,171.00955874444855
1139.9435528370254,538.7379583394659,51.28448924092952,171.91939640007158
1139.7182719430193,538.4233958472105,51.15767746469811,172.4620100110625
1136.2509288127258,535.0650419023061,51.25838030395978,172.7858441368331
1137.3830411498877,537.343855012005,49.987311645508775,173.2067130384376
1139.380730349729,533.5397119540629,48.45060457723171,174.91938548397258
1139.7402348378773,533.0120101725097,47.9134950442038,175.68597316129663
1140.4176159320464,532.646657043723,48.043751586029416,176.10769418556322
1141.5411768777683,529.904225537578,48.48450448859188,175.61476922635663
1142.5503646200873,528.7774014394062,49.220693766069616,173.8769594835524
1142.394621968342,528.7573142632643,49.80764554147039,171.62445476440956
1143.5225648988096,527.0227995072744,50.86662312391008,170.13795410976365
1143.4326573168066,527.7909213290001,50.73698229712442,170.70964398758298
1144.6012984377007,527.9101637704916,51.73187507173971,169.56783658672796
1145.089441427395,526.3458564630602,51.427587414360886,169.96027256504004
1146.2767605148526,526.0350682651155,51.27574401064042,170.12015519719648
1146.0218738553076,526.3573469705547,51.03847127632048,171.0894136899818
1145.944735584081,523.7675799841256,51.86894862586844,170.7936139721965
1145.8815756675428,523.8520581872816,52.6510145016734,171.20129090004434
1145.9605287035927,523.9617819575722,53.36538080181943,171.33992496847395
1145.5744615203844,522.9206216408472,54.261648792372625,171.11153827122007
1145.0579838969222,522.6748485907369,54.645079887017744,170.19779758250024
1145.7709288204405,522.9528983344312,54.768725791323746,168.1566385953712
1145.687843638541,522.2026820527492,55.213437928680776,166.7742422078532
1146.2135679396338,522.1058829824944,54.71926432372929,166.80425437259652
1147.515303134548,522.0750449269439,54.07420181277679,166.30400668179868
1146.5577133247587,520.2293217640587,54.16057670098649,166.63775480543586
1145.8558308738259,520.835738045566,54.101352153351016,167.0853254940691
1146.4753320793632,520.5937386712145,54.42349624000285,165.74096404284396
1145.7437814583689,519.5689061060294,54.74379858138698,165.89332118123252
1146.4058933737983,517.8659129509938,54.68969191418631,164.68211188507223
1146.7844192142456,516.2765519796054,54.981146016372705,166.22629112422038
1146.3677699832558,515.565454762722,54.382942732174726,166.8944516348382
1146.7293063677687,515.3045617850972,53.62097215450799,166.59224682785387
1147.2201791128205,512.6144476004251,54.69848774800725,164.2561728023312
1147.8097658617166,513.8403750634257,54.422438344224275,163.637440129748
1147.9688032781487,511.98777729030564,53.68903658822798,164.56126765879145
1148.3905848227776,512.9367784325113,54.12564894643464,163.5203364760454
1149.4053200545134,513.6177038147353,55.14658851523515,163.46429878570973
1149.1796614859063,512.8346304224335,55.907570319101836,163.07797944005648
1150.36708479631,513.0050087443947,56.16912630525865,162.48933396284986
1151.1105164539572,512.4060053109926,56.2669191093108,161.22692141322636
1151.695062855938,512.1336259022917,56.961371007879364,158.84489452315432
1151.3814450199638,513.6149300429992,57.597518464565795,157.60156290838066
1153.448279511387,513.3369298167103,57.6976231900632,156.5548175895504
1154.2009694012925,511.58579717442893,57.18190444817383,156.70813344173996
1154.3638402206068,514.3317990135811,58.26300444524961,155.3061752155536
1156.3251353594608,514.9672997997593,58.82781183828741,154.6246549373522
1157.6169054450247,513.8869197826585,58.78256598249743,155.11710313721838
1158.36960618684,514.6745112563045,59.85124043613797,153.6235495630597
1160.5581117932388,515.0089488296657,59.33774054726945,153.21475102857156
1161.5505332103812,514.2511632271114,58.71864003876722,155.12493999982195
1164.3381274545407,514.1149333388778,58.370725968325466,155.75781970531665
1165.1153929909415,513.3401604147906,58.61267328621766,156.02499713193657
1167.3723150926228,513.5980831355336,58.990358166107036,154.20041512772175
1167.8237221778834,512.3240933975451,59.71463349601312,153.26880204197693
1169.419270283435,511.1006591927391,60.26447785574102,151.5099733919575
1170.043528291689,510.6513460161541,60.22771306184349,151.12434149870572
1170.616075608203,510.6524045661977,59.51017539059039,151.5705150446948
1172.9985127830646,508.78937097249775,59.83062055991036,151.91862178859793
1172.7917109355678,507.2400968026213,59.18507463198665,153.34674423647456
1174.6194705573353,507.430480241679,60.565216609002164,152.95983936610384
1174.0621626249438,505.30981418670615,60.66698707678981,152.9194775406552
1176.511892111243,505.02209323171536,60.77769856393859,153.23314502989854
1176.6665447523267,504.31573482253066,61.28592385418568,153.27783058491647
1174.3622272017892,506.2000758031145,61.19851737124568,152.8479450009308
1177.286649673419,507.38688951636016,60.87096940598254,151.2965587615351
1177.5286890748264,504.3705279047197,60.21619318233234,150.27978008891148
1179.3291515270348,503.9098374445143,60.03372840860703,148.72440276766878
1180.585812733646,505.3928421958273,59.95399473859477,148.41426990154798
1179.9795466513015,503.1844790326991,59.63049827970299,148.89685959869985
1182.6174632941095,502.179230857032,59.09326858600575,149.02085022703443
1182.1025142277012,499.8484275242739,57.84559098754484,148.581549566806
1184.6326329721792,500.8105804658118,56.62968523992194,148.40926392356016
1186.3746384274802,499.1087144243536,56.4385326915178,147.5566764836189
1186.772706627448,499.7255197539937,57.01377375969115,147.23392219049623
1188.2118029609708,499.04278641786397,55.42841740112519,148.64541310330912
1189.121176218499,498.7111659805072,55.05033386614822,148.27271201959528
1190.8267687019015,498.6258986052134,54.74635524394755,147.59890710143205
1191.9854671777405,500.4224222136801,54.937087173724095,147.14386061119853
1193.1383728773496,498.40048373716195,55.34569633152786,148.27503309646136
1193.2233665422757,497.74911513557447,55.30948419119493,148.76592636796136
1193.3995214104164,497.53125745881385,54.57601371882929,148.5517139861539
1194.2582749800486,497.3361714987798,54.982117791341594,147.5209579048182
1195.0509844934988,499.8555693563633,54.80066173422117,146.10467691438268
1196.632157574775,498.14069784645847,55.07787336242497,145.60440627757617
1195.9776520295943,498.93358089077753,55.57895207592475,144.56313243365844
1195.657096773657,499.48639986436706,55.781949524225766,143.2203933637424
1196.0613046268256,499.05590618226137,55.356854417682726,143.48201978511327
1196.3982349003059,499.1247123136317,55.50315437887831,143.27663102864454
1195.4673943693604,498.18107982963045,55.292781054630446,144.33135220630646
1196.319072668547,496.01431333225355,54.9883294950904,144.5424577375288
1197.133539452335,494.869486050451,54.69042796524952,145.68735610320465
1197.6539961748044,493.8059284617813,54.69062432064961,146.78309539553413
1196.820117905962,492.9179731077105,54.8298861426437,147.22395373265073
1195.126583321189,490.7796770172776,55.10500062316397,147.74564736539028
1195.830103464082,492.274495612782,55.72246404526349,146.86374819241732
1194.821504204882,490.55776974274806,55.716409599643775,146.9256419815117
1193.016453392385,489.9709476953608,57.598675450216035,145.8842797248153
1191.3277297792758,489.7672825008731,57.707653342785676,146.60620539586859
1189.9589506551874,488.3856854055628,56.43222922249343,146.38676337318645
1187.8631877836017,487.06693697938545,56.388140665890504,145.69717902208055
1185.2424171405364,487.71108912004195,56.3766220879768,145.45450507657526
1185.9964488902424,490.0988042874958,54.84097789520114,145.80056140548595
1181.8537407928977,488.2900812296509,54.80860215110832,144.60328641369273
1180.5555903451602,484.97720870429464,53.97588478753525,144.1081665962413
1176.3433590305951,486.5866264685407,53.73449010160161,143.33482238168344
1174.3902454261286,484.0385911228446,52.85477904759526,143.4731432294783
1172.6880955347915,484.88541782639606,52.6399901805198,144.1076062393065
1167.9640174544477,485.24648371574744,52.32598508632452,144.92904652881822
1169.3178685997527,482.48793401929936,51.587689042853604,144.72281208611247
1166.6819112104695,481.3438391862627,49.72466653504284,146.9844149998009
1166.5853055827702,478.03698877207154,49.10108202408793,147.33898439660368
1166.0713645761823,478.03887395700514,49.12715563234126,146.35186410741736
1165.767716260352,475.96761149086535,49.093314187219846,144.5879688088314
1164.4841505064453,475.1606063024489,49.78291190158353,143.76244142206872
1165.1495617283265,475.6665866240107,49.38700237781959,142.41530642701457
1164.1772979548266,473.2444486759208,47.66438061947556,142.5193365041025
1163.626760294766,472.48346236649553,46.31149957401174,144.16326485297404
1165.360199674879,473.62226503800343,45.051230062900586,144.2010665476932
1165.376897321627,469.740812364151,45.02882127168705,143.46389846247573
1165.4038750956634,472.8859027944388,46.121702004436806,142.4447933274556
1166.1470876841402,470.19833656844764,47.63863161530979,141.57991837892513
1166.1854679676069,469.60324182679165,48.05839049474919,141.04906224894827
1166.0141467914525,467.1175729448575,48.27930358488478,139.84309479125898
1165.1571759347848,469.01838583181524,48.76726060564688,138.6592852271366
1165.1906696786723,470.433070079736,49.00475563749831,138.38468720096063
1165.3786829077378,470.41934023051704,49.54885096834579,137.8569392296635
1166.9885531119496,470.9579091076542,49.647515234452264,137.12662382660653
1168.070008213335,469.3153332483646,49.6655976349836,136.76084967047566
1169.1134873501255,471.10333852890926,49.56172094061078,135.99649415394194
1170.4929762500833,469.15897103248403,50.82242697858605,135.91741970808692
1170.5270219067163,470.39208262241686,51.34270926675653,135.87984213903064
1170.9170411468792,469.05896181883736,51.396965224793036,136.52313071274236
1171.358409511318,468.36806194664496,50.21039170320779,137.20070277119885
1172.973651173084,468.8524855810729,50.68481913483368,137.30798851511454
1174.3188547772097,466.9041693426613,50.826637726142565,137.64531746982775
1175.583315818129,467.1073480780236,51.55523488945161,136.92192736389114
1175.8648156618463,466.34546861886093,51.376035470190324,136.7862405195823
1177.5716622421905,465.91432844486263,52.22629933312221,136.6119895384239
1177.6789096211985,465.6538397220842,52.1665302012176,137.286846864886
1178.3959094820264,466.5636061127013,51.809937958848174,137.48516281373904
1179.9104191242352,466.62603061098497,51.1802507209389,137.98565231194937
1180.869142471339,466.8060257595985,51.64352082742114,137.6433669933075
1181.161878481144,465.48645342061405,51.27616917414627,137.46965213605918
1182.1282792589013,467.7447925980904,51.42961077124993,137.60593360471486
1184.5670589647964,466.5140454895441,52.286156469628104,137.51338023727374
1184.2127126219275,466.24995284911324,52.96553278219662,137.44289223408163
1185.0378074256594,468.1602110095673,53.0041835639846,137.08408684304408
1186.225642158352,466.0387367960021,52.25529782719866,138.25968535943846
1189.1277927219717,467.88045249367383,51.695759120613616,138.1767957941579
1191.3222325844117,465.56510138671786,51.18283545423596,138.4354057610605
1192.0237015463765,466.414452046018,50.2650086774714,138.4311793779919
1194.9855517503124,466.0890235778522,48.83198944101685,138.5273529866487
1196.7378728256226,464.0660373531126,45.489026975512445,139.73770431758226
1199.2441609768684,466.6190516664482,43.324504605210535,141.07164236953048
1202.8516615223286,468.1282220334086,40.97841191959404,141.95679647050963
1206.2304577985144,466.8612184501437,39.11343087082372,145.24640855981085
1210.186100720486,472.1288865245233,40.069109367090924,144.9082626957807
1212.2922093809761,475.51849846222404,41.203371462003894,143.69099379550732
1213.0670716489433,475.56677611236756,43.52238366999644,141.8932952304498
1215.4973239222102,477.0359886176793,45.2611480367317,139.7073475676771
1215.673100683705,477.8377824636989,47.68297431644635,138.33547740255065
1216.5814482128337,476.0858795741741,48.64245571082547,136.50417108672107
1217.3695829903766,476.53920780984106,49.76813360637749,135.41878657135408
1217.9919997165798,476.7575956142416,49.933590991258775,136.07277941901208
1218.3689141191962,475.12284764592965,48.88472455880598,136.52737972575312
1219.9656336416888,474.25558226812444,49.123520039501145,135.73156957140563
1220.794125201483,472.01723097931176,49.30846981271238,136.01501767820588
1221.726049227923,470.4477771091455,49.11329301017541,136.72074127165735
1221.7486593505598,467.6684490603639,48.26644167187676,137.56780660231368
1222.5790782530685,465.3627959020008,47.33798258809675,137.58845282382504
1222.7411374448,465.8312435704669,46.17907474969661,139.38972453439345
1223.7955815582425,461.36092504006706,46.243153241485075,138.48020195011253
1223.4282597078607,461.64644076458995,47.461172700181706,137.1746913121477
1223.0992896751993,460.3345458413808,47.84565380783202,136.6277708333249
1222.664717396979,459.07398515590916,48.18255320512338,135.68633012007024
1222.7512905178403,460.67515484386985,48.97129658799685,135.28804071286837
1222.9307204318288,459.54014553390414,49.34003584439708,134.85027563376417
1221.5326983474495,459.53159943136757,49.36073778712729,134.99752016863977
1221.9999429708628,459.386943355672,49.736346234697535,134.87859226995346
1222.0144822236018,459.9888140283676,49.33287155407332,134.40386925513633
1222.5485424306717,460.13000175396564,49.221262637431096,134.51865314193762
1222.2870837389746,460.4183904239893,48.858538982407566,134.23952911934174
1223.111939929874,460.10849690916433,48.01855558067275,133.65104714893835
1223.154463221633,458.5427395340054,47.62800726790525,134.20718467338034
1222.660817037822,459.49955189834793,47.554977231619546,133.8276253104866
1222.6658335189652,460.38677047657086,47.27370397535351,133.71804399186271
1222.7868201804379,461.0021384916764,46.757261336402465,134.4942726451843
1223.9039421737389,460.21618643355913,46.9280986219255,134.3163281572166
1223.9639736055228,458.81533336555265,46.75732252098238,133.8818272848678
1224.3290100035695,459.09211886410344,47.089822800183775,133.54984458644458
1224.41687966366,458.71874671859666,47.65452718651517,131.47870848538358
1224.037978092141,460.05240292236675,48.43336464105641,130.43655724880284
1224.2949475227654,460.47608050676433,49.219689184653795,130.13538918280227
1224.4224462562295,459.0229400886875,49.250474352937374,130.78938954524685
1223.938141310121,460.08441363807196,49.63542370218943,130.57359140373043
1224.4834402989834,461.4879390694347,49.20975535283686,130.27982832367405
1225.709487406446,459.78221391472016,49.31249621901208,128.92064159773327
1226.8757491325953,461.6085505009627,49.54353515990206,127.83457280108749
1227.282102970832,460.475504130979,49.512673351062546,128.3479237273951
1228.6146239321151,462.7562820667779,49.03615686680496,128.16478773189596
1229.988937598118,462.7378608100446,48.41142041156962,129.48232997528206
1231.7364274621984,463.42965933868777,48.41884656529017,129.98580905744575
1232.60799991127,461.5102773102296,47.35583590395926,130.08423717304743
1233.2352165643922,462.2035992173938,47.170401053716574,129.98606231566637
1234.5572281445677,463.43130083008066,46.78143022147512,129.050530563605
1236.386109078825,463.3234018377176,46.11902372062117,129.51375915600764
1236.9635257849393,462.8832375244872,46.29357129746734,129.71134643849342
1238.6447568899857,462.8512350549687,46.139457361605224,130.31089720348857
1239.5456736465242,462.0678684925923,46.41970254382574,131.1731780520115
1240.2298648068013,463.3845058936796,46.74692156737991,130.8299573327074
1241.2318378439522,464.33900201848235,47.45231511176099,130.00406277940624
1243.07594010181,463.45924146728885,46.56559065090099,131.2906174790242
1244.117391887962,464.8132369038372,47.069827877165686,130.72194101899808
1245.093485668093,465.097320833048,47.54119688314155,130.54670906245678
1246.1088333690354,466.0422314509693,48.310557223520945,129.92656200855225
1246.2537115253103,466.2673977939528,48.58679106094571,130.15810890260633
1247.0619543855591,467.8062601602553,48.55365885988816,130.77097049850775
1247.98180771683,466.5600911579115,48.323208584103426,131.45597324566518
1249.2582743176474,467.9873545684484,48.8998804373236,130.5760141955493
1249.5512428274164,468.22703182133955,49.39468899559802,130.73931649289807
1249.2747436459358,468.250142087216,49.98693145528535,130.7348125926471
1249.8130247977992,469.7611009876774,49.93354296060995,131.75217949783996
1250.458103725884,471.3273010990632,50.48872631003739,131.71176307023444
1251.0793724168464,471.1618778556373,50.464141179546914,132.40609250920414
1250.752817267989,471.34693457084387,51.667560122033144,131.79184541263328
1250.449846094119,472.75061952053704,51.97515589069806,133.07628717019884
1251.15071873197,472.397605554914,52.39195702937153,133.89266233515767
1251.7637795572768,472.5900566645663,52.82247388183238,133.49165356806526
1251.9415972427958,471.1397032663557,52.52567007587665,134.14138284831216
1251.428593440836,470.25079537997885,52.960126852769775,133.32713543251293
1251.8562200963688,471.0168322809264,53.21021986376391,133.33038083971667
1252.6319835634722,472.4808924558896,53.4567500088726,132.76952428373556
1252.766915576694,471.40737858374837,52.220174342070905,134.66137014921287
1252.188406622555,470.7871092035336,52.16554962740097,136.29578859146807
1253.0092513423276,471.38045164125936,52.40266832861046,136.49860040009088
1252.6215759081713,471.9115627689872,52.76418346279442,137.01611449660209
1253.8063104267408,471.7635152577554,53.0813368068655,138.0521148168219
1252.899157115658,472.7521244981731,53.77981944488529,137.89636790790877
1251.8504458663572,473.7230197422212,54.485468361981745,138.76175687080138
1251.423215245282,473.4684754331065,54.597797894079605,138.98633895946108
1250.848351918448,474.54587296917737,54.893034446410084,138.2976323015116
1249.821468696716,475.8486790208889,55.503069939518895,137.74733497737026
1248.6312650169698,476.7983696465725,55.655304281509615,137.34901886100516
1248.5169161517097,478.3498728383182,56.17795102001746,136.5825538917745
1249.3546751119302,480.4197170904856,56.9405644319742,135.90923573160177
1249.1267626911372,479.51361160601874,57.08144980446108,135.88454527422016
1249.0598276259784,481.68646875731974,58.44728893368753,135.14401576509042
1249.485585657115,484.18118974448373,59.22983098928093,135.36297594759236
1248.2027774752332,483.27832763249273,60.46861243597583,136.16697926627035
1246.8680629907599,484.18267516953995,61.01156130238381,136.9119162131263
1245.4315722817155,484.0553139991926,61.13837291494568,138.20645815201885
1243.8881931825854,485.241686836875,61.889351923142414,136.9990632714463
1242.512676824397,486.0957093288249,61.6600873124775,136.5379845303366
1241.7848621247872,486.0183500168147,61.30390311878648,136.4758136537391
1240.519971604549,487.35119265054266,60.804939938529095,137.06492298390884
1238.5574953356793,487.00638164131414,61.2812263805349,137.79602618434515
1237.2240112926763,486.8478050544365,61.89577003569364,137.74427840337708
1235.1649414387487,485.82204670317856,62.212073491336426,139.2700271238868
1233.4087216903326,486.8370114622428,62.03956144436049,140.86740049081388
1229.6911126349507,487.33054111916675,62.474876829904716,139.9533571871908
1227.4168269661375,486.5346241394744,62.65311354228702,139.46062097712672
1225.0561789317971,486.5908906488495,62.1695975611017,140.83134882835637
1221.6776625536822,488.3612282618669,61.990062057138815,140.15925656626493
1220.531477480515,491.85566077420594,60.83058918017339,141.23972747908687
1218.2098648060105,491.09434629631977,60.1921554029003,143.11798993209743
1215.3991318809296,492.3535754573014,60.29263421921802,143.21911950838853
1213.1103428184147,491.8390734385572,60.11132314594508,143.74877252124926
1212.400695505557,490.07176942280387,60.4662850480425,144.97698835991542
1209.0381355281902,493.9037223534105,56.66242474764941,147.26169948020848
1207.5400540229107,491.2147145061123,54.3783529445181,150.67867348588584
1206.6782171857215,492.02034587850153,52.28172079461669,151.25673965002755
1203.7391834228788,491.4878339645629,49.81792754912291,151.81258489905116
1203.6387283190404,497.5315712787468,48.911528534578274,151.7034971496507
1202.7312362550163,496.4860922180289,48.6986081521286,151.0481273940419
1201.527563034729,499.1023675785972,48.87074369716487,149.48623907601197
1200.6489795677933,502.92602013428007,50.803192230200196,148.13856031504906
1199.0050833782564,502.6407361236695,52.440739181188604,149.63324572261126
1197.1853019972023,503.6367678976395,54.660516086096365,149.69435786246117
1194.4253175910724,506.9050461729976,55.7026044204507,150.20503155542795
1194.0094221202585,505.98295155798667,56.855289037167694,150.3513374179113
1190.859627907377,507.15096403327004,56.78246144349073,150.55412343574363
1189.0493746339532,508.81252363565886,58.70160728782344,149.01366972207
1189.1444977470317,511.0625409619105,59.446189223859946,147.74868074102977
1187.1951771892157,512.3760002379964,59.13794738584825,149.17114153761273
1189.3764256133677,514.172195980458,59.190424273353756,148.29409662747295
1188.081261327564,518.0420645076309,57.97440309062709,147.62271513342992
1187.464507065884,518.5037194647338,56.66972434859146,149.02130534854243
1188.8411290904983,519.984927820775,55.42909598005756,149.12299057089282
1189.593420377989,521.8299541193951,53.27285647939742,149.6423844038591
1191.2987864547954,522.430965088274,51.51444590285691,149.5026080734775
1193.2305899530566,523.6926350568438,50.221047217415546,150.110444131211
1194.5324942524092,524.3183114104833,49.200753070690965,151.12487616437994
1194.7174497498008,525.2940880383271,47.99468195255941,152.09276913862686
1195.4970711015326,525.6767324627036,47.03509267192847,152.6541663145396
1197.1101653354883,526.5395038690357,45.97164801085595,153.04088813505425
1197.625201824322,525.0291978705388,46.415452463150835,152.12544614073022
1198.1346944095094,526.5766658157058,46.974338734617234,151.05246907836855
1197.3793441381308,526.4614759445999,47.74493168145345,149.91450594414619
1196.8353546236524,525.369417681365,48.08170139177267,148.8525709207044
1197.1789995220263,526.321515341909,48.60785940424433,148.04908229612673
1196.8816368625303,525.7876767607305,48.81372372269846,147.9932098779097
1196.428062517455,526.7067104339043,48.48287511937682,148.1460368491891
1196.8251294091494,526.7771334719677,48.520451614975656,148.42394988065212
1197.1788350003562,526.6297921003446,48.793394920458226,148.577561021196
1196.356424339318,526.6981881635879,48.879638347370175,148.3186217965258
1195.291568976326,526.797386967766,48.950915063801745,148.3088731869069
1194.5008942198945,527.8215156181001,48.96202479433185,147.73212391236197
1194.5952800256632,528.2927262895525,49.458085040475495,146.75203155106513
1193.5578919385487,528.7931066379535,49.12887046916012,146.29902162530877
1193.5724733012032,529.7067759503789,48.9261041793501,146.89145967854336
1192.7989527392222,527.8988728267808,48.75960451084696,147.32247865233256
1193.0953306598092,527.8471713055202,48.117009228939914,147.67015508920005
1192.0079299965514,527.6844602540209,47.96259717464164,148.4730956314916
1192.1568069040882,526.7356872829944,48.01955602464922,148.46843431818118
1192.5910780984252,525.8609786612881,47.8162611955226,148.7068269672868
1191.8134850544266,527.0848056617871,47.97524638821068,149.29562311391754
1189.8316241659643,524.0972420416117,48.78526089928105,148.79543621394856
1189.1032673104828,524.6729191049448,48.91681982890239,147.19815258980205
1189.128875721937,525.0342326821676,48.58058983694406,146.26027327433022
1190.303952332783,525.0208198453181,47.53817515780868,145.9811654129303
1191.0107405617362,524.3966091336912,46.539677667712255,145.41607951768736
1192.0807509233452,525.6582413180502,46.04824882052381,145.10210303082062
1191.890313746495,526.5055751548872,46.664839412842525,144.90036302762536
1191.9328044729134,526.7613092589484,46.9717748906811,144.3245899536065
1192.3299319158425,526.1595933760929,46.92258038909637,144.57963427529802
1191.958085915925,525.6163978536441,47.379108624692805,143.65670959105427
1192.5845364712745,525.0189905518343,47.23872439402911,143.3068961705726
1192.8072660217638,525.5131024469783,47.46620608370411,142.64354213221495
1192.6654596349945,526.3560208078947,47.809059366067245,142.69767347182935
1192.7246554073654,526.9650187989845,47.81617517606191,141.9172314914578
1193.7427276000917,528.1525147609997,47.75273079041847,142.1112972704457
1195.139340843511,527.6582594990009,47.67691725218796,142.91988819395644
1195.7070354913246,526.687045581735,47.85939940793867,143.21313919247444
1196.4329611357673,526.7787922724673,47.816315223202274,142.50909180491024
1197.9379091950275,525.990488417343,47.615323752509056,142.0549053714819
1197.5396004442698,525.0246078089524,47.90052088487641,140.68358269162624
1199.4654409865113,525.5362572603498,47.77304553273851,140.37301574626719
1198.913719750221,525.7441497860051,47.676021134058146,139.73493138737177
1199.1171146831434,523.0652966388105,47.98636562471144,138.31633677462588
1199.5355957931622,522.8438801219841,48.40072901197372,138.04405199612222
1200.1745180247494,522.3827236327113,48.70936516632277,138.11194520681113
1200.4582538095303,521.0168528705858,49.673889608494875,138.5843061520672
1200.502492204782,519.8414078234027,49.733582484520504,139.29687425069815
1201.2462924177735,519.6992432503963,49.860819347393715,140.25926243821112
1201.1779124997609,519.3921916038521,50.11948123945726,139.5937312555916
1202.4033915082439,518.1448921810788,50.20733180670445,139.79554326451387
1201.668329628479,518.5563473753031,50.18520512372959,140.2444358974965
1203.2871247376925,517.6833101777878,50.39564633077872,140.42036468553238
1202.8515257525796,517.4330999906625,50.850185363073216,140.72414652034945
1202.6102943969554,517.6632638823983,51.072572743587514,140.53915717801146
1201.5493480699893,516.7878231081133,50.9085271345802,140.51708509708772
1203.3114917125233,517.5013391429802,50.553525146906146,140.62918407269544
1203.1731872593857,515.9601136424152,50.25354464764456,139.58132167737153
1202.9418373875367,517.4698370715205,50.432644925256994,138.78804726636565
1202.4011440205948,518.141388608425,50.49938679791963,137.03178753414548
1202.1384490507717,518.2161869132852,50.722676466579344,136.16264591767293
1203.0194605619452,517.7557195445004,51.019733091296516,134.87553660311863
1203.017018787141,515.8972773110913,51.2870308280975,134.24806596358297
1203.7177804589046,515.1757573402352,50.9804768763933,133.68146902632802
1204.5485513055942,514.9932176716218,50.829096702064994,132.76588535009668
1205.7378262272903,515.201874377605,51.19258725440952,131.8149483619659
1206.567856100352,515.5734615368249,51.54463225796566,131.08033263628522
1208.0393637455384,516.0289700734188,51.17867599812567,130.7024185522941
1208.8313021504268,514.9813321681643,51.19631662723705,130.92492679516857
1209.6408748291124,514.913929954041,51.65420431277386,129.42844197971712
1210.9728218340695,514.8821059423915,51.55388199437251,128.8605858845736
1212.2979127124715,512.9434098820026,51.432417517002904,128.6956010102646
1211.3396840665462,512.8694749313182,51.96173906475852,127.98906151498508
1212.0960583127019,513.7049910846277,51.579086054319944,128.62468342322495
1211.419807455926,512.0468615636944,51.73104233768778,129.08521026256184
1210.401648744557,511.9826198414037,49.97671010794497,129.78939935461173
1204.5429132463496,511.0027756251665,49.85999645775314,129.97147808116105
1198.657022348199,511.6581320390692,50.211899294399,129.39140071754716
1191.8875501457921,511.70329236362477,50.26078480028692,127.90132757076302
1182.2920012432278,507.2492878031735,50.12203526960015,128.2877426441192
1168.391848580762,507.3147147643222,49.82956334233464,127.6898781343679
1156.6466842318223,504.65632255303615,49.39054977031637,127.20595760088537
1139.8626069205172,505.1609388006774,48.35645524741862,125.24664268430007
1123.5533461470604,503.8958635149427,46.42312742909765,124.35411240097213
1104.0851122888237,502.71339316253113,45.13252529083496,123.0936721129058
1082.5830751853364,501.36125372314143,44.220404582037986,122.73294020562864
1062.5430634001893,499.61528396864037,43.521161794910526,122.26176163830638
1039.043019437637,498.69411832991267,42.409276911176946,121.75870331119322
1011.3158664482008,498.71960367815706,41.80014828921942,121.93332685215125
988.8414067579433,497.968510761675,41.898226147517605,120.28969993525263
961.1905253745033,496.7486795920693,41.37414891805983,119.8679757369122
937.0897083345209,495.7034274333411,40.24752829831763,120.01070576333002
910.4315910636091,499.0372624784647,39.70745867144005,119.12587258714545
883.93538517493,498.0172080326924,39.11492477008718,119.61170608520396
865.0965411420581,497.2207337038904,39.068861767715845,118.15211348685708
844.8231604488365,498.44711027473517,39.115745224471574,118.50331637696681
829.3197049911677,496.96233388314,40.218014034706606,119.68427193401433
814.8160885955162,497.9338009397552,40.84727136214228,119.08795242001179
805.7347705933595,498.1951517374705,41.10003149670472,120.70144934524154
797.2492844665877,496.33494400174476,41.76865656702071,121.98636014178162
789.8328067583204,497.4354585168265,42.74100006796691,120.94944785184487
786.3396283199387,494.2114611125074,43.01221421783225,122.66922458186977
782.1194704519693,493.07574163308664,43.301212357335515,123.02649661337368
782.1410996320116,492.21388621324036,43.31734748512172,123.26507154017101
781.6494651169113,492.574107281239,43.42686272923518,123.01742706619352
780.9198283999898,490.94316627439366,43.44116305192545,122.48033218169078
780.5283731256221,488.3602547534625,43.15174050320296,122.22123275727492
779.662432055708,488.6795286188278,43.4805972543136,122.58275154532788
780.2208949533442,488.3381317310239,43.182778991542264,122.36800957960655
779.977257821006,487.637353696473,43.863107917373554,120.94855005231861
780.973537444141,487.587819236188,44.842583840705004,120.21718941890302
780.2108861680862,487.32249271696446,46.107030569059276,119.2068071628173
780.3459536961946,487.40067678918405,46.24030082156605,118.44540192521563
781.5214577445487,488.0515596056648,45.93414450479544,118.01603007916123
781.6931161176657,487.9802062072938,45.97951551819948,117.56314056242668
783.1906681153782,487.8085065091281,45.746208712486904,118.69724552039597
783.0673734616271,487.27839446746094,45.882980828030654,118.50992889137375
783.4735986601604,487.148784534064,46.32131649701938,118.04054682564202
784.9902326742563,486.8771630063885,46.28933497548033,118.57197747905751
786.5361298102058,487.44761325917597,46.02485198097085,118.80525156836177
786.7841361557278,486.7061051346923,46.73164361693806,120.05743045730469
786.8771513151355,485.7892794892408,47.541660020057826,120.25043946286064
788.0182215537445,484.66442956703656,47.38346859374314,119.81795651842032
788.2098291475239,483.55909424362795,46.567346063273675,119.33440757600407
791.5490959957087,484.06043476936014,46.50282985347616,116.63397142619681
791.5917877218118,483.9325872033842,45.8739118243773,115.84299600208035
791.4860278691949,483.4520194735682,45.559845520585455,114.92699344310412
793.2916655506252,483.8890793972071,44.780826474863574,114.56607656108588
793.9574946956787,483.0235605870779,44.1285118255607,114.77396409494142
793.3308455269987,483.7158801565828,44.00119945849887,114.25793581484895
796.5223731144035,484.9921152812435,43.83678175011978,113.69768417915198
796.7823684264399,484.2935619334454,43.67264885595898,113.84701698902128
797.512008844268,485.48868865372566,43.25144084478076,114.04232601603583
798.1476800551977,485.6916472410072,43.97022217170064,113.64290305576543
799.3343038451914,485.4578599221977,43.990341643791666,113.70561368018929
801.0015705105441,485.5712466344916,42.89448796053198,113.7844130633904
801.5656169972199,485.3197884005744,42.45641054160845,113.94047290733684
800.9063448271837,484.39966785726136,42.58022400380449,113.46722193425526
801.1565620940667,484.62224828270877,42.15919672986042,114.42646512751173
800.2253844340895,483.9385839367525,42.16197320192963,115.14797385739968
800.2033852845627,482.710264735512,41.87809090982915,115.60182538510944
800.4162761107495,482.3472063669649,41.557890004583044,116.19628200350459
800.9363164717697,481.90579327501024,41.025215815307206,115.92442340538571
801.0518514062375,481.04213572498384,40.88792182223797,115.54391751773716
800.972290629883,479.32121778327587,40.61227651613078,114.87189374768013
801.155862819271,478.3606702093182,40.091795403775265,115.01731407564927
798.6247188196928,477.9147233329505,39.63328758078804,114.68015588079093
799.013445916649,478.63334577010613,39.656801080204566,114.49159135964432
798.9734775125058,478.7613118527869,39.32570926490987,113.69608641891882
796.2787621837125,477.7029078606807,39.343821105357904,112.63696104207784
797.1606388864361,477.38614874753785,39.40659744119796,112.3447926109348
797.2149669805558,476.3488527776762,39.44543127752516,111.75121672114447
797.1727307308855,476.55242394460544,40.03285158417768,111.6692318210343
796.3759428045705,477.2372534032529,40.95974602792568,111.20156546317236
795.0844300174392,477.24412882679576,41.67403605035395,111.56257834327468
795.2464980617615,476.6792024180498,40.97297497010195,111.85048247273645
795.7742860795864,476.57077424221586,40.78267926463298,112.63141870511862
795.6346056475812,476.54516059188643,40.54044715398062,112.9185475552361
795.0836774235479,476.2972287196892,40.635521427936915,112.7676626376356
795.0787975999448,475.14779865130845,40.074892579221085,112.05259984463333
793.3506787618346,474.5281508786105,40.187541426400976,111.0434536938622
793.5899380494759,473.1597844603253,40.10490515960138,109.85268866666313
793.9583837780598,472.5402283127877,39.832602016728586,108.36969116712163
793.6670263660856,472.8266477384076,39.099921843080296,108.50198140285305
792.0392856468042,471.83369826197315,39.04681000848016,108.62405777633802
792.9384281718044,470.81162323291005,39.01434772669101,108.87292570899125
792.9443977767721,469.666705031681,39.25448809300952,109.93732447030563
792.3649966551951,468.617133908388,39.128968193562415,110.84208583748944
792.8465366635068,467.9279491241002,38.68988685466983,111.09168493544574
792.841927767962,468.0488307298433,38.53002032032645,110.27707870876561
792.8781794569184,467.70635692487934,38.20120329061372,109.77304907717749
794.0361611179726,468.55502865048385,37.50297058602848,109.73493132825422
793.5271331416735,468.85633016655964,37.32335882069293,109.31492903272067
794.2503472277463,467.4340831220077,37.45649903462518,109.34865189494171
796.1169275429182,467.4877910908657,37.43731884060635,109.90515820749644
795.2046874352648,468.883849589614,38.12306757626852,109.22932724935231
795.3641291816044,468.85606970595387,38.027411167272184,108.32204896296919
797.5718519337862,470.14789360795237,37.44072414107336,107.27029262415935
798.53628420143,470.83215602370313,36.99957651900906,106.80981886620896
799.0840572171695,470.8695942497035,36.48964421509969,106.8788111883839
798.9349287469933,470.4439219946854,36.57416801879831,106.16952883398673
800.7665072341205,468.9005362021272,35.884282176059386,106.58018585992953
801.7552387603856,468.80960540593634,35.47006835391383,106.20522342381933
802.7303182795271,469.4667141944544,35.47439950041487,105.43311581306125
803.8079462890814,467.3662895872409,35.18231470113194,104.80283166185725
805.1409542570685,467.5461366427611,35.33225511929894,104.60520076201942
807.989262296198,467.4889003773519,35.663508265588135,104.33944793244424
809.8886149841222,466.9709766366026,35.27483921519461,105.13219122430854
811.910208126048,467.4488801707577,35.413573936592016,104.13709095622076
815.4901614133173,468.31641229515674,35.87607622893577,104.37885540176626
818.6367362123267,468.3219086765083,35.66444957250622,104.09933897578071
819.0250490206876,468.8945211349321,35.52985443330836,103.5412929448698
821.7637898214402,469.973714548142,35.39901866386475,102.89707461935025
823.1468847279867,470.7034435113825,35.23673715117158,102.84588585981582
823.5912084781276,471.2906317785344,34.91260643365067,102.12485986948775
824.559011621556,471.2399042988444,34.30210652916361,102.60739265489082
826.0024574217609,471.50570347894234,34.004850062497006,102.40031878672036
826.4550671399065,469.50586420549826,33.78409925318199,102.60227737816427
827.9678645913199,469.70278862423436,34.00969787376211,101.33423457430334
829.0482978437943,469.2488871818697,33.92338247431257,100.91202621044408
829.1656677430816,468.7985975447725,33.51711782322376,101.54668186536807
829.4758936773767,468.60684261332443,33.73596605066853,101.87791589924714
829.9100021772532,467.9840399706648,33.5682984150056,101.86718985998903
829.8952965735098,467.64440852437605,33.86437222014867,101.07582592151184
829.5047998128192,467.47816307907357,33.8291163709549,99.98281832655161
830.3253640664703,467.4974731608847,33.62093275748946,99.52337631739795
827.5823803355229,466.7407498734333,34.41499519771686,98.95733485328407
829.7569923375034,464.88603292249627,34.627529711974724,97.8774244443975
830.0927281154537,465.09852062726293,34.67000712114698,98.022235702688
829.8541016525406,464.1327713592117,34.42993805505262,98.70692404096036
827.8217044630694,463.9362397124307,34.22736602469335,98.41014820984279
828.8739324432805,464.33770815142634,33.864771050027045,98.23271284533257
828.406396079124,464.8817664742424,33.96892284366307,97.3399289801808
828.6334277462229,464.97706934904966,33.96331323384943,97.60146004516062
827.057409715576,464.9520914027263,34.312949182991076,97.43249759938928
827.6841605468578,465.3630835407988,34.3648989135549,97.05300801366255
826.5088714768337,464.80861606952567,33.76882893272295,96.41286694741211
825.2968929725873,464.5751012895313,33.86421772107725,95.73104117884102
826.089571679194,465.3777528135394,33.47368738763678,95.28398882033127
826.7098354419448,464.82054798657816,33.55509885368176,95.4654150162117
824.6690913553816,462.9017907599162,33.73343813726661,95.55315930504585
824.8290117276432,462.6417961947873,33.62238227099732,95.18468851442049
823.4794352871488,462.01542310482785,33.72723106720838,95.02489998059417
824.1124370755435,460.60143075807093,33.78613813113539,94.37547531131503
821.8224946409587,460.11334308106933,34.44807475430288,94.69927794746093
822.0467872342872,459.6019001059171,34.58234431541808,95.05472795368505
823.2666503995747,458.6343099879632,34.14833860022998,95.31404826146175
821.1759775158636,459.58459685531534,34.669983735557096,94.31231507336548
822.1502901989686,459.03031238010385,34.73158295011166,93.99904633629608
819.6501223863202,458.6701951250071,35.05888676846277,93.44992125786638
821.8625416225299,459.9644161732333,34.69140083892058,93.62544286075492
820.5500607194391,458.03752787324834,34.977965857458585,93.99717261814982
821.7695733072104,456.4994102640039,34.96012259910658,93.78633923121566
823.2211017336912,457.10056234529804,33.929450175123044,94.64840021717168
822.398160360809,456.378625589584,33.64413122449155,94.00368525241876
824.1005687451661,456.6715160220853,33.00390400388828,94.7503290280716
825.3319450689548,456.73875673105283,32.707336973757606,95.04130234589252
825.8634108371978,456.54660205300763,32.386307550232644,95.72515338398779
827.1455280046715,455.4253734953594,31.6685593068989,96.86411978902584
828.4252761263048,454.1024945245711,31.30951181508206,96.6581063759271
828.7953843357627,452.40967754940834,30.98134746130021,96.84958582529136
830.0576025399371,452.8243915640078,30.91390224863024,97.05560479754973
830.7795888993792,452.5093101940834,30.890732361395774,97.13630051021104
832.6995351389496,451.0696042258303,30.970409613013643,96.65218252613936
831.2856110734588,450.48314449827757,31.56708995072123,95.79366458424155
832.8645027839174,451.867036697822,31.905708078189644,96.35290750601453
830.801440263149,451.4736754304793,33.155555672979844,95.9941539378709
832.8851283985841,453.2943634484567,34.35177154993654,94.63383430603
833.6677754189781,452.71742671970463,34.92199963630014,94.35516162477063
834.2503511375986,453.97251437364014,35.30427358834897,93.52103578780114
835.2765742826631,454.52225437714736,35.35501366716221,93.18375166596812
836.4985360964805,453.5587903084276,35.011924886023934,93.5532999616031
835.1560844982089,454.3351003824006,35.83390648699377,92.19260270181687
836.9890798525481,455.734620357414,36.026904540217224,91.09013696291066
838.6776396172373,454.36144372686516,35.54728504898567,91.55442364037492
841.2631610128342,452.3482434621809,34.993398286539495,92.32569697819986
843.4358247727591,453.10290856857057,34.42505521989104,92.81074878923188
845.5398597415711,453.3692299467896,34.44477945264647,92.7027800967148
849.0238604970044,452.3392855857006,33.439797312812736,92.7927031225579
850.5772951029194,451.2345569056473,32.43134967462177,94.08233719374695
852.2531514959461,452.0342832897321,32.141846971576115,93.90132810538688
853.4343568629795,452.4067301073467,31.95297253816846,93.48613893363975
855.4411401342064,452.12746691159606,32.052864629137474,93.53216164157388
856.4177287665079,452.3597787661823,32.00252535624884,92.46157994747713
857.8855784569287,450.4663553295228,31.906203378666746,92.98100748256977
856.6356794343056,450.59459332097884,32.34721527011938,91.378047076974
857.921941209808,453.0742992164652,32.33341159254315,89.48689285626807
857.6461531879736,456.7274346395831,33.195889903906355,86.4233025596537
857.0448427496223,457.53366878685995,33.88650825289525,84.71049103771355
857.8866813873562,458.0626990620955,33.84883148192094,83.99992890414322
858.2506952196193,456.863513927919,33.79911170828691,82.80461283025683
855.1871501599087,455.32247785352854,34.4346513821514,81.001353825168
853.4685638302527,453.0597495555708,34.63558556184911,81.77461697015573
849.4604907512069,454.65833067652716,33.63216804501415,82.46661416923729
843.983322255074,451.5198989110391,32.625252824755435,83.6655586938658
834.720115227748,450.89369848648835,32.94358658765951,83.36151740143436
823.1083344945573,451.00658448614854,32.25648826400186,83.74960326744755
810.8513684073241,450.61121406216796,31.75207555931773,84.69152646890531
793.800139222973,454.0653470074581,32.55197502909415,82.39782642762923
772.7974483032065,451.42977575896424,31.79741958225038,82.74437070760641
753.5082772661589,453.7781735154407,32.49414315658974,81.57532926302812
730.4770556760488,454.99342379498347,32.98517901869455,80.22866752440011
700.7771630626867,449.79485460065325,33.19810129986215,76.95596605405173
674.466021237672,453.243491279648,32.906505555360255,75.79184985396012
640.9584291515902,452.69203788509367,32.38706753514106,73.76837572265873
613.8518967171345,459.247978851527,32.874386249267275,72.33185160839544
575.4280321655453,463.2531862325153,32.62190325527767,71.92981525675833
540.0642729933567,469.89289325052226,32.49602804496748,72.19840727848357
499.073595290219,466.9275480779239,32.900799588938135,71.37262646660628
456.16367863325036,472.57107208039565,32.84536587406679,70.78964855291036
415.3923912832111,475.13731555474425,32.77588002727035,70.08395184164
367.8909629987973,478.07013290307094,33.13213778017991,67.77560984480044
320.8694865764289,481.5229766511637,33.019939257729185,67.01252002393844
280.80488310373227,484.612324150392,32.48464119823973,66.45463362686121
240.5931778950021,489.6711070038903,33.091698771461765,66.35273964990613
205.24922296115776,494.0062263000468,33.19393816795904,66.08734534165065
177.37014620132237,511.9699118707542,33.43010377259076,64.77614699076331
152.95826063158475,503.45754610592724,33.37464059810115,65.14964293997292
136.1044561974738,504.45032519449785,33.63720780982891,66.35047873904324
124.7810391348695,512.5327893866294,33.81362491233243,66.15718521958723
113.839593174104,509.72050111255254,33.96471484716912,66.24444592225142
103.88265055579842,512.2251438066822,34.393008195352536,65.88331765374309
97.99424311778951,513.434137346824,34.67789115608715,65.95216128482433
93.7586907586306,511.37463108510974,34.84236383247381,67.33857049671408
89.16248575224225,514.1173057819273,34.894869823033716,67.71598879945964
87.01804806824727,512.2811121972093,34.63287048094068,68.91826507564599
88.68328840331517,508.8502831993847,34.18459005189373,71.7674313682618
87.4236805969307,500.6786636755802,34.136641720418304,75.69382032584397
87.18862680380784,500.4109460128282,34.979611466869876,79.40808293711449
85.55812304017763,498.92264481308126,36.288227369679596,82.06486502196262
83.90705340013083,497.6415648989804,37.32677130713708,84.6072112864897
84.54455618490113,499.36580532638004,38.453441200319276,86.62838260759371
81.47704372490321,496.01512716098597,40.06678671891741,88.45507844643848
82.88342918706807,498.3764459562566,39.79524575789029,89.68575420657479
81.40524866096314,496.0765642252705,39.85977851153142,89.98709199410847
82.15873902077719,494.9340907596629,39.8002725099972,91.40146439138427
79.4608342436346,491.8382084087672,41.41694659866046,91.68713978729802
82.12195671300448,492.068008922819,41.67768801474855,93.32273023792365
82.45493547819015,492.6680205575391,42.21812217653876,93.52861614912467
80.23002738252191,489.7970114529097,42.93277205661123,94.51043004319791
80.24736646710419,489.19683140782735,44.234256812213204,94.69929549682692
81.29186212168923,489.9363014898198,44.18613736163991,94.97617334221849
79.98402288138662,489.32487564858496,44.31023249492457,95.51117651633024
80.78316506830058,488.85199065213635,43.085850322749195,96.58502577458347
78.91786973974874,486.6516729323111,42.7790040177252,96.99872631395019
80.37092599058818,487.9445624331858,42.51997932847002,96.26075162013845
80.35133710486765,487.6053083470575,42.806605827399586,96.49139692885441
79.18546349492968,488.39339264484886,43.69973224153517,94.96985072637315
80.19636232949927,488.9755448135161,44.360640690025996,93.73408789288536
80.90379760578622,490.3449618292177,44.229155533455824,92.43068295770398
78.57819299003786,486.77972313173314,43.82699953439223,92.63536050602397
80.60263712457706,486.60171972633754,43.59916357816479,92.94187702518992
81.32631174686527,485.799607098753,43.58990585008312,93.04052698109601
78.76451887880125,481.6776929291753,43.55700650549217,94.12654844692989
81.24061188175091,483.4977905708431,43.107632885151915,93.91466069685843
81.31927189294487,483.47256016680257,43.213700781236305,94.50924157825798
82.13441563776254,482.73629309322024,42.41209589305281,94.12682291322783
82.85348250876757,481.9695734389175,41.81082006596739,94.17952179386234
82.83018038715657,481.5933773081969,42.09144850605255,95.09887740905661
82.61086270619593,482.307989257067,42.40040730244592,94.77540240314693
83.01142387325572,483.2957148230144,43.1921912049749,94.32645662231866
80.66284318925803,482.50746428891017,44.25407387118807,94.57933951692792
82.82465802118475,482.3702175169203,44.238464799070485,96.10110304896764
83.31011680882165,481.2466064373003,44.57412299894315,96.97263522483979
83.12636774206344,480.51967838752387,45.50835407551759,96.76907104679714
84.37953108065045,484.9137167550558,46.11614907383488,95.03137406484599
85.1572946927362,484.447865136959,47.25339304602875,93.55262088204844
83.61740881912388,483.7293965558877,48.717919450998735,91.45734840941016
86.04040789612591,483.0796480767692,47.779849763791574,92.39377183983423
85.81794582076137,483.4003402355855,46.82313039988747,92.89168357704185
88.5452698654918,486.0290476027405,46.620469290864825,91.97798307994496
89.0023748061244,484.5517236108683,46.33174012105977,90.17672734283366
89.57019058437453,483.9038990625076,45.07663865369942,89.68666991947444
91.35441985770125,484.81156974823983,45.24486490624034,88.94893677573971
92.83227728097022,483.23526661036163,43.68365055370569,88.4083350722939
93.13741124745107,482.0978962054267,42.03646457665372,88.7991477024228
95.118766298629,482.55596472275204,40.58769552387365,88.44621209523183
97.73913640693777,487.73367086848407,41.374139793645256,84.60681390288886
98.35615661008933,487.70635853011555,41.9702546407525,81.72907578474982
98.31318813091471,486.38408438168204,42.03152921247572,79.88279270649483
101.81565782588645,488.1606021031397,41.34435839629325,78.96910004846112
103.51689784550445,489.0227970479614,40.61083225262611,78.86384005498171
105.32138696005407,489.91796439761544,40.907828650067984,77.52420742686346
108.44322679017138,484.7805155066534,39.04435176006652,79.38734011021577
117.82867723205575,488.299774426493,38.03145601850968,78.47591415514958
125.94899980498055,489.4486529395567,37.76378564988178,76.8826430222716
143.90042659680327,490.3386068935366,37.68533010700779,74.19287843725643
156.31842025252578,479.07923955026706,37.92134902114871,72.16638798036297
181.84204568948968,473.0370866601254,38.13592752344162,69.30741735531186
207.52769448423177,468.08110887752804,38.123211476926215,66.56637971829709
240.6612139240926,468.0430785235301,36.95232585648188,65.87113784545954
280.25404202956844,469.34760285709405,37.37130679152634,63.50015896595307
314.26325323787046,466.3501907969434,37.05553635246136,62.710793385174085
351.8355125852194,461.514110100561,36.22613454008764,61.84291762278745
388.205273655454,460.9381725554639,34.070566257040326,62.370416714007916
430.5314804025076,471.0831481455685,34.50552458910503,59.88246557957504
475.4681903818423,461.02725306899646,36.33897566315047,56.227144908134214
514.3103897023859,455.2153612985861,36.87760711239526,54.271893643656995
554.0157660045452,465.58339605981257,37.22057002321348,53.15416175242967
597.0551682171493,454.3459801400083,37.5540962254465,51.231872162594875
637.3990606770367,449.6106689605885,38.02346920362097,49.32485665827526
672.2575974884088,446.66409946168955,38.37702088605269,47.19356156641258
709.9742936660889,448.2082934963,37.689134817313445,46.73759642123343
752.117941430482,445.51182940766836,37.9044027650897,46.164141618150005
793.7780111463856,450.77942659647084,38.41080904861469,45.15410326166321
824.8323820826838,459.83321717956613,38.66637457958269,43.38775439527731
857.9142816133923,458.5494959226136,37.844738604103306,43.000518373721036
884.2098804203333,456.4314839986456,35.91048145042612,44.38993978177658
903.5487085902763,457.764887054684,35.31552393256172,43.04443214973361
920.1717629121188,458.84082579102164,33.91358490557607,44.00298038773648
930.7184906476284,463.3685363318341,33.04519657322854,43.204658457722886
940.7645318747583,464.2985430429028,31.170017805492385,42.76521433623701
949.9265141164669,464.054916922725,29.642346580742085,41.631344335572436
957.0132174686479,462.85974637547235,28.556284045996893,41.03598792221946
963.3530493824819,460.41690335271113,27.46996967511594,41.68410654296768
966.4998323084109,456.7365025746684,26.207107844711892,43.14458995330117
969.3930418577829,459.57008533891513,25.173938868038086,42.83298854223942
971.4456414589329,458.43416823377135,24.241647018185613,43.43038201098791
971.8594608504843,456.26600826188934,23.563459595189286,43.761451977640164
974.0075959873611,457.1351454218229,23.10536271087051,43.05360666339585
974.4347095677031,462.5080861500403,21.955908201381973,42.93261362706613
975.0319125636129,458.2778355020598,21.14768433894546,43.30411231377417
975.6507001853955,460.46446560637287,20.63099288205849,42.3882693548276
976.1940786460389,461.54568189637575,21.47483696155764,40.53941174459035
976.2186202612303,462.4436237883107,22.056644160194868,38.945453625860665
975.3782003445,465.5230856770853,22.369721428042617,36.81420261595056
973.6580875396604,465.36651446755246,21.872898125673423,35.349287936627576
975.6561204692044,465.9978501155709,22.227969904677344,33.6027111761799
976.7402555239468,464.44213676338023,22.008591554111533,32.926798193213855
977.6579973924585,466.0273170586287,21.42678029767118,32.35049254007953
978.1856685032482,466.7859367944251,21.63959591586695,31.718250972787494
978.6130225703325,465.00950634781157,21.38202922638135,31.634347339647377
980.7140591222644,464.4926911942986,20.313612624287522,31.716993466699698
982.0842009094483,465.4689425056753,18.804428178642898,32.66936946027929
984.9150940070427,459.8619621931377,17.719145260278925,33.88499710805952
985.2068225799742,464.6312759165471,17.31957900847155,33.698812402634715
986.0550137616361,464.9894954971367,16.864936395055956,33.75698727753875
988.2317530890703,465.6223124760528,16.492087899565913,32.83156381708593
987.4365744423078,463.71262019665534,16.84881894663846,32.70786246699101
987.9115881115629,462.80602762928385,17.050044354710362,32.469844350848994
989.3771916360698,465.3942275804255,17.542772957475588,31.86419754609994
989.4425776039038,464.71015758228486,17.77744711250584,31.85138196548448
990.4772517221819,468.7748347633102,19.095559584567912,30.941810909555684
989.5482293310787,464.5393624588225,19.336720135206907,31.212719469641904
990.0068394722603,470.171834105175,20.457024314589887,30.2783530736044
989.1287977084689,471.7558969142668,21.284951287473714,29.47060619763872
989.8612014684204,470.38982245175686,21.35479087469503,29.25316658544245
989.3824416365557,473.0586512135169,21.980637512339698,28.772397832979564
992.5756323048541,472.7137148105197,21.985903514609888,28.99506484630842
989.9717915135304,473.36282478203344,21.837271391813033,29.08914407854346
990.9268343182256,475.7323067590645,21.797530659665608,29.168442224701035
992.3859976240876,475.6650286871006,21.907822383665383,29.356942155399015
994.5082785932121,474.4480060485046,21.869986996472353,29.90770036040916
993.8320565537513,479.15179987069854,22.559374821007236,29.535629454912936
994.583704269018,476.1250155515788,22.572904708810242,29.864389400220297
995.3899512779318,477.24016399601345,22.464726424892202,29.964971245939644
996.7820347315512,479.9833967456333,21.988822342665504,29.47803796944777
998.7993456614829,481.6929258067065,21.077197051482035,29.354698517192617
1001.8906477502323,482.135055483935,19.759596459798573,29.650190678124154
1004.0881553458336,481.16483353486694,17.799708765315433,31.226909450470636
1006.8261946674688,483.53894495537867,16.595882681706772,31.806231775462848
1008.2981690347154,481.8040616923761,16.543512144692812,32.13896340843213
1008.8823794582636,481.8604615274498,17.084466440647788,31.95976070693554
1010.1511804522943,482.5276914258042,17.5883809950209,31.29437496875932
1010.7471583303643,482.43800758271783,18.256690136227522,31.117591461551825
1011.4491192806086,483.5276678675617,19.521176868017456,30.472444857318116
1010.779588624847,483.7040168567673,20.49189777669894,29.930690542027282
1011.2343919832294,485.1231892584882,21.09294503255982,30.145505452330557
1012.6508166410604,481.38634906739026,21.008701445047222,30.913254171013246
1012.1803910254346,482.79864093196653,21.442827424624276,30.7000634167142
1014.4128251622545,479.60224164366423,21.916229719832085,30.65505061865457
1014.4842170095915,480.1233146983717,21.89033827355035,30.923446139030837
1016.7985195432983,477.7522747406435,21.334817560537154,31.538772247419367
1017.1367125480966,476.4565746400668,21.43645503230955,31.82618184607953
1017.6503172361076,478.3887867551176,21.432965920722467,32.284354165965595
1018.8110037382403,478.14863170107026,21.0773306169194,33.19707838853555
1020.8187716758322,479.87323333634305,20.130443556890693,33.86846103641652
1022.9506251594103,478.38474019847354,19.35153621322391,34.591381798544745
1024.8579211236392,480.17020766726677,18.270829811422914,34.90163382308595
1026.883414332107,477.26591637443335,17.01090861055203,36.77449524977145
1028.864169956988,477.99669247828035,16.23816741656067,37.176387966432
1029.7714073228638,479.8309140244742,16.180677157084,37.17992525505624
1030.431337770721,478.4669165580108,16.623978993493683,36.62229949859102
1030.7072370017574,480.46292959331043,17.195233247676036,36.52159079554541
1031.17233190301,481.8858406586984,18.604471631587625,35.875232509068844
1031.5225015786773,479.7854576910076,19.29078403463255,35.734838147056635
1031.734875817759,479.08917998271596,19.81712839570978,35.50119598711702
1032.7427041000456,477.7753102591418,20.042298437887332,35.54059062187218
1032.6904128595531,477.7816431506959,20.25869184149486,35.44592070887735
1032.5386830976142,481.33567701583996,21.263076357934125,34.81095936286663
1030.8090189907316,483.35030575026997,22.022191139387463,34.59936341782557
