1172.5,328.5,31,50
1172.41951365944,332.5791727214653,30.633760210349788,48.33170487292641
1170.8064431927912,334.68857669267794,31.873301817513802,45.45904792480188
1169.542345026162,335.65423220246487,32.574610304779355,43.32794320882449
1167.7293370494203,338.70967447619284,33.11769473970788,40.93773770609204
1169.555485973626,340.26319879075163,33.21104646748378,39.16276753385315
1169.5477816545094,339.7027993962493,32.17894376652947,39.769298997456566
1171.4433274576172,338.289997817576,30.81857129750566,40.21749293506129
1170.7376178681402,339.5889327552231,30.683823102802315,39.984746093290745
1169.6191544008714,338.4966978370919,30.23836173167602,40.691778433367766
1170.2762390749217,339.8275269374336,28.8255792108059,42.047546246630816
1170.4080766933585,338.7614425794192,28.189406206722115,43.089064404188015
1170.926586054778,340.098315339301,28.73906706171035,41.78440717654636
1171.3533031233173,339.25320806963185,28.849934033945914,41.69628590617698
1169.4156628444614,341.7763921410737,29.539153209363967,40.4371375260954
1170.3612113805164,341.11396921312615,29.88810406892518,39.943912970308375
1170.6893814327723,340.14030780756235,29.798060720681,40.06235642505169
1168.3025391592787,342.33618856824825,31.330444684782442,38.14476272747142
1168.0449751167596,343.47515989387506,31.322355032145794,37.711962202301116
1169.284213586629,343.27807641491626,31.51366526091006,37.14167760878135
1168.8030925999747,343.3728618995074,31.314643053081348,37.05883146063018
1168.666041341308,344.37858009899014,31.411920464270825,37.38288934152621
1168.2465242508179,343.9021853846793,31.923039632414447,37.78143574198395
1166.1672508153636,354.5236543572507,30.94901337557645,39.13848291952183
1167.7928474821613,347.5597045396355,30.246100519504893,39.51666941998659
1166.692137304418,348.7070438423191,30.7317164173267,38.98191963713676
1164.8652328323747,345.05194344191864,31.65652145516394,37.624764900523125
1165.6086934774028,351.4898974252044,31.469662463882425,37.695565613150876
1166.6793819559705,348.1380187446859,31.822442821047563,37.419617640478116
1167.8048610437042,345.4183128517353,30.69564660427454,37.9340764425231
1169.7757469025223,344.2563021203818,30.30002032578598,38.38819493682338
1170.6808882507642,344.3277432264239,30.784477590926446,38.397945378452505
1167.8366949585618,345.3432464109798,31.409273648750563,37.66705638280707
1167.8140067178472,342.8272434203617,30.465392556098205,39.31354548210062
1167.1160799638606,346.19357594757565,29.60892887390112,40.067814135863586
1167.0871661663841,350.347507743637,29.139207500062014,40.697773839334204
1168.1272565253573,345.7967429530637,28.814148609241318,40.92037142127428
1167.8883181817812,345.4077315223491,29.2873805676622,40.60711584890372
1167.8907308762318,344.14301378516103,29.42629850006044,40.76167935405685
1167.5899800069653,345.9734863061959,30.226049831970478,39.51923545067413
1165.0265170316568,347.57233338208675,30.739634927942898,38.938089360263376
1166.3784915317858,347.5960447002685,30.35583272677253,38.89119868906796
1167.60778583656,344.52789329384046,30.89480747934568,38.508716502076716
1168.799404008541,345.8886165762438,31.759713139396695,37.796280013792845
1167.7432320190292,345.44130188513583,31.24411860943275,38.413404504851684
1167.846006826495,345.35330009022323,30.887473842599626,38.16340967515356
1167.0923276178503,355.6339910733604,30.147854930635255,37.758176619401745
1169.4702007086491,350.0997622195704,28.890996287947566,38.68962661366389
1169.7651342479633,348.5051101346856,29.784861790458017,37.33241722599934
1169.1235107177374,347.2530815593946,29.459253364993547,37.62796493139088
1168.729256639036,346.785573979717,29.00909069643793,37.39572111285605
1168.3381649900316,347.19096839227075,28.54925744056814,37.071539213474594
1170.4509543923248,354.59411002749584,27.635622167017843,37.8534832150581
1168.750225048428,353.954494508788,27.628674120344623,37.67335055351443
1167.6132912187356,353.5854601117479,27.481593512746745,37.84732772476512
1168.6752657762918,350.3877774713353,26.42811604203596,39.15131097891805
1170.4653925229775,353.2543093235721,27.436583347157217,37.64644055752542
1167.2898654948087,353.55320470884755,27.41752879906352,37.46889543440504
1167.6590448751078,350.23803272960777,26.92794835186368,38.52203754962282
1165.336248482756,355.8695994818793,26.681602450196394,38.72320992276539
1169.4569391585442,351.2184697658117,26.368845728594483,38.81435923984927
1167.9557895142455,350.048125334847,26.946861035868732,38.0830805000025
1167.1868396468183,357.69746099741576,26.62926078788926,39.149729380553524
1170.218518259168,352.0374168530561,26.38354482142958,38.97721245992226
1166.8532555408678,355.47919732574564,25.752075991519828,39.159828405870016
1167.7313015336972,355.2472033576739,25.49779586785302,39.3920076795989
1170.2219628511368,351.3427368235327,26.5638188712486,37.63781132283263
1165.7396169382816,356.9159032555727,26.994341499876477,36.76992084156502
1169.2322969604315,355.2854568155808,27.567164171946196,36.318537262808604
1169.2276541609835,358.1213365620262,28.21442296019648,35.12975182234693
1168.566661304488,352.88565234640885,28.668269704242952,33.995950957317106
1166.7680770455868,357.9524172602769,28.5660950175471,33.72967729413176
1168.4053217584994,355.1363917262297,29.110792279190985,32.83796804347008
1163.653778957324,363.0481727292706,28.807785619273897,32.72725756174121
1165.3419172029985,361.2102614772532,28.597710004160753,32.179836352397174
1164.543230395572,361.389743198838,28.235451222315785,32.28807745019551
1163.6429506256345,354.5653406199104,27.877150317168415,32.50984250795303
1164.2886447174194,362.67789508687446,26.899586638212632,33.76815680705711
1164.4386212783058,354.6017136015593,26.20917019403858,34.64583964005315
1163.5045922500333,360.9247474378403,25.840966405948453,35.30570687349697
1164.9806425274153,356.13339778241453,26.206113718768997,34.55109825435588
1164.3540219650695,359.12353536861923,27.085661556087757,33.51362265012276
1164.571843088441,353.32055985657104,27.681616446796024,33.204002461450614
1166.7077296190794,354.9857064919908,27.602871358694188,33.013697851423416
1162.8056586445089,355.3084322095811,27.626263033177047,32.94903741279438
1162.189185028484,358.70484520091117,27.64406110102692,32.66931396156735
1161.972249606454,354.1119389814212,27.245366816283713,32.988052387791
1167.2445392447337,359.283298378518,27.227584834340917,32.9226144010924
1163.276807909014,355.4109134223592,27.042591763898145,32.93991010076349
1159.5367643499392,352.44146783992437,27.17314818517874,33.612262168800896
1160.4947809500857,355.0582816401366,27.441948511497248,33.605632897539024
1169.3491897669742,350.27911824958636,27.715102618442906,32.942271408070745
1167.4748389515428,348.5202565628835,27.498856310386593,33.02637170599123
1160.883414984276,351.6557506545377,27.67239542991794,32.84381249683443
1157.0587439075496,355.08864239693736,27.592797096462508,33.00772643024801
1155.883269067456,356.6307790992964,27.397217483589397,33.25171058625996
1157.22706825239,351.05201918991963,27.173293659009875,33.269649678389854
1154.6582451802058,357.2973734094634,27.079485430972007,33.11979969877504
1151.5216703616861,356.58824068689296,26.701516312670883,33.33580619940447
1166.4319600109272,352.0695706433944,26.301093493070287,33.36595653573021
1152.2621963599177,351.79614583145127,26.7116466434781,32.793126827837035
1148.1430169095051,351.8594135214937,26.715100301383025,33.12129322902502
1149.416902603155,353.67826873592736,26.899248441137193,32.67932469201864
1166.1014840714906,351.59794459930936,26.282465875559808,32.85778617097361
1156.6128975722854,349.6888035991708,26.27568158332078,32.86802922128432
1162.3049296111885,349.3673858598357,25.842937200033816,33.02930992352448
1145.8532521848176,353.11451174659135,25.59990304520715,33.31216968031706
1143.318954992906,351.570634349148,25.657014236586672,33.50730653430109
1145.8292774815015,353.3093283321165,25.714764149227165,33.3243569304857
1144.7833973953336,351.1219262184391,25.72954063130104,33.026350603336
1145.2504693910093,349.78593121169337,25.829845740443766,32.803006849890224
1143.2991617915768,353.58409066299356,25.82966777028757,32.63710739232768
1144.9859915507307,353.9097466670779,25.937265452220675,32.897366648426015
1140.3048892097906,350.36973964824733,26.14590949567304,32.573193006796316
1140.5517102242277,353.1261120995617,26.31641317488304,32.60548728110864
1138.756281376301,355.16724919040064,26.386647425225323,33.39881725211011
1139.2746457235369,353.6377684262164,26.693830378550352,33.26989063503186
1138.5917509215894,356.66532644635265,26.119572718346344,33.83794401690896
1139.455417802485,353.2013692466067,26.133479815586796,33.547412638507794
1137.6210530960993,354.3941700638814,26.84276875861611,32.214601049696654
1138.1648640415385,359.3317683672259,27.13182306955818,31.80036387751693
1153.4489150504332,353.2391544601131,27.015203824596092,31.952467721710754
1161.8577741273618,349.5702892610765,26.725140318566215,32.27132156720228
1159.3975011036682,356.0268344587039,26.89538595854363,32.09982739387124
1160.412071943511,352.6226506969599,26.772024594257136,32.23494662634355
1156.9045317724526,357.7255383485197,26.753669591678026,32.269080495282054
1156.0376482281047,357.31261539883025,26.63944664436302,32.347506798942646
1134.5121796008045,368.4324377698433,26.690525042762296,32.03828007144283
1135.5804740865585,370.82041330024924,26.718551225520596,31.884730248118736
1132.8728180676949,379.066210763757,26.465398125765955,31.937319052182403
1135.1132289656337,369.96714838264285,26.96776305169037,31.34048379243803
1133.198770538896,375.283799120005,27.130736759413605,30.648407369593556
1135.4837980139307,382.28762289315677,27.122909058489586,30.659965870348138
1140.9164268110244,370.4297561885139,27.151898519356184,30.627333877412184
1156.6264957874412,357.2173564860597,26.39861351757238,31.308501919405533
1157.9715594440681,355.1726837166625,25.844640379123167,31.619724556283437
1159.7236989888113,354.5606644780164,25.635218314783224,31.835962931341765
1158.8956126802902,355.3885490654216,25.381202256898646,32.180708740662254
1162.241765490771,353.4766308769024,25.306839922832708,32.23510041364485
1160.6632494229764,354.9949073612819,25.22296677354071,32.25750263745178
1159.979729421389,354.63765723281284,25.138584800625917,32.30704817246227
1156.690393898549,358.4050512616518,25.121999517723047,32.25387756549843
1129.5742517380238,376.21145538724915,25.538053064847652,31.636201760592797
1129.635563090438,381.13734947412837,25.45353449928775,31.741302739361238
1131.1530402871415,381.68095372309006,25.69235735235609,31.596502087888656
1131.4665974833902,384.10911465073644,25.59072001159365,31.615072944235298
1134.760359741771,377.44214646570435,26.08251449507597,31.151305571318535
1131.243104381715,368.52571701712395,26.179100353279935,31.024512521457883
1128.658122306764,376.3878917150467,26.2691876034627,31.001553392030846
1127.7699041198498,380.3008508754388,25.771833379375593,31.924053879229962
1127.3754451930447,371.78548129071373,25.60104373443541,32.064654422581455
1131.763410707183,372.43286884408303,25.657556897137518,32.00247285221983
1129.2608211281415,373.98919517020806,25.889461156691635,31.62592754936553
1153.8390725965035,352.2382089252764,25.241197966061403,32.19828501847686
1158.2620141838042,354.6705610742714,25.188163378496043,32.016241777005504
1162.3986539460095,360.8815223395527,25.41941189973992,31.828522585065937
1155.515115897763,354.88103126233557,24.98786815370323,32.29759002850162
1154.479349969103,355.6640133094835,24.8870457896795,32.420817990861735
1160.2171912306535,353.32216275918205,24.346502922645552,32.78513308606296
1153.1502372291702,351.5016409152676,23.909651152357544,33.026092516765964
1160.0302308091527,356.6705830772382,23.29977614449223,33.763361543654895
1155.7772054262646,356.4526506491035,23.391160734426347,33.463423093821596
1152.9306013816367,353.02958957102993,23.61021959653955,33.10767814639203
1148.5847907502223,355.0332623668017,23.604240494683353,32.99963670638356
1150.586465551958,349.4209803118976,23.346236960547543,33.33423003677275
1147.1307108885512,352.4090869413543,23.58882910825358,32.88977174840992
1150.252048108782,358.26980827244796,23.57830617612361,32.8581436537885
1144.6453485218417,355.0227583722241,23.58977625759693,32.81206610896041
1125.433073883983,356.30894059715763,23.960675630970215,32.19536998928583
1127.8672559062427,355.5984714618991,23.73240348250812,32.63887362464051
1128.3936391319426,352.4084194416408,23.605371849090105,32.978580497951356
1142.4125800708155,356.87521577261134,23.61435161990381,32.96505562318072
1130.232878837327,353.86140840277943,23.655472913174687,32.88776571120263
1149.0090644675042,355.08771144953545,23.667131346423826,32.86049073341323
1152.0338134045114,358.99302021104285,23.721809040036547,32.74441132685352
1149.5040549366222,358.14491469754125,23.489966074386533,32.74561169177784
1141.730579295892,350.39955936326015,23.501754430126596,32.424232440296166
1143.9156441333905,355.21822855231073,23.56357198642245,32.107216098938146
1142.5921654613314,353.7176426620058,23.39901805238854,31.686436585602713
1150.5898880463048,356.54766671051686,23.26194557073492,31.745057903100854
1157.0781303119402,356.863920348121,23.268025965611532,31.725641619866455
1161.939577129083,361.4514463375008,23.172881774380237,31.706757625115632
1163.8331645267683,356.75588842410036,23.11326916811201,31.310865166394024
1181.3499326905055,362.8060788815604,23.112424796203932,31.312767729257214
1192.2588689674744,358.8812146776766,22.734407817827513,31.745820092560646
1208.7275711301377,359.9944397621757,22.38037751593853,31.85267409035619
1225.3260330311305,357.6997170406361,21.829438363611334,32.559721881763195
1238.0119984307792,352.5279705245805,21.758927776105903,32.37660453942359
1256.972385927895,355.7229227461518,21.382365123182954,32.89742139831339
1266.0094527226145,351.35790533623987,21.8435480010288,31.626046687497748
1277.6061184049752,356.06182120803413,20.83876949275288,31.86181063940483
1282.384174170637,354.01107623798174,20.734864573062683,31.240172737560115
1287.8313147952315,354.91489684856356,20.72373437825595,31.06188670858096
1294.4799253938897,359.9894427696625,20.707261548248916,30.965306081592967
1302.8908821466978,361.34343779008253,20.758154591705072,30.990906882046282
1294.8931416451735,351.5902899882816,20.41139812221935,30.718851655570013
1300.119883846828,356.82224430547217,20.471650443764,30.45293248499507
1304.000292930527,355.5785003381612,20.176886715910566,30.678251773758287
1300.9096743099776,353.97519130997574,18.93651741632963,31.735678212163442
1303.0307109667765,352.52492296733294,18.50189058252918,31.46454899054288
1303.3331119868806,359.04218750115666,18.626837625839855,31.373862810773822
1306.0033645228232,357.825728098712,18.588410324188047,31.372211064744626
1305.970617818677,361.4676040326597,18.665497727164432,31.268799963755846
1305.0482759321192,358.63240973632094,18.932802750433115,30.88311012244298
1307.0575428160878,355.7952673815899,19.11600877055133,30.631818145045948
1305.57639664525,360.70869968156336,18.97262183862115,30.837913483148345
1302.5570347640519,354.74413560177675,18.912701821263116,31.001336534078945
1296.6692914488872,353.7270728619735,18.915652173821293,30.9952939667342
1296.9039683146534,354.7787484928111,18.80977504651205,31.19832512273789
1303.714446258683,358.5499415418286,19.094536054510186,30.751679343001108
1302.6545866512563,359.66813072831474,18.99911206562825,30.885776262234657
1304.5983841924208,360.31223757564203,19.079258711128148,30.743495122778768
1304.4696858923567,362.44515760537814,19.136015079885606,30.636514316236234
1295.7706733101109,359.40997007648843,19.522342475212312,30.21252940392283
1300.3468809619196,363.5312566524265,19.528905633813803,30.13459953970541
1304.1483245069528,358.45594984843007,19.968663044479865,29.44075838237851
1303.7836013623626,362.89072185024156,19.909428959038042,29.48872727243219
1302.6811243434502,360.32510704680885,19.910719647711243,29.24628630129469
1297.9235085344876,357.42162807111663,19.91699054175939,28.867827077386167
1303.762768563269,361.99383304023877,19.655107904850755,29.256589746563762
1302.8166527783978,361.1390446351353,19.3111932629689,29.758195818359827
1303.7188690512398,360.5132363331174,19.2254816302182,29.983658738733144
1297.8378114914435,354.6026060555722,19.15863919213296,30.103666356506647
1296.1885375876357,357.1519697206702,19.13308865113075,30.141285843327257
1307.2786903355905,364.8427330418223,19.055778074044426,30.22579599759282
1296.0024390254603,360.17534831484306,19.35343984347505,29.660888174940027
1297.5431561151331,357.1765334326825,19.31525503279669,29.735791308096655
1294.8024853778954,358.1444639061716,19.248638133248747,29.845996168460914
1283.6222429276277,357.3328060221758,19.2824552481397,29.68978856380237
1301.342259451335,358.91102056784337,19.097003652141193,30.002490942193866
1302.3904277970494,361.35110077046517,19.37130938434219,29.621849408257603
1294.8429515870482,358.8555362219603,19.355460107567005,29.689069794787624
1291.5286430459923,356.56043413407144,19.258321021313513,29.869695647201087
1282.4215360665241,357.132173491665,19.31702312417062,29.703621764853935
1278.6515524370395,357.74577882965593,19.345377014151794,29.6030888404132
1278.4618126766334,356.081864004037,19.569925585752923,29.16334298925545
1277.7246744878548,356.6478159654014,19.75177168167093,28.835311890241904
1275.4238024026072,356.86673930129405,19.702643621636426,28.939899910839383
1279.300701071983,357.46766264493607,19.883192005083593,28.62084498113891
1285.2231388523978,362.5947311624497,19.851262763833862,28.665781165410987
1291.8128594572315,360.7486584821623,19.86176200674223,28.651741900360257
1297.730977894305,361.95304165306607,19.875298539577493,28.612026061329686
1308.8687193292435,361.42074255698907,19.82320624892423,28.188371375294615
1327.0876328252089,368.041606876416,19.79460472086076,28.23018250847449
1354.7501380468884,359.95526918105594,19.875760354161855,28.18546593142112
1367.9336440662628,363.990967882855,19.9388916717362,28.09543230116902
1386.9478531899074,368.2071953505138,19.90060098792365,28.160108713507633
1409.0488384220898,368.88124580367946,19.907931518431642,28.148513935487497
1424.251997228913,373.6331637158972,20.14680891210944,27.811810488676553
1428.4724273766085,368.4519895874485,20.192976738667006,28.023271256255015
1442.756322732145,362.72173889780134,20.1576471939757,28.075162291616238
1444.3245615239628,364.898700923743,20.085410065967807,28.1299573025382
1455.298629883517,365.3699161673885,20.088672196346486,28.064938419174776
1460.2509757930732,365.24723010042567,20.155879409826714,27.962815623071467
1461.7051577960215,363.72402175637484,20.15298291415348,27.968232421799406
1466.1026409720073,366.55872973041363,20.153103422838935,27.967470438718117
1466.6360758633998,366.2168778043039,19.709170425274916,28.57454469696912
1475.15965752839,368.4180996092734,19.740067245441033,28.538933343347413
1472.7185323008873,367.98311936677095,19.3707531977304,29.06891689177347
1474.2290106515636,362.94737257103515,19.201305113778794,29.39136797225881
1491.7998189161453,363.67269745306777,19.20264054994711,29.38936046206928
1487.309425009289,362.70416965686496,19.20120771394072,29.362771073090556
1489.8793191195755,367.1947339318318,18.733877188375345,30.19830912624527
1489.7148746755831,361.6380395099834,18.61835593107714,30.713645945100797
1489.2792885541799,363.2239816014319,18.839122111280417,29.686457997860554
1485.7429825412382,367.71474626499355,18.656616243944768,30.10313919624991
1474.5107418153918,360.61954498358,18.862655770589058,29.83519157749744
1487.9011911903185,366.4056875684292,18.888622712874295,29.794017171348873
1487.8506865002998,366.95630577609137,18.97028820824955,29.670508407620527
1482.4096535519716,369.0104310073469,19.000184114366732,29.630539595652696
1467.9380659529784,362.0992490380931,19.457551893529672,29.066517616496782
1458.3541237585844,360.54276479766037,19.883443331878574,28.346773208644578
1456.683813361706,363.51891384270215,19.969138397790985,28.08165325347919
1462.1422954851978,368.918910066579,20.01134163127612,28.238115082764114
1473.0027694436849,371.22702159027045,19.68639934479484,28.74228864945584
1468.7582646686878,369.9480179016928,19.688499028456285,28.734995800399577
1470.5388621208442,367.3661103152508,19.53003029754432,29.03701030265987
1473.8066329536318,367.44046736241575,19.113641177898057,29.678851864286226
1472.0257376994293,369.25864498069944,19.083405452630096,29.787832445055837
1477.74261760673,366.0124480140265,18.787899803678258,30.454328684767695
1483.9084428850147,368.4224556160498,17.865918169532836,32.012729542122514
1492.806628037018,368.22932600457494,17.57707998527718,32.418418346311995
1491.6551422614907,365.94525087003865,17.306842727433033,32.71578852886726
1486.5590044107105,364.9393363791242,16.94417629795081,33.142850765128856
1490.8685539126311,365.24158263103413,16.5593607413751,33.68826585026776
1501.6294441696382,361.1853292816573,15.910392498479382,34.61842668186447
1504.1252078802022,360.9363908877279,15.621682517384004,35.05047604042862
1485.567681083375,362.4354095248925,16.599342159622726,33.76526048813008
1492.6645769029114,366.9449468935099,16.437213461528685,33.9722799968059
1493.8901593100263,366.1349015100522,16.254309603109302,34.18986310094821
1491.5743634010573,364.16194641939046,16.270601719357042,34.16591821215748
1498.3172233171033,371.9067502695774,17.003077802486825,33.217038127140114
1511.492219617111,369.8924758959006,18.087293118731353,31.902062418469487
1508.0881676371002,373.62015290263406,18.114166152239456,31.860439980014753
1521.3123921135523,371.3723168575609,18.625218465814605,30.77451188095212
1535.6136487505187,370.53969118694295,18.597389334948122,30.83465663000968
1558.8725316987704,368.6388648145635,18.693682886687103,30.53043531318413
1589.0001569752203,375.6283621730148,18.688314078172105,31.237530111967562
1611.219621614144,377.2018728969926,18.82901279104744,31.06128903663163
1623.2106483458626,382.14472682112836,18.137143348605875,32.16956064240063
1601.0029090101405,366.38728680876716,18.160570323273085,32.14782529541884
1598.0757068695118,361.0256723926188,18.299780856056312,31.943732693694596
1612.5726662007937,363.5800551520585,18.532933955577313,31.71745447187333
1623.720910963045,365.4056259750463,18.233791309126612,32.052153861740585
1637.7999272383563,364.79967497847895,18.72964746089655,31.34159208019423
1652.0569577049823,364.2992881757775,19.95725522881649,30.17170375932758
1668.8264809494474,363.62940654885665,19.955222747454428,29.78600028495881
1660.460428368776,365.6675230833266,19.956508206648675,29.25315439062523
1666.4763845546427,367.48021121962114,19.736308099930227,29.602693145654545
1677.414464315408,366.55076009848153,19.874150424713132,29.308195205209813
1669.6622642287325,366.06043869518413,20.338912078777106,28.72917710024457
1675.9611498950346,365.5260194500219,20.393658064898435,27.949941154381218
1671.9570288126108,367.19697630553725,20.2473725655613,28.280050501288255
1662.1226816431279,367.0544861027914,20.29567315147565,28.198762301786136
1670.4062898037955,366.43532695409664,20.381765698548186,27.886351443635114
1677.8368659421203,366.39410678192075,20.384506930810097,27.947838861038214
1675.4282505148717,368.13953356299635,20.318277740446398,27.20942861248573
1674.8117380648098,368.40965401014313,20.41743299259044,26.566508741239115
1662.1937946428018,367.8731222138303,19.7034220704933,26.666112911276432
1668.579330420581,367.9027207964844,19.768657086894905,26.4916051738804
1666.059990033224,367.9345655243153,19.684695821356378,26.32764394190003
1664.6882060633864,366.9208293866273,19.760945178496968,26.272782175680636
1667.3161128394274,368.0700065540985,20.043423557567106,25.930106065301835
1665.1056479481972,368.9006382133813,19.722333686707444,25.818068077089027
1660.5443650949553,368.4196353955832,19.51490900622818,25.40902263961079
1667.6793255286075,369.6229510620217,19.516897852669153,25.32014795956592
1663.8592786448573,370.13965933074684,19.527778287039254,25.334240734745375
1665.5079431243194,369.3341555812787,19.056807169607204,25.175392972832586
1660.3269394090123,368.741452470334,19.19983285736244,24.923873068241893
1666.1603854579746,367.6614589656464,18.75483025528725,25.27621261095761
1659.7815975647147,368.7503290745471,19.01924960870156,24.838202989698477
1660.8737464834464,369.22108728698515,18.866938007810464,24.627870212931825
1657.3828942583827,369.5470766473049,18.72770129582843,24.56265409939002
1664.3889732077198,368.81308042959876,18.63476908990332,24.24009725654293
1658.4244943068375,371.3450925084473,18.555538643987465,24.134004617400585
1662.6681125785606,369.47205212024875,18.53533357942311,23.74463121594119
1666.9845072152998,368.87778514487803,18.486946390295294,23.783331129855572
1660.2397131755338,370.56241218558944,18.237474067910618,23.650582080018474
1660.4819105034476,370.56101207280483,17.9995427555842,23.44124292262923
1662.3294588487067,370.3605610423425,17.93647035324322,23.364321726107608
1662.475692254583,369.867078520257,17.93466180684288,23.363186897212653
1668.5382609597314,371.2142928467172,17.99433217395113,23.375517935530624
1658.9257116099072,371.14360772222176,17.956438014712823,23.090289516423127
1661.6536679353662,369.58475750261283,17.801202186457083,23.107661987043517
1657.0413039856617,371.99424896187537,17.84893099376422,22.961670821143002
1654.3426939652504,372.2565974439833,17.93549687122596,22.79739336872218
1659.8113161059898,370.42493741566824,17.612757403895078,23.145075121595607
1659.9045007493596,373.26536968497203,17.740340533336987,22.885433746592696
1656.33021614661,372.39854927702794,17.772495668707247,22.835282543590587
1657.6798149475119,371.58266825561185,17.385485738564444,22.99773740220342
1659.2630878666882,373.45591402264176,17.33691728096415,22.96788014167261
1655.236229866668,374.7515993560922,17.335675891173402,22.978169487970643
1650.873464886098,372.3258662117449,17.31308268336797,22.89771334090471
1652.9958583374432,371.7322545694924,17.411028687018927,22.67365575497207
1648.7525241521416,372.9254507464095,17.40238627423594,22.690598734008336
1666.7306033444008,373.1373749894463,17.25883088654397,22.789871068457003
1659.3829453547464,373.62444214061986,17.260858062752277,22.776153619537755
1659.9478300281326,371.82623624575047,17.259114724585952,22.769035240743282
1669.7422781711425,369.41926966042547,16.906779260099132,23.15701883787648
1667.4712878450434,376.4433463118126,16.82725512866693,23.182057177863346
1661.6316313822633,375.2965715614525,16.775355438260203,23.303557633020933
1659.7926609337947,375.8136453125748,16.707052143074332,23.46297001580127
1663.372326989178,377.3179096700895,16.70204694804867,23.469706050298903
1654.2960223426965,374.7327279875043,16.674219152998695,23.505207469363313
1659.7390930657386,375.34941706705524,16.651484841924376,23.47213429530774
1654.4420932185346,377.29090094218066,16.643887704056684,23.364345931195853
1653.328971609724,377.7472261617261,16.628183270768645,23.425128807858975
1648.7043311907782,379.06131326733674,16.586094670488762,23.481825078128693
1658.019301743737,378.055048745339,16.58517044079207,23.483462446175157
1654.3940100260454,379.0497789315552,16.58738179823316,23.48449429843603
1651.2274340590802,381.45802953212217,16.67814453004569,23.3571753787962
1648.830442450035,380.3194093284389,16.442524266843726,23.43777481784005
1648.7782094974468,381.86828034380915,16.511511792442537,23.341723890081088
1648.3668508147844,381.2773577786714,16.517057524523707,23.30787769230787
1646.7365743432101,382.21830526043084,16.573999093770954,23.213482395003023
1645.5204874849778,382.5139309411147,16.517958555856247,23.280772713017594
1637.263665866156,381.38981396966534,16.63234222623884,23.01890366862686
1639.9119102068648,381.83272431737765,16.620597807516983,23.026185440262342
1635.24684246219,384.50552681351706,16.742022626395123,22.65931255705335
1643.3840498036598,383.88315290678423,16.73792692844096,22.6575766869329
1650.5226960572697,385.2412626169245,16.797272871843692,22.54906357501723
1643.2618682663528,383.9690151525053,16.790379259341353,22.564347697962706
1637.1077182686438,385.5503256494689,16.801241586912838,22.504544477854456
1637.638074255542,385.1257781174568,16.796075300791934,22.51637250067236
1639.4957016941237,387.0145570297377,16.823501211668884,22.474188173119682
1639.7452030627887,387.1510835209494,16.649334013202953,22.430937069029486
1632.6716331483244,387.70026990549667,16.73314509915035,22.233740037315847
1630.1532667214467,388.74122114036487,16.792767090174014,22.12882600237103
1631.0234081680228,389.0095297864019,16.793107075096696,22.16211977301444
1632.2345491516942,388.30205336478565,16.92330818957123,21.965949769643583
1634.4254856190098,390.7641772457791,16.984093679317436,21.963089680081044
1630.2576908090498,388.7323064360019,16.886647448712523,22.042298466535918
1627.0580762787029,388.7594817944518,16.789302107551013,22.16916947319268
1620.4150415586646,390.0633338378969,16.574577136922212,22.307313565166083
1626.284844338216,391.6356953555993,16.580826909240013,22.3210141919469
1629.2588972594363,389.7075513627219,16.556886792507576,22.31577616528099
1636.6619900364099,392.390291437443,16.51375990097486,22.387504668335147
1633.4652748020872,397.03109568744884,16.546093033804794,22.240347080799065
1644.872062840568,407.43429975755896,16.47752924016832,21.893279989773134
1644.4874514447195,401.9788885867831,16.477689691606,21.881917387172088
1644.0176171981818,403.9260148664322,16.612761939392367,21.590728888085128
1655.5091415511292,401.8496997865199,16.521150764014923,21.779296834011927
1644.1277066909593,400.5282935558892,16.557307303812948,21.6741890205389
1650.0554346738186,397.9562447694054,16.554191082662502,21.67634170825259
1660.1444979986572,403.8894936166697,16.41054166687151,21.567737576040823
1659.4767678520307,399.55976249887783,16.399935604419426,21.4918196388951
1677.577203907123,407.48550863615907,16.34195442441055,21.645004183180248
1679.8608833264161,404.28076323093524,16.33335432148102,21.699803011358615
1671.6435074979784,405.6538992439654,16.403424734460156,21.597376305046335
1668.8116971926952,404.56795972697404,16.313162460047565,21.476869760873452
1670.086941257641,403.3335315840033,16.09736680833548,21.887872109665853
1659.6626234660882,400.61446959059026,16.113694575889518,21.8493472889663
1646.6796931948581,401.28135841810916,16.51143416192887,21.404360956636697
1653.6864317056861,405.6995598896677,16.489657312697126,21.371168272003484
1666.68603806945,404.66483249261313,16.00112764486169,22.154929539844556
1660.569495337099,398.74314111334627,15.950674291204415,22.02108318003117
1654.1073680121071,392.42039940972217,15.86007164901294,22.192803121398022
1654.1651368221985,393.4692475557237,15.862620232762797,22.198604096164324
1657.1521728970552,393.7781526395417,15.841467089397087,22.22920901718193
1661.3366783651616,391.9555931256948,15.841934378892534,22.22785153768882
1653.1933566444307,388.7205403630615,15.724889389568169,22.507806802030128
1658.5227458723234,390.9455125932656,15.657062853337989,22.637396872261522
1663.9220021248318,390.3247465851732,15.893532075921708,22.671599972850295
1669.7556034159754,387.8201509182403,15.927999186627535,22.60026495478741
1670.7086630416832,389.66924109121874,15.862928175873419,22.801376839436614
1670.5156620447917,389.33670484876797,15.843900753572076,22.810256604401832
1676.1480213294003,389.74067394707185,15.830292261259189,22.850632991095573
1671.2436500006447,390.22801614858537,15.885796240791812,22.859261254484785
1672.9710016316335,389.06259090653845,15.986062527993449,22.946400505439517
1674.8026273315777,391.00527581309433,15.980046512092603,23.046356267202672
1670.9288930763269,390.36018741657506,15.920731346446914,23.450360169578065
1681.6337048767866,390.68199637878945,15.868796649335788,23.441802078675853
1691.7338388593075,392.3256827395619,15.861292966520482,23.414024274428314
1695.0540419389815,391.44690264103775,15.85582266303816,23.442674502146808
1705.4272631084132,393.9297940603328,15.974990446855568,23.21906581211627
1694.9836825441676,393.50827565123154,16.132121515532365,23.048867180527896
1705.7391083402633,394.6097674410321,16.15523598779371,23.0040454795126
1707.708795662587,392.85224809289076,16.09591128707045,23.02732654449339
1703.6231424578743,392.81520088177524,16.120546401329754,22.959911538104002
1705.482540733018,394.4384821156284,16.091556789214035,22.900913681832627
1707.1222235646967,396.43566614731765,16.1026779384478,22.851894119659583
1703.6303715496279,397.1985484867212,16.10262685689137,22.864041094371103
1707.8731346269415,397.12556120208654,16.31715010259373,22.80857091857671
1707.5255446247525,395.5741097127411,16.37434040713101,22.768577721883016
1706.8324068145819,397.1849209601774,16.536562525389503,22.503339647405394
1712.6114281449054,397.9455822394504,16.549657293025817,22.48754315468581
1696.7570297874695,396.57386531031716,16.64304034212654,22.406234934171128
1710.738775197485,400.82687939965814,16.83707172363367,22.07120151409517
1719.810630777708,399.9432527351887,16.758906598953963,22.166205049027635
1709.0151502913438,399.543184792522,16.9433886898466,22.018737827862356
1704.5843868428879,399.28195533793996,16.951617399502364,21.94173303577823
1705.9149932113075,398.4847220522819,16.963964328342904,21.92346636219846
1692.2054088150137,397.55603846619863,16.82979793111161,21.807506136064788
1682.9122151897634,399.82357978279765,16.645149033540953,21.889862296049113
1684.7005768720765,398.4708916876993,16.587577118118137,21.93742088408827
1683.493443096403,399.2075530622061,16.504091049317015,21.802669206699374
1685.752225445244,399.3904790159655,16.42211995667684,21.89281569009354
1698.326581943246,400.06681154299366,16.496957757181438,21.666528814633754
1712.5009260388974,401.7724001114638,16.518707187949165,21.64783848837775
1706.63896873279,400.57233922803414,16.649773022392537,21.534141514392317
1705.2548829138866,402.74024744582186,16.662435760511123,21.412292402120155
1706.600926895134,402.4952252484643,16.651209986355088,21.48557805092653
1724.0431084685633,405.9243585882623,16.637356940814975,21.506847523216514
1708.5212557772063,402.87446621603146,15.896789175946392,21.743669068062722
1705.7973601736342,402.1088010684827,15.745346755771186,21.639458758568846
1696.6489001641999,403.2628545089094,15.718219686016843,21.54383909847953
1696.688188009627,401.95370403984373,15.729901185330041,21.451552535085014
1704.1606043502388,402.4498554148396,15.424127570879017,21.86139409795193
1701.1976357666526,405.35050955949254,15.429452879683538,21.762229000937246
1705.3718068276723,403.23941190995845,15.564792436416061,21.623624510576782
1703.4723722043955,400.48551178188507,15.839265978700649,21.236877781097274
1697.032229372898,400.73782896097663,15.903796751253463,21.027612243342965
1704.7805772038007,402.18952541238605,16.168912345856743,20.611545247277668
1688.073534516425,403.12513930739965,16.160596292385566,20.567713492444888
1676.0595622859116,399.672780191769,16.12170153527278,20.56640011512472
1666.096672997095,400.8562018090501,16.00132609068886,20.67281108435886
1672.8356374598236,401.3306322887153,16.055381494455535,20.54619077568229
1665.4608708772478,397.9523450237037,16.044346040832835,20.529785569377438
1660.2906034014975,399.4104098998406,15.866107913414691,20.433160554957556
1664.66257210513,397.8276810107389,16.074523983627778,20.035530154526292
1657.7175353996859,396.515195665584,16.063440015365835,20.073109468340785
1647.409777913588,391.91157157561406,15.76611891273246,20.20081930294377
1647.4479702865444,386.3328281213524,15.499890407879008,20.771923345561326
1636.4475717275575,387.9292636024142,15.42220966635561,20.7769057102352
1651.7519299611638,401.0776749933956,15.41609901884511,20.789397656055602
1661.3454581163774,405.4454072972516,15.41414898588403,20.748307132816244
1656.9447651242033,406.91499321728134,15.487595364519184,20.62404069780134
1641.5541668767567,399.0628781784947,15.51296872403637,20.4257458272545
1647.5835897386771,399.6616770547338,15.758450011304006,19.888201447159396
1642.4036245702086,392.9601918720998,15.68323401645382,20.103486799609993
1643.4824550829599,394.49737688102186,15.641023611602453,20.368769081646825
1640.2387760877311,395.30019070523946,15.520229212533787,20.64378039023529
1632.02224956447,384.29561474548626,15.515528581687843,20.667781018848185
1620.2924049735136,379.7428039459134,15.507924977956062,20.653289245191058
1618.4775576003742,378.6353033178491,14.60259698863911,20.54805715628799
1622.7108474499742,379.53505255781715,14.620746102610518,20.42020109902796
1628.0958077166426,386.13279886500897,14.637650749327284,20.382055210108224
1618.835485434017,385.6690670868657,14.591583888797288,20.459086787692193
1614.2347789343767,383.10469489918967,14.415444855607312,19.741915845508885
1617.306361702798,386.261478210331,13.917357024148009,20.62105628499381
1616.3461667190331,387.1014069406159,13.920439734025397,20.616877196807106
1616.8834479500229,391.11800809520065,13.804718774712319,20.785399893741115
1617.3877909678806,389.3721178877538,13.790375602556468,20.825844163233768
1614.3807528942061,385.7929551772925,12.444012449368438,21.439442735554103
1614.96775882984,383.14837478420424,12.168951929743194,22.0120288528464
1614.3044676485117,386.7889267968578,12.171096078097788,22.013386947595365
1612.1842456174647,386.0589248330679,12.190153707543967,21.989151535346704
1614.2667915714692,387.472325933449,12.47773952628081,21.348322978841086
1613.8331638096472,388.77017234201077,12.667580155820804,20.644761490300326
1627.436673948223,387.94469121313523,12.617626223884333,20.762167525135716
1631.9297284874997,387.9333226876284,12.118694994146768,21.821775890198168
1630.5591713178424,385.5867500605139,12.071719104426796,21.883596853197908
1636.0012445516552,388.508496788221,12.011157193380654,21.428869209703915
1634.7105975939,393.1234892728607,12.390613807636738,20.76503109101043
1637.342217738401,389.59775328711044,11.842821898151472,21.23100091483634
1627.2816662995622,385.04318938547874,12.284994493236411,20.506559191427396
1627.143218124144,384.79582575465446,12.427046004499982,20.281955307789467
1618.4207851085077,387.5486678848096,12.379562411138696,20.328142347222737
1621.3823690508698,384.3503208380562,12.144656512193428,19.894450755762563
1619.21787088213,381.37315598295504,12.16999722528328,19.84019310558281
1618.870285974646,380.8459425707393,12.080954987428736,19.59425829671353
1622.7630878875518,388.40374345673655,12.081415786403857,19.5044581833494
1620.8062478918569,385.2492553409956,12.670500564857287,18.409008316961398
1617.9657302759233,385.9153143666251,12.710307597719494,18.337046301125643
1612.3644616991376,390.4622943201679,12.874989602975331,18.24641090270699
1607.1240108190507,396.1626306828111,12.873386518483409,18.250976328970985
1600.304709987862,389.23667958125594,12.93168308137367,18.066215476661363
1600.5518518066515,397.1059081721145,12.773916569162925,18.254756433372012
1607.7178491539375,393.50318665447537,12.720125838823868,18.36256658367095
1614.9566188772383,390.358679744698,12.768513935862583,18.277601788418615
1611.4822237569144,391.1826643460859,12.776230282009521,18.36155044376654
1606.9531866816556,394.4736638298853,12.786813358918941,18.38288685672195
1608.4153856963858,392.9034323116425,12.657039419653438,18.57175148736954
1608.456910852318,392.64180926498034,12.518164213330524,18.786552782701126
1616.3262315619356,398.70024392098776,12.479599850980302,18.851847662886087
1614.4343138579525,395.9024434584142,12.545900478444233,18.704794264455217
1611.7599805395116,397.259674553083,12.751133067627128,18.0980753383623
1611.265685425849,398.4650854573893,12.696534842231856,18.197335297785564
1612.0798225142248,394.79034318382793,12.635241981092607,18.08356253213367
1611.8676398934047,392.1704589341214,12.046074941811227,17.814796600089135
1611.0204987732327,400.09570946100337,11.878972671161357,18.177563826354618
1611.594053169757,406.50880385888,11.91922797952256,18.15967695626046
1609.1618513772305,400.3874307525236,12.0325372232973,17.89917400057736
1609.1454247708923,402.17295753552264,11.987440971652614,18.01279660492835
1605.8818154010874,402.9955663760522,11.911725827595626,18.139463961291458
1593.3165324901454,396.8332858967408,11.882223137516787,18.003711122917153
1580.457727274126,403.8493144644326,12.512738308935143,17.265058566696077
1574.7102677693358,402.24679460491353,12.611139564914666,16.905462055265545
1586.397309195351,400.4951094785333,12.570426921624275,16.962235923977442
1583.7072108059494,413.2847505166068,12.916218468951891,16.45347806352884
1582.683194422108,399.2008741239012,12.705156044678883,16.56419731012161
1579.5637653454773,395.55006227574603,12.634515887851338,16.734161498680475
1579.5541971125735,404.4722909369578,12.654623381599759,16.561178633044072
1591.314268877585,410.1366608167981,12.570518822524056,16.50961477668377
1592.2267444666222,407.0342882805296,12.336484754892819,16.731377213722652
1583.9583660932226,404.38521654252867,12.345350342634333,16.729490935085874
1587.0257384215786,419.92669163323023,12.099061553689788,17.044797055562587
1586.4027121310617,418.32894655920984,12.302330755168965,16.67377652626583
1585.3853023052943,414.5794598017752,12.176383328304066,16.89273028100319
1574.7872963585683,415.93684061020775,12.191775028274767,16.866583270995392
1569.1970093843759,417.40154057408756,12.215233040380081,16.74920912868197
1579.6459924973205,409.81430449197063,12.266027800818716,16.661227260017842
1579.47596223861,409.39448175414543,12.283099003445226,16.596566741157684
1577.9784002530216,409.11299730442835,12.276930984342073,16.651576572770345
1576.8448588939996,406.3743436474227,12.27326151084273,16.666632700410812
1562.040993145247,421.80032659549,12.278141140671705,16.667341288529073
1570.4336158374367,414.90573028895307,12.403736744451408,16.2116694377968
1572.317833076173,417.65486932164725,11.692480525875146,16.105848857607423
1569.9729898564312,414.46917976595967,11.67629395281566,15.944802088550395
1567.57300566055,421.50895273132835,11.867856277683718,15.774793473181697
1559.6641357191859,411.86560747796267,11.220128707408936,16.494021058770468
1555.7342333098118,408.08059728931266,11.283067109226007,16.435474217290007
1550.7493611142438,418.3616475406842,11.201135703853078,16.582068172554685
1557.5159887649036,431.9513417649312,11.18019329163283,16.665510458313626
1569.4636270011185,431.47690512313346,11.194056452381659,16.677487358146735
1573.781042741646,431.9062502445111,11.259484180005808,16.54231906325221
1569.8086354909074,429.58303566106747,11.39581698821512,16.518423427740803
1564.2519428413375,427.2149743520913,11.45943002478197,16.443646311196066
1581.7389462725976,433.84219153517057,11.358939245025441,16.506133179168376
1594.6830685129385,437.19864415647083,11.208853944030817,16.690744187178172
1581.7163280939226,433.97057761209356,12.019980274616671,15.772001253593906
1574.0171041696888,425.87322184763383,11.90934628256916,15.705968687664773
1578.21005765382,416.09964486245156,11.875574972570575,15.726892799630884
1563.4051220979754,403.9452164028539,12.154288399933781,15.592169091384834
1562.801813875081,399.83235038730396,12.238461408146348,15.531621444139933
1557.8585113735815,400.799140156197,12.276147496350594,15.286036744114718
1554.1311543277602,401.03009026275765,12.75250427292962,14.979702299473749
1553.4076037338955,400.9625166349323,13.091587896839092,14.609405386079981
1552.6803301499588,402.4760771828107,13.230794188133078,14.436131793985233
1551.902626494506,401.1117813362878,12.62725736909481,14.794121832978412
1550.607715998606,400.2145014478887,12.717868480065867,14.532424123433088
1548.8263262091582,401.1641112423198,12.918539351533763,14.303241684953907
1549.0897905772083,400.98991865227225,12.693676971377077,14.30803153910226
1552.2560610653543,401.55776840121285,12.806867158110105,13.862687044101087
1552.4525238772167,401.6082610803879,12.672995062694298,13.664839459026476
1554.9883867892092,399.80884350737233,12.88759373974646,12.836323130295591
1557.920264251282,400.69447331069694,12.622683820636276,12.88641970097642
1565.45169867779,399.18451562986127,12.45926050137254,13.08596772637454
1571.2722730868195,398.92997274610883,12.599025989954459,12.910686552427322
1578.9407583501784,401.72477226651483,12.992353505534128,12.451709898547776
1587.6611915356496,398.4209364518016,13.311159299508859,11.936091466023504
1594.8211328690736,401.21475318802356,13.284265409821431,11.865334214282676
1604.5717252265088,395.2342393912095,13.089381811894512,11.961182746021265
1609.8901129956535,399.11041707900137,13.292581630660672,11.63189494017009
1615.0217651074356,398.9897864606575,13.300449930594606,11.685652853898903
1619.7390527583339,394.7768540718415,13.219445566908856,11.80913039398205
1624.5520615309763,400.3597890492296,13.076823598100829,11.835252245236141
1626.9295570091338,395.24428190733244,12.993682846253622,12.01486634439914
1628.8144523005478,396.3719284517615,13.299596361173514,11.910520826341811
1628.738849342756,396.71320459418064,13.15848226371056,12.046684352279318
1631.220360277208,398.3958608839633,13.163803175873525,11.773639285989166
1632.8146866741117,396.30866572966283,13.179436957383764,11.829323368241093
1630.7532036641708,397.8066937564739,13.24474001339832,11.769427402204425
1634.0516563365277,398.3214557649998,13.401474366713234,11.656535918226032
1633.4352396547156,401.8459691065626,13.144150960584566,11.864164928154599
1631.048950494623,396.1702903826439,13.230303594887193,11.829181281021452
1631.3662498292158,397.96930696300296,13.340618742153916,11.836267587084897
1634.4440966039726,399.29211899243273,13.275469893262544,11.877861479046208
1637.9345800328147,398.1773977485861,13.196107211146181,11.892046560504836
1642.2075131577756,396.05107490545385,13.311311784894038,11.811196629856427
1650.9927503915862,406.55383819443415,13.368972998424711,11.731756477677143
1664.3809165278287,402.01087410847987,13.397019235461382,11.907373904346356
1675.0231498361445,407.2981581677021,13.422180151788984,11.884253654249058
1680.8178583494819,423.3800023951987,13.393102099113293,12.039130567908225
1678.6845208433092,434.86629437756784,13.284847206520885,12.184092684712942
1676.9823058120746,445.4884930625234,13.222714759452874,12.119655565656334
1683.8148912194542,441.2238605825568,13.476393889762223,11.859008301773514
1690.677744171472,446.576997601078,13.563809781380796,11.710862621664752
1691.6627001337645,441.39558816673076,13.478168047988644,11.663218157229371
1693.7518964830058,444.05955744956947,13.149368988879969,11.575194962493088
1702.037431742468,453.8559824221662,12.693294426376198,11.49746456991198
1696.8555395090505,462.1150498330643,12.684972341087134,11.461843175850106
1680.7183742391965,469.3279700967569,12.824659326108067,11.389410508267106
1684.0510963438646,483.5858444705674,12.746372843059515,11.561451677638345
1675.9450655328733,491.13899340473637,12.651519181838935,11.644639359227245
1674.795132615472,489.2156145855827,12.558964009485138,11.72922382172269
1669.1780561662056,494.38082263670447,12.512939791623893,11.73773498846115
1671.448508351641,496.9307655603517,12.474062455512502,11.767086316154536
1668.4320705991631,482.9575403778007,12.530469397388375,11.63139671238449
1672.3765117159217,481.45269891728697,12.53193178362256,11.638731687244862
1670.5262400617262,484.3880154190883,12.577493955691224,11.48326096086398
1662.463555069787,499.7514885882922,12.955988176630445,11.118216859394607
1655.9208565908098,492.87067717153053,12.951326807863753,10.990247522202559
1651.0593868480767,493.15736032608123,12.933260395807924,11.008659789475228
1646.7146237761012,480.4115845856508,12.928273218835916,11.026395352367315
1646.3372125081507,478.9792404582551,12.924671711081508,10.972785362682425
1644.7001880941307,493.50518582922024,12.911027992276951,10.997886655664303
1653.2106114168146,500.6348137235491,13.20990638353015,10.740336990358594
1656.422141831151,504.19247842048804,13.189238895921893,10.766067471969045
1650.6292541187554,499.83775018098515,13.09836236606203,10.295859339158378
1653.7024279268924,499.2221648549894,13.325504129671229,10
1663.9616820677234,498.9226383721689,13.326982954332337,10
1662.77448271235,493.13762127495033,13.32792161068142,10.001714873758326
1670.9081203019987,491.45430858491454,13.392868416247476,10
1666.7110530316193,476.062081412063,13.403688824315637,10
1669.9608478970697,481.02185685990844,13.078555689789395,10
1679.9244123409546,487.49837414916703,13.054699430803842,10.060448468968195
1671.043418434064,498.9993062770227,13.250822681596645,10
1663.0435390925982,500.9396934952289,13.248473744289413,10.021145882191156
1661.675701504769,506.1270166194299,13.364547670252623,10
1664.7220665376133,501.605367863498,13.327829758189573,10.149925929832623
1665.3007661611798,502.8559937665362,13.372588842927533,10.152052753440655
1664.9290613129276,499.8549426481509,13.373979184134994,10.150536749854846
1653.0752901272326,507.21937818369923,13.327809855085361,10.209798346299657
1650.4702336072185,496.3310075709645,13.324201619784088,10.21487972069491
1637.971687552044,500.7628038955427,13.355978865020715,10.186735336614248
1632.785654805654,502.3338160429934,13.277559128308427,10.22522132422916
1633.0311144365426,505.95202257224855,13.275590417087422,10.219736209902345
1633.4990050973029,496.43961300039433,13.259122764771732,10.242644190280707
1634.8914709637322,501.2093036791826,13.107766948203468,10.282592323365758
1636.409164157792,497.72564454958984,13.09896828476928,10.292289484986592
1644.6576694478545,501.0110589484368,12.999863054375737,10.407250749243312
1641.7332531856193,501.13973068942613,13.088878932270227,10.230758270792272
1646.4074928864102,499.2231534580845,13.223800829211545,10.123454197327549
1656.1379641133747,500.30498059211635,12.988930686683808,10.519159002902693
1659.4367387465484,505.37412457319715,13.137017883501949,10.203467590728872
1647.9453992531385,508.77841943410715,13.143397584432897,10.207429844159138
1640.3551844010956,501.1558257417524,13.321322939763776,10.032076419237328
1642.8952181515742,499.5616841097583,13.358972704889407,10.008929133603909
1645.676408879969,500.976092376397,13.359221424644105,10
1658.0302790157234,493.97630170790944,13.181848050717942,10
1656.8824404292266,494.59572056739125,13.266863335589147,10
1657.8268131120678,489.23851660697255,13.215324333584563,10
1659.1497058819598,492.1360078236321,13.116979322670357,10
1659.3422083260584,497.51085666625295,12.830666419484224,10
1655.7117964135662,489.96215728728566,12.859957670768628,10
1654.7485373816135,487.6575064039862,12.748458938562298,10.036130627835563
1651.964667147055,488.75042215807014,12.65175353060376,10.123683213905908
1641.1709798176169,494.7604854485253,12.758035736477405,10
1639.486417065982,495.86222465044506,12.618168567780424,10.010766915526942
1626.9412013860476,504.1905965866115,12.496235730871733,10.160163942852195
1633.3934566378593,506.99003407580284,12.629681465041559,10.019124161918299
1634.2353552676248,504.805110138343,12.61662027995823,10.009227507113758
1640.102030564132,506.68692298810157,12.577143092400199,10.074524079325226
1641.9300396416188,516.9706745526055,12.650718929659979,10
1645.3148589005555,525.8992720145119,12.75360038172687,10.018379188125683
1648.296238346463,529.900230922387,12.88876715290613,10
1651.2537642982077,536.8964419743279,12.891258660671555,10
1646.407231665753,531.8634901425103,13.106993717756144,10
1654.3698047091348,545.7064237972954,13.357838689342378,10
1655.868306606522,553.3731804272393,13.408928690343899,10
1652.7851174715238,549.3376846691826,13.400731154676565,10
1647.1376867224642,550.450121678994,13.485700379846604,10
1647.6153412358663,549.0389379641274,13.67167105046073,10
1643.4254789798874,551.5961320130206,13.400127557047133,10.268763433433106
1643.8244433773557,556.0176786194805,13.238045198134563,10.406948640007926
1642.6694880424116,551.0342399458755,13.214966890590516,10.327464064000216
1636.1262957796282,561.7676230554068,13.345886099384503,10.213189223721574
1634.1417707472638,561.6460119182299,13.362795594426718,10.165945368295665
1625.9549621196345,560.7917411012752,13.477658119460632,10.03804250509656
1621.970795982507,559.9555374464253,13.548147032814516,10
1622.5204584238509,560.7394313296536,13.545013794795546,10
1626.6786680673208,552.6226748904446,13.543766703290219,10
1618.9076749321805,546.01772875397,13.617714414610731,10
1620.3035206464865,553.737910263598,13.592337254111223,10.055403620453479
1619.953511451572,551.4077352632391,13.640944587421474,10.083599156449546
1627.195353776004,552.5857000689019,13.660251614888065,10.10444671721266
1620.5942142814001,548.445054717944,14.337658777923888,10
1620.5311527675233,547.212575622485,14.304912673278238,10
1618.543808680392,550.0377168139676,14.54821919280118,10
1621.949475164761,558.7223815402249,14.541680058749485,10
1616.3949200230056,562.0071560820797,14.703570493627394,10
1608.2729473869483,560.5130454978207,15.014542857722244,10
1595.2960009364597,570.6422473868588,15.342567915071356,10
1594.587197239483,576.4509808501462,15.515721163593405,10
1604.7776188595583,576.6897108099841,15.47216773362345,10.028173374906336
1608.411865747481,569.5389156149366,15.333970188094257,10.080989236498022
1615.558238474028,566.5588754793862,15.64380766651856,10
1608.861156063218,555.5951742312172,15.937996902200977,10
1607.640074052342,566.1370052477578,16.07191860293861,10
1603.6170643471633,575.8078500097577,16.065720529775735,10.010458532030588
1602.3356803074234,574.9172948381165,16.608856985033704,10
1597.4856701156814,575.9755015155533,17.04335727269256,10
1584.1322438716065,583.2533345004776,17.38783259409431,10
1583.0253975676824,589.8061453277215,17.368303194191167,10.026371639274517
1565.0207489089055,593.4502644321183,17.478586992457476,10
1566.956591611784,595.0014117738465,17.797618330169765,10
1549.8122152528406,583.9447339555481,18.13578663643568,10
1537.8831707689149,588.7452686807374,18.31534777225589,10
1526.7598115902583,597.6479681512574,18.428761533621667,10
1522.3090894976528,604.7875307580689,18.434216300802774,10
1522.8760734242326,597.0220211526612,18.66564482806789,10
1521.2073528432595,600.8462341806153,19.004403491082225,10
1518.0332163771666,607.3596690675477,19.259738000111145,10
1511.032867775035,592.4583896180848,19.71813021169865,10
1525.9592837829723,591.2019500136596,18.826018258079905,10.998266176509384
1529.6829319761418,603.3420732072536,18.934077420599497,10.859594648940417
1532.8580972202258,597.8427266260842,19.56678631155122,10
1542.2043894160186,616.787297167466,19.821147110395618,10
1543.842837099713,616.9415117135504,20.299857440638185,10
1545.229914478947,619.6079357495764,20.706744399699673,10
1548.541180871503,614.0001514783362,21.934327390649614,10
1548.9385868158947,612.2998652091483,22.630815965542727,10
1551.9453635899595,603.1839089935653,21.95758586559447,10.400834855482369
1554.2318260713191,597.6013000013759,21.71102732743582,10.528456137285472
1550.8073393223833,600.8703713050345,22.308964181325226,10
1551.2323110189063,592.5191559424857,22.55515199383806,10
1557.5992239902032,598.8689469924429,22.821655068883295,10
1539.6303139431716,592.7102532020072,23.533313206159395,10
1526.7751339420304,607.1807722678641,24.10836971112749,10
1530.5882299246061,615.245161249407,24.0573020097395,10.04874088151856
1536.5895983031694,618.2793113818625,25.113763632129654,10
1523.8678661868626,628.5867006412009,25.63765694189191,10
1527.006826204035,622.2597314944724,26.933279025619264,10
1528.618699655732,624.0352297654608,26.954421619982256,10
1535.083834038616,632.6527101558829,26.67802343679485,10.336290134683246
1541.207029787188,652.9260939126497,26.54920663142317,10.433916542048063
1559.357773787608,658.0666567495352,26.456210909635757,10.520380818838555
1559.3374808621604,679.0199871888617,27.35034314152769,10
1552.3759847231945,700.6259671082953,27.88168235854656,10
1555.9520644669399,714.9367171159247,28.6433789005663,10
1552.562852708175,716.1263429751853,29.117949859960337,10
1565.924381720746,713.0386356940726,29.721504307352536,10
1576.8232382632805,710.8598961736216,29.274758629509925,10.422178452294302
1577.3912296176538,714.7609669599103,28.988312518492087,10.736259261308586
1580.79091804684,725.2250553002814,29.936786555047593,10
1573.8661386232081,746.1255466801576,29.764529148649068,10.148995115003384
1591.216699375235,751.0973821511725,29.993705496157904,10
1587.7285272928493,744.3812995782355,30.737274449595265,10
1574.9731466332735,741.3486094833106,29.181766847848586,11.081415746643067
1576.139189683043,742.6597737790964,28.689966287936326,11.607939503399006
1577.8860314088486,755.1972975205581,29.27448699129357,11.096509726774482
1580.3697142707472,741.0524264832096,28.732254972635694,11.498941773395217
1603.7964361713543,743.8081506031895,27.46596937454596,12.56689693385681
1609.0409835062626,756.6831959736011,28.054908151995402,11.959906931558823
1609.5854817243498,758.3180012278567,28.91588661034437,11.233136188596397
1622.585235965382,748.2903043971737,28.038438904036802,11.9636091956654
1611.4497657171137,756.5421487281391,27.6052683013302,12.446809419232856
1612.2994930273821,754.2766625632499,26.68363093009148,13.45740125203215
1596.0278163501873,776.2278331597976,26.360395691951958,13.775995880470235
1611.0083065396614,772.7261826790864,26.35850077748127,13.778585400852572
1603.8536034321057,775.3181374970131,26.00284504190885,14.162965521773922
1594.808188460289,765.3729693677124,24.078156797065805,16.070857017191884
1591.654254499971,786.4460502671312,24.664171461476155,15.447606290131546
1583.1529187757376,809.0424802714741,24.852277251374,15.067444645703418
1576.108647373877,810.4360970671377,25.158609705058588,14.69918259292019
1593.0771871808704,807.4450361789233,24.975436341071468,14.958776388544383
1595.8246183014244,798.3831535900749,25.032403914874422,14.97669706856044
1580.4962965065642,804.0609499317602,25.341400791337797,14.366160537533762
1565.1829539215316,804.9779481163059,25.088386254371986,14.679138493622263
1584.1463926931092,797.9524532505131,25.081266554234286,14.676692899585374
1588.2344193249003,801.2297511672069,25.13293831964371,14.661733678136157
1585.813175976742,803.1631599300434,25.677005540404885,14.065760611996836
1600.4060992700715,810.6714482649768,25.13081883533778,14.438177205374737
1596.507298018601,813.139303134346,26.042272885520216,13.309077812476769
1605.5174394661474,801.1706429163264,26.40956704731191,12.744687356792447
1616.8505193425299,811.7839826792364,25.58333115318983,13.376679019326978
1619.4448828358543,806.081327835642,24.95726867536046,13.836001958773924
1625.574498549585,802.9558103797663,24.979764085056797,13.808158181713216
1631.498585920671,788.705147934476,25.370424677662882,13.1435742588172
1635.3362494161759,775.3445295173167,25.539334537391618,12.976675183101523
1627.6009865713752,758.9280541616914,26.009740064029113,12.329813272281754
1621.1854563195361,756.9572828146863,26.142187400898276,12.150512555800066
1603.822355050621,753.6063051352369,25.991257522957415,12.380681892512651
1609.2972129065581,764.4423304833583,26.978313203905024,11.988067307720023
1604.6750067322055,776.4309572385707,28.17010371117991,10.344704712212149
1591.8056395933643,770.0953565824434,27.883207037934543,10.518424678336514
1603.423388886415,776.6851958407683,27.53515771635926,10.880598159062218
1596.8998839830174,771.7041246362339,26.636176960715716,11.084896596878451
1606.0465487306287,771.7395400560949,26.987054466225516,10.645504876733892
1594.82516557222,772.7188235492459,26.74478126277944,10.774869046590231
1601.7420685139798,771.2359285732964,27.540265960008963,10
1610.5238232401807,771.2575909929583,29.652831489296762,10
1601.9323931908934,760.2652289705584,29.87300695652358,10
1623.8862830065705,763.6815922098467,29.92701931735723,10
1625.5746174952642,771.5365452839367,29.215208681186688,10.614549113050622
1616.5141971969051,776.6448066072771,30.718033988597924,10
1633.933209737394,780.17963711088,30.46485540420248,10.273385657986008
1607.8424781035108,776.0427488166398,30.53915238168581,10.193009567023045
1617.2596250898093,796.2727165060351,31.09495698086589,10
1622.0368729674544,808.1275307040855,30.911541624135,10.124422736101314
1619.8545249938427,812.2682561712572,31.515189969658998,10
1611.796823026883,807.166837676079,31.57516253761152,10
1618.7963598708482,801.9426374273608,32.07815260090182,10
1603.0944487718418,792.5878619448397,32.055318075892,10.023988831253012
1584.211443718882,779.4340284546582,30.772786159106666,11.113993000336682
1566.831319816104,776.7449970999902,29.981386778383456,11.950998123002849
1578.2699475246154,772.1464861353538,30.597882887239372,11.00969054635527
1565.0125247413632,769.1178475906785,29.65885386573118,11.803126483514756
1556.453308971492,769.2682345122261,29.30059320576609,12.140966400890866
1559.6292960734431,757.5281223786081,28.900404566287055,12.517335535070131
1558.7489187239808,749.7197621602079,28.82985018508751,12.523340105781624
1551.5201113946987,753.182911935899,29.546580062768207,11.747150322313168
1536.0780449005626,760.8612669204953,29.069573753554785,12.136114486421489
1524.4451657521477,758.5029397780941,28.08130563742107,13.268113963179493
1518.0222137602452,764.5546320717357,28.588141208445087,12.85256125455831
1501.5266762054002,761.4036434843811,28.562031106953253,12.884209430701905
1492.7409420563686,761.4855419225853,28.29546572886941,13.191558959036595
1502.3310648760382,758.127098637287,27.927517910574625,13.334435634308711
1519.4768205062664,757.8128523162783,27.75738268771589,13.197932403351546
1513.718910280091,757.7976480439173,26.128129249380684,14.506217205969929
1519.6752532579276,765.2363044613089,26.549384753363462,13.970311193391337
1520.047841394909,793.3133788380645,26.703301749702547,13.543533655700477
1508.7688712391355,798.9073255306256,25.016550212494405,14.776880123483648
1512.5408738626004,806.8929821465363,25.70367079716901,13.794013127319019
1528.6414900524946,816.3553458590325,23.75888525575901,15.688787579157664
1541.2355133823626,817.0366030304587,23.706515933669735,15.757035527259774
1547.960274987327,826.918011091439,23.722405817308044,15.734726531153637
1561.668373591345,826.892800082382,23.746775625873305,15.715172577092103
1563.153610757634,828.1012945578997,23.92046061031218,15.743007844806739
1575.0726950246938,823.4460097194149,23.882928367696472,15.758909324144563
1597.522944771046,836.4962799531941,22.99196561815606,16.87337473121983
1618.2535216712686,834.2747619290769,22.679256947105202,17.459262847401614
1633.062615436617,821.5122605088344,22.487947391872247,17.612346055928604
1642.077542682768,826.5926473704528,22.392712803134856,17.543416891407478
1640.8974605094693,838.9883202239531,22.382670316846447,17.54695300508569
1646.685261273477,838.460238135934,22.532435381238557,17.37801702147892
1660.6139487376895,833.1168132797172,22.756574811333856,17.240644169215066
1650.681542743888,828.2997587040007,22.585847171861726,17.26354154391462
1648.808918842194,830.5267612972956,22.59704160191252,17.261361022394627
1656.5329382777898,839.3759502797475,22.48838299500343,17.009319803706592
1663.040844066024,851.5306305030304,23.1853771665212,15.99960954940166
1660.3581379864468,840.8858328649461,23.31424996181415,15.80035327832888
1666.5143202962186,840.4490676686083,22.11614696946778,16.500482330162175
1660.3129980939318,843.5933192177677,22.113924201800423,16.54912789822547
1661.1637101242989,842.9281793039135,21.937800524633833,16.614814243916214
1656.7368948403075,839.9538754649549,21.269591950770824,17.187870221241372
1654.403007638225,837.9198233693949,20.729512560838046,17.42205250302913
1663.0288041718982,846.2878465222608,20.647299681480213,17.48517001565664
1676.8012702628007,837.7900837791385,20.231611350383112,17.78065468464052
1678.3310557712468,834.8236839098843,19.180805077295645,18.416527447898677
1672.526337780197,842.0673665515862,18.545200165840487,18.711579461858147
1673.40117381044,844.7029431222813,18.289037874794523,18.863486260806006
1664.6080012709685,840.8199431492441,17.720357471559367,19.1857129372272
1668.281132807489,846.3687475634949,17.82178965379794,19.50804124251446
1663.290483779254,844.2298340654717,18.199450968630007,19.103567194097067
1675.49808561733,847.5125091599915,18.19094742675554,19.113537725729977
1678.8080455328645,859.6227424306013,18.19807227342052,19.332142839783618
1688.8971477032762,851.9111551835985,18.111960446635198,19.421998623462198
1671.0525751079024,848.9795828197858,18.0625649879689,19.459054922590262
1683.3395103106698,847.5199058128314,18.071597490759505,19.431057003973315
1707.698004638214,850.4135236346685,18.02200919577873,19.44876206083014
1730.1330299913252,852.6991086547384,18.222351098198338,19.34621279782047
1743.4919093270953,854.1457190177085,18.30260611379194,19.19994698978802
1756.2927705276354,859.076668700766,18.338918533268345,19.187326073685153
1759.893689887697,861.5468750090452,18.026466467045317,19.40305664560357
1770.235440413358,863.9623487852213,18.28534059882874,19.237002243580996
1795.0997497718745,870.1419613882732,18.180558399129918,19.303344664430163
1815.2349414733842,874.6664829840103,18.028693825456013,19.60718767290718
1814.4254179148602,877.2445388736968,18.1822173419258,19.44854388822414
1815.5831626070933,889.5523453816535,18.52618659469737,18.772809336055733
1809.4345758687582,905.5962162756831,18.460043535417718,18.915570630271954
1810.932796647908,920.1035981437917,18.458650023230206,18.939911355724732
1808.3230169969258,925.9408307505091,18.381257554412095,19.15360112581033
1807.7014873345465,930.7190832253044,18.325508304494196,19.213058204723186
1812.1999529404584,922.9746041993086,18.000176480792877,18.662553213502058
1808.3993972488765,926.1280983867264,18.070968173252318,18.578440910596314
1806.6985695910582,915.8531716053494,18.032558343396598,18.457926278770113
1806.4370889817094,917.2716689350531,18.008131783335116,18.45286154146684
1813.9620793266881,925.0991836179926,17.90178321923222,18.673584624623373
1818.2088515295397,930.7034949450142,17.699376508841368,18.719861949217925
1814.9368087221342,930.7786786272034,17.200810947199795,19.45617477063437
1809.8854089123702,934.0115735473315,17.271495584123084,19.29992710948559
1803.9186474557177,954.6595827084931,17.11178538890731,19.531874332816862
1813.31730605125,966.9456185273625,17.481077008267867,18.72416503028311
1809.977762278915,960.4950053403173,17.40298195482358,18.64764444087253
1804.104078621884,959.5605691187235,17.244739184352003,18.74734814950966
1805.9282691066685,966.3720529014546,17.317728673385957,18.686368460939537
1806.1585330625041,969.6564071066912,17.326641668954412,18.79820490367691
1790.6716121177071,991.3120161009601,17.056379173172598,19.45967749741436
1803.4524018476918,1003.6582253787057,17.004330734321364,19.668587982450696
1802.1121583871186,1012.480876658631,16.55979500570276,20.105261359489553
1782.8842896600518,1010.6128374867089,15.947623219113462,21.349462385905085
1802.622123439932,1011.9206663007005,15.950036408864671,21.344145114748684
1804.0396414597126,1009.6279374518058,15.958714368098354,21.265761088142497
1808.544211943553,1016.3239542711469,16.26665008346209,21.02984870342749
1807.8110410316463,1021.8810158499705,16.378194305575708,20.909959630863376
1802.3134950523308,1039.7421989310064,16.412518518234677,20.853864678508018
1816.4419672962745,1033.0112324998552,16.092303461499654,21.110057565835156
1824.3906385582643,1025.7309384964337,16.11756740572096,20.963303424850693
1840.3273987352832,1017.8016637166501,15.842098122850242,21.73454696177417
1842.804064509872,1036.2111276092464,15.78899078250444,21.709553044989494
1857.2075839218148,1052.8903031052682,15.846097237549193,21.500902217741114
1862.7674402089049,1058.197229429964,16.015827679421584,21.29474819963612
1872.4862962001089,1060.221611554807,16.209181065665557,21.0630084193259
1879.6921434036208,1058.6364928839191,16.253934259960413,21.14124885291366
1866.9030340233594,1059.6554825072224,16.276334462743762,21.071184068396654
1855.703107587909,1057.0497162265542,16.34780674892795,20.815415737856867
1855.9295687130716,1058.2400640320352,16.351299615389312,20.757135717180997
1843.4801175114317,1060.2281702016137,16.24778159325416,20.98065091327164
1852.0712961660786,1057.5229120368442,16.964073499658646,19.591757376477943
1855.552794858673,1061.1672454935713,16.791429889494474,19.09178675208626
1875.4763066301728,1054.836402700354,16.449312047178395,19.331317911946012
1867.9123614832065,1058.6374864072284,16.310081026108453,19.265135968015514
1870.782910811672,1055.2643996078923,15.96746087717295,19.61235326785936
1865.181686470516,1056.8433833446145,15.964743696447922,19.472666062130628
1863.0878855789765,1058.2793273806174,16.149864018955444,19.292909986279607
1851.988916322409,1064.1547157844748,15.791846645249704,19.65175136551511
1861.3105568517162,1057.830924989667,15.80684500558075,19.09978900218915
1877.8483395955154,1061.2558749429033,16.071775581214673,18.68559046595545
1881.7686702213541,1059.7401060680788,16.419211329659227,18.21623366909589
1878.1373801640825,1063.3187985185127,16.431628842731907,18.237214475625525
1875.022600736678,1058.0045697437042,16.555657435547538,17.99235716775964
1873.0102107474152,1062.0695242445283,16.758304349802863,17.709093521335916
1876.4785366306976,1063.474867876219,17.070226363297973,17.288003435460087
1872.0176526330893,1060.2855895920907,17.037161327813887,17.332206556756294
1873.4475804632189,1061.995291399191,17.01837035909813,17.30399657086658
1874.8796295082464,1063.9033776576346,16.97268648031671,17.33680233500076
1877.9580179789525,1062.6487211810718,16.579746399560918,17.858706888544592
1877.7116875221589,1061.5106218023925,16.57749656633532,18.06644804244854
1870.556407978373,1061.2504618747892,16.59355625662924,17.691764102031573
1868.0863468177806,1061.5496118064982,16.472983883294887,17.6077350806888
1868.4891658506783,1061.2890878705502,16.572011406832118,17.42632224635067
1869.7543629327613,1060.1934786338065,16.626263706060364,17.29508364471905
1872.0116944684873,1058.1573948522073,16.5000493498183,17.404955914109625
1875.8852428751104,1058.7765566160929,16.486574133862028,17.28597888578148
1867.4848605858097,1063.9921997381207,16.058367231140526,17.83861178540259
1859.1665381329897,1059.1685522965179,16.109889074646567,17.70980364889367
1877.2153377525644,1061.9980627571213,16.05154688505784,17.769182729212957
1885.4139364854261,1062.5786879066113,16.282445046165385,17.32824568125137
1883.0874346084654,1061.3801856199505,16.290752564430182,17.23060227483653
1879.5824931331754,1064.283650433166,16.445312200343327,16.946908923124653
1898.553256948788,1061.6105200215054,16.244881065700007,17.33307004933294
1883.7710586358326,1064.0636938825878,16.18630520320746,17.115997591907995
1882.8326658691158,1061.8123099450665,16.065598304046794,17.392117613099355
1893.1502448918004,1059.0278704200177,16.081376385386523,17.266338383778
1902.381363645756,1063.4014004870542,16.117166678989214,17.225829801524025
1897.1845867948055,1067.8086105094028,16.151484617340426,17.153108021902344
1888.949421978005,1061.2854923151335,16.15616178512115,17.143619312784857
1887.210519633182,1048.6124921622722,15.350561647649105,17.955096608253296
1896.9528103041976,1056.5974450794065,15.489446797317427,17.61451950170717
1894.8563928871833,1066.1901458297302,15.48112739932028,17.666458928183783
1897.2317630955436,1060.630413929008,14.526396523158155,18.872369491713073
1900.5642906259613,1061.3108386977287,14.447401986309153,18.972084686823084
1902.4697523844557,1061.7055487151454,14.854035899587688,18.492255021452824
1904.3163833173323,1059.1884269307682,15.03128914194302,18.29857805798066
1901.8544691997959,1058.319317306298,14.642949732515376,18.564775607969203
1901.5924385229653,1058.26221355571,14.576328698824362,18.59299439385407
1897.4565337960098,1064.1653446414985,14.581910430567335,18.47701504393268
1891.0404366743662,1061.542589743787,14.603402349941176,18.51307030291773
1886.0556871137821,1058.039346767512,14.604098065347465,18.512077541478362
1887.4534413680926,1060.7077899082396,15.001341441186717,17.951642370862636
1886.6236380976845,1059.2777512797986,14.975231233765719,17.98444625890946
1887.3108335165127,1059.5863069803443,14.667669362249995,18.288346246120074
1903.0499456121076,1062.7108101255465,14.61782232254919,18.379647191433197
1896.6909274485906,1061.0109976467481,14.145450896592541,18.888323853436674
1899.88511295439,1059.018631134992,14.084236428725667,18.958576906017058
1905.5768310804556,1060.8554119673697,14.514429326985098,18.546321527119545
1902.756093294476,1060.1212377439783,14.706578383746749,18.351716477923343
1902.9283282085314,1058.424707426379,14.211518985232354,18.766046434563354
1894.6696269004453,1062.4440205047822,12.764571854700757,20.09318775670003
1898.6626546889283,1059.6230002061106,12.468536362115543,20.528790289467736
1900.9116774677732,1064.8017863977461,12.690413346998128,20.333580004891
1898.1508125401458,1062.5429806570141,13.357018728680925,19.54293247603988
1891.455109515745,1058.323258416187,13.174184092973215,19.885864163199688
1903.1552414758899,1043.3277294045301,13.251199835769315,19.74081951012148
1903.9824282224597,1048.6013022418017,12.989049343156111,19.82278798657931
1904.307314933657,1048.0862655185529,13.078499043358354,19.787163047838586
1906.5854770710228,1061.9162853117991,13.176929407298939,19.65058957157562
1900.015923881721,1057.7556221147,14.136429348219218,18.475641971328024
1896.5729541187416,1058.9193748116008,13.435414757356886,19.384309492031143
1899.470391894474,1056.2159626737018,13.615397013051322,19.294664746985596
1905.3596080631046,1063.0291078875582,14.095459052926229,18.61600996990768
1903.574316005023,1058.7790269858144,15.085415489264731,17.14482682558049
1899.919314089545,1064.2177909474372,14.868614396209344,17.479451383414087
1895.0231883551144,1061.9520962774566,15.299301228840172,16.324714968064956
1900.384876972081,1063.2489988448356,14.942430571445225,16.90763855874052
1906.4566555322706,1063.1027465123648,14.943405654740284,16.906135683932913
1898.1624256714158,1060.8798838683535,13.843261021591289,18.09627053311239
1895.275422463032,1058.6834725651067,14.058072396702244,18.022189929920046
1895.1897826839559,1068.567118049201,13.783137874997832,18.540562566467695
1899.0272274866288,1062.8159200457756,13.152251756285505,19.28324540040624
1898.448812339434,1066.3655341628853,11.263918419235772,21.372584327746402
1907.0572833304013,1055.3744581151182,11.658539166182985,20.953077411439903
1899.6467912802764,1059.2078392107576,11.16291579115212,21.425908344550972
1901.3286645239225,1059.6840267874657,10.718147518123883,21.93671218340592
1902.036226107186,1060.3617141701775,10,23.479249443434316
1899.3023038640677,1059.6245696595806,10,25.161376493297148
1897.599323941773,1062.4039069514322,10,28.372257001451903
1895.2561659488852,1055.6456787409459,10.040129633999694,28.32092339099141
1902.1807622447668,1059.04511510744,10,29.08540038181903
1897.115344955033,1057.663570793337,10,29.697746240784152
1896.078689767426,1057.16979584429,10,32.35270973121644
1892.7432112231909,1052.5646691133456,10,35.250309174702956
1871.1455412919947,1049.1141001754359,10.8810049930075,34.19431995625363
1879.9079708591162,1051.3727404035149,10,36.76235043607
1899.0893550478152,1029.551527645846,10.290372644330454,36.45500025560689
1891.1618780627905,1019.4578665251885,10,38.85218234494442
1900.596664091433,1009.5229727997103,10.705091104946561,37.74108333655012
1901.8104590589971,994.2189258820995,11.336115423816127,36.89834480482846
1904.5321497261646,1001.0584539302687,11.979760208713488,36.40011298827513
1903.1759904197206,1006.271346049494,12.685096018256342,35.520251029182354
1898.557490711957,1017.4566117682734,12.931216374946127,35.39547955561292
1902.0983557329837,1019.0942351795691,14.014824849127873,34.363590391407854
1900.6224176733172,1023.9598449464792,14.648920473770799,33.993587402692484
1889.5087635703726,1023.6026069484179,12.762358058932504,35.99273470542507
1896.0166160066524,1042.391270433658,11.569593059114398,37.2693734942222
1895.33755202443,1051.5579770027916,10,41.488332334714826
1894.5988279119192,1047.1401993094355,10,43.54488505495368
1891.4517246022879,1046.8982119445238,10,44.64364360826717
1893.1545344129263,1042.3128606771663,10,48.43237716791505
1886.4051886335074,1037.5105347456342,10,53.57286238974397
1885.4555362597166,1030.108100576813,10,59.622703910064715
1869.94840277583,1021.6800960002032,10,61.22535899071336
1889.7884582415281,1023.0747006399056,10,65.7092639157154
1877.53820456416,1029.4524596892877,10,68.54663655639203
1874.0095085039793,1025.9341415846097,10,70.19375688897793
1878.2993215456663,1021.3503213240939,10,72.91954102573223
1870.6514262095152,1022.7030648563629,10,77.01209053651174
1871.8372291460691,1016.6020382686079,10,81.06960578630151
1863.3752864733397,1024.7559345890975,10,85.66869447772
1845.8650955095945,1010.2226595322664,10,88.6773603750733
1852.0697606936155,1007.3095286556763,10,92.79498930144844
1841.4742559328733,1002.763082267677,10,96.92261012767905
1840.4908502236067,992.7345257055146,10,100.06761578435255
1852.2837617531477,994.1025260773422,10,104.59805543223763
1889.1036935690393,979.7228944182955,13.325231888236353,100.25997912020422
1873.052661216252,959.8733093369842,13.94167418780496,99.54531566466272
1873.3350690152497,993.0639412043304,10.945018170040434,102.45312205936492
1863.9212799206434,983.3367857919952,10,105.50201448803917
1873.105577482289,992.0384903010129,10,112.18186314517465
1874.3653497830092,995.8637387282396,10,115.68393033948838
1860.3494386807142,988.445081347602,10,118.62011060979665
1854.597946180409,982.3126067209023,10,120.52306607352322
1836.4790306225477,982.5077987226983,10,122.78805850425748
1833.2234454289137,984.9237755107234,10,124.13822620506274
1831.0876069203077,981.9429656095183,10,126.46496355736929
1824.7676587238966,981.1696212903,10,128.8898045662585
1821.0523646012007,980.1305801580734,10,131.9748363746648
1825.4088575974165,975.6353335855827,10,136.5905126251149
1826.7863299980818,973.2802583811474,10,141.14829381790116
1796.2142417565046,961.6454454865099,10,145.70453879357754
1778.1376655235945,945.8252438845376,10,148.2304228782594
1775.6536042824446,937.1925369268502,10,153.0733314149111
1762.6714131966291,934.1606234936557,10,156.79748738476982
1761.1542307272612,933.3331998935297,10,159.33559215290444
1774.0049654379545,934.2369499061424,10,160.76679394805248
1772.9589666262327,939.7800450917966,10,163.15270097359468
1781.1847862139402,940.9460823904882,10,166.58542930895084
1780.9160077408014,936.2690816382706,10,169.52580986459444
1785.2284719780146,925.6565599824935,10,172.11568891528444
1786.7698856428324,928.9216949399126,10,174.09655124074155
1784.0529223516642,930.5662693779875,10,175.759261838774
1791.3078480795084,928.5881694921482,10,177.13408124317345
1812.1890240743815,926.4305547790758,10,179.42232120932678
1794.382375819987,926.2033118126666,10,181.15422921264857
1806.0928183630167,922.5237568383795,10,183.37194931442082
1803.7153142526804,921.6339926419033,10,188.1856349835268
1819.3542731836496,924.5905005895612,10,189.78303988746637
1805.0744784906565,927.8503682294028,10,193.10503949395283
1825.447294576472,922.9024963766188,10,195.64950441762963
1817.6504462793528,924.272509920924,10,196.99948511100177
1822.61196647436,936.0550796158958,10,198.06399392967643
1820.4148257806955,928.7328324304103,10,200.33791621049832
1812.2654508188425,925.6268248169297,10,201.6720313138636
1811.9523518517672,920.6543328514769,10,204.84208667497543
1817.579096598929,910.9079462239395,10,206.7032662258267
1812.8916833832918,912.9216358901363,10,208.86826922909583
1829.3996122315584,916.1667172427864,10,210.86716787938636
1824.0462568238436,917.7132143203428,10,212.88815401754744
1819.3707673981844,910.6799386486673,10,213.65927708483645
1837.4265230134188,906.4954224513307,10,215.34303106382976
1822.1336801484285,909.8419899781813,10,217.54325137969636
1826.8591940835177,898.9612232781989,10,219.21159363281063
1844.2742693856417,903.5741604243725,10,221.21334327997755
1852.2619884446322,908.9208070363151,10,223.5327568126842
1838.0538490250765,910.4372036157363,10,226.33088578061182
1833.055077357596,901.4613246574518,10,229.97075023404614
1842.920875354117,896.7626302385329,10,232.5676238970181
1838.323689265555,895.7301754839731,10,235.36570469033657
1840.540073199576,898.8059671486496,10,238.3757615282198
1843.4246628716646,879.0342315697452,10,243.82329686449538
1841.807537718123,880.907718430881,10,247.27420293348362
1833.8346540167986,878.4309680015065,10,250.19373868145394
1800.296358270949,881.6528961309463,10,252.18496676553085
1782.8992044165789,863.2454162679018,10,258.5484284600036
1785.89515368492,792.8934991275394,10,263.27064958154864
1782.4349966768195,783.0637479078559,10.56107539162799,262.4599676947436
1782.4081422257227,791.5473737915638,10.403659173301026,262.68246659871454
1777.9065173544777,791.7616616171574,10.125173495564114,263.0899712602564
1788.1115606271221,781.949659586762,10.577008260700167,262.41056955932856
1791.5958802787225,789.3103586136334,10.291069114664992,262.8432576185616
1795.3256381064712,821.7648929060872,10,264.42678852095884
1783.1741660147964,809.1743544934532,10,265.8647489674428
1787.2811401397048,819.1646319491247,10,267.42937342316503
1796.8081548720656,819.4564032203913,10,268.4470864167112
1809.5935342818557,803.1816783156164,10,268.9691734027747
1812.42680820504,797.5066611929635,10.067243028112367,268.8680548465668
1807.0309029132186,820.2349427328828,10,269.33845938757776
1812.5673103088898,816.0983987954847,10.569525868753045,268.44099405497656
1816.6855467872351,805.3233011247909,10.4790032294451,268.5837549328633
1820.001533196904,824.4652392344103,10.479323634442201,268.58328401757933
1829.636745737213,816.990246836074,11.44255448338947,267.2472771455509
1816.6142949355287,828.0548847559702,10.598328355434834,268.4196141597624
1824.9514630347549,830.7324943767519,10,269.87022873472733
1817.3128417044936,836.3372335094305,10,271.7251625863745
1820.3332894355117,831.325830934342,10,272.8014421628211
1828.0109723120986,832.8432913628384,10,274.84091791608836
1820.2024953872024,833.3365461561117,10,275.66188365798706
1813.457316687709,834.5790954166838,10,275.94466462292695
1822.3792727500258,836.6554590095858,10,277.14456662184574
1818.9832149058639,845.1531935341292,10,278.74983228345235
1817.6615011006652,845.5186329289519,10,279.2329785144064
1815.2576689034759,844.1519015172117,10,279.851875727001
1801.2116302758513,849.9559123860348,10,280.90994972299745
1828.6129050826019,831.939919951248,10.49323819777819,280.129621512737
1829.3544184375412,845.671334454602,11.611016532073782,278.52343618278695
1828.0489869977914,853.8101230101627,12.725127387876661,277.07284824555467
1829.3582959079547,855.7610332409906,14.605129123976972,274.3897457165999
1836.5428677137893,857.5411624652605,15.21905970054018,273.6015333572325
1830.5528528655436,858.5545894071122,19.265148032743348,267.85054025996726
1834.6530877637977,868.0927429145042,27.282520338285966,257.44406547479736
1823.7749471194682,871.5837118816867,36.71358437993574,244.2261150816313
1817.7158864103742,883.8020239554038,47.81928585908231,230.20394062596935
1810.5810115952065,890.0935767754529,59.42514369712016,215.76307765593037
1801.8102057316612,884.7665457443939,61.943097625444096,212.2518279046941
1809.3798280612114,888.4067927257657,59.022922447239615,216.1311192126411
1807.876194317669,883.6627102001142,61.89518672521045,212.18980943331667
1810.3794959022496,889.369065042429,59.92881239973816,214.67360224349912
1813.86801028632,897.1646726537108,63.560954545293356,209.70694833075012
1807.948618010185,891.1259859107834,61.40560705563229,212.4227829295809
1807.7722876661185,886.794495497893,52.95361934441213,223.0557977586195
1820.8205095214234,884.1124995694985,48.231202885999615,228.6778424711386
1823.7650425953834,881.3587903104519,43.42259621359711,234.68735907272787
1813.7108973574284,867.9944489697282,34.96025566228545,244.89152660219776
1806.5591138984676,864.0373378917909,30.992866540778266,250.01479154562423
1786.1891434520876,865.0382753504596,19.722023284368333,264.04371267931225
1759.577080574155,869.1182592349523,12.411496330272485,273.7529427557857
1741.1357690499306,851.4064696984519,11.677927514707635,274.6948247462669
1739.7162604154003,860.4631660009317,10.21678008421411,276.56661204243056
1737.082383802539,867.4114407440837,10,277.5666260860947
1724.4734198361693,859.8329969299211,10,278.8834649244417
1721.9531878739654,853.9020037779841,10,280.0018828079057
1730.4892434388457,839.3121780847704,10,280.9240917199679
1720.5416096955596,844.1717946714673,10,281.2228553345991
1719.0967267066299,839.7187421570876,10,281.5248610896768
1738.1784394294082,828.6637154216637,10,282.14733712217014
1746.4042408973037,846.3693325461477,10,282.77656536709867
1783.3505566626845,852.8223212732877,10,283.09009513022585
1751.6766407996474,840.7254162910583,10,283.9995213208809
1764.3173172980605,859.2332039586197,10,285.0542432269689
1771.6785963088332,828.6906175961157,10,286.1371652805903
1792.8553674727737,865.5281258658365,10,286.45065124358996
1776.4184854537307,843.8818460658778,10,286.8407755407732
1777.6955014973937,842.1604663940531,10,287.24799215790586
1772.4020888119994,836.5125132986057,10,287.50998187541194
1801.9497668057738,835.043524332638,10,287.76944008154777
1796.2660586148559,842.1056897724698,10,288.0698490395306
1811.5558306485473,843.9006126556134,10,288.66012278770876
1788.940182378894,841.1040393436542,10,289.1481663957274
1787.8807383090316,836.5738952762929,10,289.6882337739193
1772.176242879039,842.8762326161195,10,290.0405006988804
1763.6276274234115,835.0050781993289,10,290.1803658373933
1776.0306587725936,825.4589139369341,10,290.3863780627443
1787.24929528535,840.9227267318026,10,290.61310275376894
1777.370539715892,831.1680541904219,10,290.8229082704904
1775.411057642108,834.0870235486991,10,291.72810595988085
1776.004560163623,849.6558052492036,10,292.0922648946874
1791.9997956067382,839.074792836834,10,292.1837159126638
1796.7074872762023,834.1401784456352,10,292.57569078118183
1795.083803346759,831.9877656275546,10,293.61523831637584
1803.3484393864928,832.3265896515923,10,295.6981278926596
1799.7169105321227,829.4798808445962,10,296.64333507650645
1804.871133020526,846.757304551462,10,297.4224567789858
1805.680465391284,839.0840952253432,10,297.8067439309794
1791.0531393796264,856.6238854436775,10,299.19315546818757
1777.9692961484252,848.6881095918277,10,299.52792395350355
1781.5531183987914,859.8769437536602,10,299.85991902095185
1769.2560564786254,860.1863092120994,10,300.44653921834635
1789.4318358212768,855.336336152223,10,301.31487656582135
1776.2764860898315,851.7950582923065,10,301.79622407566296
1780.6560198575316,846.0946398737539,10,301.85838922850303
1785.834517648822,846.3682151802694,10,302.0883960413523
1767.02351301015,838.0867342259568,10,302.33844405532426
1789.8250076085387,838.0587541102113,10,302.5063238761558
1777.4291183263122,840.3457841418124,10,302.8248877143211
1777.5125289097487,838.7391098861361,10,302.97979720933137
1785.5970082417189,849.4205139456263,10,303.0655326389349
1798.9426913395582,841.7398658422394,10,303.25769470569406
1783.088075174397,852.5683876088497,10,303.54571953184853
1776.6850066319166,843.6387456197269,10,303.7606095891956
1732.7998175755201,855.3377676608959,10,304.4031004800023
1732.4526163473784,839.0264637399002,10,305.57144463485986
1744.0700909033476,854.769217028584,10,307.3733945699434
1749.264226092404,854.5503720106205,10,309.4054120556688
1756.1346098318754,831.3844412034512,10,311.93055293636496
1748.67727579028,832.62884246287,10,314.1365112169354
1749.427358998364,843.20539969982,10,315.12495825121425
1743.647341622418,846.2083613011876,10,316.14392690181137
1770.5776032343565,826.1250085827147,10,317.52569352650124
1803.4668778315245,803.8642522501806,10,319.2970421595872
1785.605728997296,813.1891342710551,10,321.5835326191809
1777.9958766833006,819.1270444165526,10,324.4191047308348
1779.0911910668074,797.972922658128,10,327.82659522644377
1798.0371921196638,811.8020043680541,10,329.70484881403786
1797.2091832295118,778.6898259670695,10,331.9198672371007
1834.9720044270216,764.342661110486,10,335.2919294179192
1825.9399495258986,773.1667536670309,10,335.6337154657182
1824.9659668341337,758.5400341907372,10,336.51617129452615
1822.4607952967344,768.2118556004973,10,337.6039001638487
1819.0239566698729,769.953978896203,10,338.9535759586067
1819.9168944492994,769.2714185786433,10,340.241909814859
1810.4725699558912,755.8323088898744,10,342.262201870009
1828.325047983235,771.3761719691962,10,344.43575577117986
1791.661733163899,763.9904005232731,10,345.3935922650158
1800.695539011067,740.9975949301955,10,348.9029041652822
1808.3526306286512,772.0518036584244,10,352.15092439192983
1808.4697710633336,725.9445317988868,10,354.66369351383713
1816.1569472909032,755.5676216167608,10,356.4355802843394
1806.87781540156,742.8519516204317,10,357.2771356548052
1816.187735712534,755.3535168265214,10,358.38080150727416
1810.4032255768834,756.1596970182893,10,360.3708461949967
1815.4469539284764,735.785656545725,10,362.3483697365608
1823.510510599619,741.7816987019328,10,363.4764903496826
1809.1678916573583,740.878740811833,10,364.4082320118401
1817.4354402184545,758.0289770322468,10,365.61036119454786
1807.579659616953,728.6235547923795,10,366.4754811869775
1822.2594548821507,733.5610615284129,10,367.951343569403
1817.9893409371434,739.6702422367939,10,369.490653508842
1813.635338461405,736.2529136520184,10,370.14156529417687
1827.8043629288732,726.7830393534585,10,371.3362501095582
1831.8161341309606,741.4689851221739,10,372.44506574070675
1811.7812239289342,720.2978034804273,10,373.90196149490293
1820.6645084977208,734.3762055423585,10,374.843366752144
1797.594470655924,734.5132628294032,10,375.485087558609
1819.436692869669,730.8929697591743,10,377.519601845429
1766.7727066636144,733.8767117008136,10,378.1554051821516
1769.0399650692998,740.2632392437743,10,380.53647530985324
1741.0557273984014,742.2425066987646,10,384.4751505210275
1778.5972923398076,735.4644337193425,10,387.0551907898691
1767.9925598263799,752.5141533185214,10,391.0466787155349
1741.9927543759404,764.5983622479557,10,392.89004254917114
1734.4127287030278,778.2213226695856,10,395.52026039304513
1720.9086927533208,784.5592582651134,10,396.2197392004637
1729.948883450037,778.1082178216657,10,398.0923658560969
1725.4220174908696,771.1174922378216,10,399.2951600642513
1721.2475012898503,759.1291487946329,10,401.3241979485536
1727.976675903803,764.9217134977348,10,403.5221305235508
1724.202335512644,762.8575629826762,10,405.8032473724548
1715.508427774912,762.0808548694753,10,407.97469343169655
1724.6930991768895,758.5325141697722,10,410.31766217698896
1722.1899096131383,753.9089043950661,10,412.5077466212681
1721.7996234655438,752.508077836837,10,414.7135007518636
1709.1082095861493,769.0603586110424,10,416.80706695003477
1695.4891156911908,767.1193200876116,10,418.8793216759582
1690.512312388426,777.7504127844597,10,421.2441561644641
1697.6551322698651,765.125389305141,10,424.5221534099669
1680.6515292882978,778.1703140642761,10,426.9113230567357
1701.8787593603192,768.756798500829,10,429.35214278836634
1696.9831743001996,752.6624742354322,10,431.5091197951118
1688.6749973058759,771.1847261867549,10,433.88422877698815
1695.1444797277509,766.105412275525,10,435.55666198885206
1709.5646648168622,770.7801040856102,10,437.5469685771168
1710.9297449350415,761.5303346181588,10,439.360464726375
1717.5247585535108,768.6473185999531,10,440.3287205405574
1707.395367836958,778.0540349149359,10,441.17229322065054
1705.4808122873364,780.1024938894358,10,442.7062074669327
1704.6748608112393,782.4198598845309,10,444.33638045263365
1707.7063916683255,778.8289463641113,10,447.31569809024415
1694.014070844656,774.112235864086,10,448.78960685656045
