1430.5,363.5,400,228
1307.9631085109697,363.860075512516,395.3562689399745,219.4799985111008
1336.47613582036,380.101142229533,375.1158321495633,215.5595506392006
1339.0192352045167,371.9202754361778,352.2225712322021,214.62705471846465
1336.9939239123166,368.45830670725474,345.1262421411871,207.97528760172588
1309.319422462284,379.4883409568527,350.6106553500906,197.50894526067202
1269.9454103258367,373.6294146348143,348.51972851214464,191.51012691475864
1272.0844401039262,383.3612382365288,351.33785559384455,182.89725161532135
1277.4080750625146,385.23518515407903,349.0642066636059,175.3307297074822
1281.6220281405156,398.06343340726323,351.52971691232835,162.6812179118072
1270.6914938415523,409.12516323721,355.1828349182136,158.7219828765474
1227.8446563137777,392.53601901784907,358.24545223450536,156.541380781822
1258.7115600852012,394.0593123265219,355.52167353076936,148.83115271168714
1220.7631260430971,387.5370613648827,353.9796454357782,147.5068268151413
1213.7245531195451,385.1204063949977,343.394975639572,149.2602879885843
1212.9364766218669,389.02107646989396,335.4383727831827,150.52475422764675
1274.200748346449,407.4782172775899,329.2136776006202,150.71467106806543
1199.1802583971896,391.57182266124687,328.98773550206863,149.01811429245078
1258.9289217072644,404.4416042207673,325.59841822029796,152.63371856232584
1199.4682991099965,396.82360375413106,325.3754449700096,149.91760729772238
1207.512821452166,399.73434175727914,323.0603346499892,149.25487181190357
1194.2575395610122,392.1434968786537,318.18126143888855,147.27800367730867
1246.2666989972554,407.1628921714404,323.3921372075154,139.08321295440618
1183.4887155344147,396.44160173516013,319.81498645741567,142.21523932257224
1219.3221938949737,396.805803953668,316.49980585934446,142.1645413059781
1221.0112668220659,398.5123261254822,313.8488620629988,139.08832325701022
1166.5802976957182,383.54793682002446,307.06799330885804,141.3066965181942
1232.2470950735265,396.2130503680761,301.05091924415933,138.93212738107536
1161.1936735568156,375.33919753014516,290.67965863988604,143.02641737700557
1194.5710746167842,375.4779104047129,294.4643691542259,139.57598723906096
1220.2674398601594,391.19128880891435,287.64223726977093,138.0400499802185
1164.3516395338058,375.123201043779,284.6462698682784,140.1463735970372
1230.529924180258,384.15385718599725,280.6981478409993,137.30925107090144
1190.1007347129243,375.7250945102573,271.4474340632643,139.6493957079648
1206.060217433783,375.32432889358194,263.9832625516004,141.0189813193482
1191.9198298727683,372.7203515791844,264.28071934477254,139.15329941631342
1162.8014057880052,370.69445595098523,263.79357612025575,137.25466838572441
1146.4110187108945,361.38011867396966,259.5247325071432,138.01224156036108
1167.1184503386594,357.63990570265537,257.34747148550036,135.43998653375138
1151.6809175861604,359.0515456396838,256.3311147187696,130.3532498382528
1161.9164107941242,359.1172825775079,256.00166883018585,124.79899211098103
1149.0211343145731,354.220496672816,251.52510333530827,124.47515039955186
1113.7159271361259,357.54752849791413,254.80120525323815,117.5575345902847
1145.3092459267625,360.79074813149316,256.92149058456243,114.4497636313847
1151.012131000355,360.2705534013799,257.1960707410271,113.95377804583488
1109.4844268178892,349.194967412629,258.21112723828315,111.53619582716969
1128.3329201774468,345.42775424708356,247.11150113013008,111.53449840566661
1137.4154431277043,347.65673896189975,239.86408637890707,111.05908531911278
1130.0238047621583,340.739214447331,231.6990083889296,112.50355130992023
1111.975285355677,339.8728659693028,231.37900923802488,110.32308341192694
1067.7153170638958,335.16604201152916,226.3150987756892,108.84578303188091
1120.2829285933835,333.5198749938803,222.39458213761174,107.85434269126318
1096.4733321612098,330.2525872828055,216.9348985065981,108.0736968037508
1123.7172542605217,329.73273334785705,208.12688295177293,108.40093581111424
1089.6356870262885,322.4318575279983,207.45900087971233,107.16970920223548
1100.1365849902122,323.344077896796,207.1969987293304,105.13229592795702
1117.1884051782645,323.8778857921129,200.97805531367544,110.16270927398088
1079.5176391496777,314.13854564897366,199.7000423879387,108.88738985017642
1110.4131967032756,321.58812126569313,195.64668591721744,107.79969338968667
1067.2334497590823,312.29453443244154,196.5691146810924,105.22683287650236
1076.3310059342068,313.192640792865,193.1690157585778,104.03895290883688
1091.4091191566877,314.7479084636745,187.00422341090595,104.59531844040217
1109.9614267477962,319.5017366977232,184.5944019298608,104.2966091540064
1079.4599190692588,312.12102580366536,183.83670561701342,104.45400033299126
1087.5592247681996,316.794676649188,180.41143921272342,106.01658595578876
1059.0678565759713,305.24672470376146,181.07822329615448,105.96861853926873
1061.0592462925445,308.7813157128726,181.0746604386307,103.54308371495523
1087.6464186447718,312.4598877311853,175.74476382377603,100.89550293363988
1078.6783391791107,309.431874707764,173.06898046383833,100.72855086540068
1087.9778717462066,316.6424674091572,171.97429841680486,102.17310337765329
1060.507262187246,310.10632919412296,170.73727580498965,98.95436609007037
1063.283260761333,314.98572687119395,166.42745650086334,102.06074121474927
1080.3756062333944,308.70996394512474,168.07828344004108,101.61571555321574
1068.2652999326424,303.3344392592111,162.87782403531952,102.36323633007234
1058.6727839595967,300.04854312290576,161.05843474727988,103.53782324989983
1056.652560195562,315.2258841465384,159.60096986842777,104.49387881249777
1050.5666377645139,301.70728130062713,159.99766919982372,102.30436941642968
1047.9573852884466,304.9896533519545,159.40407850986827,101.70965609838198
1048.1365042944153,302.49761395243416,159.44402029724924,99.71948362712835
1071.711854036932,314.56728164241446,159.8799869193938,99.09407952158185
1053.7755810389772,310.7286253088698,162.81895060939496,95.6831343990593
1073.8550714550697,316.0277934750503,164.3874287310671,93.82956907042146
1026.3933204305367,312.9468507913764,167.87414794321933,91.1076024327644
1045.3404457270253,309.15280689201535,171.89524540322031,87.24579151169893
1085.8357478584612,311.7889097015109,171.35096072042685,86.69823150733193
1106.8532526409406,309.5159078513085,169.07681159858356,86.48054378241314
1143.2243221201918,314.77877950914734,167.1675507528741,86.86576638623012
1141.970229174686,312.96947781235684,167.2808582564344,86.61880114196322
1183.5730456148046,316.6145996432792,167.57188370139227,84.4275622256019
1195.4936077048478,310.5391647352361,168.43562020856166,83.4585990491343
1238.5646990193766,314.13878984784316,165.34377632462136,83.17572827567199
1241.2449966372928,312.2634122421731,165.86551865897948,82.72376618278233
1263.601083109208,323.65155565902234,166.64616645489522,81.97575960726262
1274.9204680505081,316.99986703878193,166.2744940454394,82.01461906362474
1288.3133095871633,333.93787028715195,166.8117403544535,80.82129460423825
1301.3650452942832,315.46781396729295,165.92838841653196,79.70571266387807
1318.4086285489343,321.2686522642154,162.27067480334807,78.75859234444728
1310.3400838596078,319.4007070018256,161.65315221300682,75.73566662700881
1305.722512882708,316.3843796144162,161.6678428118257,75.7514303991726
1304.8853398050016,322.7452253718026,161.14211238719085,75.48710678143351
1328.0206934482978,333.3157378666288,161.63522193409483,70.50271135415908
1331.671235118108,336.718669448364,161.52966519435873,69.73222092475855
1337.1103812668164,348.32336604349723,161.5263194911799,69.74056874706531
1312.0043339884019,341.3746631525365,161.36925053482537,71.0085199162547
1334.9020115261749,329.0794788046025,161.3213930178731,70.94190428289916
1336.4444127783306,332.9498931897191,158.9976099222643,71.24956317593495
1333.2732634081567,336.95611419840327,158.51536757069312,71.17844110104105
1334.132803048087,327.6715515153798,158.53489092907748,71.17188859538388
1329.1182494115772,329.0113112871097,159.67849634052493,70.65509664629964
1347.718189952522,330.8953498636223,161.9605946287525,70.31267557352045
1293.3011303077078,237.71524372005888,161.28848070304878,70.97295194756137
1296.7943530822124,248.3261423105284,162.0421331536123,70.34354482704708
1290.1929972469197,258.29507396988305,166.1344093383578,67.2005099232548
1308.592835846994,243.82391808994672,169.60405357985954,64.45493449135499
1297.8011985165447,246.56941508857926,171.00269689310204,63.38224493744926
1312.5297472900854,248.24146707594952,173.18552053437486,61.603175709832506
1316.6692930578167,255.2547025055526,174.84876412769657,60.20530306382216
1304.5875929203519,253.7430244953835,176.77396707596617,58.704070976097555
1308.8158240582484,257.93898033311757,179.5180834897483,56.717101336304445
1332.0247628660518,288.8884680989299,176.85741183727643,59.031107982414206
1307.2793664602987,252.42246025179153,175.99741271763014,59.65999257317533
1308.7826306700426,249.1692949033197,170.8685469568336,63.31327160767391
1333.4860509461212,252.56991414320802,172.5245802450087,62.06024374877741
1319.2751690391194,248.5325729528259,169.6931740455844,63.9237382900336
1319.4561879631556,254.74358456236774,173.80345484680382,61.38463438247333
1286.6138540678644,242.55015109471128,164.2583557916831,67.6104638727179
1301.0844536616416,249.29154839699433,160.54563789685315,70.17624371578364
1379.6948486589777,293.8637106556289,153.98842212093123,76.34591455984258
1487.4849435836977,352.00258329985024,156.01818710547548,74.5948034877085
1470.3226183070503,347.62982311880285,158.54721006477615,73.2695087634386
1469.021773073991,350.47820743466826,162.74341716583587,70.12564902910763
1469.686711670442,351.18571443385406,165.205457297,67.45682748602778
1477.2883030735163,358.2620032674738,167.19470117236995,66.6767645435198
1482.0790670847334,353.6587691126256,167.12049260031432,66.52093579511079
1484.3676326321515,359.68611271568625,166.75621350666827,65.88998802227795
1482.3131687625498,359.71761144352513,166.7001622648535,65.78519616593809
1467.4238944232357,357.27695132037326,167.42186432482947,65.38058434818542
1471.5544129111925,362.0727680600796,168.06220598050777,65.57120318047924
1485.0121463991768,359.47308064770607,168.0760431274638,65.5758358024675
1474.1727306274488,366.10756286174194,168.5298399571746,65.66311641528938
1465.4926298201076,368.8954582719357,168.36007903218453,65.32240869808172
1471.1139848207602,362.7211022181266,168.25449309246372,65.2675267886711
1480.7984061985317,361.0764258930616,168.58493012207674,65.0934347290233
1464.6133101915257,360.1179751039739,168.6189252366749,65.02493586889004
1426.7776309718438,333.33060400598015,167.13574266041343,66.79641344695762
1369.3998213250507,292.1351492923126,164.61080622890245,69.5683806135505
1349.8043415857644,280.78713163255975,163.12005641792405,70.67659206525826
1333.1363394366547,271.7499664066301,163.31714851521545,70.52277119570643
1312.58996269361,249.4190845963701,160.2606100091174,73.02471807428313
1323.5247783583568,253.10007049470084,161.568135127988,72.0213697822603
1332.0311711342533,267.5027038802111,161.78983329506715,71.8800491629733
1328.3390230895604,249.76444647718714,157.73938550322725,75.14510004079847
1363.7914677126967,265.91983019570625,156.26089548791185,76.25160707885793
1319.6900910363584,251.61006526239848,153.84207443873305,78.16413621305156
1318.323010503523,235.17061482063997,150.36488554026218,80.60086409241816
1311.9838309999686,236.00620369077856,148.61370963526156,82.17003469122183
1333.1125353140117,258.53424333746545,148.3600851868627,82.31347932362925
1373.0481664487586,279.6959304863363,146.33946226063046,83.94474064600477
1335.3665928023877,247.35492641720376,144.89873076919278,85.09808896371322
1344.0300017914897,255.556450694652,144.7307567851296,85.21133298083822
1357.011242002657,260.3731782641151,142.60463920154,86.68649085613322
1335.7667063076842,251.14030568271457,141.37804668157318,87.18558600977902
1340.3890152618294,252.75759471189684,140.4203683942547,87.36696993223416
1329.3498089300908,259.75317576033444,138.46401199950418,88.32942111660896
1324.445008097479,257.8864907270097,135.63895961962285,90.21228595044752
1318.1625581401142,263.5876820563054,133.08371755132026,91.14637580314746
1329.363965030464,258.5844566421556,132.44194350450738,91.54122861661558
1330.0687716773368,263.7343793174807,130.48925208623874,92.94036836575792
1320.0560326145246,269.33725108282505,127.8324429956765,93.86951825242761
1320.0760420684135,262.5405545589957,125.66037095107303,94.41949623050617
1312.7730044351265,261.5324988928018,124.13214789306227,95.1435605391208
1309.6199557756074,239.15202953952817,124.21378413345643,94.76215381720131
1316.82288749525,251.3703015027017,124.02667260152012,94.3535182160496
1315.5692812474797,265.7964283251571,122.6817041392664,94.71688270468375
1323.5877342334888,265.65960627066426,122.50894726087627,92.94481672684684
1317.0006955644665,269.3140006313691,122.08130474265863,92.66443700964858
1295.3757383739844,265.7873297393737,122.60933725716757,91.64496671325605
1328.1361819693864,265.00862722736053,121.63012944868794,92.45726569585094
1314.977281577859,252.95552610535862,121.68616952007297,92.39845748758434
1299.4359755643097,273.10725854507984,121.57441318474471,92.51785180003641
1306.3471567735637,276.16983756487394,121.9803747026991,91.73000979667252
1305.6395223464292,272.4724784238633,122.37945779647006,91.11403166756102
1315.0381193328155,264.1704905283728,121.60742747420991,91.78958453068557
1305.7307458209061,274.89865690086737,122.04157337803353,89.74355490154122
1302.5751818273275,275.6123550361915,124.30464094801552,88.36405503843756
1294.7085308557523,282.5710922680242,126.3871202517009,87.02750937726239
1288.850778617875,281.3153420980083,127.36654265042907,86.014034417459
1287.5940943598862,286.2848049195969,128.37655304071995,85.07378698167915
1281.5592698099836,281.7709992509814,128.6930512005839,85.04727062573401
1273.7737988117742,281.8783942833591,129.9661416345027,84.54979361220232
1270.8833693983906,278.84191399242854,129.48463512008317,84.76848373584197
1265.4042739829997,282.56482227632665,129.3235823290389,84.9675460323341
1260.1728288982863,301.1778814337079,133.55049770979977,81.74510508573564
1256.2208659491694,294.1610412770392,135.29064244195706,80.79675357686845
1220.822167076256,290.84891599120584,135.5542724875885,80.3124917469544
1221.0435212374925,274.21161174926715,136.15735781765005,79.75220795788253
1219.949005072658,268.14462754383766,135.8214830351973,79.49681594088511
1243.8721736631069,280.5482074827288,136.44838956767876,79.05807380297094
1235.6314849819648,284.5094888811703,135.38410881839047,80.9051576506803
1252.470388703441,280.8910776498571,134.2668635092273,81.8014535324961
1258.5703508475933,269.2589233699872,130.91455732394982,84.5034966961177
1220.770046172403,277.7032930451135,131.1282877070455,83.96988277311115
1250.3815221541981,277.26975233282604,131.78539021733195,83.99456489854143
1231.2063352636483,261.88246693388095,130.88096510927164,84.47717211916112
1252.2226086694907,281.16892045194106,129.3074827812292,85.5805918347499
1250.721801696413,276.2960429513713,128.45963612557807,86.14118524531317
1252.9769280448606,271.0938812436533,127.79037158786221,86.29271439500216
1205.942781337508,284.4595401610119,127.90743209241157,86.35847183189139
1219.1549249323625,278.82201854784574,128.06670203160857,86.35956829613876
1248.857196876833,279.5247663489901,129.26583398495262,85.95643232252735
1202.000586663614,273.9515132601367,129.22752853248454,85.96422370988994
1170.6461343504525,278.5530286456056,129.16214498131762,86.66437687602493
1099.250647974855,211.23227220162008,129.9358753008719,85.66109911458187
1088.9688129786475,222.85024384112717,129.28450508637735,86.36441822570438
1093.3783692611505,218.7938861242468,131.23018401001903,85.21058836374982
1091.8490772648847,230.70361655259921,131.2314290495326,85.20965854342194
1047.3898931038743,251.22640512523157,131.4632891928422,84.48834592452441
1005.2407369635357,250.77392941178493,131.49971487683987,84.4218789706804
1081.9299180481614,233.83695084876055,131.66419938727603,84.17796576591861
1063.7303147099515,245.3507997345424,131.7009716764886,83.95048085446233
1081.4236166314167,250.17074059407008,131.68950134796245,83.95284538174482
1094.8421526692634,240.23442894680127,130.92132842693212,84.19357170362623
1113.6560526931225,221.15037987535652,131.52966576935074,83.78961021516804
1099.2537278824968,227.98705956313407,132.68081006528456,82.82856639900017
1096.3010786463572,228.91998672498164,133.3513024767729,82.13910916049483
1098.263670039233,233.04448556589833,133.97760904420133,81.53540280709167
1107.2845493039003,221.47394527663323,136.38698233554535,79.97236084228686
1128.159610553926,219.28021274403847,137.18203729521068,79.38061839175984
1103.1481442051286,211.28598674854805,138.7482782508624,77.99223551335591
1099.3343742234547,212.55940246902566,138.65498252847988,78.04720356046836
1100.6234975403731,220.7562059722835,139.94038216348767,77.32579580322025
1098.4079486088574,225.78358135793005,141.3687756445765,75.95831615009119
1106.966777146873,253.79143774554785,140.6514920274078,76.68165137900598
1108.0690957123845,217.62443258803916,140.35909158690563,76.93457648894524
1106.70234489782,228.16489882764427,142.6964034667938,75.86959325900258
1098.0730815553045,247.9624653228534,142.54333385360732,76.01224560793983
1099.2863181352839,239.82624244717408,143.14383537168803,75.40733006169106
1098.5351395682114,219.16257517848152,141.55031676578167,76.38766829170314
1098.9392330295595,242.34587268206633,141.90725092157646,76.06570905723856
1106.2328891043844,226.9344927826258,142.98828803797912,75.12901985099265
1094.345432700206,241.11720857056523,143.01308831276688,75.1099170104654
1102.653298435759,236.69643456808973,143.70838055381859,74.46733034134412
1096.1136195118736,219.44367299012367,145.98812826365022,72.60949213863361
1103.047977785505,229.8354593923654,146.50210214607486,72.27125281498516
1090.071500637267,228.8525468584113,148.3923752444308,70.34886424840236
1088.5827598923734,246.42599399912604,149.20277060979805,69.57521520623071
1120.4907296740432,240.69473886071,150.4745309365947,68.36924270260623
1091.9626861414458,224.270508989507,151.91917925056896,67.04050975702395
1092.9018697953848,236.36280970503054,153.10919325220047,66.11493008501006
1095.241267464578,232.1327562136757,155.1926521519428,64.66183859665048
1084.4795207597867,229.04021462351423,159.9239817126483,60.26001534386792
1086.7174939230395,231.03294448589907,162.89935889535906,58.1449484184757
1077.4256537954093,250.10247938367698,162.57623411216716,58.42871874132804
1081.6661318030522,253.08678221981188,162.34187443324618,58.63076879644473
1145.4514750038986,279.15751222888525,161.09021116387768,59.65343994284882
1192.479535925021,303.12152426985324,160.05077480747264,60.33218923737769
1204.409302220967,313.7243727329055,154.0903663610882,64.90381889513537
1198.609852465055,302.290597845916,153.64362206645492,65.2154242263654
1192.3166209310136,312.5661736242102,151.429036855729,66.80769575022133
1204.0266418452095,304.95036627490634,148.1101321885923,69.75861930197844
1195.697040414966,301.7921713112569,148.3833487209539,69.51335704574467
1189.620224081958,300.4256407420571,147.39309863550537,70.16492337594721
1192.4283419516466,302.50540800912535,144.310384309931,71.54036675471353
1200.9277172499355,311.32497533909486,141.71680320035296,73.0093024683097
1196.3461090109358,291.7348157690014,142.2575316565018,72.58121172690478
1190.065286664405,295.64996810504977,142.93832841865537,72.1410804900193
1198.5695426633552,292.817038536315,145.21783369370388,70.64876892741547
1201.6047275218057,309.166213739758,143.27392023748428,72.24828915651581
1200.2970548935014,282.4968751403193,143.32365723107685,72.20121653849877
1185.5515166921036,294.70399248471335,142.89321721541532,72.39914730076046
1197.1243786289713,300.15861085150374,140.80666120361857,73.89901014603706
1178.0240478719127,291.9493981284348,140.3937134037709,73.72160276746799
1195.0053657591516,298.6874668575007,140.40199056264277,73.71819594593279
1187.7929213834077,296.0002069794647,138.78284054154753,74.65987869257498
1177.3181899202634,289.61524943189943,139.2872999583147,74.3115362651224
1155.9497467187814,274.77315800708095,139.2291767482417,74.35295406959335
1146.762125858212,259.42384969074635,137.72978849501524,75.7277563101727
1147.7158823409368,264.7349728301044,137.21365154808984,76.23902634310211
1143.798212539232,258.9533340129575,137.84490580146243,75.62968797245202
1150.4488606343632,261.5995657652122,137.50853919188862,75.92015694017168
1149.102932826308,269.2043665287726,137.25186270350693,76.50163398055574
1146.3980529945363,257.93935281141995,136.78579267039513,77.02045764939194
1157.9547962858796,271.0916270966737,137.59440996954427,76.28897388296157
1151.9250725787338,276.5312757516606,137.78806797038376,76.15064813823432
1140.6696505817797,268.73980927961816,138.56736937701194,75.44797660539047
1142.1863121371,269.1864287976745,139.45290193348532,74.79534219342993
1143.0776652689497,280.10205154950506,140.74659404243613,73.75618424470053
1098.6779093630007,264.2715478105841,141.18492268783015,73.46836397901224
1100.7923935049575,247.19010721004872,140.77243217949038,73.81810049624502
1102.753023774913,235.57042424110895,139.51455345453627,74.86079780924666
1106.857613819502,241.81593914376043,141.15519254870782,73.55222974253013
1122.9041177786723,241.11253199939546,139.78891306969828,74.91143199375043
1104.9450113716798,252.03354667568038,139.24987338124188,75.34461779010631
1100.1902894956208,246.41887588273846,137.3073336815165,77.10848238624408
1085.1860717236716,259.0200612429442,135.35761836176755,78.62053198443604
1108.8681981228592,243.28001935647688,134.94293145084353,78.95489432182384
1113.140102689168,249.56535996713652,133.90431316752972,79.85402930839037
1112.5055200538964,246.66940318870627,132.70062740009408,80.84331387126282
1091.7002672219005,234.15330020209842,132.54319254284553,80.99653157848729
1094.540551932344,230.9853148767824,131.70935573838344,81.78697381725408
1107.5324920077994,238.48208447257548,130.59996823273605,82.80844736675678
1107.7305371248947,238.44241336385917,131.13612647171308,82.38165549138164
1089.3033025416908,248.60514654817527,129.4519794577011,83.67242294843305
1089.7025431705147,244.2995648147944,128.81396621214768,84.20898905649119
1099.956743080065,248.48361543395674,126.75024183860363,86.07874563676998
1100.802950411721,240.8890725903157,125.52240046921585,87.19021844716002
1117.5334047171848,241.32449850760176,124.71642197303451,87.86058060184568
1111.5891616763254,222.07144339931918,123.3761063274582,89.14669722710225
1114.1585109992195,239.7153511896985,122.0267055008076,90.39929836387292
1092.2394688973848,245.93792519446637,119.94143078724085,91.91370884127564
1109.1845190714944,237.79725732904492,119.29425417559395,92.4984455654657
1113.8818452304636,246.51587937214325,118.33086864232318,92.98250808937648
1123.816450225965,239.89707213797524,117.45054643818577,93.67948840243905
1109.50687505901,246.2731919671853,115.80436359643625,94.95277383709755
1097.4026554739273,238.07635012519646,114.26227824572804,96.4600439468565
1099.8230494635459,227.13524961993153,113.14537389533591,97.51046929210312
1110.6636515389578,245.8175159038735,112.04253125574266,98.04318022397507
1115.4217674564118,233.74401198794155,110.8985537924776,99.0737463291544
1118.7294629338942,226.57853011827777,109.22949576903163,101.26368071057182
1106.291887019247,239.9574176107082,108.64358421331579,101.24154339050585
1104.765419573399,246.51349884888384,108.68051048951833,100.46305153030451
1104.6122461528562,232.59944163673833,108.07996908406774,101.02927363586991
1126.0276335106062,221.00759270402335,107.84174273892904,101.32450943464949
1129.774953966085,228.77541200523908,107.2959238494561,102.17599203277958
1105.3697240862957,205.6589367107094,107.69952325747164,101.95773641456351
1120.4704189528873,226.62838138772366,106.96210561596352,102.90186555418735
1117.0668724186037,232.8088646063431,106.73787239058544,102.89291556592309
1114.988948859118,231.66099058236546,106.13886626096046,103.63833786257372
1104.2887571612957,231.16248159417384,106.04117607872408,103.78942335528389
1102.7950162159282,232.2332918894682,105.70314603708609,104.15574305705354
1115.1942299863251,227.84813674341058,105.68070993611184,104.18314296403697
1114.940430410413,214.29849265439543,104.52750410098243,104.88843585703304
1106.2620379674397,214.66378876309585,104.87274189830588,104.9476768872938
1104.3214591246879,212.37990440378988,105.22101975440258,104.97383822599242
1099.679003643531,211.2514425111205,105.66478901597196,104.83011604003298
1102.5772228875805,248.2059226317034,106.2587127905984,103.58852182669919
1087.856082096053,252.31639185127312,108.01547420153483,101.35839092082392
1095.6225792152652,260.4215804268697,108.32406893710933,100.89302509928169
1095.3096046534122,246.00449006782122,108.42302240194047,100.71709877697333
1087.442572050261,253.99403689965723,110.15180520620426,98.7665047165728
1099.6355063571398,245.2429003033658,110.19549630008864,98.83339697348676
1101.6790985980688,239.10771955028434,110.1956674319389,98.83324208408081
1085.9981326777997,267.8241323800263,111.2369720599526,97.82064347537816
1084.976616175979,266.30315140611594,111.09540327984173,98.048106283413
1085.0665134132169,264.2531121043438,110.71952975983167,98.66434084513303
1099.0047592978726,263.8197022345004,110.6459230460621,98.80551402939604
1099.8736022680844,262.8920656604224,110.73742771747811,98.72479493664633
1101.4535718755978,274.3067060766319,111.04372747797589,98.4475484822791
1096.4277602303205,326.0653840276238,117.24345376726443,92.67376863009996
1101.9185861529363,333.1629404324902,120.11324425906886,90.1454477362607
1119.7901364129686,323.78108874670403,122.28890594603517,88.70113185124127
1108.6877005605475,334.9936716280055,123.74447001843149,87.60101453529366
1130.3356872953389,309.3844656276385,124.81700774879994,86.6483068460861
1123.154564756311,322.6239365878455,127.34141751496604,85.03507423048183
1129.1587730510591,314.1174039780156,128.71682527391928,84.25972926337398
1152.191384796577,291.4560885230318,128.95071219548137,83.97232904541188
1174.5774782779372,278.664058845364,129.2232983345675,83.43944504137242
1129.7012932825826,309.6969471979446,129.7975448511556,82.73989453250027
1165.1623634374728,278.50854903486885,129.88227099645331,82.64102862720657
1185.1343855463729,271.11260153678035,130.3002301050691,82.70983631259256
1168.0799371015705,282.80013202602527,130.18144297367792,82.17316568444448
1151.8714697944888,294.01293712435586,130.40393102412074,80.87564157787125
1170.9213498802574,280.99879714786243,130.11564469901904,80.9364151221667
1167.993658622894,293.0400005576492,130.55144770782528,79.90000592222202
1166.6529349464302,275.5628923356901,130.5745844089737,79.89960200481212
1217.1934096434952,265.76541974363636,129.91999609882822,79.74945098225452
1222.0458969939045,267.8757639204078,130.18031146758935,79.75770263878249
1178.3473868254669,276.92623768925847,128.39700343532408,79.94722140967482
1172.2223846300958,282.49470639849784,127.81728256056353,80.11303743968243
1136.5886641399902,300.7968277312896,126.88783938550094,79.77280615715549
1145.9535244382816,292.9224762617746,126.35915333481668,79.35344688610263
1130.9881782713737,305.03511312219695,124.48707886870588,77.92466097348544
1136.5064973552444,298.1939816115398,123.21983557553713,77.8028563831053
1130.2270397110972,304.69718153084614,122.74296137408534,77.14561006316946
1147.1499780373354,286.5415152095841,122.26015997795697,76.87437358337912
1122.2590938999047,300.3545922486975,120.76475997889267,76.73377706130458
1129.1974907220244,309.0829843422656,117.71363657696247,75.48519523622895
1132.469399045506,301.9482952706797,118.25344286243343,74.8734546049867
1133.699505117136,303.1071764325268,118.2339329191094,74.87595757441385
1114.4023835363325,295.7912111585914,117.65199810220055,75.05491189547797
1126.551956396474,294.4305389373079,116.55896238252828,75.0996127280443
1127.316154719612,290.34214243770634,114.1688294982493,75.47189465699597
1127.0426438620561,304.4787535137701,112.43647899808995,73.77716180845742
1127.694622046512,304.9637966758253,113.01049129811614,71.14900706584422
1124.6891093818788,297.3003480500155,112.50637227923775,70.43733772810828
1125.36312299666,288.9495573346502,111.28880093103263,70.69177751150008
1127.694701187147,295.59195978255923,110.20671020481302,70.35415240999353
1129.2250046147285,289.25376536433174,108.5514763269071,70.63118535808178
1122.452128132173,297.2920740047802,108.5185921689104,70.6236560593626
1119.2333755841516,293.1213226312596,106.74335255212306,70.34602294977539
1121.8829362631025,290.940621103765,106.10461203452326,69.21651690518573
1114.961027377968,285.8754465478907,105.36697266673018,68.79776800210281
1121.9000885690152,288.2489543300039,104.62036864858884,68.59265116529335
1115.2303342274815,283.9941141598252,103.95029958049649,67.8348239525502
1133.7164811737887,294.73385271276493,102.77204255311644,67.37744729527914
1123.0456459133277,283.5448147963537,102.76599578888217,67.36570112187596
1131.312797011146,294.7426706637386,102.62535890696665,66.17617186696467
1143.3067973656935,299.5626932025678,102.11673785180207,64.79391640112262
1138.1587936880974,285.1684519639601,102.111194341821,64.78846882462715
1137.732860327544,294.81119725707515,101.9280891104895,64.69625178270843
1137.4190181311212,294.32626067105423,101.80283374265,64.3717976956866
1126.247303725257,287.19079502522084,101.67822971746416,64.11153143944074
1129.448222995139,279.05516391134597,101.28248944811638,64.06485009419247
1188.2641584879482,305.2191701754113,101.35134783261546,64.2025014759739
1240.9380757675353,244.34004833279204,93.59612649365585,72.9998000318179
1253.8333049508851,248.82990154674587,91.86043764294753,75.94244258004551
1231.8555750605128,227.803659396035,91.23068471617243,77.17217678991453
1210.495390918457,216.2549680926749,91.21941313822393,77.2095675600869
1225.2240592641247,219.5205953678386,91.17711932408571,77.19522165538935
1256.4732422234306,246.3333988745494,91.22348454561055,77.09564232141108
1250.0775994963053,268.28441610573236,89.20944544541793,79.60879950943581
1249.6228005627695,269.14342678670073,87.64188405078569,81.26103075675196
1251.0911695293778,270.5994637265828,86.51987986123697,82.22934370636409
1248.522430596423,260.97228608576756,84.19217780694999,84.10733714107073
1253.0683334798664,264.6887808545854,83.30295916774885,84.84467002164801
1249.6187169963237,256.4995399828538,81.88905603406513,85.52750929379768
1255.997011739449,262.60399171768665,82.08885883602274,85.56394807877064
1248.738683278763,252.45003964878507,81.0950796993504,85.86779719338047
1256.1449180203774,273.84518408572234,82.1848013782306,84.02641044963286
1252.3388343809318,267.28979308311733,80.58672829304722,84.66058608582435
1249.438059461405,258.97764421237963,78.81105101646992,86.40250524911364
1253.5301906749842,262.0116403894798,78.15554806883395,86.30547828035031
1251.0255448668186,255.51969434782478,77.35966104289196,86.03193265766674
1255.3792540769837,245.47602535106068,77.13841243762522,86.12921556696645
1258.097215521665,252.59891996152754,77.21053855949307,86.25294844075924
1243.4968863050221,232.5783865923188,76.18838624753955,86.88158155490919
1240.5202381121019,225.34559741474732,75.7493863191409,87.47139506325036
1252.2197386669188,241.91843981161713,75.94040634292952,86.98986050754787
1249.9235654838817,233.89436923989808,75.99309130153321,87.00517045896939
1245.2037724761526,233.39066421461908,75.8949203971306,87.14234405313319
1250.9256588960143,232.43564033625154,75.90601682773193,87.10354487364236
1251.0334650492975,251.28903596548588,75.9252437668424,86.50596839788851
1248.1113562217156,235.34129883794952,75.60212829593817,86.79777253272196
1249.2336717914181,247.20642445905244,74.49696892586613,87.68085213158061
1251.9692769014755,230.49750636376348,74.66011615814386,87.68145962342804
1250.7259757117042,237.14804425862016,74.78935006844817,87.5835040653431
1250.8809729309783,247.00581811990054,74.45892048104992,87.62744158753335
1245.9922536216575,234.6241865541026,74.39980075771176,87.74319991261065
1253.1827576988235,236.37974264688523,74.4189371804059,87.72632133529125
1250.239739279832,228.30637321442975,74.36530107145889,87.94193455933305
1244.389033154267,234.42503008361973,74.42368410963721,87.8217396564023
1242.7873675060412,234.4900580244283,73.75817661901026,88.44260263998903
1245.9743602919093,236.93858521334528,73.70373440893758,88.44560557798152
1243.271281848338,233.87032832300076,73.61789548461778,88.46850193847398
1238.4683603403287,227.892612402997,73.60739118770934,88.48191813059334
1246.4202277514687,225.67207507317963,72.9540187616692,89.58145793724653
1242.4598146284977,216.89423548727905,72.22946498746964,91.14444797635723
1247.9433686547725,216.22191745366152,71.63340586222729,92.60216053673633
1241.768666429246,219.84419115228508,71.67202501970148,92.7422566941767
1227.1431278694777,228.6950720190639,71.6600863921676,92.75991825468645
1244.7748853789906,230.04120619482595,71.74627230087624,92.65404802785717
1252.8647532986809,234.25643804211532,71.03420594849528,93.44330994210412
1258.3936247703407,208.3260549186159,70.96301047526829,93.48592662245257
1244.7586264577951,225.43974089977726,71.48426976515417,93.25477429513961
1253.083934768534,228.3559432843649,71.38797634008762,93.33253197484737
1246.0444283138268,233.2466403673673,71.3865954583036,93.32587993530744
1263.7826057501734,229.22670204738162,71.38259547452616,93.33000046413376
1244.3188699464122,227.82694153843025,71.39347543776128,93.33189355616372
1257.8710987098234,233.4236106266139,70.49401211259939,94.6151693782095
1247.0396738081045,233.77352266353273,70.42741359755546,94.97798692500783
1249.104421131905,232.027772145485,70.43776956640988,94.93430739240823
1255.0880969731004,229.4544645091403,69.31505861583022,96.06747919509638
1250.8642846458722,229.82390628426631,69.39956700594328,96.0293757981189
1255.2802695965347,240.65522773477454,69.41868658215753,95.96309787207802
1253.3080232420707,240.2589272159964,69.56367334206506,95.78231184708471
1248.936282567054,236.6661071313606,69.57939437715753,96.02193093633923
1247.4543051332853,236.1103175182341,69.59322498093113,95.98047881341012
1218.2675320689748,238.82294631380708,68.64901445672022,96.94784178577123
1247.8611388762747,233.2589086505776,68.63015487654404,97.00461183726682
1260.6772640422955,233.39119048296442,68.01848865094763,97.32672846557635
1252.7202149043494,241.78389544935033,68.12843539180568,96.78157770333675
1250.4013646288156,235.3692105465338,67.57536865466551,97.92219533459237
1247.589200204653,231.7471625241552,67.06708956613151,98.74465289058008
1244.5734826992677,229.21269325477493,66.84676314043948,98.88823742543437
1247.5465071866804,229.90444461738616,66.66970563595109,99.12510127354565
1235.6113862026916,234.9578659004005,66.53766260026663,99.19115700005845
1241.2171568484478,235.48165640274405,66.32553479904996,99.48202785770656
1245.9137715240506,236.3066419904544,66.56546317794671,99.18742124336679
1244.489716222128,240.30767101949155,66.587148706261,99.0511483072102
1225.4248959082565,237.29302987771388,66.43187722462886,99.1875358458925
1239.6966771068103,236.28737494605957,66.42218170984546,99.19875606381537
1249.022520266513,237.5762871327836,66.27329537823287,99.23219901862969
1251.445472920665,240.35942473174995,66.19782731052985,99.15984319325555
1250.62953709012,237.46094572361736,66.23368578325763,99.10652998454516
1244.6141665413872,230.18672915022938,66.35706108177264,99.00007497824494
1244.7182864654417,241.109129578622,66.42959970131919,98.94791099279759
1240.373830875085,240.93563056443915,66.24556128181257,99.24214518284232
1241.1073034766039,239.82285991549904,66.35480917302841,99.0926457111455
1234.252619662437,243.68973511580538,66.22371507040528,99.22537661470153
1254.129514162793,240.57089350647078,66.37062187047474,99.05779307159092
1241.3287318590078,242.02596795785024,66.59143391456837,98.82221043775291
1230.3329329208764,219.74836797084646,67.18420709905854,98.47499036781514
1245.0708813729236,243.13799154183707,66.99082285975938,98.8283153999062
1237.144402118042,236.4956899353534,66.97048081715417,98.85418772450686
1241.696958372531,238.20954577159708,67.20936054145241,98.42275195381391
1247.5238732865614,243.87597899359372,67.80294434864555,97.35556105455942
1245.2822096833233,241.19805845575831,68.3201107808909,96.79280538569284
1244.256651927259,235.81236057784324,68.55055449622073,96.52014043443074
1244.5155831149966,232.80834280519264,68.15156513579183,97.07860055553763
1234.704492573719,226.048348072756,68.12392398323924,97.27449429439768
1233.7540261140382,235.80611705348528,68.17540214204963,97.23912753655243
1233.96739580699,239.064273128669,68.07241796082388,97.38492762220797
1230.1220465638694,236.0607060208961,67.95991906318453,97.53964770658916
1224.3179199759727,235.7314064160919,68.00916745534713,97.4759664138783
1233.889540367818,238.2931620548088,67.44362061086576,98.07701539721715
1239.944050892979,234.8607749610661,67.54585654143973,97.80685182148841
1237.1291049424494,242.052939351149,67.5900393474977,97.7330384450702
1234.962522049259,238.7180726840521,67.63282179495017,97.6532638752113
1233.6111947038326,238.5895809626407,67.59896763952024,97.48025163221826
1235.103629989086,240.99761812462765,67.34368009399233,97.68994272725068
1230.762131298566,238.19538111867155,66.99119125371882,97.77229006451077
1224.3679053038932,239.6121680549337,66.60590571712422,98.22311450932355
1230.8556139983232,240.63451235260948,66.61999409608659,98.20314205281169
1237.7620101622547,251.29871725080852,66.69702282077475,97.68295598077881
1218.2406354376562,241.8287976286248,66.94620079780346,97.30603039360331
1218.9667642203126,241.04090123406772,67.34144236464726,96.76156199039569
1225.4279322617463,242.84933722811837,67.43159464695343,96.65356441864569
1226.053481780671,235.63466888365826,67.3142279279818,96.82575617958743
1221.0509326704619,238.51895957514887,66.68354009188174,97.63692819550144
1220.458345105127,232.83828647886176,66.71195333786248,97.60518223261914
1221.792867996536,241.2313066793526,67.61500676387597,96.48110147976979
1222.6512014674677,235.25819155036908,68.14644248695988,95.74645882056154
1234.1774089871872,240.2510869478084,68.32440655213527,95.33526443071219
1236.9306910278906,248.7956151837217,67.9884466997018,95.33348060292855
1229.0949314622317,245.9827030147463,67.79182274935472,95.54721750038864
1244.3645385961222,254.41744049052582,67.98776740186183,95.01959664428858
1246.5892123199433,253.93419330759056,67.87199234191489,95.04797022778378
1250.1079432767356,254.6555787321554,67.78074033586216,95.1623440205303
1228.1802539262926,244.03470545818664,67.37853923328105,95.31078498069928
1207.5468919242048,238.5489452130768,67.58105043838428,95.1078288473838
1206.066032977141,239.15381754566346,67.55228647902692,95.13423277802039
1238.5238119966434,245.06388962642515,67.54242149422137,95.11779573929977
1211.8220912736626,235.9443046108844,67.06237142406977,95.57361959423385
1235.4563947077304,244.9007096263046,67.05473181057258,95.33919434427719
1240.6833060139213,255.64502378470166,67.23153778400639,94.91940033229265
1230.5905468847213,246.34669736214877,66.96297355339253,95.0408506169736
1227.7025515399375,244.57060804450646,67.04322640421516,94.85570286866755
1225.8329212578158,241.5770211343673,66.3679800562274,95.8092968625909
1230.3386139948836,242.5805531598452,66.66501190234278,95.41389305371577
1220.1329645728981,228.89097271367118,66.88509141648002,95.30754025893002
1229.8181796036124,247.56555826442187,66.94258837226329,94.96037568819038
1234.0258801699038,235.87209001203217,67.09636295989543,94.81772540097754
1223.7066718170204,238.10524512158216,67.48150284071113,94.44064810347793
1227.8298854010154,247.53029501513376,68.09106131420033,93.4403541482839
1235.082495360083,247.07962118505574,68.05136511585327,93.28880304382967
1240.5797169066027,247.3279232871817,68.60201174449324,92.58311181047826
1233.1441001610142,248.5805183277525,68.61903342841934,92.55101666952226
1229.9730416264686,247.07173113513375,68.63723835380334,92.52927535422873
1242.290048228743,250.65748724371207,68.72947293673005,92.36737188264702
1240.6120652411635,251.52591931176755,68.86984032866748,92.21920720656566
1233.2729762190847,242.06151440888644,69.1533049710304,91.89065655395389
1226.3077467113824,235.92421795102481,68.41164389213608,92.36603129188173
1238.5918482222671,245.26753324392354,68.76653657349149,92.0005619762259
1252.319411654339,251.3195955220914,68.65359759081721,92.11592747115972
1236.578716986958,241.75650321580468,68.55203251884113,92.19076053649191
1239.7652518507227,246.8397035336322,68.7924357298492,91.89768524873725
1220.5067732986824,243.15654590647554,68.36302747748474,92.33325776241945
