1306.5,310.5,25,57
1303.7513017400656,311.03161726716684,24.895836880891657,58.08179214947371
1302.6881484281962,311.22574093811903,24.537998340140895,58.70638162149604
1303.1715442803977,311.23647108655547,24.45265407016314,60.0361803177719
1301.3632247874048,311.1796137897748,24.94160274090264,60.781401950403364
1299.4067229703412,311.3173974151192,26.208237633040376,61.35874027117532
1298.3918170921738,312.8231466002817,26.748198272240913,63.05223562567329
1295.8360605728642,312.8926063064705,27.085374019143032,63.57245095889355
1295.274799261983,311.87635760495505,26.540402105459194,65.03342165570572
1293.4187527241702,312.3716516221159,25.246251952172376,65.73369305837289
1291.7264006628207,313.43756641708234,24.144326111950328,66.14873203113834
1290.1777836255608,314.7771194294968,23.350925411308246,66.39061528128809
1288.6100797116042,314.10399620169653,23.050824272775664,65.906444938297
1287.6076492471225,318.0670650341021,22.786298671816375,65.81838529548902
1285.0752520147882,320.4326187030193,22.691222035105344,65.83710629627771
1284.1934115336041,318.9034613871601,22.91502486751475,64.81022157191694
1282.187703024805,320.01181237225455,23.169105745434152,64.25514689436116
1278.8973114615785,321.2998596462531,24.431280111053184,63.09260176958189
1274.2794993121668,317.90600250237657,25.958483656397696,63.88351849568942
1272.31621373764,319.01077135765047,27.072913625412433,65.27386601043756
1271.6888652829675,316.2237026426548,29.11298827561747,66.67317014269936
1267.8693851087676,314.96817259506565,30.343893318536594,67.85865071383745
1263.277044298732,313.3081578702994,31.21604823572671,69.19197438334066
1262.4649560018931,313.5533729934523,30.697397080152214,70.44743833068421
1261.5047275203713,314.2496271044767,29.658115788649155,71.20450033530474
1259.5817875663827,314.8501781813695,29.012604514680305,70.93705582769839
1258.0328144271919,314.50874059205654,28.177276047120806,71.40324109185924
1256.7961530446325,311.02785733956324,27.085328865187236,73.99984284007095
1258.2852840149685,308.4364684047726,25.94433873409361,76.23434442829547
1257.0088533044136,309.18518398793,25.195924186651737,78.59306293544266
1255.2951205537884,313.8563623590796,25.410623278981603,78.06647920339732
1253.308290868563,312.82226404734877,25.31776911107191,77.36065658552596
1253.7550085746177,311.0990828065768,25.257578022692975,77.44064099814597
1251.5913147859726,312.2550408393679,25.970478667228576,76.25214993943014
1251.2281057252576,312.8146966898055,26.825323668303067,75.20979233511072
1249.1013506512254,315.0940135558354,27.70193385871069,74.48880461058877
1247.6656814601665,316.9350306103473,28.59190214939018,73.3687652925957
1246.8199755214212,316.87549126696194,29.174750246096345,73.07820298171825
1245.5770102063082,316.77248048395904,29.941169248171363,73.46876680133761
1245.8014441711957,315.6478785857257,29.56317670230976,74.20625172859492
1244.1187060725126,317.3797121620437,28.963632243090373,74.34509121353224
1244.2169140263336,315.42261637491185,28.23807383647795,74.37097259378038
1243.6546861532292,317.01257957888396,27.234441585250543,73.97629780326785
1243.7833915344627,316.78702549982916,26.168984481840937,72.83310402236674
1242.0777027942386,318.96651584197195,24.89826691147772,71.57854781470476
1241.7488596666014,318.97650812278783,24.02375330713286,70.71507891097471
1241.6387220113,319.1820333558861,23.745676477547494,69.6991713576428
1239.908085809819,319.9454477887748,23.170534734085994,68.79040486884156
1239.613974186614,322.20450964876784,22.185417683750572,67.77371475977151
1239.0735278304942,323.31791495932686,22.094371261392485,67.24974983128807
1238.9079484323113,325.43652492543646,21.48070250114826,67.27809863228426
1238.5902952050978,324.88821523358916,21.455283600426952,66.85391885597517
1237.736861555093,325.2187527290167,20.82588605172775,66.45958457466328
1236.8064607534461,328.46781678527805,20.559298462439948,65.71857039570386
1236.8384746638346,328.2662844128668,20.073900165178717,65.47099059973958
1237.0696952845049,326.50692738397623,19.15353944542184,65.1386335382123
1234.3935606925852,328.33347155596,18.994036950336316,64.39746335754432
1234.7381655833112,328.2894867998098,19.011866525115977,64.19424227540995
1234.2468033212874,330.44814482253764,18.719584039657562,64.21764783716257
1234.395372469313,329.72845868219804,18.6460268341755,64.43455746372794
1234.3518627155563,331.43834726515735,18.283485878260905,64.0310883670385
1234.6361979456492,332.30956123070644,17.78553091997924,63.497220068241575
1233.9933037800035,332.67102944434987,17.929475336285073,63.01874280807762
1232.9988446916636,333.5202579701552,18.659630676508797,61.853545148251605
1231.4776814560557,333.92735455398196,19.57051245511253,60.487844567210836
1230.2267574835612,335.0067158746523,20.91586947812783,59.182815351525505
1228.957917816449,334.2561940350312,21.534893416844145,59.975160817667216
1227.9253235873375,333.3891980119608,21.843747689466838,60.72560636837049
1227.8401406459052,332.40709896700827,22.332754281254665,61.83638986314839
1226.7221052771215,331.8804082962554,22.527952921806893,62.8380585277714
1226.2230921307057,333.59303297502004,22.779871099918925,62.52286914681986
1224.3572434197783,331.9038328475539,22.584757303512212,63.5149979250066
1224.7733527981432,331.43479032102897,22.126006290179426,63.53206157617423
1224.9784333702569,331.5759016079588,22.269795813333225,62.643739277544896
1222.3567454632719,333.04230110536065,22.10991425730799,61.71622220794269
1222.0022609109521,333.4755954535906,21.84835201753381,61.237424370228354
1222.503773903979,333.12290712245385,21.40627333048382,60.739559207398145
1222.7856495860726,332.65366762031834,20.640730366903515,61.45433901449596
1222.6347684732102,332.6844963090176,20.189654577072105,62.184723534871196
1223.020125838343,332.22807755633005,19.528956036322054,63.0707295623659
1222.2742705007122,333.52005520310644,19.02066242004914,63.832586112685135
1222.5316797069622,331.1214760921588,18.77732725006079,65.0473080114146
1222.19716359984,329.7972954609104,18.354037233966125,66.06905422645656
1221.8203997702922,331.6628528164127,18.136872139270054,66.31307651076744
1220.3708357246328,330.7180270722022,18.21626971034022,66.9490229744693
1220.3381486558549,330.95914685668055,17.888246784879463,67.9790129673182
1220.7832685117996,330.0904501046268,17.992396726195853,67.96222139089745
1221.5385880702963,329.847262341164,17.864993898226768,68.0474274389297
1221.0759697280896,330.67438165065033,18.029100607321293,67.2633161402467
1220.9745947928373,328.80152660298717,18.651141378056312,66.5675842227862
1220.9139100304467,329.80824128476445,19.141073720410954,65.83609579627381
1220.6862058187385,330.84843687067416,19.572711541407337,65.42950747708502
1220.0133735538623,329.77667266088196,19.651281697456913,65.9407746204243
1220.0737545364566,330.7505927413029,19.548279275180672,65.75841056717977
1219.590424555854,330.6712354825539,19.465946125728685,65.80307790754188
1219.16111147909,330.6111325274415,19.436056330007567,65.62631857633451
1219.704467410348,332.443290736356,19.097916340203124,65.50216734443384
1220.3162894989,331.71100714826605,18.620077068990355,65.77533184689236
1219.5977459260514,330.9621516175026,18.46913125379586,65.80908679078928
1219.7738932451077,330.9837698664203,18.60758040177977,65.63732929757538
1219.7572851324337,331.7381542467613,18.542215625965035,65.99092840531682
1219.1028870321686,332.47337844321197,18.492204143504296,67.12110934209693
1217.8829097210955,330.0405282999215,18.265363988734165,67.8754238063817
1217.5335208866256,332.4750703957915,18.358941128575253,68.19897133613831
1217.7406785674214,333.8479469276475,18.556189747562968,69.31403260538835
1217.658046860065,328.5230210748008,18.413695725046555,69.85651011979755
1218.0145334057006,332.3650266662568,18.524191974576965,68.61814808391924
1216.986600069947,331.02566674388754,18.365943503262063,69.06373699680357
1216.2386712442792,328.0981686816819,18.642022974474898,68.6893916142568
1215.2139476177447,332.76036433105475,18.880090675656273,68.16957432826743
1214.9141793731671,331.57293517822063,19.127756210774685,68.26788067203684
1216.7921331153864,333.12987121663696,19.148396158282253,68.24640080139622
1215.4038753711343,332.4363799423753,18.783458380642344,68.70962180330775
1215.2646978320224,330.23988515760766,18.466771289771998,69.21124465264353
1215.528941036978,329.3564078134648,18.399429804024745,69.9656121512549
1214.4855305970834,331.6585192553953,18.14358000472147,69.86309539074591
1213.8749430962137,331.68413162144066,18.451844902663353,70.1011310758781
1213.425489493172,329.65983762114206,18.144621604138255,71.1718779376356
1212.142218194155,338.3367412046205,19.41819855161387,70.00359666484374
1213.5383401632978,338.313278244681,19.76773236715826,70.52401738266786
1215.8455805938925,335.0548547235114,20.44149336921972,71.15867562800992
1214.9712260596782,337.467143619555,20.431142174014514,71.46180007209833
1212.4905303858036,329.64507882971446,20.29057000171371,71.84620694212357
1212.2601860164666,333.2786550242804,20.47859335895581,72.06258412071021
1212.7653009622336,334.8440060861405,20.487576070991175,72.00989637076934
1215.291483662061,337.9817865905437,20.46152302256333,72.48757117891836
1212.1112748765515,332.1451674802207,20.66739719377135,72.04783046432273
1215.3952614352806,338.99599681757167,20.389758301014044,72.87382834479656
1214.3603844205445,334.1308321992798,20.484091497852383,72.19046129231789
1213.5444059765443,337.79830255509796,20.548671414607856,70.71095642891763
1216.062756330623,331.92871842251117,20.520816035734953,70.65090270159854
1216.3717936177788,331.74706527441197,20.476682334569475,71.05151244924562
1214.6322560136246,332.606230589,19.950723572998786,71.00477226749538
1214.5265735504722,333.84071274015815,19.433787153001358,71.52398407258568
1214.7419891840127,331.56109791765954,19.00877837495846,71.29497471535512
1215.2454049450946,334.80524498238935,19.12132422744374,70.74741163447952
1214.820942974736,331.6346674250518,19.046045845201302,69.49427029377125
1214.5307090953595,330.3334584782826,19.08607530954357,69.45051828641559
1214.6878849448522,329.36026253179557,18.862394434609065,69.4559850580822
1213.800525787418,331.7777085090541,18.8028314241367,69.18414814201726
1218.2437849371522,335.0681544237752,18.28324980832347,69.05020245667916
1218.1290390014835,333.0097914252815,18.00034063529189,67.71535174391917
1217.4344188659504,335.36637031222324,17.834686578241154,66.74494389946382
1218.0406237421637,336.1615761458619,17.975408477692607,65.89192006816592
1217.7299763836868,334.6414281974022,17.711933933763216,65.19292906551867
1216.9360053296905,336.51961188175864,17.535060115203855,64.74602495936384
1217.5252760371723,336.67441699154,17.71056754839247,63.467126629068055
1217.8115926326088,337.9501231256954,17.34712885379365,63.0566888823942
1218.346523388763,338.294962254069,16.517164726724737,63.2920911038384
1217.6319103051424,337.6761864768642,16.139554050475226,62.37056191445831
1218.618944313586,337.2651410339341,16.360736067920186,61.825398185488424
1218.1699028971263,337.8310090352986,16.481658852354755,60.97808961696545
1218.4074354244194,337.9114852430088,16.711499128903547,60.436053236243545
1217.9383741269703,336.4123992173484,17.438854514272037,60.460822310574564
1215.8051351703625,333.15042844763775,17.88678017185717,61.49403594853722
1215.7858921530392,335.1339656848482,18.433732390642913,62.08556189983655
1214.7690479820808,333.2886724180791,19.391384875359332,62.57742726294927
1213.7068431706427,328.8691361871096,19.37839840105213,64.1182471423383
1211.8762136542146,333.8817330986977,19.191546519678077,64.9370703479707
1209.524799831696,325.0116639222091,19.74265602506654,66.44457892494685
1207.9075499189,326.6098078549263,19.684197591075968,68.36359696008618
1205.430000985941,324.1153470980307,19.49599397002539,70.30477729917946
1205.0040552728901,327.23897827495443,19.75721218789013,71.20823983317997
1205.3699267164252,324.80984383870225,19.607956705166494,73.09143799073381
1206.6445865478433,324.435033114503,19.395790000246585,74.42570238585238
1206.4431976788849,323.47613414901036,19.394729252684026,75.35535377333484
1200.6055514111956,328.4534701466093,19.92114369052847,74.35639409655745
1202.2329739109364,334.30612717619135,20.012359920752758,73.49296846512762
1200.4495686465857,333.4285725964623,20.008453591543734,72.58723806693807
1199.4900368575966,334.6472439299573,19.992528790043927,71.7891664208373
1196.9164726822655,341.83703824747573,19.55770170781411,71.49248450882294
1196.6496081892135,335.5637012513803,19.371337622457148,71.08434359012516
1191.615862151054,332.65896307512793,19.0619261648406,71.00691284195241
1189.2892508195966,330.56935444789957,19.20367469521746,70.5081892509196
1186.389697286667,332.97961680164263,19.594609153655124,70.42747548703701
1184.4349754220116,333.86603656163976,20.08702326374894,69.89907390001083
1186.1127541933013,332.01607535494645,20.805491828957468,69.4393960555239
1181.3063237395625,329.83527254549523,22.27989353080794,67.57269681145033
1182.0151416361957,325.43017125415,22.448285598182952,67.5816136504274
1180.075514238292,324.29447876658946,22.492396112602748,68.14459146192847
1177.521006063486,325.26885003246207,23.065099405268995,67.81407176286305
1175.0309855301853,324.1286538972903,23.387972560341247,67.44868871506085
1173.3041808670032,324.080583958241,23.602057522233604,66.74661552848885
1170.8971046422223,328.22979979812493,23.799030578027086,64.7445348046841
1168.9380022762844,330.2598898892562,24.306607706372038,62.83861597305323
1165.2644088370498,332.25633399061513,24.671333609194118,61.17055091143341
1163.821529889071,336.6651744116827,24.841467649561153,59.393744073662326
1158.4186730684894,336.78463307937074,25.232019204237734,58.11722181026963
1153.9626984669603,339.83077329151905,25.445153061531386,57.71801084398079
1150.5789907765702,339.8954126981109,25.658579031911188,56.64342680256381
1146.8208543176129,340.10194035712135,26.10813670934759,55.67294509151077
1142.897882594096,341.008114156454,26.83280234723825,55.082948686273596
1139.5998650547137,340.05958945697165,27.404940254982083,55.18032154772452
1136.1938152650541,340.1424392718105,28.601177464764305,54.5697392569426
1133.635579292312,338.8223077474865,29.139753292084084,55.222139718615516
1131.295297590583,337.73686135389767,30.05998244223113,55.07321782378626
1130.216739370031,337.04586414088055,30.387763670627244,55.000830545490146
1129.4401091239376,335.40935314056577,30.73137412314137,56.056926448249776
1129.0796889668723,335.1452922991283,30.398910599496112,57.60287373460988
1127.2493988567223,333.0932299613937,29.3161665400107,58.67458755001732
1126.5006207273298,333.47143800189843,28.692604730100634,59.407386723791525
1125.1712616893058,329.8537137309168,27.565394079952476,61.00071108972939
1125.6835001094514,329.6470643916505,26.607684678907546,62.226014513268666
1126.5462634958958,328.4081986336392,25.69103549333684,63.20547217980395
1126.8577826643061,330.0409597971661,24.83926036848176,64.75420079879501
1126.9807962262569,326.4428767985051,24.3785505761331,65.77670461044809
1126.214476641476,328.4412894101349,24.089771341115522,66.46535998182344
1126.2589285969902,326.0989670183919,23.594083521481593,67.4507831542866
1125.5637243604085,326.5771237954549,23.19225483205513,69.0601672701435
1125.5113319223658,325.8274506137476,22.669264337065584,70.76529537648842
1125.3154570664574,325.4902486848201,22.24210893375489,72.81014913497063
1123.7709903292089,321.7715975391559,22.12258779933457,74.47792112997331
1123.3828920072642,318.6470867206452,21.738712354982262,76.57546638378552
1121.9093102579945,319.1088715639338,21.54597969911826,78.48388646237552
1121.2995358978228,315.0797176873849,21.24639711662816,80.16604313057337
1120.6999871005812,317.1398664883873,20.950969636152223,81.3515025743144
1120.11138615357,313.3749796282151,21.23542132656534,81.99236170954529
1119.5265214473786,313.85788438145084,21.9520273780759,82.26804065979992
1117.523971653177,310.84666592770577,22.79863273239408,82.41742163238403
1115.8196422726417,312.3244821934738,23.287649283458116,82.48330852337915
1115.0567765652645,309.64678908994847,24.082093218811803,82.69664827886122
1113.290703852976,314.0616963479016,24.499759816865655,82.64493473036208
1112.7407579813632,312.7584291790866,24.18841908862511,83.31746499961751
1111.7330727022475,312.7281679252389,24.34808426641724,83.3536873828167
1110.3111891313217,314.65094035925455,24.286309988285673,83.85018829878202
1109.7686496599974,315.0497176908263,24.59465910877521,83.56724893295598
1107.8526059847766,316.2301020439043,24.705674739094086,83.63399859456732
1106.2686760561733,315.09666248095857,24.492148554659366,84.28815818463119
1105.2913732564964,314.0136161559648,24.363888915823335,84.6986856681452
1104.91194567608,313.0637823519193,23.904709690021406,85.25180936811701
1104.1023107587125,310.7596617869744,23.545925597334783,86.04433184718899
1102.857636203747,311.6491915363927,23.52447386879542,85.75673028750035
1103.1089990677135,312.2840562296911,23.522831336071782,85.10389890114395
1101.7857257849223,313.62150662514483,22.929225065808154,85.24386727565697
1101.5631008238195,315.1992872681832,22.557307944328045,85.1232908166219
1100.5660077735934,313.233629763305,22.70227388811046,85.0207360830311
1100.7332129004506,311.78712694879465,22.863875219393435,84.61881220765729
1099.7235412949508,315.61598357573433,22.878498696201017,84.54912070899636
1098.0706567572615,315.5632777358069,22.23620892796677,85.05395273964129
1098.1507932966197,311.7145997641989,22.00958589583764,85.44643760055136
1096.5928922189562,313.0714096051622,21.83484139550939,85.3974013632201
1095.351065962107,312.66090309008143,21.911102599469874,84.43264052005253
1094.5091182381168,314.01700490036404,22.578169152835063,82.38914647561714
1093.1568930567444,317.70463898234163,23.083877125900752,79.11288162663388
1091.9001630571272,317.3545691657261,22.967453597379567,78.46558650072492
1090.7999776324941,320.85277667071585,23.075760542837212,77.36395594127642
1090.7375170635307,318.9366580419483,23.340877586925906,75.3418445392962
1088.8289878985124,321.2279045195372,23.096683322968428,74.7106717554745
1087.8973486062528,321.66831087509325,22.790317313295553,73.8362323189682
1086.4476210690632,320.0712124834013,22.67657854192575,73.67827580111309
1083.7471672011577,321.52121437661754,22.757711173213785,73.89311776739669
1087.0342851380221,326.26025004426725,22.205700679428794,73.59049198873784
1085.625988823979,330.9495130589284,21.79461310121621,74.03568784509672
1084.4804215582951,326.5236010865845,21.275167378982843,74.07894188164245
1080.904826806762,324.3086398368967,21.077591031981967,73.34808776587518
1079.8997710730903,322.26377754773773,20.75607966035176,72.17643834745859
1078.3895835022417,322.7117060440107,20.54392873812937,71.20659582298637
1079.150671231136,321.7542599657876,20.303562610327806,70.3400365157334
1077.0184810949595,322.18284311322157,20.133977199697306,69.59048333736816
1075.6088218468262,322.9946266586375,20.538216579142336,67.44099645149988
1074.7930011785702,323.34897210309487,20.699659284368174,66.60536440321772
1073.0816485476237,323.17342434073055,20.800187136135076,66.79029500821234
1072.7897217070922,323.8753063555163,20.6567599024147,66.39001451250014
1070.2816893542138,322.2949872197589,20.298222767198723,66.48057417264089
1069.6695014840539,322.25807468842265,20.37784576665846,65.26995049244697
1068.2230592534656,321.20819193456026,20.584238738424347,64.82910735568625
1065.321145981857,321.49805072998504,20.787717762721027,64.68069180565197
1064.116726692173,319.57626169471996,21.097989333116942,65.80933099716917
1063.301556680381,321.089424947599,21.30228668072856,65.57939836271834
1061.882637903878,321.70900260904494,21.292550953400145,64.72298514674105
1060.0329095538357,318.15496814628153,21.833753030071982,64.25985894668808
1059.8026412590575,317.3105108092166,22.112652213278963,64.89177954027431
1059.5418486563583,317.11254568779896,22.06434304526078,64.85143921831519
1058.75060917614,315.2179808287115,21.950920492597405,64.72687145533459
1060.61994436542,316.2868990976526,22.116376758172034,63.83647334823858
1058.9821330477564,316.07692612328043,21.781089216268555,64.54860627246202
1059.2218087302815,316.07376969147606,21.50610747070695,64.3595955943104
1059.9902229802278,318.6010863989977,21.39417056188647,65.23997547348694
1059.4574313668072,319.64906676015016,21.15290323616874,65.68770185636092
1059.8229533506142,318.42745226505207,21.272346739181685,67.00153309665632
1061.0586447886762,317.0341275432812,21.40533493391911,67.4879849388796
1060.089805928784,321.46590305714403,21.168459497804747,68.32430115968914
1059.2558941771788,323.65203531473475,21.074045571396113,68.72872617392667
1060.389462313673,317.10105346648214,20.326091861235707,70.97969099195289
1059.726832613196,318.8371708962478,19.888270665266006,72.32092220450407
1061.189379576017,315.1957942419592,19.500357163360416,74.55918469887233
1060.5925990375263,313.43781899610593,19.90457792309276,74.92574735412256
1061.0191573326233,310.5747719393679,20.016284161668505,75.09558517334814
1059.8951497354549,309.79048419283083,19.92568131592034,75.92159861083452
1060.7120060059954,306.9728859589065,20.20685977940168,76.9028601230863
1059.4702478007193,309.24932956785733,21.506417659527674,75.95774835493741
1057.3543637656746,306.6651656018405,21.97370275461106,77.37834436291405
1058.4356759195903,305.6013865960156,22.252456801806066,77.9897259123904
1058.3608361360446,306.44505060563495,22.37700435168761,79.19361679383229
1058.2433641523196,305.91808531213167,22.640297051877184,78.96126591435467
1057.5364245430317,307.9733416805022,22.96966010281232,78.0873685970015
1059.784852598596,307.4953191267746,22.812734526046587,77.88878840786401
1060.0431374149566,308.88766397799327,22.755010329897964,77.13964500822205
1060.2538695793855,310.19414844843607,22.82417680653285,77.06539595983821
1060.1296738272158,311.95537748726974,23.041111706272286,76.29016698144466
1061.6213334803379,311.6506749995624,23.011862014438456,76.40952783988541
1060.5445150562593,311.98554494760674,23.155163894028586,75.36881548924885
1062.6005581112831,313.5661656223958,23.28918297807304,73.37589074237765
1063.2199872551084,315.94919852950375,22.992815923771076,72.02088883769233
1063.7120901669841,315.50966528460606,23.446621031034827,70.9482939791449
1065.991506434806,316.427130223809,22.98761530813492,70.39427745370527
1066.21904429025,315.3797451703384,23.04931896040271,69.46105292792551
1066.8243937711522,314.6607355063933,23.078911355638493,69.08328958960946
1067.4212595837762,314.98194801779005,22.64908334824952,68.68412806476454
1070.0028577436185,315.23207567201945,21.917404629577735,68.85963892633062
1069.8676589056397,315.83901530112877,21.388795962647468,68.19454869246498
1070.149483497391,315.42281826257755,20.802348505432597,67.7971034446163
1070.5145709155242,316.89639040099956,20.616287126369294,67.93182328634828
1071.133334827955,318.6145618365214,20.369687176549686,68.42159783550125
1072.459080844536,318.20479628092437,20.200600329087088,67.30043759480466
1071.453132499519,317.90235585239344,20.101548218080445,67.56813852284849
1072.0022372202736,317.08364551572737,20.52603610609225,67.61076349229263
1072.4446561455127,318.2905081230426,20.833109356955525,67.61765561965734
1073.3405941227652,314.8965136030875,19.82640616293699,67.46730781035501
1071.0634619944901,318.00307926290196,19.256820550712842,67.80598818582492
1073.8986854520829,316.9831247648103,19.09085828899996,68.54384909488817
1073.7355927806266,317.6823183452766,18.875777846218774,68.1224560311884
1073.6025953015965,323.2614759956036,19.01757939668369,67.29502184930887
1078.0050656234314,320.9194278758776,18.938450711326997,66.16754219917344
1078.7714118355227,321.6784626846195,18.775143529606183,65.17728255922106
1078.927366948994,324.37587039789594,19.115838240217123,64.78303170786356
1078.8917856551207,324.1005841694882,19.618812875922202,64.04083115633247
1078.3104111916589,323.24817192859365,20.23941976926886,63.2284818710317
1075.6440745880493,323.356637028604,20.85275837413209,63.153431617004486
1073.1638126730325,322.52810105601077,21.111797047152578,62.33071955035009
1069.9388059788341,321.99362586118303,21.659376563326607,62.69391881896142
1067.5800878043526,322.27823977848965,22.244461513821484,63.33466384277713
1061.7998412429279,320.8189051065531,23.139265168287423,63.70029625847343
1056.1473893666991,319.8674240927566,23.586407537687833,64.32045343930271
1051.3672213620825,318.6453414219859,24.128566514450767,64.35278620981444
1045.0098939970167,317.7966787224141,24.879128036269115,64.57349665687076
1035.7422493892636,318.0267922043699,25.164306625554854,64.89097411066462
1028.5607182524902,315.55170348325237,25.392516489738806,65.44784291337332
1023.6656086364056,316.18589289451216,25.01804379685901,64.87818830111594
1014.5471873042594,316.89029130413763,25.543163133514792,64.80960716484844
1008.2188513986106,314.2145061112159,25.107901694385287,65.3121174920982
1000.6568279425602,316.41004307045876,24.906640760416693,65.41743582367343
991.5557034233474,317.8115388150052,24.64211390467725,64.11116822488519
983.782988895435,316.5848756637224,24.30412392363675,62.91414872514359
977.009295333003,317.8181556173166,23.586538361733048,63.190053360344066
970.2428713006204,318.3990445818959,23.438266507675007,62.41388231614185
960.7856629031671,316.1446261569141,22.29679608029167,62.89484851104561
952.3849989913215,315.3685993923038,21.91287648271824,61.86952352883749
941.5937989044505,315.3513993031627,21.78460046322284,60.96850677024531
937.204352949401,316.563857334938,21.142554835174927,59.99872128378211
929.7535656319124,317.2187004819958,20.608819106382683,59.37455677111092
920.1866421709493,316.0732734086539,20.038604520130075,59.962140124833695
908.4848254012205,316.3620419887895,20.356731620378792,59.53786355320842
904.6795739124661,316.9789109367667,19.462797151293152,59.244172206097495
897.0657865919088,316.72492038915925,19.031471531482488,59.12099554546063
888.349092465195,317.4853383925486,18.909994901487394,58.47859079926762
880.7506218521784,316.4113718337374,18.00174394307232,58.975437586476204
869.9098023238898,318.2829456168719,17.613644611587986,58.494167795399456
864.1244136526669,317.65481235740106,17.36445373046199,58.611609851450524
853.4302643535922,317.18221594360034,17.041591668821404,58.4205167779823
844.7756398410061,316.82137076654834,17.200001842064864,58.155087338194406
836.7537916551902,318.4820337548559,17.381774042248917,57.378756192664554
828.6262860761343,318.2742342161813,17.334684065106746,56.81741368447295
820.3052186180702,317.99957754728285,17.03619092947726,56.51530191097602
812.4374125099287,317.6601542465045,17.23192620789416,55.86857995574721
802.487770097961,318.53753570792986,17.131394137298315,55.89531951817169
796.1722017619701,318.8133274361501,16.95633745753426,56.646467337289806
786.6247431444074,318.37086884947877,16.95731586514503,57.25642163836565
779.653495004393,318.6768614445163,16.90716115945617,58.46443137474314
769.8746298520185,318.46484450980915,17.117206603975472,58.30691774545448
760.8624270788199,319.4618780794616,17.274296858014388,57.8060712930621
754.2098893276849,318.2432349560926,17.698566391046178,58.699863434461136
742.8307790653372,320.237959908952,18.41318874069273,59.19129521972121
735.5202866357723,320.0858920923674,19.415035835845455,59.30172669482281
726.8274887850047,320.6977148831919,20.992502226772796,59.01061193354346
716.7959321533739,320.16578184612945,21.800271099165133,58.907684780472714
711.1947668011857,321.31516153707844,23.1578456771378,58.26634889482106
705.4392562736796,321.0278376305207,24.07249412778001,57.999352718850375
700.0854157708076,320.6556818469966,23.78660480576516,58.41339551544223
699.1476207897092,320.55156272791953,23.196493664751518,59.07989095193011
694.6962570765199,319.9500463338028,22.67745862469936,59.53622047306611
694.5176213501239,317.7338757987149,22.13502734969661,60.84385956646582
692.9011193267884,316.94590606377403,21.838428868749414,61.43504131492341
692.7416392016175,314.3253379967694,21.168304100456126,62.9462682673378
692.271904905284,313.8480237222633,20.496276006187802,63.776228680111046
692.2269747587993,313.83170286301186,19.89693410971166,63.81445921602399
693.2434371490323,313.4395012621217,19.49406702177354,63.67367417441518
692.849416015279,313.3641558082804,19.582406072727597,63.95597173543055
694.146540150482,312.9962346788488,19.500811868407315,64.94926463449531
693.1907124372932,311.8665630462277,19.172759348007574,65.34993230063922
692.9731784374075,314.6122729200557,19.209085953497677,65.81726566196151
692.2913122008063,313.19882483720056,19.026530532451144,65.72624886761935
693.973276790639,312.2936447029661,19.683303714846108,65.6895004143552
693.1058756237628,313.35062147333815,19.751936405196385,65.32963920931212
693.1210460837801,314.3282512910817,19.875403944801203,65.32427459812463
692.1694920493803,314.01056681360734,20.03998245065071,65.06099338370076
694.2733433607145,314.6356627730541,20.10808053293842,64.16732018042728
693.489941497323,315.86692248005875,19.837848126908955,63.875276964614386
693.7806602806007,315.47575424531396,19.440919569476268,63.779041208533314
693.4018757769435,317.16054762273205,19.400914891144694,63.175964701881284
692.8657211589714,317.3868136988846,19.765794837271102,62.73422255769642
694.632641758344,316.1086621985968,20.16738201949206,63.20665085581843
694.3388952450046,316.3653630653592,20.310827893174896,63.30495615402047
693.0547974477498,316.7687585499395,20.765138085004914,63.00755518138848
693.3158861758637,318.94103036565315,20.90804230859822,62.77597522641386
691.3172444888967,317.33968659664737,21.883823426138832,63.50746849715247
691.5220047927388,316.36657990177116,21.85638089982403,63.946741045230056
690.6463274639469,315.1314511619421,22.28623990520903,64.42586161635705
691.5883802241722,313.44877809994796,21.84679528678176,65.97834462884931
690.6897634354614,315.2565754937237,21.82903286009869,65.1976566577804
690.2417627582264,315.6151338740435,21.77722535283634,65.38606045549793
689.9198000126902,316.6234280825816,21.911688546945975,65.04357386795058
690.4733662427999,313.8506619967932,21.226441875167318,64.8688406510387
689.8906232819638,316.25155531965515,20.705905395983308,64.49181434695905
690.5915358282576,317.86284196378074,19.914992984021655,65.30107852208674
690.9241607450718,315.6718450527862,20.0348905789058,64.65688969255606
691.6450244058454,316.887889442705,20.27883005690383,64.42456874070616
691.236243743142,319.7159066531649,20.394842627141735,64.85877002993033
691.8753898687947,319.8643142941199,20.957689573185835,65.16579396663691
690.9639642099138,320.5606793441044,21.217785544649697,65.1828306599188
691.186008320497,321.34757007282985,20.71671958578835,64.85583818104459
690.8143641169079,321.37713942830294,20.839933363182922,64.18029469829364
690.0387607473374,321.3200437344769,21.111996530470073,63.74630145269076
690.5082838799891,320.9972770922563,20.99460720753431,62.66768467552463
689.5441563584784,323.67938634741967,21.16514690612658,60.73894032253121
689.381710639731,322.4592350703363,21.52058449844844,59.11662557475702
689.741082272198,322.60337095482527,21.199437205337045,58.10981468701236
688.9322057753225,323.69613759994644,20.699816017340652,57.990366496943906
687.8676941446538,321.4456143225743,19.957888102988417,58.58077185829834
687.0731580392105,321.386714740386,20.07314081962755,58.33764594428281
683.6533484574086,321.24231876279,20.066921436478367,58.39020275772083
682.8713281792112,321.7712692585788,20.360120275153015,58.223866135344835
680.9552866713842,321.9126274319073,20.60952783380629,58.56897624094303
679.3831270864134,321.3853234605837,20.623474956323626,58.86313829077941
677.6692681617059,320.6889376926214,20.742631957502596,59.341313686319396
673.8521476409504,320.57235085219764,20.939996225179456,59.71425803889208
671.4804291093669,319.8140189468418,21.19762539268595,60.37281213700302
669.0857097268497,319.6132573507151,20.962551389928635,60.45198929759072
665.0377602053321,319.668606768105,20.844851227946663,61.35020719845999
662.0877802615933,320.02668371215066,21.092144546668287,61.45532508752167
656.266856225193,318.6981204657401,21.45861153121211,62.15025773364022
653.14495000661,318.44204830439213,21.427751936975568,62.966840259909375
649.0155703586545,316.7418948142903,21.588133051428894,64.27433851666348
644.6012665541347,317.7935402651709,21.78420472602034,64.39573256859171
641.4304441305628,315.42397772974243,21.97907385066045,66.11147592939619
636.3538214099206,318.9538462756181,22.44336398493801,64.97771988241416
630.7209973026295,318.17021856008415,22.489477325557825,64.85873034888246
625.4456571402936,318.47754659834266,22.990170810935048,64.18994580432873
621.3622693697574,315.5634695069575,23.072945764544087,65.94892760474431
616.0639006608702,318.8285492369599,23.519528114874774,65.42342779744953
610.2751799418238,316.5075718415324,23.729190774891407,66.26889907161137
604.333907924577,318.0828740811715,24.153610648618276,66.45867597622906
601.2589640052919,318.0510939603194,24.217454652502386,66.8856077689701
594.6209785030277,317.8165133561155,24.439212133165928,67.40097696414996
589.1137794160538,314.6498355139128,25.005112534896803,69.95261844758181
584.6678395142011,314.72575559956715,25.290424955789785,70.7544708913054
578.6107308188798,313.9364888256635,25.508627179196154,71.20927449488352
571.9798168195871,315.71753420020934,25.425294693467468,71.26268681853054
567.8073550019576,317.15041427462904,25.52855439592622,71.26416066131405
559.7864329249668,320.80735694891075,25.68966696726625,69.82894075998571
555.0501417691341,321.1135677865953,25.747195911316858,69.05445888344859
549.2394330487356,317.4102079530325,24.52936755591036,69.96805883392987
543.1177087643728,320.0213043587793,23.625455322939246,71.02293940576762
538.5558621596002,321.2448986619382,23.457699939344604,70.39277967956907
531.6493088651188,321.19757319769826,23.232003427721633,70.96514279223965
524.886553319323,321.1898948709289,22.853004974940593,70.91052527664327
519.043744383925,320.64825777298756,22.69230078610522,71.07099344797467
512.4522515800977,324.37395703871306,22.57134371340089,70.10948263090962
505.5900975155788,322.81003919582633,22.20382731088352,70.15794066546849
498.5376004209908,325.0314260373718,22.339797795530686,68.6551408135543
490.59227253788487,327.3883403083402,22.845950197179594,67.48138518955564
484.2468058947349,324.7695847653564,22.723516593525893,67.38558328724211
476.47533490504975,328.33142958792314,23.04269319966621,66.84188116804856
469.5882253177623,327.233319967472,23.271331510288555,66.55097191278072
461.7915140342763,326.81088929107244,24.250768061940665,67.19075826982372
452.8753144090138,329.21851149794463,24.73064923080066,66.0887232467196
445.63793741699976,329.7580177709963,25.741666680710033,66.30989161263415
435.3756266311024,329.94828789831803,26.521125288637567,65.97119571479573
427.11665480674617,331.2322673869704,27.29527926449851,65.99672423863532
419.5313941419134,331.4662726065253,27.477238963915063,66.83335886101844
409.60846067468384,330.283841393212,27.903353777402423,67.81147988788004
401.9360086717452,330.0287281180206,28.18805804573092,68.17203261872106
391.0830231359427,330.6821156979003,28.964002109279278,68.00393064526376
380.2545718004351,330.72468045209774,29.063167429830614,67.97822085078323
373.69455366544815,332.29613365086584,29.69444751999491,68.21931737721246
361.5064002121928,331.32965585174725,30.191176789786923,69.05907038450728
353.30093980521326,332.34973069432533,30.176512810655193,69.66068796276366
343.73333643210935,332.55849922392923,31.388389249856097,70.48212082562154
330.41436979321014,331.7469333139786,32.209290667302994,71.19556405356565
321.5239601108414,332.3532511608717,32.62719880767517,71.90452739027424
308.9789368512845,332.0263098932553,33.58496497705751,72.17458730559207
298.9068239001187,334.25595795622144,33.8770847850288,72.29945579910549
289.2813830663075,332.489938044154,33.481930304579976,73.12804923499583
276.8402346150784,333.9028676415788,33.98839369568567,72.6800412879337
266.49461393066906,335.3113086262047,35.02946187724846,72.51309527945149
255.14361773678667,334.0746970005346,35.50082339037945,73.50404304479925
242.23660717204663,334.1437968054253,37.32114830709095,73.31554126480083
231.33075898620015,335.001469785196,38.751399747753624,73.47741021385932
220.1319616587168,334.7816231566268,38.51851649744691,74.35351503057956
208.02943955005037,335.511628999289,39.82084884649365,74.30123618960789
195.382251025903,335.43046998756597,41.021987064221925,74.48847148217942
185.20533880954426,337.2329481168173,41.5770405923984,74.76000581663328
172.90828001675527,337.7409388327018,42.26038203967072,74.96754764402722
158.95198487541418,338.04061596857855,43.34997046078062,74.9023216209653
147.59819337096428,339.070003334573,43.39828222944606,74.96849181428453
136.9931295108451,337.8881029794224,43.05385405674009,75.01424094797139
122.20940697409345,338.5284219281291,43.34651694945725,74.80140285715285
113.11171312721963,339.634332313281,42.633922770646315,74.85253965978605
100.76750976277745,338.8457544131878,41.804053284931065,74.90775773204425
86.97994669319986,339.7284611008736,40.92763180140557,75.71497809995894
77.95202652968356,341.8394011965926,41.361804266499675,74.94597328426858
62.3582391717476,342.1411673297536,40.13119279462749,74.82756858619148
49.19530141922101,342.727384826968,40.02133641186327,75.36295734511965
35.46320849680309,343.9402331082674,39.419936166611215,75.44230762700323
19.20160417280321,342.99689840422843,39.092913643956685,76.73846666673393
7.860501696288459,341.5096270958278,37.37729144854869,78.22565679311019
