1025.5,719.5,94,150
1026.2575596166112,717.3556554262036,90.91345491974033,156.3488891180138
1027.5332968605942,718.110138220297,91.27680550443755,156.0777215207492
1027.2158617877571,717.7537879237499,90.9009447936379,156.34875585807987
1029.8159572810102,717.6979530485775,90.6710242601071,156.48607238622782
1029.3023675919621,718.2586077114831,91.5615332945165,155.70177778032024
1028.6156819675718,716.4145806265899,92.19919521932391,157.50604874893844
1030.4635026051988,716.8149217295784,93.05106167075974,155.5310308256818
1029.9262703938045,715.9570531360981,93.64148565608107,155.37710302621562
1031.5739494550398,715.82562304789,93.6671001729868,154.63450885291027
1033.164201505921,715.5615505621508,94.56258187208796,153.03116122606576
1032.207562869741,714.1655630235465,95.19197870348935,151.81624123719237
1033.0877730334946,712.8376162528114,97.80542484422264,152.3070697713107
1034.719603986105,711.9225466659269,98.73272666096857,151.43347026933728
1035.0523380328161,711.4190043479186,97.51044983510889,152.10420551711684
1035.6542669347054,711.8773018376127,97.99377282516858,149.03218369359553
1036.0520078807876,710.9943361330451,98.78677174772348,149.97240176376425
1038.2248575064616,710.6312301179903,99.62102498106654,148.8260911719164
1039.7469751382962,709.352628394253,98.1179658529804,148.5523098541969
1039.2471541001985,708.1323553969253,98.25793770252665,147.72823461468295
1042.5620795299133,707.1267073453909,98.18490215663172,146.81920900763268
1043.20903652636,704.1711352361197,97.79775445027832,149.57124002917533
1045.0755868197928,703.1766260907049,98.2376895146197,148.4747017299458
1046.316611803971,701.1239268769191,98.14010187313633,150.82124689558324
1048.8176633935673,699.7532404669955,97.23778257286185,150.88499282330451
1049.5073466812778,699.1004352448783,98.46696664626255,149.24517193902128
1050.2211106577965,697.8678418710367,97.3988774278529,149.82945584445463
1052.4302397295355,698.0261259287507,95.70566522334971,145.8360424738726
1053.6013672037914,697.4280849813064,94.9954203722776,144.00621103031443
1055.0094925861727,695.303166398372,93.8955361319793,144.81269640049183
1058.1184162371244,692.7040625334621,93.03098383914728,146.6988719188634
1059.3621772209071,691.7955163080635,92.04845885869952,144.2867931064602
1062.7675000633897,690.0011327248752,88.45462660563986,144.43809193288865
1064.6133420060562,689.2245389388027,87.40359624782404,142.12547957810943
1065.711532223206,687.1203724397435,86.85675910675982,142.95774483846702
1068.1664640832444,685.1212356225863,84.05919919649592,143.01167789936247
1070.0974558191951,684.1319492020311,82.30952686776908,143.70027084242525
1072.1966177404345,684.7071954814726,80.1884245107205,142.38632906762587
1072.9326352189814,683.4044263415202,79.90381316987558,142.41826441930266
1075.307095031385,681.7485317146084,77.57969481662425,139.51715495877787
1075.8321041156962,681.6450617593722,77.24057972421593,140.97589614603706
1078.0655970146047,679.7870387810217,76.3010048800131,142.3626018684983
1078.7000454808951,679.459978881951,76.89460262949126,142.48735175345112
1080.7627209246484,678.6966440017875,75.5842378091974,141.69613726744421
1081.3830438801745,676.4843492528239,75.69158698867888,142.41403698839275
1084.1035865918345,676.4195848434965,74.49541663099015,140.28243210580342
1083.5732926041474,675.5085019158306,74.41993621209775,143.1078842737433
1085.056782665223,675.0811475260749,72.58106331651256,142.20570644189607
1087.4951821530622,673.3679905338471,70.70051799816198,144.74641221835097
1087.8826427207005,673.0912537870048,68.91922182684705,143.8612526439215
1089.262206163642,671.5863508263457,68.78044458788422,144.71094377648458
1088.9307305373284,671.6030278718681,68.5502936006701,142.86324069732257
1089.804393976094,670.4524083885082,68.3319730500624,146.2852146020325
1091.2923966407434,669.7511025708799,66.60369122196735,144.92393722100087
1092.119382348227,669.1942631074684,66.4048366124762,141.31584955880126
1092.8222515008915,668.3143556302227,65.83888370269638,142.54504440594016
1093.5506385021245,666.9947459815629,65.03334890238577,143.00973396861144
1094.3500558028127,666.7184366481783,64.86940926338018,144.7233210288875
1095.4141051192141,666.2069925500898,63.66927483353261,143.39092915967694
1097.1446274268192,664.488548693083,63.39158087052693,142.61754721741488
1097.5556636251313,663.7039742684375,61.57042631008948,142.1457318131629
1099.2777113435336,661.7941379490703,60.66528306248212,144.3905976551784
1099.0361894055657,662.7383996874935,59.83044032377673,142.07086551100076
1100.4389298808908,661.279334756532,57.401503259330646,141.13223931934817
1101.9947285189114,659.8505578470443,56.48318268639866,143.81729366536655
1101.3895825971667,658.9014564181788,55.84431528291027,143.23549764656306
1102.902547847231,657.2885099025256,54.853409841223524,144.87552670098583
1103.7122827000308,656.5603192609814,54.28746482186952,142.82155012251528
1103.7151129002239,655.4213434489349,55.074676556135216,142.8215080853086
1103.1224630249017,655.3013914754217,55.6064003491317,139.1133542403989
1104.2836134561392,653.8752471210892,54.62741010022761,136.160757977858
1103.554302219451,653.3978819936831,53.66264198902674,138.4943506010113
1104.3359530633388,651.7866202726241,52.06047600143934,135.49685220336139
1105.8418721759151,650.0716473095365,50.280177797925305,134.09412086202508
1106.2243069456856,648.6438046503866,50.18351712569383,136.30530941594702
1105.4284643882784,648.6373270967484,50.070918420557774,142.19590157316523
1105.858992930105,647.8464016200314,49.92859085159644,138.8489126632573
1104.4844419694195,647.755443052869,49.992718874380785,136.10679722381695
1105.5024451363631,645.9818550540144,49.02721092749671,138.54961661418326
1104.8177083911896,644.4829879947603,48.85757542856853,139.71284197065384
1104.925443094093,643.6803366076119,49.409622564915836,139.12267733400455
1104.1232866764753,642.5672877222122,48.987706982847726,138.77967344568472
1105.3187709682136,642.3828340729801,48.2273557807022,139.23944472155
1105.027396107689,641.3747546258405,48.638101282904934,136.73743189596775
1104.2639253599402,639.6780145020184,48.885974082995375,140.11805040746478
1104.4661388793788,639.0724736613982,48.509577946632,138.42124282292227
1103.3961234314352,639.3240619289348,48.194778762931854,137.37464221832425
1103.7008578586863,638.7848963000151,48.34022725357775,137.97613377471927
1102.0264672837875,637.0259324579017,48.25046924929463,136.04484967177828
1100.4599795360477,635.2574834870695,48.35772850275832,135.09235376789835
1099.565124334482,634.9984719253354,47.74515766910682,133.86008779352574
1099.9646971036002,633.7001734933692,47.760730736744534,137.38619918445613
1098.2892122630744,633.4878734161417,47.884450009621,136.06876518907706
1097.2274632136853,631.96590317217,47.672828269181586,138.44241133029172
1095.6178273139344,631.1066492394461,47.81566549270943,133.24332932217774
1095.571263379858,630.3616963985017,47.125212581078706,134.567836775567
1095.9311913627262,629.4500090723604,46.54165077726026,132.99223200743484
1093.2325842468613,629.3405008046391,46.67673616141949,132.43269782911656
1092.1405551300925,627.6729787567508,46.202640597975986,129.45161422392408
1091.1496033706062,626.179434944449,46.246258389234995,131.05147346791566
1089.8486385846,625.8885408054466,47.244539856605854,133.613226604042
1089.4678487241767,625.4134474790824,47.742685503043376,138.37600162092136
1087.63625415988,625.4495986167028,47.70313588270224,138.80039469633448
1087.7301310945516,623.4127318803964,47.801569563252116,135.20292791781426
1086.4701338281461,622.9225743149524,47.128802870781975,137.63814555905114
1085.647974178852,622.6430709167839,47.37530720274047,135.3318975526077
1084.5663360586282,621.7580607258154,47.10941302308959,137.29469896496002
1083.0915817409311,620.9871911603207,47.838011236378804,135.45869536658316
1081.693448720418,620.0777076665004,47.768971112929705,137.11719364538655
1081.213468880311,618.9777061287638,47.66419894488544,138.64538832637132
1081.1865100431169,618.3018409405349,47.435362334636736,138.87434623100938
1081.0966154880382,617.830387639815,46.97756738324797,138.24542602576932
1079.0443914459563,617.7108319804046,47.5515025756709,134.17850414829303
1077.3544301401548,617.2402172106912,47.690748403617555,132.04369915548259
1075.8705823515743,617.2812680743701,48.653094576544405,131.7563086443352
1075.0288315671442,616.5707245525098,48.44066385182309,135.06577402533395
1075.2486299499694,615.1120706445242,48.09537452755029,133.3695748783574
1073.745356463557,613.2806370298574,48.95211828488631,132.34054681723194
1073.714912557622,612.6980974863861,49.457307025242116,131.24107858251608
1071.782326797737,612.6004776215049,50.237751752817914,131.19081905319052
1070.8134422469423,611.1882938108861,50.86423499636685,130.8271986809397
1070.721644327228,609.4425406428153,50.42994195085841,128.34129658144224
1069.5710494571647,610.900548444576,51.38714623349949,130.33424405490445
1068.176771745989,608.3047721466381,51.40537030896556,129.18281764529894
1066.9687912565535,606.0475141707851,51.82409075560281,124.97870676824333
1065.3388085006393,607.1960774209799,52.72591321955238,125.56086829731817
1065.8081410609018,607.6877166993429,53.42609228464484,129.75650931420074
1063.1596374636242,604.4359857587067,53.55477957853838,127.34299482399743
1063.7868002481273,603.9950218248897,55.03749049303064,123.17758393573945
1061.7602240419217,605.1527686578577,55.71565426893119,122.64188382650723
1060.6431959681383,603.5609662283543,56.256969844173966,121.63499805083163
1059.2131075498535,603.067787746354,57.25514659748563,119.1898161993609
1057.3347634359404,603.1734016879597,59.16158641104492,117.60593916093565
1057.5757295710064,602.881977304542,60.00149045819089,117.90705325777851
1054.1721584082081,602.2699146607231,61.40248512503088,117.58877490042885
1054.4019383336454,601.301236447344,61.53701969329822,116.35564192158829
1055.416748269046,601.1175009588352,60.737498687513714,114.50305035193159
1053.3038681172104,599.9277378212408,61.024909323647705,114.99074651761029
1052.4386136887188,597.8310598605163,61.601344576637075,114.01094035488303
1052.3598101690286,597.2942298923474,61.544029079209366,112.55992028329398
1052.215359474765,595.364073428867,61.30880994420074,111.67007152512262
1051.0947790351586,596.134118845529,62.98013488622159,113.27019030378716
1050.886986718326,593.7425300212816,62.45605274045261,113.56856944013197
1050.8478438987106,594.1977364973206,61.91550506579817,112.48504470047772
1051.904337338457,592.1564683181332,60.96194057024572,111.52029031556933
1050.4063266543685,592.2216546017819,62.25941063983127,111.1432254795676
1049.902070281564,592.1670953874806,62.85852375830915,113.35628517730348
1050.2068269141103,589.7683502259217,62.59808342518842,114.19673905476355
1050.0613423288764,589.1807481732643,61.451958032883795,110.83073316765962
1049.3388763843975,588.5729607206742,62.07489381472171,110.51209902850053
1049.0190510402956,587.9202204411326,61.73440949334143,111.35196169301241
1050.8947000759827,585.9522568910874,60.629648845618576,111.10811534702069
1049.4880183993841,587.0691288391396,61.4426283260148,111.26299231902271
1049.575018279411,585.1386904200477,61.689452395530765,108.89000519586804
1050.059569222549,584.5649383045079,62.09139729950566,107.67943763495053
1048.3099684300532,584.3967796080036,62.95747561875493,109.95400323033185
1048.2201538165248,583.2607977536871,61.94426187045718,107.2827437318297
1048.2816798966987,585.1650079511934,63.52808890564603,106.37980245958049
1048.1155670793903,583.9382443453684,63.25968650877985,106.71395860946632
1047.324226081925,582.2952630127688,63.650510384605745,105.30015892703378
1047.7752597771594,582.9084928713053,64.5798706381515,104.64206010840023
1045.5000901703297,581.779152531307,64.77890421662457,104.35102627385864
1045.2809902803704,585.3472075615593,67.46841449356056,103.01913615872283
1046.3458425197355,582.4962018516819,67.56230326649988,103.40877878482765
1047.966473312937,581.0905250005076,67.85151373869209,104.31257779982474
1055.0322733918474,579.7703237175976,66.38368088470642,101.41147080868672
1061.700514476958,578.3734544338893,66.07523311554957,97.88045782975624
1073.8621618730783,577.5076345514785,64.86416411862825,97.28080968362765
1087.4006041104399,580.4501888148731,66.78693492267884,98.96291701552083
1097.9923365811703,581.0221519477168,66.25785164514966,102.99741683610532
1110.8051491393646,581.0407595931008,67.48121947822446,100.31449185674006
1119.5894588090853,584.689348559853,69.15865385780258,98.56729411013447
1129.5342039876284,580.8474784655167,69.7350853287972,96.29010825007087
1138.8021926153203,583.5367799003487,69.71414333155715,95.64399370136339
1142.153027633898,584.5931016784355,70.43049461812652,96.00562987897526
1148.392138137475,585.7975621183251,71.57246121376336,94.67804820508346
1152.6728799477025,585.7266620908929,71.21327963813297,97.5096692242029
1152.2086632911441,588.6203613455618,73.40903588986484,94.2727814967204
1156.1917417377938,587.7866218239453,73.15893445407674,93.82886194125764
1157.8363545397692,584.8194192263117,73.00331130892802,95.13702271155293
1157.5098368005588,589.9629681609698,75.14676215091828,90.53862804235055
1164.9556919671365,583.1598524314268,74.72553020559442,92.40470367098801
1170.5588767677104,583.6529607716843,74.74033853686032,90.61436175953594
1185.1640735831559,578.0698292745544,70.69212502316682,92.82763901855071
1199.8143758376382,583.2716180587582,68.71163178319267,89.21208874512735
1226.7331826312472,581.1877723665762,63.545754462173974,92.17464664045787
1241.0842133550273,583.7798643993722,64.7423572258778,92.35148133195435
1268.3987560012786,577.9090099139399,59.11628715093154,94.99208153187598
1285.484967608633,587.2741315313909,58.9500387210989,96.35883059793812
1302.1550963523819,583.8887663649247,60.62289105983608,96.11907821183254
1319.3146420798923,581.3121713696569,56.979058452478114,99.24393720107699
1330.6289827185733,582.7347671737164,56.5613914043001,100.41762390564088
1317.2701805920665,592.860103940799,67.47997543682865,94.98022986576146
1316.6325427309507,605.7202929547655,81.56448448873509,84.70587454829752
1318.9307657966428,596.4228311997417,85.2305488110199,86.34553081872322
1317.5407178448727,600.4249371142457,89.80221169877328,86.91603004725314
1309.7095225393039,585.6461885537133,90.94502597734427,92.16632000442758
1298.7255873252234,583.8640223308832,87.5012671308809,98.07739461429748
1287.4347095041142,578.6020718040147,87.73371755274242,98.00830834438963
1261.0303752550974,571.8027729106485,86.38539603284876,97.78848673850186
1229.056459369349,568.3776706431149,88.66231201415945,95.61186732429766
1198.2646079353167,568.7954932128165,88.64889047758413,94.92278061307796
1147.6426953218959,555.5308991803312,89.50591035335525,95.22999521028088
1097.6582828091525,544.4062603086629,93.08133231228449,95.62825779944984
1021.9258741520864,525.749755788105,88.10830383336084,100.64047374654854
989.1509026463797,524.5725015962796,83.43701215295309,107.62276719625095
940.5297056525977,523.9754425564024,78.69884716610393,112.62932087682896
898.8136213925491,514.9813961377107,76.26511359577694,113.9627000455757
858.0671912387953,518.2753513439458,70.95271803003601,115.91382244099427
810.4768619385804,519.384851311916,66.59341238732827,119.45738751095459
765.5172199492207,519.2907170009398,64.53838010005865,121.85606548620068
730.0708811177549,517.9093176139039,63.33899681746841,123.27737222221955
685.4854072049353,520.3010574962128,60.804913207767385,122.92218414521268
658.1441292593629,518.7668393499263,58.75817961526286,123.02074991766615
630.4419858891576,521.562997957266,58.122788349811174,121.91043495617103
606.657157752446,520.5150644068024,59.3271060767271,121.94032873523753
602.2078592819265,525.6289759910513,64.40840085692841,121.9991968370621
585.2679545687186,526.1714295162011,67.49289081702659,121.56525224771732
566.504925695966,526.7900145726959,67.95713214112907,122.31737871160377
563.8377295840407,530.684027555376,66.58926280404543,126.93311061054447
558.7134555583443,528.2387368940572,66.01121469355178,129.34240786065584
554.6190486987049,531.3789838622467,64.58911986000706,133.0158591083483
554.0216120170479,532.5122146301464,63.58462189716839,136.47211230759558
555.0153615544926,529.0788118180214,62.76564586465997,138.9287254486452
554.5384343607406,530.0027107289252,63.926334541391796,141.198992019075
552.7061305013498,529.822641857342,65.5594423946431,141.94363863988337
557.034349882221,525.2300936028242,67.81640558187256,140.55107815668975
554.2660687201052,528.7524805126002,69.64898979528189,140.16888607559255
554.137768012762,528.9714985934269,73.45900128852645,139.08955346076735
547.1177840039794,534.6321174794806,78.07321437195823,136.49517912343438
547.2940581679456,541.1391757772591,85.25859301968373,132.73839546670735
549.3255262805759,537.8891520372,90.39406145922388,130.76069202286686
532.9099352991636,550.0305134706108,94.46394427192115,126.01208297519878
538.1312896799452,550.0872541185234,99.22411463632142,124.39577927505478
525.7484530059763,567.8276076173904,97.03188699199876,119.55798793611322
526.3170245672183,568.5783279926294,90.93128722459363,114.31294614798
530.8677508425452,575.4409827297692,87.14014248379254,106.28492823511417
531.6772404666757,577.8113456600164,85.8724465629446,100.6971579246281
531.5187747434984,579.3118306657765,84.11745809543802,97.19840906210995
532.5589374827151,581.3666043158788,81.85031951846463,95.57995706553298
532.6313987131958,585.8534047703013,88.33359643233635,92.23834987207988
531.3500281013971,587.3128102292172,90.08914432078451,90.35156431281044
530.0257369644461,590.7353218903427,94.26458109961013,88.44893660661268
529.4793890537532,589.3519083852003,91.80869025522392,90.84490952873489
528.6854741733193,592.2535015538645,93.10387839574796,88.53699103348885
528.3600781744349,595.1760625835365,93.32669083988867,87.34729841507144
527.2408090793327,596.2156172369477,92.52490324880718,87.78542229961113
526.5155241945629,599.1856435163868,94.57404945170244,86.7651611310825
528.6342149537578,597.1194257486461,93.25956126963146,87.09048156317965
527.7990348977465,599.0321232489357,91.82910374763786,87.32184099929327
528.3257324882309,600.0327630220875,91.21238698471709,86.79410629074597
528.9991824582944,602.4978192800545,91.2394070874488,86.73851700786471
529.1980479906788,600.6334396393299,89.18451168997024,90.69367930387152
528.6096523170982,600.2729765401683,88.20229453321679,93.36527620684384
530.955333910554,598.9851648426901,86.98241662524876,96.38234635115836
530.2193854531272,597.3846918521612,86.46571457098122,98.97974490563024
531.8475338465611,598.9373132462006,85.57207431683862,96.47638942596846
531.7961398615307,601.0245592977393,84.96847624461714,96.6980749162197
530.9685353651466,600.3022357531754,84.2306546129769,97.77009169268922
532.9191210394899,600.7845223216675,83.68579598539952,96.37079718667948
533.7446800166973,601.1197561795118,82.49716234950499,96.16617570015492
533.69096680298,604.1472349381633,82.02221791778199,93.78828051348952
532.6798061957492,605.4756907349057,80.0280664302547,92.17372519244476
530.8302882319648,606.9681302895235,78.97813779713809,91.84011088512817
527.9158850329204,607.7056824073561,79.15151951223824,92.10966900182642
526.7969592581143,603.6941335110898,76.95408140100015,93.35022776378571
522.3309746070561,604.5442212072846,74.05638784284352,98.73654787816949
519.6150079095572,598.588764950825,72.14672209591441,99.4544011710226
515.4791422616647,603.4338216676049,72.87854614877011,96.50082153941064
512.5911825078703,605.8544330359445,72.67712238326637,94.91204953043953
511.04001562917256,611.1385611437095,71.25547617879076,93.67543512558673
510.7481524049471,610.5227800259971,69.96154444946144,95.95995289577219
509.42336779500124,607.190955733581,68.63245301587997,102.6330614340304
507.6428859300295,606.8084172053801,69.18613336488107,103.36775273866343
508.9818942690962,603.8755873828414,67.58532002117569,106.8585323467587
510.257251398879,601.904861352276,66.04859594538316,108.12152920208489
510.1350850166942,602.2055762345769,66.4070087526394,107.7343000770289
512.2828916466214,603.0149105875136,65.4411029358217,108.94540123943544
514.2393806231499,603.347304770368,64.34973338757686,110.35369853816722
517.204243785771,602.0040414766306,62.56834156786028,111.84816182619156
514.7803501063765,605.4804584111033,64.49447145613345,108.66563686102558
517.0525943103272,605.8508873114389,63.052344593757404,108.53684160960405
519.70394835085,605.7125324542712,61.640217934136004,108.21792478569476
523.2734366118178,606.588222524948,59.231967842437356,109.61689869678371
523.5234008956362,606.5741952484948,59.78670177607709,105.78033813664568
525.9233726589116,608.2076251666214,59.88075403465721,107.83333764407105
527.6743187847595,609.4437855233051,58.738246074799,107.92865653777068
529.362749311374,610.3799083039405,58.30271144382489,109.22945120094558
528.9920487440729,610.6216958433506,57.11265192803482,111.72418561002274
529.3056783556992,611.3619885368898,57.2824932551681,108.68272966994333
529.4070413443703,612.4812396055457,56.69622593572403,105.35673660678437
527.1341088253319,615.4137368095887,53.03590849080615,110.69665707448867
526.9288276469267,614.2973386700276,52.86246345939793,111.51837206181187
523.5370966038793,616.853892000436,52.801993296616004,117.21082870241355
524.8872762327919,616.2455614880304,52.53417207295263,112.28538233599923
524.9823156114977,618.0243557241062,51.83852053222556,112.75443020021643
526.2129220755796,618.0600564351521,52.376556058741095,104.63141135452412
527.5176679166974,621.7538525116126,51.15067912237337,104.878488674923
530.0657001634972,621.6439284551655,49.332646059148175,106.09656938748928
533.0537969110593,622.0199351993722,48.25146784664008,109.38401690906176
535.9163780363507,621.3041709983466,47.280677835385546,110.77789271192572
539.4272561066568,624.5362585999536,46.11690222613537,114.22029684804427
542.6032038948314,624.415784924908,46.25322850477211,114.11760811161412
547.602651274136,624.9641053200505,45.44680367152956,116.33633790669137
550.0255760091611,625.7815089457322,45.582695028394824,113.60679428685553
552.6771420291876,626.9833081305983,45.22625531161209,111.88622217515989
557.7167926946066,628.6826590156687,43.97967178418425,115.39885162303175
560.7131980242519,629.017265925277,44.598950706772584,117.69575589692415
564.5668132298829,629.5415279508047,44.523076783169685,120.77813195794394
568.7008625117357,630.0861412526049,44.62496885072332,123.06619358470962
572.2513474700484,631.3456605685133,45.13728116005901,124.00275017384365
577.4202399661635,630.1971589374435,45.471556092303544,125.94449485952876
580.8825195649456,632.159112323611,45.52329497611631,129.00277701448022
582.3759678613733,633.1636072936716,46.6054967173867,132.07302238837545
586.2407615454132,633.1109800129763,46.75297394080326,134.51976668563
586.5484506556618,635.8982849545522,47.16490881746463,134.96743175558373
587.412529701776,637.4990298950869,48.03396742881187,137.65560977750403
589.0281654174918,638.0549222587335,48.68744569041156,139.30398360826646
589.5890211554989,638.7185048144547,49.68538255161452,138.6680524904893
591.2252468686017,639.5771205592823,50.050947286955356,140.09609900491694
592.514888561645,639.9118226862682,51.44263500681396,144.43254382667192
595.4423596380993,641.7504642750349,53.19539734015673,141.59340458294065
599.1701297548492,642.6017030101391,53.48212680962943,142.1434707471201
602.1076569325269,643.95100072111,55.223310823204876,138.9747878146698
606.3464203341721,646.1633989822903,55.53035215405957,140.43785127036188
609.1628266698452,646.2923776379383,56.781800154371446,142.79225708508199
614.5606663123967,647.9183277521322,59.173339333673674,138.07290966727274
620.2018469635136,649.3321262970926,59.55849358525092,138.70872421736047
623.692749335547,649.9204176828109,62.182843657922994,132.76643462420998
630.0037424357597,651.0838344975317,61.42695323841883,129.2920635068904
637.2806119848401,651.9005469498138,62.587922996007,129.75334120780354
641.2006614406646,653.473689885772,62.18083935446839,123.81488124543114
649.863897191894,652.1893493637257,61.80159308940774,127.15879770010316
654.669884267487,653.9381070559161,62.29074214486891,126.3994354222196
660.0833815224545,654.7013981420349,63.08142753412518,123.96407946392864
664.1128188179805,655.8995424322761,67.27692241804262,127.02120016115086
671.4031204525775,657.5371452518069,66.37499842557565,128.23658019283906
674.8624594809147,658.2142775528304,66.9122628343347,128.31203689466219
680.2115171697211,657.1575775613097,66.4537025904631,134.49095583310918
683.6395573260396,659.1280906831033,67.8745794051735,132.51550621469792
686.8157717694495,660.3081005850233,69.14671476621194,131.36804595565215
691.449239387756,660.7025781849327,69.35120784764317,135.91491128398548
695.2558089719613,661.0499958528285,70.38940689418696,137.80568705395925
699.6774581801471,662.4183981569511,70.88555228376039,141.82401625578632
701.4073347043714,662.5052776466491,73.03521106025858,143.3293545503592
704.7417087855748,662.9374210534677,74.94884327050376,143.27192915049093
706.2193005786701,663.4712978623654,77.44493172179754,145.76117098271646
707.9189773786705,665.5789073563693,79.53869283517143,147.01316775921683
710.0156395183884,666.4762466167464,80.70357685432268,145.46544570040396
711.7620631097876,667.5368322912634,82.33694959402368,147.1943230952312
715.2227872308166,668.0469764529314,81.83177592864008,148.5180106980639
718.7720348660504,669.4778894802465,81.6137993555995,152.21966524876197
719.6940505026777,670.6585134788,83.80020813798878,150.05408896056406
721.6621337316246,670.1742191170432,83.39698267644457,149.65200074009707
726.2153981026582,670.8496581747156,83.64206890817144,150.92355733282614
727.9260520066542,672.3442797983486,85.37213285594099,150.45253007252472
731.2313602353483,673.4883336004017,86.0504753871896,150.18313526116233
735.0156135264892,672.3770501305071,85.88662318706677,151.24665437810947
736.3593101143276,673.3814582703029,86.64690644878014,151.07829578103056
742.3000321791924,674.2247951069044,83.36747804025889,151.6457983651688
744.4951532023711,673.7710935301966,84.10830714577055,149.87693473030834
747.2226377561285,676.1682858723069,86.16263977072575,150.4497188076655
748.217738865196,676.7713933116357,86.52466807151603,150.20319623681465
753.3186240029843,678.1947967326142,83.11209842294522,147.52058901730985
757.0806197195052,677.7610097442652,82.65574121872513,149.07740620272034
759.4537017172256,678.0051754466884,84.08849043014443,148.98809657203387
762.1359142685842,678.9333214930138,87.91132005454494,149.02632709356337
765.7703043347459,678.8060731983429,88.15365074517825,147.0677320584412
768.1551289125437,679.7747981512897,93.01381504297697,150.3034556800447
772.7818748505913,679.3285308458612,94.39009534378833,149.89038906270116
774.9490004724387,682.7058677547187,100.00215185007768,152.14524964894613
780.2539984961072,677.8485214682327,101.48985745618559,156.86195120040043
781.8481543500037,677.7803316108068,101.50085347265095,155.74476001976424
783.8326022992121,679.725123809093,106.61548197172502,155.09431950086324
789.5889420893199,678.591716860583,103.34919467825678,150.80347170655708
793.8961983285343,681.8120120826276,104.53924137916695,151.79445232443777
796.8198347790141,689.3047303291073,108.49366992585394,147.62708581133157
801.1092872044651,687.6321417708093,103.60008795878537,147.32694228958474
806.5411470872135,683.3024163460527,98.240458467602,150.72145378705792
809.574664632906,686.2182692788888,100.36591804369377,149.39347718628852
812.898378383961,685.386291370016,98.01801336950328,147.71587649666813
810.5419872883784,679.3338319747799,92.44217201234463,144.81506391734976
811.0114578150593,681.701916836397,92.03395657670512,142.44598852936556
807.3266810936716,683.804922768771,90.55194768629468,141.42223719685688
808.3473050757212,701.1813592686359,99.70438284580159,130.44081576620079
807.6159848635242,717.7482859720678,112.56232284815528,116.3025701444285
798.0571231017186,716.0768896914855,116.84059123941833,110.47141603141114
793.2587454341381,712.4916257925263,113.74396301047882,110.68629883884716
798.7505223402557,723.1208708319497,121.99773438222664,104.31343415063353
796.3428928834462,721.2224379314023,121.47927952139568,104.03950491826029
799.2673587234983,717.851330892471,120.67380307432988,103.73182755955253
803.5857261432554,723.9019020811238,128.3659226147331,99.6139701407748
806.5261857803685,719.9156488614826,129.55527791406408,100.83856442291045
807.8873559336075,724.1560153373754,134.02082198696633,98.84423192145184
813.0397479703722,727.2373699822164,135.53066353921292,98.78145952449285
815.2134488613855,713.3318502243375,129.9957364610616,104.63336005756213
828.2135800993522,718.0405518523761,128.4952865668041,106.90195066404198
834.4972853876769,712.3085713228966,124.43519686805737,108.98693761053673
835.2834056569403,707.8844637900551,120.02815237573041,112.7042360734421
851.9096816589774,703.3704489001085,118.68407188929125,117.50965371380636
857.1209374996731,698.0228708047136,113.48815411001058,124.9864847000591
864.0907541893175,692.0848487122831,107.51356152128872,129.38564477524787
876.5420913263932,680.9563864895499,100.90039030084179,139.84510505246408
879.0643097170935,701.8296221019357,110.96384070527728,130.56415223720148
887.7467806755818,690.9679992475678,106.40978010720795,136.91646571096743
897.5691326995502,695.6239944101768,108.87145710269768,133.95901747300016
902.2757169238678,697.3601977599803,109.83161384756102,130.85516001346437
912.5163782170725,699.0339114422768,108.00767234352867,131.03983312775154
919.6727021247975,694.0165433665904,103.58475708997095,134.1216702403977
924.2558828535338,693.3609332956846,103.95269406839687,136.90423827528176
934.1929698030764,688.9545996404752,98.357850960826,139.56781131545972
938.6878019772502,686.2931542603966,96.38249179965898,142.50095389943277
943.220933476713,685.6256889446639,99.3386872095845,143.0273864047212
952.2167270884011,686.2329634510153,102.84446512086845,140.2655471530905
956.9021038489096,684.3363073422174,97.565157963024,141.6248418295708
961.8909529911008,682.4155323333974,91.2118168166767,137.1331655012409
969.6830895712976,679.2551460514162,83.30004280632804,137.53415767264
981.5171421672644,679.0347364561486,83.84134376429793,135.7215649198003
986.4772380417213,678.4641991181775,82.85921010609783,133.38060606123884
995.1434402840869,676.8398424909974,83.7106298730324,135.09149298363457
1002.8385311174699,676.4893278965604,85.06782250824985,137.4127486282761
1010.4858015945144,676.3834489212097,82.06322087174658,134.89196667577914
1014.6479405397417,677.712758333965,88.2603578174043,134.43434722374838
1016.2324519702266,681.8694173553044,99.10622521851259,133.34891263564396
1021.0012493678479,681.8086566445382,103.63262446716203,134.8217712712771
1022.7148596587099,682.2198023140268,103.47820511196551,135.50582086182146
1026.1250478091386,685.183928332501,108.15063059883497,137.04314393771398
1030.5121217563938,686.0164720447018,110.82516899493962,136.6067815888036
1038.2914572930863,684.9045217504236,106.48911457894509,139.09552943175635
1043.0228302237397,686.1159726061895,101.76910607835993,138.95558755369566
1045.9734692795928,687.9256622419902,102.42602484828402,136.63367756198357
1050.0469467501766,690.5098362807636,101.9399355213125,139.15944217533414
1055.3470877085047,691.3471558542282,101.60413828258265,136.14393677438966
1059.5095883858185,691.329106945802,100.52770150240426,136.47547051607393
1062.8950757564774,693.6020077547015,103.63905606169315,138.06060736675963
1065.6329124588915,695.3188190639127,102.03203840671638,138.2323105759303
1071.31687078802,697.0712744239976,101.03630613929778,133.33423757052205
1075.5422876233176,696.9327285881438,98.16513400003443,137.36222976974534
1077.0011909727805,699.4677347088931,98.93449697803527,134.4666622595273
1081.0151962859122,701.3132708712859,96.52632565895739,132.89635760920925
1085.5914545869782,701.4625625675119,94.04650286539945,131.37849577784635
1088.122654256605,703.077144896133,94.13290401042974,133.83681126710388
1091.686699360426,705.8318981720861,94.14159433222956,130.10511320810315
1095.4934851722098,706.3801989325356,90.8392196289384,133.66384165012965
1100.966230194418,706.1444266202515,90.3662016380286,135.6531844900907
1103.646825661324,709.8482092328134,87.53082095213276,128.92194893418983
1107.9597080899896,709.4994881190323,86.4340731709177,130.74285729494346
1110.1240150495134,710.3721454886789,84.66237722875026,131.53683556622155
1113.9924030443515,711.3058911600901,83.98442085682153,131.5774431829777
1117.4848606432138,713.6891590918251,84.69626982073524,130.37574242361137
1120.1284036604345,713.8510229617889,81.99019296849215,133.6404346553858
1123.7707821788094,714.8385686992403,79.32803834106153,133.95365936771694
1127.8676390270305,716.5623760101397,77.00470739020096,131.13330952078095
1130.6530606951028,717.7212826477665,76.21545159550737,127.0114213627997
1133.8598916127366,717.0825251375742,73.6401897565057,128.34746606444682
1138.3900208181565,717.6412759296687,70.06897169101182,126.39519975276161
1141.56994119362,717.2405845451242,69.5323103091454,128.51620914199123
1144.0591141223338,718.27462061237,68.3191878244613,126.97781667631341
1147.2455585276589,716.4406122046507,64.57514418819424,124.6742465053758
1150.8372894247254,713.5242785478997,63.57311918817735,125.38990702042035
1153.0607902789268,712.4680709226097,63.34008577798845,130.0499541143123
1156.1604124911128,710.9664481523695,61.84193106414912,131.82569003614185
1159.2806607787657,710.8423113132341,60.1638003299964,128.46861368878095
1163.6098958857663,708.8325548777972,58.32705831863953,128.5341154378794
1164.2752497667025,708.3843633274691,58.38801719829616,131.95995555625012
1168.3105449141167,706.2313638852926,55.477824743070784,129.28916535876078
1170.9295660687417,704.8791718724846,53.53709585213345,134.76747644035035
1174.2466523100527,703.3921955636256,52.555213099132985,127.68194782060752
1176.579945788941,702.4956112519383,51.1269670212038,131.0840994924694
1179.6520302779397,701.5396628253637,50.02422387705289,130.34289733243693
1181.8095002343941,700.1331826342896,48.95131631338219,130.54179170129427
1184.0007939999364,699.5685187759361,50.925440618167855,128.24145359040006
1186.8423521976379,698.6282150859557,48.79982950874923,126.90451953103477
1189.4558375146291,696.9700277321652,48.37499849063136,119.73417204286915
1189.049921734694,696.3347746801096,47.59700064305789,116.52285802093392
1191.0202570543063,694.847180344987,45.43792377845552,114.91092614302272
1190.6802651215303,693.7009755417378,44.860161441885495,114.30525257106783
1188.969807620279,692.1566535996928,44.306832263402654,116.59859061367368
1185.576468818912,690.7546627648983,44.6019505817992,117.77603135421447
1182.1497631852126,688.7068346034707,44.74349967932164,114.751054385955
1178.840873104176,686.9152192565314,44.59402502431305,112.89176081603443
1177.1315046818174,686.2008396572113,44.20452915602155,111.44013538532353
1175.1071584048068,685.1137199246643,43.13856987961312,108.00268984238313
1174.2240937273014,683.9698373626574,43.023260641946266,104.93392913983317
1173.5606110487506,683.1745534734061,42.192541297736526,101.68153461324935
1174.3744518616757,681.9509405716606,41.50576944299899,99.86682598986783
1174.522996379338,680.7832513979286,40.608514547131506,100.42080504798776
1174.2773390837283,680.4046215948163,40.09541716804667,102.96946963413765
1176.9445714151252,678.4802879738614,38.8085789975177,105.9367923583462
1177.7149096903042,677.4287888098813,39.33052682503087,108.68730830029013
1179.2603492445712,676.5834334730092,40.248922937461,105.96545022150859
1180.817475269958,675.2893868252579,40.27456009513705,104.30539971470054
1182.2965855316218,674.7280296100079,41.968192041952406,106.6339697507496
1184.107235839899,672.78525081176,41.36733088942117,103.18523613496254
1185.9155414497654,672.3348778295125,40.89791519076982,106.96665851304166
1189.071585070497,671.2916179329046,41.175128967031426,106.0200732773154
1192.2191257694506,669.8973779049311,40.398295762177305,102.51965622282208
1193.95064349176,669.9047652657501,41.46813137285141,102.07305458757027
1195.0295294892528,668.3064904755205,40.670941087555676,103.62694164638313
1197.1210593271776,666.5982557434359,39.979678969378085,106.55971500862827
1198.0046220933827,666.502554906495,40.351778706501065,111.15811988936416
1200.435806609812,665.17362653854,42.093618920392274,110.32525006475183
1202.6215466515014,663.1752613460435,41.72046306760235,106.74873562067819
1204.6538306106072,662.397203853728,42.377337176075265,105.54259243460756
1205.688894749638,662.7272081300722,41.77480957090272,108.2058274417605
1207.680904259737,661.7077747451136,41.19350141255642,108.37533784501946
1209.8937921639263,659.9646821409141,40.50703509998446,108.94469647110506
1212.662497697169,658.2597135271499,40.15408020709492,107.62448673406848
1213.2437054242102,657.0430413274739,40.712864930345134,105.3252469535754
1215.549257891325,655.7405856832479,40.563462885392696,103.74300878498735
1217.9562612748434,655.1488538917331,41.47061215485953,103.63589630439125
1218.5633504698817,654.339853989017,42.444534061236645,98.84963916678632
1220.0192699935753,653.7072175002161,42.25057150774246,98.44904067676266
1220.5067420188561,653.8460884360604,42.61515528334081,99.89786207204499
1223.4822413971249,651.6845297717585,41.67035790140598,103.02969023565774
1224.149915578332,649.851258755243,41.97299189977791,102.79901413114837
1226.3891653730814,648.4152444845129,42.967305979981305,99.84420837614277
1228.2390522074238,648.6766327167787,43.40074885688098,100.39156376245774
1230.1472368884345,646.5206091670839,43.212830854521556,97.13656285517486
1231.481658699328,645.0298983282074,43.07857679797279,92.05457813634493
1235.2750730295732,643.8879050163625,41.039734701807525,92.87879876913856
1236.3093450619738,642.5879440860186,40.72916332018382,87.93316423136153
1241.3581397322214,641.532474499414,38.87596660232743,91.3113215576609
1241.6846952723106,640.1229650280612,39.704637033168765,87.48067092413304
1242.5749565982776,640.016592000749,40.18922051025136,83.9095398209517
1242.3977964858861,638.3322863198509,41.379828697960065,81.99725635193704
1240.202111957807,637.0189156356571,44.044806071674365,79.17302002269298
1240.4402593292155,636.264321508991,44.57661788744323,79.8626553135851
1239.9213497123199,636.26723384707,46.300299160190896,80.90287134994611
1238.2956404839858,633.2996476683188,47.98111989514487,81.16950628024966
1237.8774639459791,634.3324436162303,48.96904262432817,84.62176071143072
1237.016871883597,631.243577184032,49.90406915289121,87.44574026764573
1235.9594724825029,631.2540433760157,50.88500792753476,89.37306581855097
1233.279626955201,629.746357163084,52.320978850810306,87.77752750993807
1229.9494636097954,628.2845664489112,53.886565539075754,85.91160693528292
1228.3010208517605,628.3005712412341,55.20010431706689,85.30023721261107
1226.8757544139105,629.6300075582129,55.82260927353563,88.10777404327501
1222.80047021695,626.1467296635388,56.73358803048256,87.8814007460685
1222.1928182464728,625.0043343853148,56.64375693374016,87.71766767984244
1218.3630139572854,626.0350284945833,58.512215568581894,84.77070614300371
1220.416515288909,623.7960594464558,55.812733408316745,86.72022957984426
1213.5038670077852,622.9966500654206,57.98737739225389,87.1608569857461
1210.9103934525665,622.4308860971496,59.77888812221442,88.23707868580846
1208.5457938537725,621.4750529398747,59.79096510793775,84.92260431899368
1204.318994709544,623.5065936306169,60.98334495687566,83.52619055472742
1202.425736427486,624.6542170659743,61.515259559887745,82.44855494622058
1200.1136291995501,622.5491233906524,60.817296744159286,84.49126065510018
1194.6451158502468,626.2013058361595,64.32523578552312,82.85189010619112
1194.7237349117554,619.9017828925461,62.748350886251686,86.90380382665597
1190.168584416794,622.9523529180285,64.84768015842465,87.17862991597488
1186.9521600144046,620.0877137182619,65.41858124780498,84.79097612629349
1186.5314979148645,618.069086435261,64.43981851308885,85.92928198144645
1182.0166712541202,619.4401653552123,64.83748464875295,84.618129645662
1180.9268954623442,612.1202526595468,64.35994503598579,86.345638358811
1178.0828321148624,613.4317588828322,64.08900172414299,83.83945687812866
1177.6182578692985,613.0459906261741,62.881315954586,84.60021133037665
1172.72258534649,615.7118372571268,64.47106754933648,82.0342759307177
1170.6170204838163,614.0130170029988,65.50294336412206,82.24479965529352
1168.0421611094662,612.4264686376738,64.86159023815547,83.91942824237888
1165.5444269886568,604.9704266456034,65.48137332147107,83.73321459823298
1165.3933939277852,604.3790171325102,63.35447636673076,85.06353605196524
1162.7435978193669,601.0006243990314,63.36651427691062,85.76757263820964
1159.7624619569735,601.9067928736296,63.10847822924568,82.90084486043153
1157.7526698804895,601.9834881333636,62.48992738251361,82.08164631427817
1154.272764763339,599.8102585247425,62.71456013091856,81.62308272760178
1151.3176600997524,600.805373896393,61.99702493457086,80.40923284421964
1148.5554805202482,603.5830057911647,62.74164196160489,78.64897936194386
1145.9426898815225,597.2988871620299,62.690610946801286,80.39943178467055
1143.1611367385217,598.3556005692274,63.22516115608761,79.89700604207243
1139.5587446555219,598.4374421009173,62.95687436303921,78.15350258409708
1137.5959335001512,596.3567178544048,62.32075570676531,79.50882303010809
1134.725048421917,595.1732173786334,63.162318316138105,79.482924342234
1130.4690224738847,598.8526396197258,64.85395463369852,77.22219873407866
1126.8309250014115,592.5454171056324,64.77518163753665,78.25538412097777
1126.2954102062047,593.5726912131138,64.02843258411276,76.88095100750101
1123.673753945345,592.0001087274965,63.58666875988145,77.85862821995865
1120.2468700013803,591.5010672169603,63.637154970784806,76.44288486294437
1116.055706464175,593.5346194573865,64.70295247896546,73.78305700476417
1116.526492483205,592.8364649800424,63.61524133800191,74.0676178581894
1112.8300462514096,590.1290907532496,63.66480924152581,73.88756039916086
1107.530881775889,591.4915484846238,64.61501660347967,71.46452665076411
1105.0349841731172,591.4691690673754,65.51172623187142,71.23778701531707
1103.1312184473586,586.2129106440453,65.30124020930057,72.86652229274361
1099.2507848666612,590.2872241217876,66.19119996149175,70.61210491187134
1097.3945994161347,587.4259718486525,65.92872505207916,69.3361707842812
1092.2093194669455,592.9177088109603,66.36839914273578,66.08628619099503
1091.136788024052,586.9352492064035,65.2425513360526,67.83323542558824
1086.0281678660533,588.0440341329294,66.37066745315255,66.93046877812544
1083.649010738939,589.5272604735711,66.42295253408776,65.53782689364743
1081.2812162709406,590.0300545429939,65.72855895448596,65.1296488451666
1077.7457101199707,586.3318123788381,66.24546563740219,65.3513974795966
1082.7760047730007,577.164043827003,62.057766112096914,70.74658642586633
1075.8196170574442,578.7143080604563,63.35615343081308,70.75535147360515
1074.4939251534843,574.1189386296859,62.19620118363787,73.38344190008573
1072.0549223673365,574.4962183166809,60.92868444860855,73.57616349411138
1068.9608160619514,574.5632956263022,61.35973788753696,73.5372099210559
1063.3604165011138,577.8430127689213,63.33750679262441,71.39217454946082
1067.0821871647363,570.2966542028508,58.49927060539413,76.48744833161207
1067.5771082867318,568.7063495795213,55.523267065561996,79.11567352885193
1064.859301916677,568.8434726146262,53.79032489465835,81.25129353123003
1064.3024175413761,567.9605050568532,52.18182792731316,82.12216797103969
1053.3464158786346,581.1390310680997,57.340880900574966,76.34616702535783
1051.7828765125935,586.2180265022464,58.94498083943975,72.43571709484777
1047.8336959013006,590.218792741604,58.53007273090616,71.31766720126362
1045.0586564604318,590.7798069826324,59.00374755976211,71.33672520714936
1041.7192592788351,597.0445836565221,59.64302239486179,68.312576267337
1036.5010399771672,606.8198359091903,61.58043795644012,63.99516196953041
1030.5821039692312,614.2244613057175,64.52557712368515,60.172713093951344
1026.9739598625274,614.3621055513443,65.34533203122393,57.63589799006534
1020.8356620043924,621.6940749225239,68.23437006530467,56.09929798444804
1023.1497214390541,624.5622672135191,64.19012926778879,57.68680100883883
1019.6946511948017,626.9878151923981,64.41080525116479,57.140938582261896
1019.1620114638791,629.4739273303863,61.24077051647218,59.11748912437042
1020.734127191677,634.1640584042339,57.3427125481132,59.5542335481724
1018.5086261438913,638.5241779517022,55.35713492794119,59.729379908237746
1014.4913959398929,635.0787242615992,54.80999807570356,60.769051671872376
1005.0576397521763,607.7320202631063,55.06346795554045,63.00528406366548
1013.1463545143947,644.4827505656683,53.05414002612214,63.48453797956617
1015.8061990630385,646.5016699838316,51.0192207536569,64.56829993220121
1017.588738643063,650.7258656610886,48.967674462867464,64.88403882122083
1016.9695677425744,649.5964335079831,47.73930449085055,64.45175379134659
1015.8051446082133,654.17625489552,47.32293616343961,63.30950409200714
1017.8215424369129,654.1769914268276,47.285746870785914,63.04027882099647
1019.925297380645,658.7356036602787,46.926582866323926,62.72205524846751
980.634417096768,615.7981857604227,49.6099297027004,60.53999873035325
977.0330122363365,618.5650979764215,50.05581590671049,59.8786223713207
975.2465483906727,611.8639443192441,49.6211772412616,60.624692352438245
969.5342933717367,601.242855311701,48.5895870767162,63.20639226119508
968.0741444929057,609.3102468779268,48.017789252215685,63.98394801302038
967.9868348265746,609.4978717889003,47.58831988975882,64.36010611324839
966.3544044936319,610.7453332810455,46.86004996039807,65.13038264929985
965.9585694982428,617.894037086866,47.55882821137579,64.04030496759482
962.7294354739637,621.697185233835,48.15902070680984,61.93616032263269
959.1929294771379,613.760534942151,47.72443445373611,63.21727622458605
958.4293544523423,623.9960620857745,47.89975164209185,60.931491458893575
953.8665712746322,627.2278036053872,49.25683683606941,58.75061294560026
947.7892965972367,627.029715014315,51.0096924487719,56.7449495025774
940.4163246204859,615.3946088831783,51.66240059383808,58.1975351900892
932.4230004597343,621.7966928647816,54.978173737443704,57.66927202351122
922.6057244990401,626.1428819150516,58.65834327889051,57.0956410266393
913.6041717683097,618.5006191653442,58.10341608144512,59.937268585492696
915.2607142933078,614.2963914497213,55.880370964442136,65.2054361301536
910.7629270148489,610.272824365049,54.00026970052292,68.10241251495452
908.1539400335564,610.764737252002,50.65182812468205,70.95877967980141
897.9790705012396,611.4927686409718,52.75143435832987,70.72126414394134
893.7266991484687,612.928265445628,53.24160214024844,70.84068085192074
890.5173978313476,611.3006492041173,53.90602251515809,70.75975453345308
885.8493355018398,612.3452626294187,56.46415203492275,70.77801635051668
881.3844017444017,613.6393531667649,57.628796356035615,70.96358990974478
879.2297626404891,613.1130433349194,57.74515040152649,71.67514424375008
872.6370312143093,616.4622344491834,59.81797848884257,71.36079723314117
871.760312977834,615.2147696130473,59.25962645040817,72.55384142499015
867.5874057439695,616.5266488462288,61.511744556391335,72.80541787367329
863.3581407741884,617.0683501277642,64.21313912907704,72.2783058794064
858.871799792254,618.1425379445012,66.20613283960417,72.28275000792127
855.0042576351926,620.0381134545921,66.21614051040576,70.08821987833065
852.3786800793397,620.489825650749,65.932414470898,69.47920227231417
850.2512961420439,621.8734666150428,68.03556019808042,69.41691587640884
847.317294075787,624.5231311701618,70.73729921337319,68.65270772505637
841.4107218196649,625.6926221986189,73.10237289155076,67.51359892021594
838.7105874184224,628.6859912226963,75.50011799305521,66.39252109536727
834.0961244596292,630.098532643193,75.93255088070768,64.6445239455793
830.7442767598349,631.9512365380593,76.91852921406354,62.83448673416086
826.705808166472,633.5155378638193,75.6609357385609,62.2366467558976
823.3698213388485,631.3232925575435,76.82663680035893,63.095818309801274
819.9591739162797,632.6034209358407,77.71792820478944,64.0405497688696
816.4511963382747,632.0533696505453,76.55645738076933,64.480499752276
812.8812309691523,634.5090589182928,77.0877401744577,63.54467861793393
809.3137802313782,635.6297011281556,76.84035448449681,62.73716692016153
806.1896272270757,632.8757638473286,76.35654410107571,64.40621185890382
801.2856607557823,634.5058067451309,76.9671803998107,64.55231350396005
798.9245140776158,636.908427076444,77.38476520335304,62.7128220371984
795.4257090393808,635.6990156029959,76.36371684586337,63.926423362055075
790.5428366733285,637.2421148916651,77.12895483429647,63.86938485170555
785.9120919988311,636.22837410449,78.45369409380226,63.87984508433944
781.8803916117955,636.7864685135595,79.12532862053766,64.66922868614996
779.9699796373446,635.936622698949,79.11989643135112,65.26214263491728
777.0962341163963,637.8777898022923,78.08110879612616,62.97178992506707
772.8435059972693,638.0209033233074,78.27092275597619,64.17418079073173
770.0772558192544,637.1401896987423,78.56733968930735,64.29001039190085
766.3448238629285,637.9001339442242,76.30080152396215,63.62609347313118
762.8039896208466,640.3397843119046,77.1310291699342,63.49292242837837
760.4292339601728,640.9604471246233,76.23221352185782,63.817624891887405
758.5537402135614,641.1504394126866,73.74271735929801,62.88757390511829
754.5652782949843,640.7086142201455,74.27654224124588,62.59013205539523
751.34299941005,641.5810407202209,73.04664508783453,63.21893698919229
747.8329292410634,641.1863143469495,74.37763456199741,63.293423961352005
744.0027711293608,638.625584439943,74.37489482835421,65.70791697790706
741.6248910179253,636.8317660349876,73.46149966552215,66.51734654731739
737.3580133023121,634.3123055508838,72.46720822371734,66.73827225939998
735.3994156100022,638.956007925695,72.26682855142371,64.96328436535228
732.8426344925201,634.9930758549508,72.65243685169101,66.44987284316797
728.6781481366688,633.9110621515795,71.48074942628593,66.97860491650923
726.3584762064376,636.6865769437304,72.18284497039971,65.8203128990752
723.0570252920968,633.8646801926914,71.21683047652469,67.02091287080151
719.8418341188553,635.2430929462884,71.32884206367851,66.83626063492152
716.0576415146554,632.4361922080885,70.00936909962456,66.34153234565177
712.9062689218966,636.6787720537255,69.83909011860243,63.75858331568071
711.3781221113875,634.2423972524252,70.29141974813353,64.7196159103118
706.451012882665,631.2100269906284,70.86263712052062,66.52814931090887
704.2473405852462,630.1769551233748,70.79528243835219,65.40202253732569
700.87444929993,628.4332283349388,70.26746119664719,65.25138171916021
696.7895280898541,626.7768289849041,70.62192028315627,64.98497694519145
693.797381722402,625.9052154868482,70.19511584031935,65.4822523821569
691.2839920984094,622.844098699914,70.42194290290723,67.86344874065975
688.9838341132784,621.2660182750752,70.5444217804359,68.55558387561804
685.789241878427,620.9007943511417,69.46571809789675,69.73294811384153
682.5195772940972,616.1592205113573,67.92490423536181,72.29408999769431
681.1180230370653,619.7412679987607,66.84266984961774,70.8179675845594
678.6324913285985,617.00969945511,64.51906823818206,75.03064784094468
675.1748054206071,612.9547439747529,65.15860931456785,75.90217381458416
673.0352954159572,615.0588794699884,65.49620785523162,76.46060499405041
670.1326109684344,615.9694744411597,64.11210433427779,76.49067875135482
668.078390097478,617.6128468905453,63.940135530173535,77.43618656282567
665.6170702723148,613.5384774480087,62.15369729822891,79.21028907710235
663.0834947402043,615.3492463514071,62.46854778570994,79.93460065358852
661.0459718379449,615.982238733446,61.20809749309064,80.02881821804775
657.312515710265,618.0014883412923,61.139894032335654,78.80614007313432
655.8406265743627,615.886784452974,59.44034298180918,78.1915800637882
654.7109800054664,615.6538973423025,57.08758263743881,82.1111068581528
651.6890014948016,615.4454316972387,56.743192750851996,80.7431435573593
648.8780667550034,614.5837988405701,56.21296743113807,81.01842631810324
646.9974580088835,615.366674985568,54.26247465712888,85.53533780133054
644.3338139736878,616.1573696653576,54.9987298090482,85.9812067716132
644.1554667952996,613.3458626043965,52.95520848432002,84.1620463113856
643.6262061720569,613.648640982559,51.080894548738236,86.07273089975112
642.4263832698305,612.6958462069751,49.46457027445136,87.09599238944172
641.4394306542503,614.9193761159542,48.81406347213592,86.59952240519058
639.4445359341823,613.409282805229,47.849923014370475,84.37579347954926
638.5637366352772,614.0899458935396,47.09268275603493,83.3524733391445
637.738264232628,615.2908399483546,45.197731681933575,80.09294669188198
636.7601601083632,615.7619546377003,44.223285801659244,79.63946463507028
636.0424532823155,616.8902832424367,43.64038679398168,78.59336788092892
635.1115976525589,617.9860985797159,43.0473520809908,75.62120873770387
634.6253491464485,620.7518520204367,41.16677012428325,79.47169421115171
634.4548293965205,622.2580427298392,39.656954347267984,82.26467241696352
632.976129159174,621.8662065968514,39.27775044845032,83.97531404867927
631.3535702613874,622.4780908178158,38.670619390564106,87.37691073916264
630.3997812272808,623.9272725222642,38.3363933743018,87.51936097473843
628.3943277337394,623.7292699633839,39.32348037512604,86.3496979154952
628.7355046050542,625.0424503350706,37.46784946354193,88.91452184866044
626.4277608146643,625.6928138722807,37.36547007050988,89.00641350662518
624.1136267008302,626.9756040793903,38.105863030087846,87.8191100022606
624.2727904487965,628.5679902676347,36.80913145560508,91.61145508320378
621.0905030035095,629.2948379583399,38.451788236598404,91.92749505130308
617.8559053445007,629.9276938963898,39.35052907545198,93.12782074860245
616.1804325079894,629.8543802270121,39.81391590706884,87.76982023730389
615.2578792252812,631.1539734756905,39.442255581673415,83.48943834423108
613.2846704510599,633.5672426621215,39.790973585430336,79.59300213209609
611.1089986017329,635.9084075627292,39.79889421916949,76.98011772977323
609.2679307745371,638.3123598139721,39.39893462056108,74.48616088717782
607.734455085087,638.6362916013776,39.10806076814207,73.03140581762685
605.9562175445598,639.4718675379843,39.69068983692517,69.16611522285119
604.1788279633594,641.8549584078721,39.49515526627213,67.97219091234876
602.9226991187182,645.6212484708669,38.880087291252096,69.88264295606797
601.4908887421963,644.8808601556907,38.49020621099694,71.52128169457694
597.9395599513505,643.5783417449851,39.375616491584516,68.47783828819622
594.1627510619284,645.1230945623288,40.287014327690684,66.34927673068188
592.6850401735917,649.0455138904384,39.675046422852105,64.31245686701736
588.2855252340512,650.1520374084154,39.81234092186304,61.29707632171235
587.5555185180081,652.0589310456185,39.39624409805508,59.52662857267366
583.9617497579105,654.6977148327736,39.51471367858838,58.62403002807526
582.0582287882082,656.7318778549086,39.044453773771636,57.70443324762279
579.8648639581561,658.3212042959769,38.91480244302689,57.52757711462361
578.3518430019044,660.892688614735,38.24451208040866,56.204534252373065
574.0218809146448,662.0989222639174,38.19458145207554,55.35910502416924
572.7644185445946,663.5188488803763,38.378202762779644,54.777220825513766
571.2137895873843,665.0980471112421,38.39266853570676,53.67177187323229
570.8876210872697,666.0577259183252,38.05234115424551,54.49504820567634
571.6456201780281,667.682700294921,37.74987648122019,55.09256662824287
570.6564619929633,669.0736161710761,37.62361084868422,54.639483160839646
569.5663278582599,670.6592159435944,38.024879444626684,53.90548274499034
567.937772631317,671.5382241736544,38.3808271138561,53.315245735338294
566.872969584035,673.3542557556002,38.2408344526831,52.701997570084856
565.3599749014892,674.5703765751335,37.56525649326468,53.73559169149435
562.1335115748927,676.3630744550404,38.149326467909084,52.784272193323886
560.2591848370939,677.3644382105322,37.994787355072745,52.60590635482479
557.3833387171268,680.0325698865842,38.17988097016512,51.9263938067856
556.4759019219755,680.9487353851908,37.6056269689615,52.2881397781097
554.3449768358846,680.4622621665653,37.64561508042528,52.26002233824958
555.9086172741768,684.2528405323609,36.5568975969411,53.09534711302696
556.9292997449228,683.9666148625605,36.7780475456309,53.9322063175819
565.7912325634794,686.6172472414027,37.797590925307766,52.10092048334604
577.6710865781922,685.9127141017711,36.19284728492965,52.086951259394695
586.5434476993012,686.1071405290822,36.71156766610365,51.15680777682288
597.8814317527708,687.0382974535858,36.36274403112003,51.483982192748385
606.0440667064681,687.7795399687787,37.67383753652814,51.34604339793977
615.7750588639044,689.5256070314683,38.03527554753556,52.05226190202731
622.6264168387901,690.0754078751133,37.52345596315937,53.503956062849774
626.4164663161072,690.5447320371976,37.555293706324676,53.962668782862
629.2567869808355,691.5649576046958,37.36405608792403,54.29002060380693
630.1188327534899,690.1862286570337,37.76729326333469,54.17920605591412
631.2405258273895,691.6185203911521,37.71085839289124,54.30862094660873
629.6635160734083,693.7985760165948,39.20287099958236,53.42850937871572
630.3949513738701,693.7582391258486,38.381087686210066,54.44983178701057
630.0682945661251,695.5898657166805,37.95645737602348,55.02156209203176
630.7731118417894,697.1960074699316,38.36514563589154,55.811497088743685
637.7365482866562,697.2877810933784,39.17365678092884,55.14287690353547
645.6857279129938,700.3538497304911,38.91829282467263,56.29903164797943
659.3377137579328,696.8266295559384,37.575132616823396,55.35578378900039
675.2334264256086,697.5033491967382,37.726151142924195,54.61617332245983
689.6544730641374,699.4645771478772,36.49758403541351,54.46680410039738
702.8686919346674,698.5865561853557,36.236681753835185,55.53719023968685
714.2141965012682,700.3708482111628,37.135163491946656,55.93232550402541
718.4660422947859,701.6099791613537,39.478054880619645,56.19926214813894
725.7859265389927,702.8744195924188,40.805741664583735,55.9103269939733
727.1672196173283,704.7065303781851,41.12457287047552,57.0628495556887
729.6891267504931,704.9316683418084,42.24056710191445,56.51653348968868
731.4701584965247,707.2336742399117,42.381588083774375,57.315985766589606
733.2675091200649,706.6697184151828,41.49716194579569,60.10607191235893
735.355774034703,706.8344899359308,41.92361566924819,61.835794663404144
743.1578602344564,708.2721436023924,42.394499715749475,61.70652751970586
751.0784653114455,708.6528148740261,42.91689080979687,60.03723638769961
766.7957214723467,710.8667881539354,41.206530153657326,60.47277405690451
782.2605747628883,710.1215125511742,39.753905223678714,59.800729576524155
799.2081004667846,710.0557734412826,39.424804779448436,59.390288558966304
815.4085337878744,712.0801208603569,39.997464844427014,58.15318944303515
829.4515411831771,712.6701620382084,39.24603316893731,57.17765364768311
840.9650258485458,713.8429379604897,39.165963276524856,56.4920917272629
846.0457919612792,715.1433246241232,41.784677852498774,54.23062038089556
852.3215635370724,717.757847813681,41.26144587690687,56.02983591254244
857.5151060238121,718.2055328629433,42.33392366787033,55.67040337719294
859.8081922681339,720.1186867291118,40.80416711885131,55.98677432604312
863.6088630098229,721.2390951697157,41.222993351648995,55.86856597518834
869.6301339923306,724.8481857098722,41.52332300130028,56.70984843760467
876.9935428021738,725.1655173214209,41.909359482697866,57.70561323717842
891.0457161239502,726.2532216665828,39.607680711789634,58.48642005585627
902.159461657866,728.1511768935998,39.52310125538438,56.4498242932474
916.9669647593798,729.4225441037596,39.54998069382565,55.88427727409052
931.4459255867323,731.2826423928642,39.12208343884249,54.797859120213495
939.7233222420001,734.9594597937833,39.657690460221836,53.28911166335899
951.0046118367491,735.1889584111165,38.99715251035992,52.67875291982162
957.5109886317207,736.871698638879,38.598660215079484,50.528038441231146
965.0415483611131,739.0996744818232,36.38233348720159,49.86346660908758
970.1297974084391,741.3513616534141,33.47743363083472,50.24477339283173
973.7784268976786,741.643050901726,32.20748070530304,48.55562176075803
975.0026890816305,742.6935538349175,31.210577418727063,46.55284222685954
974.4540076997092,745.6750452500958,31.499481550006266,43.52680010606609
975.2158766682686,749.5799241290042,31.19406940228169,41.64275191262084
974.6817456497864,750.165424892447,31.536290710630936,39.18310643211504
974.8131794466796,752.1833245080237,31.328393306350595,37.21491470896715
975.3188905045276,754.0520229877135,30.989399839005923,36.30552628292337
975.8097358227349,755.4006010968176,30.10866283510872,34.655568842833226
976.0068026310793,759.2660168009259,28.977692839510503,33.33480197137999
978.2788332694532,760.0454214427679,27.65926868866459,32.52727074683652
979.9203251048941,762.8234068294307,25.77147029151666,31.437631996825488
982.4408322170557,764.2498327325128,23.464244013768877,30.302324032982384
984.1932594186479,767.7911479589748,23.15560990300336,28.306485391906
986.916161866017,770.7754620034233,22.80347998122008,27.716181983420263
989.7774105801851,773.5250012080155,21.067702365894483,27.166860912343488
991.2882891965577,774.3502171445035,20.81235029899639,26.34066551159831
992.6925821735312,774.7607011719356,21.263105148543644,26.186082116774585
997.1155291763973,776.9922052631823,21.640846379907295,24.819395679914614
998.077303701471,782.5046842465686,20.97631364448321,23.479680154421292
1001.2580389501171,783.6208857152884,20.73020103507135,22.068635123395033
1003.6877303717868,786.2237412915084,20.828502738523653,21.482792366497563
1007.2532909249228,788.0450202949618,20.379454236309716,20.99580050613242
1010.7481761069538,789.8495274608347,20.65397693631187,20.52327849746184
1016.2778181879257,793.8801319099856,19.369468062238788,21.55827661390906
1018.1638095485889,791.2830064614806,20.287094635822655,21.041239741320176
1022.8161460682909,796.9334540489848,19.61676287711633,20.73100865328585
1025.9110631936333,799.3851744210723,19.44645142639616,20.797269477352273
1028.787266043426,799.8779497870136,20.18032336195729,19.867944205769568
1031.44649573876,802.3232730859926,19.91278239736484,19.89382940711569
1038.2079104556612,804.221962295846,20.024724305360436,19.8726310958822
1040.1785183354589,806.5928925546608,20.509480109008663,20.03502004533781
1047.7401251334597,810.2270278827519,19.902983944010384,20.493766677234774
1053.80844062622,812.8371875058591,19.016277606429686,21.276353291549142
1056.3634925248248,814.1749891295958,19.609887498143067,20.936242378793487
1061.079248729638,815.108328116317,19.36493382285028,21.124849119654268
1066.9084395147524,816.7698824855341,19.172020582115657,20.57782265400366
1069.0987412530424,818.4418419558953,19.808160346875066,20.13646229138282
1075.9166219491728,821.5235947537851,19.340939986653474,20.329345067345045
1078.3602885501,822.833151528491,20.39344554694657,19.648861895574036
1082.7028634848311,824.2204443676695,21.130997529497492,18.788446261858113
1088.709100310624,825.6117221633566,21.605181855797788,18.8384709562738
1095.4353570462692,828.2655390648599,21.600274086809787,19.227015758063374
1103.0615929384248,830.5776905540139,22.17009690148553,18.875764956645632
1115.0334406129386,832.900282875273,21.623623583682885,19.433652804566584
1124.448575806393,833.9265326430981,21.455409019819342,19.761936828109206
1135.873731792197,835.676175817575,21.935384209198823,20.161467013464648
1143.4017270679226,839.2067546599279,21.345857678885203,20.738370925959664
1152.8561845857212,841.4578637515573,22.201750896527678,20.971151832112902
1161.981306093581,843.5523482124403,21.475850295873165,21.970090884717436
1169.3520077342735,845.1071876903414,20.921795425731858,22.453328942882322
1177.458266001909,847.595406263428,20.43504033993168,23.245991098904575
1186.4583249201974,847.6781931336604,21.03459553873246,23.073097306748203
1195.5243817231042,848.5076935442468,21.375093141649025,23.257430703978265
1199.348411773731,851.1148582924906,21.74694438619002,23.317387330909902
1205.891896150586,852.4608965622389,22.267987323845713,23.31547087425745
1210.5376680176573,854.9514793071512,21.299555765792256,24.119727600401205
1222.8108948701265,855.8335979226886,22.007221381070593,23.800524007077527
1237.719295993662,857.9722867464022,22.35760828004205,23.638061177290282
1249.8283219174245,862.7402590442958,22.3026988576985,23.87750782355227
1246.2567215871388,863.9567556491289,22.375757553296168,23.901431649753107
1250.4746523247265,859.7069473220085,22.391677329263846,23.937882886232373
1246.824778173683,857.0144032026086,22.45302097864749,23.9213136304888
1250.3145176522466,859.5822334074222,22.49016062330272,23.91395888302324
