257.5,0.5,481,356
263.74667771957775,0.40362838547696356,471.60922516816095,360.9753787309348
267.97356594204894,2.4183301431641837,473.6149790610563,361.9441758529903
266.735019662474,1.7495066225413325,463.9497349905394,354.4297495515725
269.0364182067338,-2.1551340321222483,458.91598168448445,360.0566819177503
268.14091043286527,1.9800932450809228,466.8997716894655,356.7414978670576
267.44629396150253,-0.03300411836517014,470.9802869006194,361.6335198754499
268.6757404982411,-6.7488032119226204,470.29890517655764,371.7040723912934
273.1694532811128,-4.534164400231219,458.26858377895815,365.1664985079782
267.13775596408243,-0.5976452653107742,468.74872560658616,360.55982819755525
269.4115440809355,-2.8503715350987875,461.53457779594544,365.5498407669677
270.6547628289228,-0.2846672052923793,460.15276382270514,364.5985116419691
270.04293973205426,0.0350381842607419,465.9661698319767,362.1738617674432
272.8883123676299,-5.425223084684546,461.40123132566055,368.7717535525731
270.7433360471844,-3.4348793875775527,462.87296141761385,366.90221224287853
272.9448109361107,-4.931898070549835,455.1621424524675,371.3362094236122
274.9063441958937,-0.4042291537565177,451.80484058506136,369.5739025043013
275.1416513239262,-3.920052483635203,454.44034866529887,371.9526490669458
273.64104209596053,-2.313946575715619,455.5231573268857,371.3698650199388
271.41014772670985,-3.158459974616136,462.62880807091733,369.97250508378954
276.09004907033005,-2.8738084016482617,453.57873437091155,372.1222698681132
277.54658312355264,-6.179323914707311,452.4658024540806,382.1873725882923
274.9729659631464,-6.472767876105024,454.88585974501376,379.1671013010861
274.5568114260742,-2.3539180017641,456.8178632906462,373.60191864411325
275.74132841343567,-3.448760744063179,457.94036760187277,373.3945985111039
271.4331764836118,-3.523255436306215,464.0378836569797,368.74330204849053
272.95014349542237,-2.529768358440208,464.61585738474395,370.42242762110936
270.79706914914686,2.9722179761733685,462.4567096639092,362.3167284065261
271.40887048439544,-1.794654986072203,465.5079627134438,375.98499856175795
273.5701213031061,-3.1899632666867603,459.56774553272044,375.6579797151713
273.13586081721166,-8.05957929643219,454.050195531669,380.0543971701013
272.4530823372405,-1.2160763833074668,456.2721309955594,375.97547509209346
271.98476117504333,1.8803295153439876,453.4692502837317,373.0105693617927
271.856320434734,8.796348602550921,476.61692486839155,364.9248100187314
290.0869361543972,2.036716064396444,453.69755425110134,373.79936821346814
307.43610004622553,3.088823225478251,457.13764537916217,370.5958598878102
332.03887411826076,2.882975751625139,441.77202236969015,371.20232297844154
367.9284735813386,-4.303248937736612,429.38646621158483,376.96964026707684
398.25645727319534,-1.5478985852495555,433.996326732735,370.8758484338317
437.2625078809363,-3.331860228296307,422.9044101739818,374.2978734551069
469.79435901991366,-5.822491775903728,422.3410613485556,371.92721140942984
512.7678654868448,0.22490803548609506,417.6595086095296,367.4397168949693
549.2750246211467,1.8918193024172751,412.762582690008,358.09382461831933
590.9066695846892,5.948692192745284,419.84073526116913,351.16309302570073
640.0566780826857,0.23321680050162286,412.5078543839064,361.5822755145957
682.3084176285818,2.629048557149332,412.5640131725336,349.6048528478764
731.0553493725564,0.7483324194144245,408.3245244119778,355.8951579252078
775.0382276981696,-3.1219228689359397,408.98518340312467,366.310400160318
827.032389225449,-1.1270674248614512,402.7395804306495,360.3736104291599
878.4241350786151,-2.355522207918085,401.8600248734675,370.4983302424891
921.8169625080507,-5.9390820496718675,406.32081473271586,376.9239090266896
963.3976298646209,-5.230495980685447,413.0456584008232,374.23091801234375
1000.3872666059264,-2.2222149460210403,414.24472631494046,373.67394876546757
1026.7260905673586,0.1284870599915564,407.75082464810623,367.79633281586246
1053.8192930526366,-0.7379815966658043,420.51912395442486,372.5369736499954
1067.6381520794866,4.266727828933796,421.2883705016752,362.24447636778234
1085.2434567619264,6.101716814071125,422.2169450374333,363.0515978568572
1089.7812077245624,7.33810709332883,418.79064493936266,358.71406026187503
1101.9741520594957,6.554497672216172,429.204322737271,362.7667290586007
1102.1555265492411,4.1125552295177386,429.71350784166884,367.49279782021677
1097.649389316464,6.9402217392448335,433.6913304182775,355.44592060039196
1113.551838698971,4.149744696848643,435.9445954778305,368.44420130031415
1105.9760727403736,4.50590146090056,446.5913361298982,360.3043050853123
1102.2087151698352,1.641466718731607,448.7823126502705,361.044867161252
1103.4177897609952,0.1780022540341406,444.1900261406695,365.77542821979193
1116.2846328814796,0.3731958257771737,430.807067496175,370.99806928646865
1101.7931712530042,3.845622581052112,448.17022478407137,358.06754703258457
1106.6056013778123,-1.0187601665230375,438.89146439837475,367.35738903816264
1104.6652773025746,-0.4394447429524746,440.2641717454545,370.80678671699627
1111.95803946487,0.7739845555646525,440.0780637509502,375.7930231730475
1107.1066476685673,3.5560982736273843,449.0158890999736,364.2590899113098
1097.763308836277,2.6418040392511557,458.356690267211,364.2131556654577
1100.495316076632,2.483847580341802,447.3898558801715,358.7863864691278
1107.2383630463728,-1.7256272792943435,440.01461551010084,369.5872825417151
1103.689001530267,-0.33686094119954646,444.57244725953706,365.58192977995975
1105.3147131437079,-1.7640037447604016,440.637305758543,367.0258793452981
1107.5088836356351,-1.6683704971634938,438.0394144415803,371.7252207836153
1100.5876671948895,2.6044332131034764,457.22394789484906,363.3609342452972
1104.3578711560322,-0.28675889207545424,445.32785560353295,368.76305795287755
1107.0669019367542,-2.032070412521165,438.7072393145106,368.61204054255376
1109.9053807982666,-3.4542696145741445,429.1084348845685,372.33365906631946
1106.1892119207466,2.8618899759557337,440.0278544479102,367.1696266460735
1112.2012163209838,1.0581247068524249,433.2382623474149,372.10919525015095
1109.015061535185,2.4858836923659453,442.31949485554264,367.0143348268225
1102.4980247697567,1.160273586180125,451.35718762056774,364.4703158959558
1106.4815332947026,1.3560402826615245,443.55576062516553,370.1341614440038
1107.303823367541,1.5181148466466823,442.140860905942,365.40535848243263
1107.901626578044,0.5425479914505047,444.59848228672655,365.190456165154
1110.812660185581,-3.2392971485183466,439.0158117476292,372.25679219802487
1104.9441081618916,0.4607726663267897,444.5087676804703,367.6944568151805
1109.8802302269,-3.002717044856894,440.9344811052863,375.6052065330815
1102.8606270193604,-0.06434897480625068,448.1572305840439,366.6813000023857
1108.9183276428903,0.9120135779187137,442.0710868197911,373.6550410694993
1110.399458981171,1.0931511811319012,439.8612047724366,366.19739106029397
1110.4139796754748,-3.0100936323357246,440.531533909481,374.69399513788625
1103.4348763968133,1.2807305188578084,447.67794683111595,365.4968318628942
1111.2616230311992,-1.6479268955592374,431.96332190721944,371.1788261788058
1110.896060384236,-1.0398407227021949,429.69943192727635,366.0819346299146
1107.9704549960938,2.6095914018759743,440.0432755897041,373.8774704373509
1115.9771453554786,5.048923991257396,434.3537476157738,373.1695360451852
1105.0465831991692,0.39014207041753934,437.59257705663424,369.8642328811982
1121.4519633019092,-1.4273964201544516,432.513810817034,383.82575348437626
1105.752213798908,3.6190855400195687,444.8044730830298,369.6350259192712
1110.976505694466,0.5883786030394731,435.82334587060114,371.64782361975153
1105.772801309034,-2.556424689625061,437.6390425095356,373.80580154938724
1102.6451578593055,-4.168107143957968,436.11406631045026,371.55247341130325
1091.1909074572277,-5.275444985172271,434.80523252891476,383.6598846392751
1075.147684698269,1.0263533872481787,424.9594994590435,363.98644169769034
1063.1626284462614,-4.302559175407794,425.82159776927597,381.01987944989145
1040.9341253219752,-0.08346258536448659,431.14087257435074,369.0560652665663
1026.92923463839,-1.3698266230416891,430.3355479982191,369.89331918389644
1015.9951316122224,-1.4387492235777302,427.83166578845237,370.26158168872655
1008.3522368047024,0.5773634919524682,418.21573994144404,372.629848845333
999.7507031422659,2.7562358774567883,416.2779029165256,371.56120313094164
988.624614368327,2.016995035317507,414.0670628151374,368.9507430109539
986.3201651686164,-0.10156586806229484,410.8049496795117,376.64957893933155
975.9720008003374,-0.20448758239081144,418.3784078187545,375.23126187389295
979.445359313689,2.013357569887148,409.8078034493172,376.8418997718579
976.4780359246947,3.5594537099872525,402.9102672249024,374.48170212807474
972.3355120044594,6.179913261599438,412.9725522757807,370.43884924979767
971.9832369479467,6.9980542059773825,411.4421217496131,363.57416542391627
971.539151912355,7.552678871019026,413.23714081767423,365.06715668213
970.4059952356906,3.56518660604101,406.70219242429687,372.20785586727885
977.2510933944311,5.971211138604701,401.55914292737265,367.5579020956042
967.682391928979,2.895529054422923,412.61112690306095,369.68546111920034
974.3735970200071,7.435930580350657,403.4623481890154,365.59903909105765
972.395552766939,8.743579355875909,412.9715868597143,364.76737459461856
966.7152135693104,3.976042367305922,415.5873302914065,368.1214756757578
977.6330118124839,1.8690299924260785,402.77996194008915,369.1146239970675
969.6769411694243,0.367784032992887,403.9423787420179,377.023483872965
978.2952076419783,0.08935202236258988,403.360775398408,375.3231103859579
974.115909280211,-1.1591902780485839,402.0421606288293,379.59681682071283
979.2857551874565,2.9883386032068415,400.5468529839535,372.2265239625053
968.016441766066,3.133244394951305,412.0701815434544,366.7623981071349
979.016771624418,3.238769005973552,401.9296413685762,370.861571846981
972.6282520408481,2.4843652500468068,408.46930531444525,366.3394940172773
974.2071696369359,-0.8080214351574284,403.8180637121747,380.4480178471432
973.8623579046249,3.8564053877978495,407.7474500953669,372.89697774311696
979.8967255674736,3.3984096109159907,402.3139586056109,375.1109495330701
967.3220418011393,3.662198421562323,411.52897288393865,368.7105977443746
978.4089025413255,1.6195702071221092,404.10765360787775,372.8123352232441
969.2638133612655,0.5045585842587457,412.04459713238225,372.02978208585114
966.212520295393,-1.9478137049914324,400.7038282709882,376.83524346033516
950.6867300854203,-3.9299962909541364,403.3966155900421,381.28787934868797
932.3796512501635,-1.5669009079652199,404.052382602682,373.138479392507
910.3173485057359,-5.547087751761097,405.65515839151465,383.7915136858645
884.4773615861789,2.68605285228972,408.2259507482978,367.16630216706307
857.8531792463153,-3.271557229252437,404.82039877936745,376.86361726152546
822.5015420173379,-1.1216181349470844,407.2378567496076,368.039576896868
792.635997274899,0.5884004862682275,407.33189363509973,363.5636488650129
759.6380642082916,-1.1081349091349466,414.57834794437855,363.71000051928166
722.272452424032,0.035624815427837575,415.6232480084672,361.8177926608693
683.3042168457326,4.245737676765941,416.6588143864829,362.11071600024263
646.3377390316546,0.010603617021786249,409.4367106769282,372.26528910837516
604.7354470063816,-1.5071825728196018,417.89783072540257,369.5737668467218
566.5379095127845,2.081584082975951,419.5339157465888,372.0010880383894
524.7547335258199,-5.800090119501988,420.5507703651213,382.50618456668
485.10102590682277,-6.251793648322092,419.60123045229824,383.93917329243027
448.38124576065616,-4.670103843882316,426.9011186281461,379.0327880674222
412.4856076227487,0.5895973068047624,433.93818802312035,373.10977930691536
382.74308581830513,-4.385593187054468,441.4216413038233,382.5196728731081
357.2302153612204,1.3710905667196585,442.1179360619649,368.30665997091626
336.02917166448003,-4.973186621737284,443.5827487151157,379.1990052496827
320.32431428458017,-3.796277336277001,453.2896675554835,380.09516700154956
307.087381987979,-1.8943708405298025,455.22186495292146,378.88120533109384
295.6656284173838,-3.69660736218043,453.566061646401,376.6770006075728
292.1567203421225,-4.835573083584933,452.39622267102,387.3311155129386
287.26489362128984,-1.4261386398297589,454.40385491829505,380.99210448906285
285.9504299860365,-4.4736956080414245,453.4345437157262,386.86849538264266
282.963702244013,-3.9770687509926574,453.0780660232989,388.3921836019108
279.189663198003,-4.81442622117504,459.67621988550655,385.9154536038674
279.5515020702364,-6.99966071246169,453.6491464251209,388.3633204744812
275.891417538091,0.6681840895608389,461.58495368794166,375.5804317764997
277.38882386098715,-2.122128681475232,449.44561688889013,382.4420827555119
281.38976473165525,2.2115583370030834,460.27639028744306,379.67638863373026
282.35593651572765,-0.8759386331455232,455.61318430471437,377.3582530411944
278.199446458278,1.3414356957110556,462.18579830292526,373.15615801350384
280.98844364098574,-0.6996027641483238,452.22960529838133,376.2585146448673
281.7843427645366,3.747020864332029,447.8235810775227,370.9922124493528
283.04492907314443,0.8415578981262684,452.1981619818761,378.80620241105464
283.29174699372106,-4.749242509242862,453.6210471882595,384.4658980266548
281.45308152989173,-0.8010828977189135,460.0628784630481,377.8329975418286
279.52878582479264,-1.1979583126692717,458.9948417604823,376.9658853577642
281.92125796052017,-3.494619744862092,449.7929709558818,376.85487060393103
276.39613403666635,-1.8290078954063915,460.6001216211427,381.40664358005574
277.13592402364793,-2.2091742510588688,460.43635871211507,381.69235346671314
278.2990214499611,-3.2630288903994256,458.83144557841786,387.6493410899998
272.58762853307843,1.8316172072754568,469.89129521740483,373.87356762837953
271.1756170211262,1.244470710371104,468.1702244124112,377.67847164079114
278.6471150432172,-0.9565894118930771,459.8094695799748,382.70853393195705
275.77899031032746,-3.3656647259969645,457.92022588697324,381.87935412877664
278.2616776033809,-1.2796178129155749,459.1564208341096,380.48031708423497
277.3132310718506,-3.4724821497214577,451.426644213218,387.9092952124007
283.7385509874383,0.5505441628515655,457.88442537136604,383.07134049595584
281.6939718595227,-4.857168501203461,455.6666814180659,385.24534406269714
277.13699122733647,0.328911164367355,464.4598891705266,377.3971438965305
282.6445564691586,-3.713113049279144,450.4879078680143,383.2108953504283
279.02574352420373,1.0087113820976015,454.78944677185507,376.52678242448053
279.25617925413064,-0.26439192673385037,454.898637412009,380.066850098232
282.59119474238867,-2.5357554614899698,452.4821098986515,389.65413120457833
282.57829273686286,1.7950211028474996,460.7947803181683,376.50974213959773
281.9778853171642,-3.4429587298883746,452.53812986949936,383.43827946359227
279.5484909995302,-4.035611565718085,453.04241334594747,381.92531432260665
275.58706254580113,3.3325306572456554,462.04874189805105,369.00532325396335
274.78534076020713,7.2426733923433915,467.62746351385806,362.5924518512636
282.36062466936517,3.604801185387487,457.1528824125476,374.0104735246046
283.4390442289219,-1.5857241644242777,450.9144821134413,378.68043791768366
279.6146071702177,1.9471751741926369,460.2463016182736,373.7426059548403
277.6348237206258,0.31317785593563485,465.0731260177041,376.1391903018544
278.32188626290576,-1.377735281034262,461.830055104889,379.2002275547665
280.75334542695964,-0.612809799446751,458.34174975529504,380.58283783981733
284.2168862106784,-1.6708265541914216,454.64147757970477,382.6629010030998
278.5526480031093,-3.563092085163504,457.92146982928193,385.09917515664887
279.1024825324657,-6.949149824130217,454.72258393649736,386.99742113022836
280.6406445946135,-1.5119884713873262,452.8237086904617,378.49199147570255
280.963253885102,-0.7531272197294072,458.8098110047604,379.15797627643786
281.4446466739285,-2.0946781378640082,458.0115770939897,379.5855511927673
283.5559097430246,-4.768201676394,450.23395107433356,378.5159974608764
281.08785099137015,-6.708758756900352,455.19946472577783,391.3089692553899
280.10918593486815,-2.385109560481368,454.8945534536252,383.59748950080325
278.88278132607843,-0.2659540442014645,455.20460725865377,376.1513990073547
276.046190309816,1.8097792663618293,460.07840996838354,377.9238649569304
271.4491105575113,5.8312741807664,468.53838255855123,375.7474567224118
271.9186039120937,4.970902288780906,470.4036994544598,377.5230848208986
277.46380588095286,-0.3613594000728426,454.3696739483736,383.8435209701575
276.3995364658483,-1.0913756656972282,463.8574907219397,385.8728764961595
278.04294896956213,-2.836423308698329,461.59962607158764,389.75148673424235
279.67964350562977,0.09549207334003995,455.3199339289777,382.6116755513086
279.5486192267223,3.059821658762189,457.6642096302817,377.1071160206209
279.7533562576417,1.0806832197124265,460.09486708481626,379.2841308941788
281.356961608098,2.0868255172575516,458.2616510971561,376.23540703188513
281.0386155741529,2.3884184420848555,465.40589215042314,379.7060455369622
273.1336422255262,7.145169107783744,475.42007540285726,373.7882641192418
280.71144624377587,0.11087360518598643,456.60191857308985,384.9651923414649
281.5413616018093,-2.59219096384507,451.850468387493,386.8948627543773
279.02003617771885,3.8690854987055445,462.21863105900195,386.0309146059938
278.5740489935499,2.938407912671181,462.3222703360795,384.27648378130374
281.1658374847454,4.385256273250718,464.228358862371,378.5021087528656
279.52341565152204,2.637034709720666,464.5656182990841,377.72375083262534
283.6586752358936,5.783068056139172,459.10154169248835,377.7669802993019
283.2785602335266,-0.5877355555857093,454.5288783836255,385.08338717977944
288.4821173302814,1.1129976993418609,452.8416805965812,388.6752050322807
281.1935598470496,2.550443291970396,461.5839368077037,380.7716733032238
280.83397037471843,-1.3312732214982645,459.91979921024756,389.21802518409226
279.53446985081655,2.346263075070766,454.8947190046734,385.7631403977682
282.14328556659194,5.784316124027725,457.9034604621746,384.3440056257929
282.41356412722564,4.345086039575079,451.01449410743237,382.069487150265
279.7952781655113,1.3431956560705487,458.31022250207707,386.3982156333734
281.93950387969744,-4.530090749469309,452.28923418398404,396.1325705272502
280.28219710438805,-3.8740289802981636,450.3787128991094,395.7657688025222
282.0762984013984,-3.649334900461355,455.97632012682743,392.7178810438308
277.74381445449455,3.472830639397273,466.54751988748285,383.24895005359144
276.64493472987306,-1.34079478338532,457.4732023693728,388.47975052831475
284.4895476777598,1.8765144917965415,456.75764693762454,390.6747398579796
284.2618445006507,1.8230294631165407,459.6897316045701,391.76912047862095
279.2436868302671,-0.06326489213788022,463.9274596076009,393.06367538870506
280.10645568105315,0.8792911751177144,460.8253927856131,391.4799434270799
283.81525046521693,-1.6856505806057953,454.74878245425407,396.8690750799636
281.3595574155944,-2.3265271576399016,450.55934507251294,393.02192579247424
281.28618497777944,4.263116541672133,468.3203312978918,392.3336774732727
277.2239196422839,2.148459892899382,465.0676234670358,393.8438480724651
281.16686549751785,-0.6387152336704389,458.44098621303084,397.88288586534486
284.3914048097849,2.9647781419894557,455.9834785906029,391.6763623949428
283.2700580422022,2.166780519820975,450.77229000875855,387.77415084249503
277.1419310521063,0.8391175352596179,466.34059061812167,389.4898441313768
279.1032109506142,2.7900094507648987,466.3934201260181,398.5219366686961
280.5783254939977,6.3807522798076945,452.83148872847994,396.6333743619187
280.0789015051921,2.895301583447406,460.1478498642585,398.82111816193793
283.13486572956583,3.43928795729002,446.5628045952194,397.8294759118206
275.3782258168991,3.0474575055185085,462.6109194303889,391.74743068950147
283.14174224822284,2.4069127146559595,459.741155644816,399.4152043859609
276.535508081853,4.114360240179963,457.62312247128943,395.75253943373025
276.26676605598954,10.536343361581828,466.0218963229495,381.8924638928264
278.906125121664,-1.6957243261412032,451.8419339467737,392.4713989843605
280.407207098186,-4.6067316884737295,447.70695218413357,410.44015760050513
275.6355393890492,5.86211062828221,467.05528606868114,396.60027342317727
282.3764935340857,1.6858096768176267,449.2767454387691,397.87413045418623
286.9073711017436,4.44679409060268,455.19499018740026,397.6644136789391
286.3232763863708,-5.583908823307411,446.53453945209463,408.8430217790484
282.38413716022615,1.1055548260405033,450.06587869344634,395.34562729304514
287.3707791859931,1.5309609573343153,443.2736360626553,410.89793309752804
285.88749089394025,-3.665873932195865,445.3792757957899,407.965448612979
283.9282324820023,-2.4038341760976607,450.45917697033167,407.5977498453419
287.27706224170674,-0.7865651839611303,441.95149780016555,410.35590994663016
279.4333006718849,2.930950744063722,455.1730943779651,397.9561080634728
281.69790196584626,2.8241456717717313,454.3636872987231,398.6530365384438
282.0668045166534,-4.041444998935475,446.4335106375183,404.64017764433504
277.78467977300306,3.876481952042468,459.2132704463343,402.8175886173635
276.53230083633196,-2.004908214602409,457.1290171519111,405.6174265910722
276.89085433399373,4.376783874691114,457.8767626407311,401.93572891178087
279.1178111544426,-0.3877023731956797,456.88249931441146,411.7231878527547
277.1986619360038,3.062672258522042,452.93114634148014,396.60591159064404
279.06809240977077,6.278510404316876,455.5475300050289,401.51992980504826
282.18092398840884,1.9659522061496943,446.0421506664027,408.4481683631917
288.96994667180485,-0.16108507502801217,444.83874140276,412.528228935489
288.79901173133277,1.8364835070886727,441.86759710980573,410.6611504365119
286.10446507728165,3.205142027098077,440.34285352313304,402.3766390450889
282.39599544167515,-1.1295478224782016,444.0659795017989,422.53992651023356
283.27560451694643,0.36106618562095605,444.7937840014715,421.5052451122705
278.88611819910676,1.0518019849223208,445.91928933698864,422.76302846781255
283.8374590376935,1.8510383330255422,445.68637030778194,415.86329762614525
281.9079172096566,-0.6968378644616848,439.52804582171353,409.52716172145244
286.1890431303648,-0.9770654470993634,448.297365132615,426.9100224251524
279.6587019475516,0.7103988038553268,443.204790002123,420.8946282305842
290.1753723025594,-2.070597406390874,432.50641708039257,422.3017233812582
279.18852439389013,0.7412806610193741,445.51754860925314,411.4989688624051
287.86514296744474,4.128807999681811,442.47579897802274,415.3719538883014
278.85472959049946,3.9638189411120948,450.4136736819744,406.2272023051065
276.7768819302179,5.288667849899213,456.21783733564564,412.1979132737061
273.7985257955757,6.622731915065032,452.50984464273154,400.68091361155
285.776183458699,9.398000283828395,445.4992297381019,415.2038514482865
283.74791640150454,3.550142345880886,439.61297575662485,412.7002759095476
289.2495175794113,-2.4324379231451303,438.1999375849132,420.3431444403491
274.72629227363814,2.8722469165749374,452.1742188511026,402.23471972095604
282.2348417437389,-0.42843313955842177,454.0058471579169,424.77194835533
270.64453663339737,1.0568123808198209,458.82654915283047,413.8483439204265
279.457824625802,-0.9979244993309635,451.24297963285244,414.60286419759825
273.40305705297493,-3.0299541870738835,448.413698407079,430.12974504812087
284.83089274014367,2.799079619516675,445.3041172041697,425.8230136339903
280.4230410433753,-2.907562806806908,440.7361554294763,423.08374015584764
278.4658251552316,-2.1104576688289853,450.17281375239827,425.29140858339525
275.33377753350976,-0.43852909703241494,450.17015893646374,413.92610768268673
272.59822396214815,-4.840978062414081,456.41875418832586,426.96956396185317
282.3979865282152,4.099871615192143,453.0150683773928,414.0802140763641
275.97715690578013,2.6430578805733944,451.6375154269885,414.3045732518313
276.33692805190947,4.388577837229036,447.1795505977208,410.0710860864357
274.5209943706563,4.250476591669212,453.473264193929,413.80418760701787
276.92743900012835,8.336224934651199,457.116779880458,406.62898836051863
278.71511078252763,-1.0138522790697664,452.1552269910666,414.72795961251757
277.3213760007167,-3.7825652988035756,455.42671865275236,434.159316382267
278.9895226777648,1.0435384981573748,442.9918556052547,424.1042194032866
280.62763128784644,-3.717322777516017,450.089196645078,422.8768768137837
272.89506102324657,-3.026417717042875,452.5520023290411,428.14093172602753
274.4360149819507,-3.2872126611322017,447.1037246095932,422.02224137512906
284.46419263704365,-5.208242047720859,444.396970245567,435.43002917954334
273.0575443362932,2.7826039691845494,447.40322402509514,419.8466714438721
277.98392486050454,-2.2842964499865843,445.1055266913677,426.484761234115
276.23169899759864,2.194392159444078,442.0854443192146,420.2455973879936
285.15692583798926,0.9597865642637089,435.7064038023441,419.6628987221378
279.64576207217726,-3.603608463452815,440.7210108149424,433.77329128714825
273.5975742232216,0.5818381465694813,448.6132797781785,420.5330147470318
282.2359372582614,3.0356956360875245,441.2964374725711,415.27590938751075
275.7684591689236,0.4514939657137802,447.62159084536756,420.46638553665673
281.1503440147567,5.743430193535687,449.78050128790187,415.95520444645655
282.28809182672137,-0.15247323143515246,442.5780147216409,415.7153683649145
301.4865186272724,-2.5360119434593855,437.5184922080096,438.40010319924306
311.2009637121728,-8.071744370470896,443.1537773886417,440.52389555822316
325.9762319440488,-4.121736688445736,436.7499977407753,430.358396626329
353.6633243027209,1.3172395820158158,436.4784868333435,420.31077636582756
383.56438790382117,-1.1079607563852392,425.857365625219,421.91157530667533
413.4412599821295,-5.747084210232657,421.56042886036425,440.0144435620385
446.2926924410875,-0.8701598816339242,421.5708516259008,418.75894648130463
485.95114166730593,-2.3506964672534423,415.7424684894167,423.24324723947603
525.4662220608571,2.8735017176248903,406.7004352973716,421.0903149141705
560.755330635841,8.329031959589827,412.3691915339193,401.57317382082516
600.7591990056396,11.458406831487878,415.7717574484733,390.82124148808623
642.573569269438,7.548754513930248,414.06803267799677,393.8525050213365
685.2256848187851,5.809305119368787,403.1760562466924,398.5492456878271
724.9019669521263,6.597152383839159,406.79403796230065,396.4827981079424
753.4429290329208,8.465020282373729,407.6679812580875,407.3170916051224
779.7396958244592,8.231834210138231,405.6404154470471,397.2242207778088
795.1368904123549,12.531880738424093,405.73548651421254,396.6408743128376
809.9883820726942,11.996437986313765,407.6897005331159,398.4519971044649
826.8800911911214,19.655404360355533,410.09625096656475,383.6538592040274
834.0990728778428,14.55568602979642,397.39006315869733,392.0426385256735
848.0245439832782,14.358684803617649,396.39343677772035,398.264622543132
856.2967664865716,9.745758751228607,390.4099302075979,403.56431524395504
849.7405703686261,13.416823045219672,403.5534199424479,398.6080850289454
852.3649518197301,13.450498185328854,398.74416298514404,399.84620546600263
854.2964796343193,17.68825377335196,399.69553877973726,391.5800669342077
857.769892092032,7.496343906234131,393.94137683395854,404.17237333296794
858.4914037584912,7.688768003824407,393.1143253310963,410.3590180297009
861.659655698904,11.566085385761909,401.13076323051405,400.30000435151203
851.0780332898926,14.799988330009057,406.5329315240919,390.99251482056343
857.2020760782284,10.366275191863167,395.10793360040947,405.5554652398065
861.8877641454744,12.121653417099338,397.63521088944617,401.96911074614036
852.3687282788646,11.488043647721781,408.1871383991944,395.77546205747194
848.9037790833759,9.73742837466284,405.479757100264,405.4718348619194
856.5097421832174,9.999885966206165,406.3475133675129,393.8386694609536
855.2917716853904,8.001131563889686,404.86692101274406,405.4287082184281
859.7985396849567,9.609582856747778,402.8407244549916,404.2647622190344
843.4866286728045,13.223386756981313,414.31809872209766,396.9162909069328
848.7263906820564,13.780557718768364,412.2888692023437,396.06512220366534
846.0333355140435,10.90943215344322,407.3857298556326,394.5868687517708
857.2740753037956,8.911062345166954,403.71534917168253,406.71600680253243
852.1390488024085,8.236208685309919,408.69593911393986,409.9597601084844
852.7434034422741,11.089010049668701,403.0675687722275,404.6480021975354
857.2787569710623,17.994882903191098,406.7369955666242,393.41455654841417
853.7081502186334,14.029446101365068,404.33804310656484,393.4775738847898
852.6452895904915,12.477289936011061,402.1274154624938,400.35945604867925
855.867006229243,12.778531337182159,403.981902123616,397.09921204781404
850.2916208073786,11.931519078418376,402.66019390403824,410.68666743802345
853.0323395549414,9.518134660851956,407.35336913491506,400.89831871035324
851.4006510793167,12.464319334955832,402.75618481307504,409.48031366536657
851.0129055672735,8.325366680382416,402.69495880795324,398.44868509372293
859.9659229052605,11.976090111912356,403.67378125501153,393.6685528266113
848.0745911799927,7.81718534247446,408.65024124667843,401.98473381380717
851.3799460055168,8.485370475714774,406.7447717575841,400.3689607702095
855.9833869744139,11.104757016061512,407.21931335728414,396.5254372666809
853.1988985231227,3.5395726438642328,397.76001518739736,408.2377025127845
854.1315533077633,10.158800919997589,403.07518775110356,399.8439609605693
850.367317095802,9.86388007851906,400.75592287206473,402.31088226063673
852.8355806159127,14.515853140025428,401.8538721152007,398.69725613251615
858.5014569973046,13.979646836539331,400.9543259821513,387.8647348790004
852.9188696424719,9.660928967460649,405.0008645570814,397.81217650999207
851.9936776572274,9.891430506441566,406.57147972498444,403.3721346929258
849.7256858672015,6.675071033272218,402.3069981134391,402.7880360664952
857.0999113584154,14.230657250706429,401.33275409299154,391.9013510065946
850.4667025312785,11.66887422028924,406.8949107873982,403.648433346079
855.0307569677832,7.69670138812242,402.8230514184566,403.8057102119789
856.5078870094123,11.312395067111936,398.1845579976142,402.6868101098861
851.0730232842727,11.958465280645356,403.8336523599702,398.41227210464706
855.8249816585467,13.064071099318909,394.1976845319023,404.08481112605295
862.2155138935004,-1.6516462010140742,389.78569289052314,419.48490065452626
855.9004555315635,6.720385094251753,398.7490472921605,399.8686936214403
855.2833518620384,9.290790332169593,398.99909631783964,398.438476869342
857.1998729415617,9.470131031224753,402.3766071726325,397.4577100004911
860.362707151607,14.753353426289976,400.65749226612184,398.3039352326376
857.5834089986741,14.311768592844032,398.7058954701635,393.2154591344811
857.777854862316,14.59051179086785,405.0590833575592,389.95003721992737
855.1066444954536,7.457799153119538,400.1646050209897,409.941311977507
857.6677131445393,14.354855865324225,400.2975273725903,406.1355031578538
854.7123139281842,2.872685508537643,402.27551062773523,409.68216087343336
853.3956763075873,6.4310827437532225,404.1586441455656,402.70088114667436
860.9108383716174,7.229265809769686,401.8272752439778,404.2887965961043
857.0283238683467,5.126731590383088,397.577316864572,412.9662011394063
858.8348702132598,11.858012473757839,397.59014771989405,409.66746303765115
861.1681040852759,10.857862187654064,399.71123800060616,401.99249590067006
858.9262475319528,10.949922735241302,394.3370066419127,408.98915507126065
861.334771398728,10.019189952426956,395.42427365843275,399.65540982753276
857.9253685799836,16.203978907670603,400.3464652903708,396.5469453036825
859.0664054223931,8.677006934639536,401.92125681304447,398.1447427409994
860.7592143539678,7.426324489082447,396.4600859630109,412.9325027226615
858.659896027182,13.51985315766288,401.4546955473411,399.3553370799551
856.0184649198268,11.735133103102129,401.24727928932134,393.10547034253494
853.9023412687986,12.578436174287248,411.19090629865525,394.619349846788
852.4032048133357,9.573814408565255,405.86943148376236,399.6934201500002
857.2431690064526,11.828247887535014,402.96481418149347,406.8253696068571
861.7214309030411,15.611681799568743,399.8888825417723,395.160402936825
858.46328105023,14.208179330979647,400.6246964198324,395.9981988424536
858.8105301740716,13.00265510926792,402.21075670319385,394.0085438719437
853.6770498311588,14.324664652647954,400.4875995898617,394.51919839309204
861.2943223284949,18.85689992450969,398.24707580519504,395.0827987005995
858.1482707724545,13.202198547541627,402.1721776950984,390.2206399796365
853.1911128760114,12.0334744584178,406.4562196170055,394.80149151431755
864.3282562241861,8.160712070286621,392.71192824958507,407.20631123285455
859.303483037301,9.496560286416099,401.6994228162103,397.40190042763135
861.2821273823055,11.479062198071802,398.33111968733397,402.81405271043525
853.933314592487,14.6982046461749,407.6428851854935,388.7959425012946
861.8104669860868,10.779687204121359,396.2616405902712,403.64315460266795
863.352797255785,10.309805615864065,399.8066770061944,396.3500063162194
862.8337030067039,7.8314706963812455,394.83549355799767,405.6379963307771
854.8122629257869,11.485577334638577,400.9922644595491,394.38410311984967
858.7597798192305,9.341257957507963,397.17189929440025,399.3064374649527
862.1781925832558,14.319496331413376,397.5657992839714,397.50335494518623
857.7544863164348,15.607047285715026,399.5667254669729,388.5059376162178
851.8841693486117,17.9482259754667,404.97799157140014,389.78174344577127
855.1141354900227,16.490379412196148,403.42347410126536,388.5256282922269
862.1926334442298,9.034929015944442,393.5535811026184,405.41741510886993
859.9093367426829,14.308320636903119,400.9551325386425,389.691355308963
856.9010900298931,10.749635621991985,400.762607154085,396.292656784611
864.0683601234078,7.507130251918028,391.9214592083124,409.8435554152294
861.0792237771593,9.419828754548178,395.4905020718198,404.39276840479755
863.4724759623895,10.296808337386835,402.2940967281568,395.88972277276275
860.8229024469963,7.195045579826882,396.76361512974245,404.9640200291162
852.1078607888101,6.807689911874775,404.56614416449787,394.2267053520509
864.1253831501194,13.277339399762553,403.946683425463,397.49307374213447
858.5704795384319,13.594978461051454,402.04116049549816,391.81556453438543
861.1537418047062,20.097986947553068,406.4216437473219,391.1184240912079
858.7603793863167,8.653866908043682,402.52025162652336,399.50177205080644
859.5049765593099,12.890328365606507,400.12620220139036,395.9278729569419
857.2485675512198,16.795621959900785,410.51916115063386,389.2483350062547
857.3922850790112,13.930768892936243,404.68739068963924,397.652049146532
858.7964872975098,15.498077921667345,405.55779434086685,398.5889546519205
862.2299964280087,14.222656192057144,401.88807853509303,391.2391312095761
858.6823706609733,10.6508297603541,400.5996279883623,399.9279188385291
859.4462609043651,14.12861838297394,404.43479657752357,390.80297466198203
863.2217075936206,11.016610182032878,397.3697615860344,406.0220472681707
862.2297908837156,16.407318248752205,397.0256177010701,394.0628515478801
861.0270684652977,9.957566481693476,393.508760517541,395.15196813678307
862.2146571522488,12.643256623209396,399.1351989847423,394.55943659012064
858.4593123739053,12.45215011408726,403.1620876498836,390.29968493878437
857.9163762242708,11.413996621557317,403.6225496477099,393.7293038384191
858.8234797837408,14.280597326175553,409.57969573986566,390.8926491646125
857.646126127288,8.347556299097988,403.55365002786266,399.154405883742
857.9271881323699,11.442190359947176,407.2722610636931,393.0095378746197
853.6916568064139,10.095399348378237,406.736045810699,397.9762602808426
859.8900918178679,15.584955212392487,405.673697937998,398.8655064291011
856.7545656429965,5.069008205225089,401.28215940416413,396.645703568833
864.6279117329595,7.851783489587916,397.07179007573086,406.55657145025833
859.4326286093519,4.491999290556464,400.896078480008,403.9467192623781
858.1260511478786,9.147235712543932,410.1484160448864,397.4625345991442
854.3505967420355,6.724053726832807,406.7997972138262,407.1997343369143
852.4457057001753,7.068957281599296,402.20737850623857,407.8917241810016
861.8765761057316,9.116980107713317,401.36973521254913,397.7129565365655
852.4004935667001,6.630953239763841,409.9433751298293,404.71101681918515
858.8268870465108,10.005706333409591,404.9281638550797,394.5092731169516
861.7289348666097,11.251244553027675,404.32222527509987,403.77460878505474
864.1268495250326,15.28433110734781,398.7999598340238,390.9940162069286
859.9568970195957,19.31750203915442,397.5760180070331,387.81486742632654
856.0063327771963,12.546373016641098,398.13789132733245,390.1667505992094
860.0386677165866,17.454489655299852,399.24337669638305,397.52800157487866
863.3470598009685,8.400350488783602,387.8623902460472,397.5472332122551
865.5531431046547,13.274897043143284,395.82576848750284,400.98325351557946
861.4928050854201,7.93042945383155,395.5628577149579,398.2617047684062
861.4371481573671,9.93894217993926,396.9683080953654,401.1273515818307
854.5856473756278,12.015253371702414,400.2795063293829,396.21145094170436
865.6716134877825,14.664651280631574,397.394928417462,398.7058502201824
860.817789656886,14.65360723849983,401.53695098841695,392.45334464000666
862.9452592150541,12.101138901426054,397.3193827622297,406.5616370569318
860.0941027686841,12.112361136038714,395.46393864306833,396.3839308408651
863.5044256270246,15.669235543495745,395.5296590157367,401.28210762582495
857.0735037511013,6.806194517952974,400.20752851926284,401.9298659736145
860.5087416430206,13.158346832635658,402.6804986298753,399.11005707432406
858.2899055742994,9.475699421283622,403.55145630264235,399.66615660084136
858.4460825596303,9.307035831791069,397.1077629702856,412.5522747046912
854.7160032794486,10.074948276246772,401.74216836467315,393.5507894572456
862.6122192102152,12.758488312046438,400.22425388329475,402.8887820399061
853.6532380066633,11.23422632136186,405.96089011374255,389.9742797683058
857.5119168131046,11.818814757684294,402.54922235016875,396.5868626747833
852.1492920942876,13.113249966320893,409.00679837205064,392.2813719094431
859.0477720351694,16.132181721398723,405.48520769412323,398.7350124272542
859.9300386939938,9.314089260399783,399.50975206282794,398.2574658360287
857.8670692166271,8.981506264750465,402.03156833249545,406.6939632023641
858.6535918590159,10.553560969649709,399.33343437550354,398.8713203876988
857.6158055050344,13.273130837094726,403.07560346123677,388.2588316855328
852.7271504196287,10.386180594042685,403.8196675896052,393.26214141518835
858.5564906162947,14.565790319919927,403.06847828884395,399.1041047050454
857.5506312109247,9.53907840505397,399.4844269345979,401.78007035373093
856.3933220120554,13.014054146834923,404.34067446731456,388.2730483154123
853.2181525812022,9.225390719762117,403.7216829177271,391.4807864786612
857.4404511863063,10.995876587360897,401.2401833230984,396.91116434888454
854.2015573042758,7.27427462432982,403.93121013427503,392.88236670224256
859.1055316781419,12.42948607954213,406.81817951550727,393.8012342941229
853.3699998359261,4.774027337870251,403.17208580990985,401.2810679482834
862.7299995422866,4.349734648473657,395.9459067152071,409.3018617699423
855.4115888757295,6.035863596548182,402.63866169557537,409.6047249943824
851.3028518314718,8.334177222235411,405.1275702105039,397.9420576977975
857.0129063393001,12.824456278593516,401.9815870498759,399.4951151548374
858.7280480663513,14.571455512593815,396.3152220009958,393.25469215110377
864.3808947440277,12.627737372660874,393.40273542635765,393.4213205722292
863.1707676456149,9.421164321889279,394.434242525017,404.09013835610364
860.8371062538738,13.267061622394039,404.99828312560714,395.1164986327542
857.8227892416087,14.849466409167746,402.16910951580473,383.8107131611914
863.833235670142,15.25943363163043,396.9349750527756,390.87425258345223
858.6025106918491,15.99951871496819,400.9657502475033,386.08947546314295
855.0754601432716,13.588164080517885,406.4231779626331,396.30693233341594
859.7531701701571,16.4775078388476,409.530551979146,390.4161401890218
852.2144464681202,18.383321066596693,414.8510740947266,384.7784809497016
853.803218681097,14.312393050429336,408.0798984112197,400.05349547015055
856.7964491818066,8.60269471100463,402.33830940994324,398.9441745255225
858.5254538312722,13.33415138795101,406.5246279137054,393.91906190416756
858.3623342335618,10.303280920894196,401.80727647271385,394.96626716530284
858.9141815155222,12.522200356201381,401.5707983668707,393.61896987020225
859.9432859178717,13.168762542832724,406.2076438942962,400.6117234244807
856.2229249657712,14.067634092849318,405.4634085192469,380.40217044021335
863.5188571775943,16.53919941768237,401.6335989973132,390.4013215219604
847.4702917131929,20.450198361501265,410.3546657787438,374.09638861157407
862.1887782950171,15.495506504157134,401.87785754064555,384.66395757425823
860.6342440712737,11.109588158636313,402.60246811474025,396.76743003688057
862.230564818793,11.535771623705642,400.8730986913839,398.8817768212782
856.9542142059456,13.015048841639697,398.642262001017,385.6366968665317
858.4830498874103,13.968661420109527,400.87336963327385,390.05749575377524
856.667865474878,14.993049228597329,399.8619078864052,388.349010022784
864.9785639737372,17.519746750115473,398.86101065708533,385.32204002089895
852.6761075097578,15.353739871087527,408.35820908604296,385.8299590343197
860.1012382056772,16.21684107784111,407.0071469730725,389.9083154690901
852.264227425315,14.991650194678215,403.288863965023,383.3912870515054
858.4216267332256,10.945527649347753,403.8701337255011,393.4698581675027
857.8085362284035,10.247566838471158,402.8782613278785,398.6748012459544
856.4473462260833,13.744044415716417,410.8455836839302,387.60651134241925
851.8619286934662,11.577855209462598,410.67664005178835,396.13013921609956
855.024708852621,14.085813393734412,405.55849192147764,387.35752915310104
854.9407638797943,12.4218902679861,405.9247151774249,390.56282218476423
861.3821882316716,13.053031803659763,400.43624206433674,399.88755504124117
857.2213319097499,13.17533083004335,401.36680332427136,392.6556660722331
861.0305664457645,14.108255734948699,399.11141252275934,390.4247610858863
862.4795608941454,11.603349600011,396.7067652819833,386.5100766318702
865.1571016058929,11.362936403208096,398.0796856018277,392.2536516915345
870.342457050187,7.385666480136251,398.83770848593383,401.0448750741966
882.7778965712605,10.817886672473435,394.22219817047835,409.264342597685
887.6392543425558,4.362442270914528,406.35246048958174,396.26591158491135
903.3022032147645,12.828812660594764,400.32387315045963,392.196614106138
921.5739275825778,9.409483635803667,396.22063840305253,407.4151628561648
942.051088117775,6.837356876941442,402.5293469582848,398.7349795445926
961.406096496997,3.4909397153724626,398.1259363174273,403.93589372373003
986.2156161819173,4.161898323285413,396.24214842145864,408.55743185450046
1011.8268874169862,5.426703837995234,396.73416447421687,405.92994416010663
1035.3974973932122,6.325413716595591,401.8808419187838,397.6608515737664
1059.95268997911,10.278504818002858,407.1549869765343,391.6697804857736
1081.2877141952422,11.364090538149497,403.42058522121494,397.2462648315038
1100.332180703625,7.800509116145605,404.47702265653936,397.62806466170093
1121.9366807007277,9.375259507734654,420.35823205186057,389.93891572781536
1123.0328120876104,13.96054454362499,416.4062859491337,397.374931217674
1142.0909485793736,5.780665647556248,433.9524967894638,397.59369742618014
1135.5329431280386,9.876662010408069,439.3226998491699,394.2120513900449
1150.0103032630004,12.014604290638147,432.842306999314,397.64382363623383
1150.7114264787635,8.91383450641851,443.46004764466807,395.2183722599266
1151.3953215947977,7.390740305183641,439.4385880367231,400.1453007369319
1152.2236229699554,15.738866661942325,454.6984069170497,392.9412900362139
1144.9376187387743,18.2852496200168,462.66000438966273,380.1089751623583
1148.970058404883,13.002760677622035,464.0419849949617,385.0641972949728
1151.0055283991176,10.860504374718317,451.5725027827213,396.0450322073691
1158.1024544239624,7.722438615184672,453.4330747970224,401.2241901290215
1153.2491421467926,5.300507742764552,456.93662819126837,399.5232751346336
1154.5466858985062,5.020533119060531,448.330792771925,405.40440274737443
1147.6045871936744,4.584180442593947,463.1212060705159,404.59798106424734
1150.851712749163,3.7044187888506883,460.94663497778754,408.14302247371097
1145.3166487114968,8.13514353336177,468.21209568098243,396.5917981631241
1143.4612163086006,7.951814085039246,472.44481400896746,399.330273142682
1146.7139839187525,5.974166599685702,458.7083141666173,402.96755029611376
1150.3322752337144,7.785684764959029,453.34239378093116,404.99602792550036
1147.5095688570311,8.320553924783638,462.6869694012215,398.6678374310162
1146.3171486590486,10.132888859966897,465.1128669517917,393.7503325739553
1150.9644597630281,10.523137415761,454.1462725453191,399.3593741215638
1152.400212143401,9.1662563269482,458.28777415269144,401.06838644823665
1142.2889961245464,13.305063686408971,470.5777877793106,386.8546407810477
1146.6327176086816,11.628589270361601,460.1926397288346,405.7826067049453
1136.0186700257223,14.65861700691525,470.9129942432313,393.64811789652805
1145.6507392439737,15.765313633198218,458.08699443075614,389.0077819958619
1156.4053393913407,13.753326554981186,454.29941486726955,399.8732291861273
1144.7667687613011,13.834525245532006,457.0073212216024,385.6674691710658
1158.8484028689777,10.96110029403394,448.715123697776,402.9460028616518
1137.8464924457176,17.711671285937797,475.71896629491704,379.8975313256349
1147.0187168738262,9.887119180728462,453.9847015216722,398.4043694669828
1140.400955181382,9.784888078405572,464.09315166287945,398.2768579464522
1155.7811244727222,14.039746755989825,451.77781782271427,399.3441131729213
1139.3582351110967,16.883313257985606,465.8019928047662,382.57619987113094
1145.6138475386015,8.854575047792594,452.26629743159333,406.0101898085481
1144.1642707142742,13.647190380565974,460.2192870827423,398.14910765806894
1144.384466022755,16.835666179681994,464.13421669902993,389.48783782646944
1147.489157375016,10.780682024391524,454.7894450237552,400.3231938398004
1142.8959467393893,5.428289441537515,454.604849931493,410.4879432817086
1142.9846559302239,7.9989934216022505,455.17786179984614,403.84084322381557
1141.474950862559,8.386555086458543,445.12679827477416,408.8261491722195
1152.5937420804535,10.209528564289826,446.32438250816983,403.6032909100892
1142.122061991618,12.261491617188852,450.0316415116829,405.22907885835366
1149.1822343492522,13.180036234851912,436.98728997723356,411.02625356284375
1151.9333590420576,10.662098063923395,441.5287076791107,412.9480995224876
1149.9100085993982,8.292400606012421,436.28706064288735,417.88742956286364
1143.1554607244857,7.234251607568041,438.87557637512714,419.08205949418027
1152.0123716023297,2.3266378521838647,442.6945836167629,428.47571030076534
1146.598802521767,4.3925927309343535,454.6081793159924,429.04722152238946
1141.222251011487,3.743445858910036,457.8780527787794,429.69256225166714
1141.7458927644627,2.7586641602061093,456.4717583773268,429.0560712098279
1146.1016713096758,6.599438186815007,459.54137851092,427.8423782293379
1142.9468575148785,8.559623930526271,448.7863990044448,425.772934880526
1141.833479896828,5.659096865964159,443.7377350495283,436.2587610300254
1146.8923189169666,7.040797254645128,445.1774060820261,431.95501034382403
1143.2618704140014,3.4347024234957075,444.1403667343295,431.4420184318607
1149.3706812170883,8.717769777352345,443.69556619801443,425.20722465143524
1141.019882245284,9.048144049568066,453.9634438542215,422.17019820574967
1133.0831132976089,7.889852958478912,455.5456006627792,427.1569831047698
1142.6919983425469,8.723285657950498,450.2184575255025,423.5798254525075
1139.3881131973778,7.6637250136674595,448.6203935125162,429.2277935041477
1143.1354983328783,6.064813837368689,444.9443079944126,427.44835609232143
1143.2690261379746,1.9780338700932987,443.9087263406481,428.673738359843
1141.862448054727,5.951400040845954,445.8852730355526,426.080064341824
1144.648497946512,6.775916255623116,442.28519187129854,423.480417741447
1144.7062828325775,6.461028986239114,442.10456145180046,420.4093673946561
1145.079310192434,7.176249159728087,443.9083624670287,415.9396689501997
1142.7326496945282,5.409734747066892,443.4023398421041,420.3243417852185
1142.0305259569159,7.91800019177532,443.63035094163376,415.085778185741
1145.5476927720756,10.198988601769031,434.2313098055181,407.6277490453398
1149.9100780196468,6.128967579267993,438.64028560440227,411.49141099448485
1148.3588413866378,5.33075433336532,442.1357495494036,415.21308164801053
1147.417282294399,5.827204233738058,447.69057223204425,407.02125049364327
1145.6944774199455,8.051529686935197,450.66642266346855,404.07163049458154
1148.071086104815,6.2966538548746485,443.68416543044043,397.9013016360437
1142.3549405014599,12.273624333921447,455.81800927099994,402.4334053599831
1142.53927174247,10.421682901243571,450.7421876558951,400.02811801749755
1150.4183353903068,7.237777546912923,447.0807688866296,409.0636374072833
1146.116837022142,3.6843629497790573,447.60437683383327,410.6792177326288
1144.7456578161348,10.295638031071064,440.01923605453374,403.2112669285149
1143.2322045313476,12.75781520430263,461.35592356279517,398.2008302057855
1137.2214935675438,6.3968300226330825,454.8754267422584,401.7930675044435
1141.5176460170712,12.3767706228912,445.7524280063593,410.23817657905386
1134.6807471613042,8.020790670829399,438.26345162200784,407.51297614124104
1145.5915419495675,12.258417363743234,446.1635035056107,411.786603744934
1141.423550327058,7.890074889341179,445.152668942079,406.6853626868789
1152.4084276658796,10.083550257843541,441.6855809403919,410.91077936271984
1139.6584617435271,7.55903562104956,448.91782829175344,405.5866720888548
1145.717313271881,7.533187645489505,435.17371061129455,412.55120109228903
1141.8352221686152,9.12871932375353,434.2057430712981,406.748467145262
1157.3910684260538,5.845001436150653,438.0439585199706,418.6189185168278
1142.9655639195928,12.545203710138452,451.79919932555606,396.2658149757116
1147.8261396056835,9.28795379441803,448.9788888084104,409.51149248765216
1140.099745944848,8.187467572561133,452.86329001318865,406.8810361937823
1145.048436689055,5.93791327208271,448.35022405813345,413.0460572973244
1142.3732518793163,7.888134996139314,444.99921679949534,402.8141238541395
1141.5477210661,6.659231184928956,436.8957624894944,415.4190078526494
1146.2477470327308,12.096752974000964,438.53512333647376,405.06209952100903
1146.251019384903,6.391441025604649,432.4487418744974,400.47025491173486
1150.1360975223206,12.35205150629838,456.27842658333293,407.45128681190045
1143.6636259047002,8.894051073323169,441.96742049324473,409.23767286464937
1141.530748980385,7.747033902970173,442.8086390826053,407.84085754806244
1150.0536623799878,10.193885761757514,451.52575466173846,408.344085489514
1144.0258684818523,10.722285863005197,442.9122410154736,400.19601858285273
1150.8632175758312,9.889486681827833,437.92660473010994,405.5339747056189
1146.5258802672288,10.052439994583722,446.05918468435243,404.0010772530352
1147.775421257342,12.800735142011177,453.12869463829344,393.90633522083226
1138.6136232044753,14.56442465416518,459.8124227408597,401.63060738618003
1141.1289358497922,9.85122078821584,453.2057615880693,409.3841062193702
1137.9848208263302,10.870648931515063,452.64774997311594,396.9754942336588
1153.2086145063101,13.0142881701575,449.02006264005666,410.68228184105476
1137.4537382978383,8.87515076527589,449.0211762391275,407.4274329742679
1144.5004396233646,12.890521396088616,452.03724789819864,401.77435633165305
1144.1329553556798,11.131862088714712,450.69987231635946,401.3697917106184
1145.637939988896,10.532626864108181,450.477567113776,401.5215130561069
1143.0047302603134,7.221655470990612,441.5631775978204,401.48852815938426
1143.7567053463188,11.950021130063874,444.0858981322391,408.618564310242
1143.4801579914524,4.0622357222715095,439.2500229634036,413.1309530061398
1150.316207567911,8.092689981658339,439.68500695160196,413.0978049754568
1146.154285364053,8.136017850293086,439.56158135639214,404.2346893143126
1149.6459732333944,10.172231745563408,438.07835620676906,399.7190349021845
1144.5586977481782,11.823312223790168,441.7068397639012,398.27305432488225
1153.501365040817,11.397436292486958,438.04915184563754,405.53518708292995
1142.1168280742681,6.4376872784679335,448.69637585887017,409.6559673163579
1144.4105159882617,5.481431702552783,435.94654769360875,412.5925708089063
1152.3074496058975,7.412734345753194,438.1859686874334,411.35994323411364
1147.8834936181333,8.866069564335106,451.0875156421838,401.823528868478
1142.091015059989,6.0848529881645845,454.4972881066219,406.71154469036605
1149.6629206207253,7.191964424940437,445.4481161778951,406.7386037560596
1146.0136010973872,4.336956309310352,443.0491260108614,408.3253221604379
1144.5120652634232,6.244581964702235,449.11504492573,416.0069657244965
1136.9626810414118,12.62908094837718,470.13917338277736,405.7804326818374
1134.4023733567237,10.416392208603924,468.89141762086376,398.2321602734679
1141.596333793161,8.741063262680626,450.58548263862076,405.5865818545011
1141.198734103678,9.932376355630936,442.95652193862225,401.8477072085583
1146.459668539369,15.444274240712787,454.7114911909832,401.87836287941076
1139.175907612912,12.576431378291403,446.99956049107016,409.3274016077118
1151.1170921770763,9.360013516066743,434.9847314864097,409.5233358093504
1148.1506241808117,4.933623674941458,429.25084500533364,402.347896056698
1143.5935644349613,8.924187986048338,435.7717633118817,413.76427694102574
1150.5639890783095,6.28587897973722,433.31366884179397,413.6349552492378
1137.754518927242,11.695717162713919,452.7255171779998,396.4636732560883
1153.5070229885023,12.962784668741364,446.41122030622006,405.932345354512
1137.457113130635,10.280609585198249,456.70803844805675,404.1765172886472
1145.8459067812917,13.870946950158128,456.45903012618993,393.80039500069495
1145.0399850362292,9.782486689282166,455.8673138288841,402.09060718212265
1146.7244145624568,9.712937019148882,444.8092071381766,407.15135459147444
1145.261099046557,6.647357614269225,445.27267995863974,406.78223895826994
1143.694575971181,7.975595080610844,442.18945367946486,408.89142789761206
1145.7314639337094,11.529404755030924,444.34302902525235,405.93748042140146
1146.4200734068208,12.96350936731207,446.5939459216751,395.95722463933
1142.2955400657497,14.55771519787666,456.56356365235087,396.873056773357
1141.5704531580177,10.529230356412,446.41430676398795,399.5427383245227
1151.6966304804441,13.242061693709815,445.76405980786524,395.6386393827035
1145.3653154545154,11.820363760810835,451.639400236553,400.5009985127058
1147.1799217737835,9.03554088779299,444.14231641583103,404.4738061441768
1147.7743714724338,13.893199343153242,454.7890554439958,399.8303905827354
1136.1939464595132,19.549620713149324,477.54365380885537,386.12148663005985
1139.3702208080385,13.623531319035322,454.10313893761366,394.83436760270155
1151.5211740086836,14.176861856232108,449.98342612331487,401.3700728373067
1143.407307761325,11.236810155237464,447.9563438962968,401.3411491438106
1146.4732792758268,11.830751957376492,445.8719530718206,404.97535138510835
1144.5734509641097,8.839590047523814,445.0336076458781,395.946164423657
1147.5482441764439,7.641682390492065,437.8045412535023,412.8393944899327
1152.3220424851843,11.031238407191182,436.5403310335262,410.041930026633
1146.2577929970048,10.828765109620662,439.00056815148884,396.9844698299139
1151.3711461793803,15.361633509842562,435.63554103163233,398.39291898795364
1148.8650232398218,12.653978559739357,454.6178420794647,401.32038854366715
1145.428709531574,11.30259754811189,459.49907972282267,399.2511799694319
1151.3917143355275,10.643515735827293,451.4965417889129,398.4436571666829
1147.7882635943233,9.01691686449891,455.9903008745437,410.79381523774845
1152.8037351932317,10.785686378682925,447.46604523586086,406.99619106896887
1147.865042280843,14.55194964531239,443.34484192604396,400.5994921250109
1153.2721069167108,6.782488051741865,443.3560579979658,408.4749435671497
1150.2601903949032,9.910478173111699,446.15782702036097,408.5722018152844
1149.3641537258534,7.502139669108601,440.3757088048434,412.48423455658224
1150.2440130606815,13.962816672390375,449.6798193312317,397.76662774559355
1150.4811426120116,10.235452240417203,444.3955236166133,404.49608431203353
1149.3874693592074,7.9245393026182,438.6107824307652,406.43377346816067
1150.6138508747308,13.818860608933193,444.0341804661765,401.6048419054534
1150.5221350060278,7.763743352885342,440.34902113805657,407.5775426754582
1152.6453281844647,8.598650379475885,436.3484681241689,408.61650445199746
1149.7809720331252,11.027028729942685,447.5217186303297,403.3646058510395
1152.1989116375419,11.876015550481753,448.33727678990755,404.3398078698443
1153.19433543706,13.180440853829907,435.11192076365313,399.1708552279058
1158.903567691004,9.617089784938344,435.39295192557756,405.11243788858724
1151.2368940990596,8.230555008007741,444.0625727458213,404.1533542038263
1147.6367140290167,11.567721576979608,448.73189959346166,404.79341946102187
1147.215431731915,12.082413200288045,443.3939938957675,393.75688622128587
1155.2186457388634,12.119148314206313,435.8552068285446,402.2427222310825
1151.7176933613919,11.356020718086398,435.4346595936055,400.5651433461111
1159.9262741207094,6.345703556862446,436.9567001690086,405.53594125982676
1151.849908349039,8.806817281026838,451.09254477065525,406.4798758085335
1152.911434636211,8.216879300699475,451.4471483542088,403.857661073151
1146.0749986190258,7.812947537395331,459.643556622882,399.0605539352265
1149.6298828698755,13.49000770209858,452.1607200531113,405.92065137104976
1152.8009956907729,10.358012958837179,443.23271120413995,405.64999946704256
1149.7288234339785,6.8318734943054835,441.1988053979002,410.12586481477945
1150.9445802676291,11.830131778680595,442.82134371204893,401.3853767243454
1150.1973694618366,7.885537624761838,439.2385575908032,401.06705134544245
1160.6997626477948,10.769314915994244,435.90843939740813,411.1188796726275
1150.5471579984358,5.771356354937893,463.08501516017134,405.2496145737964
1142.1589112715046,9.99567206513828,458.21779390909705,401.60815158806355
1149.4299312175017,7.9116507046477125,439.02942462525095,403.97888999813085
1157.3298333548673,13.239895336248168,445.73413899360594,405.18616699595395
1143.8512658556926,12.25036753870745,446.93717979543925,405.40867509254105
1151.1319333319645,15.550741083315529,447.3942745113362,403.0391141330898
1156.6968169059044,9.94566616160165,439.7346140453401,409.9469593601772
1148.7200674054272,10.84115580798516,456.86334235523736,404.99974105893693
1141.431811911996,13.233219379295065,453.89214008288207,402.28788436365187
1149.5745165702845,10.307366675154071,454.05730442843844,400.1210385153786
1148.0926946439358,6.394339287632704,449.09908484586816,404.6659752391271
1151.86988188128,4.7937784508905,441.994491281314,415.97143367313606
1148.0049426355938,8.181905823661367,447.5704953326275,404.2539944057255
1146.927386442819,8.4112090272518,450.0784302211224,406.162398818106
1144.2487976992884,4.478528243451223,445.8239927185581,408.2064549571402
1152.4096503819856,11.500351961033175,444.46866071092165,418.6869335319068
1149.8174231423297,3.607062887595447,439.79715727645134,423.3702608015592
1147.1262545989562,7.589409982609595,432.56180896900594,416.9230799500933
1155.4078004691544,0.579392136316585,438.15033216014905,421.4827831216108
1145.577533205279,4.332528804452011,447.2863949123283,407.22298689995495
1150.6841121994682,12.548748150751976,434.3859339202612,411.6229199483939
1156.780173514505,8.927890781223084,437.72034086650115,415.66502485689864
1148.8684262414379,10.350350934889775,444.470569487573,408.4711032077428
1150.9088047254206,11.899839591964053,442.7243320886479,405.50689443842
1144.6017135652032,8.002952592636603,442.98382041005857,408.83130737796745
1156.4776727019662,7.175119551989951,437.7720601627731,416.0035791027092
1155.669671447406,11.200779395216898,440.37559112636717,402.9663831062645
1142.8025447999887,9.990161041302912,453.0022449067227,403.7493059978409
1150.7725892007536,8.910028899547314,433.86301469384716,405.71085546055986
1157.6655380280981,9.444190490451348,441.8261279306554,407.41098293544485
1142.9255148383609,9.41505100039737,461.1870822986274,406.24625181057775
1147.4166043359673,12.155380744727637,453.097311059504,401.2430075544522
1143.2328811320535,11.404477573696198,461.22759767070625,398.7081212560451
1146.3211983171254,4.797339946613903,449.7553371202041,409.5703852684566
1148.830046264275,2.503595989732389,444.80124931445846,418.4209311447018
1151.6388761853627,3.3110014665126073,441.77122018769273,419.07495718756456
1148.638524398521,5.239039762098201,441.4014381539405,414.54447934885656
1151.946297066184,10.006228653019974,433.1705501241008,408.08867939642755
1148.674872665072,10.45291029966603,447.00342217047154,408.6694405136178
1147.1687126702645,10.835130620389975,455.4213831388729,406.0894024927427
1148.4918873726162,10.36333328910311,464.1277201703373,407.8786532309466
1139.828939729266,7.922076943620482,460.00499667393456,405.6602796586419
1148.982641715241,13.478372148850838,436.5276593769219,405.207300576357
1155.0537394554908,1.9507867779653623,441.8698530310681,415.8726715185039
1147.0176303877754,5.2772726393569656,451.96342280322096,410.77342551533746
1146.474166497146,8.932961467968454,460.41070920324665,404.6732346342146
1147.2318516671796,7.052814580296371,451.7699796714659,412.8474863482594
1146.0765230762763,12.785083932810238,458.3482230919912,399.6885160361778
1151.3205148911923,7.693540868278973,443.1530058339108,406.02339037831655
1153.3536015552875,6.122384464652072,430.1842402855083,416.5314250287764
1157.252346443588,4.73399711696581,431.7336825838099,418.477871652161
1146.7699366231002,4.796067805148738,444.09061227030486,419.33082761448344
1157.3912375579725,9.491424442403115,437.77138491515666,403.0655515023118
1152.7561108962468,8.8834847984634,444.6880085119201,415.6964465867295
1151.3763433654758,10.042104911669611,442.00151925723594,413.67649197042795
1149.3411582646215,8.655827914994177,432.7163442118622,415.2576135876378
1154.3826414768462,9.80140035777481,427.671574022615,408.1743307224579
1160.1534351045375,9.071022743606676,435.1493203015139,411.4479130924724
1142.6613783040145,5.099089944866307,442.9177214185698,410.6394250590462
1154.5621636106162,6.283191254509404,437.3619114933347,413.88613081716346
1146.0785918650247,6.458850183792123,449.24735619219757,413.9294573738757
1148.3531059581956,9.961898345943325,436.16484424461703,404.13067550786155
1157.5006639498072,12.92703381303329,439.6516792012762,406.9387281804229
1138.9335517484624,8.548122985413897,456.97609433096926,404.41725957848337
1156.7803743492077,10.34507747587017,451.75601975064467,410.6381703658115
1145.6995149093086,10.943917323929611,450.20179968335606,404.1751260729273
1146.8303554061533,9.114249651510988,440.33375032085723,407.27729095202835
1153.5775846756455,9.650569157241847,437.3228932545954,408.43604870468846
1148.1873149930398,7.08915292367351,438.01543155931773,411.6192346188436
1156.2925860851708,8.49344655996046,440.23584184052754,415.29372192592626
1153.5265129404504,10.538170110780726,432.10025623477026,409.91065729829586
1155.6196228555496,8.00977855351627,438.52577009513,407.4589536138583
1159.6770356046072,6.574766060267962,430.71464176549364,418.51997337394266
1156.2455331530277,5.650999276252264,429.53534624257725,418.91689161858505
1156.2515521352245,-0.2718866151664656,434.2327835439188,423.5174599437379
1155.708102621953,4.3736777921207874,433.6063430144766,419.5936116572623
1151.032738081285,6.8410299461462785,439.8803315409897,412.475590132409
1154.8346017800786,12.220791288773881,449.89273953866336,406.83013783900896
1148.5674296776092,8.06861399964231,448.65028885483747,403.51169803049265
1155.7175492892902,10.471176208358742,430.10480584875813,418.5532606923648
1159.4556893215922,9.472034895451742,435.7818230604298,413.3896955989817
1151.7276899432336,8.781207403678678,440.45239508472116,408.06541894365347
1149.398630833075,10.893560010043245,449.5223617125297,402.2656542390449
1149.4960342853412,10.632209710538348,449.59650465576595,409.00757710235877
1153.7309309490483,10.385223973091371,447.58594147104986,406.07340691745054
1148.197649908346,9.244531701626727,456.9860006648614,406.3301591221844
1150.111883945606,9.731484398943195,443.26869666957816,401.1106069217133
1150.0706917576715,9.312308486209844,443.1079294206277,405.8930353009259
1151.576378690553,12.034588118231596,451.4265670487149,401.5380178896211
1147.4784214461217,17.631446415280493,458.3244626300608,390.8534443141744
1149.0557281956867,11.524204806638124,448.69581712879955,400.9676397860893
1155.2977559558258,11.37138897903938,454.6129323990982,404.5984220055893
1146.34218787687,11.186974338394606,463.4993098387638,398.5432359195837
1148.2659943905269,9.758933500199248,448.09816921562407,405.8229470173965
1148.721905819238,9.614997253729399,451.939228393816,403.5814790774538
1151.247188286395,7.801853708599083,447.6865530195263,405.8165839939537
1149.5162417946706,7.177673141268258,446.98922639869573,408.4717693926807
1150.7666784147088,7.107767597731396,445.98106143635243,409.69611690513057
1155.9493722739296,10.087839143166917,444.82400474787977,404.8933171826168
1145.9940518609935,11.832565690842841,461.1411391406442,400.38075299585
1152.1077821680647,6.979994204399333,452.60348346479793,406.6178010428886
1149.9734621347898,4.370452171129614,440.5084030280511,414.40612181040905
1148.6859198391778,9.560016742450813,451.18361806460746,399.6721525717794
1152.9301811150035,8.312051973968181,437.97143867938473,411.19616969918127
1155.9237242292518,9.197053196193025,433.5128651830563,404.27540017840874
1148.7840504019225,12.393876581701022,439.8745357416229,398.0936073720146
1159.9340833243452,13.875433092530642,436.88405423348786,408.4121933316511
1148.3595618540203,15.807190006547131,457.0356563397252,397.2851049550272
1153.374024907503,18.582342639026848,442.02780523056555,393.3472877836373
1152.1384115525238,17.658935504549675,450.87289241676433,390.65512864363427
1149.6348249255607,6.221764275853616,444.1523941303555,408.1466258746001
1155.2369402765667,7.661530205431063,446.3214883714034,406.4399237249312
1159.0277425088852,7.1263973024726965,449.4897591590595,405.4806639087408
1148.006153910127,10.745303619358225,452.438343920831,402.1048785673876
1150.7828378897348,8.277370413666858,446.4848329862674,406.0122164076138
1148.1477642283282,6.316514413596678,452.263508951115,411.6109849593248
1142.4876637063126,9.350131886164974,461.2500573983964,400.06451737931786
1147.918520393131,6.327626508017602,446.1468362543918,416.05699501204583
1151.626013847478,7.4049085646014134,434.9946759463592,413.80574247255623
1153.7664541072177,9.381831101322803,428.5448534508483,406.3014159793319
1156.562541108726,8.597919506333142,446.9822359301449,402.03259172903387
1144.0956131294631,8.490809116108665,467.4871831359607,403.44819138763467
1144.1385327558219,10.824261562273477,465.64401294197455,391.8592519134171
1146.6627598502657,11.386997305750327,456.2640059303713,399.9872002921505
1151.3249838947406,11.681294386083948,450.38669193148814,399.2241056037475
1142.706559260768,14.230460382704393,462.77862000063004,391.2234786844332
1146.4438073100368,4.621921064731566,449.71125853157514,411.559576341323
1153.2824831139833,9.06572766472621,431.4541556250402,403.98412875882104
1160.6603906309435,7.325492214392369,433.78823928023667,410.6850481836897
1155.4021319959734,5.770037725683466,432.8453458916151,409.60567540038176
1164.070173437853,9.43595034142507,435.4693735336272,404.32852203363257
1164.3045782898666,6.638858910109832,444.42754283995475,406.54850820072477
1173.5529715227617,6.384392588691156,440.3022070134414,408.7872965087539
1193.9827271417744,8.177973296883891,457.9866610464733,403.50986213604676
1205.6633625119541,11.747005762282043,466.4395983464816,402.6459853907435
1233.0808082551082,8.81297880532884,463.40653565863244,405.15680901808435
1256.0887486665529,6.88719894267274,470.34565970545304,407.4206752653467
1293.9713413918703,1.3245682683940174,466.5732543074699,414.1178318538356
1336.4805416659833,12.420365613209924,489.370975154318,403.3068487622666
1377.365237933692,3.036057151903435,496.5276578558824,412.6970294280832
