1850.5,818.5,61,107
1841.248338519077,820.9635848312839,72.23772789126815,100.73183904277275
1834.0974780218291,820.4151665492021,76.7780838732313,96.72950160119447
1824.5739934968515,819.0731880392524,80.89976744740676,101.4453331601708
1814.9640079194537,820.8418479324649,75.0533594626051,95.54904464280062
1814.3968739605734,822.3214338592755,66.32803002234223,92.05027785787847
1809.1854626325119,820.6588982989797,60.3443330183257,96.26835284898485
1800.1730608994717,820.4735757118082,58.5983929830279,94.56471646346112
1796.9559968648616,819.4494116009598,55.37571746489652,97.53332549843518
1791.3337464093886,819.235393858922,55.31209655909916,95.9588070364882
1785.116386708461,819.6331929758474,54.805249337055926,98.16075779535434
1780.0484856744367,818.0280213210624,54.894207586452126,97.83091754270225
1776.7695753172786,819.1210104700923,55.833160021835994,97.20395785298142
1771.663552748121,818.6018766613452,54.4944346109988,96.71888392227046
1767.661177722391,820.5913606097508,57.44541470086344,95.57611466698107
1765.562416824886,819.5390150337442,55.93356191345651,97.920341053699
1763.3531388726828,818.626695042747,54.426222736485634,98.13133454087715
1761.307226624776,817.2930135086289,53.228023940486146,99.1391902344116
1757.6492256927268,818.9935819289296,57.73579299989444,96.19434040976262
1757.958987345144,815.2956256757006,52.95657238605581,99.04364691985805
1753.7768056465595,817.232315160197,55.62601005609443,96.94616753047092
1752.9163829634183,815.9246614675175,56.771697873960676,95.73886805739713
1751.4330575207473,815.827556548547,57.61572112984834,95.04196747869514
1750.4250520001801,814.320151042804,57.54161089608767,96.26252719350734
1749.2944720310988,815.8204501375816,56.071772479673115,97.3977976944869
1747.238344015497,814.5837306287449,54.835603097240295,98.5725911512891
1745.2220726081548,813.9353971413361,54.83757143795799,100.3115978153696
1744.688059421886,811.7774654604247,53.51371147237746,102.48559615887031
1742.9493110067679,811.8155674993418,53.844505371608214,100.99372376269004
1740.9646947509311,813.4402784050915,55.336960824830854,100.31626647289707
1741.1356064945912,814.3186625683421,53.781465878455954,96.52065296957676
1738.9289263590676,813.7542271923245,51.87292140499396,100.71354646844293
1735.7479768335832,814.4685678610275,52.79806913097434,97.68373764704833
1732.7760244233039,814.0215690604202,53.95372052365814,96.84772910555702
1729.0277898858028,814.8051579820707,55.18298413384887,97.51834973790538
1727.9566291469473,814.044024277704,55.15202353353876,99.270054044578
1725.6292190944318,814.8831555965576,54.004706449078284,98.94367332027271
1724.1490226255437,814.5760999960235,54.094643322807585,99.0639595244598
1721.9334289371836,815.4565971563487,54.180660831636125,97.23237663124127
1719.2498386051338,814.1588646406552,53.80351114219774,98.8111379773753
1716.6777904217602,814.2794651778183,53.55613166762589,100.96011215690577
1714.497015676673,815.4580199659001,54.09758125916367,97.2524825959756
1710.9035393071151,815.317228404494,52.710634260315025,101.67498804357531
1708.0308906113873,814.941305668146,53.94799703914658,102.27479650021854
1706.557608425419,818.0430491076523,52.635181412957714,97.40482482961492
1703.0341127017905,815.9433603398699,52.118683512952025,98.17341780219846
1700.0993791614299,815.6204479471772,52.69941187554544,98.43089304339269
1696.9542921470702,817.0788841484675,53.34777784590642,97.31068499754353
1694.4167029719688,816.6124584507687,51.76267575889947,98.59457911706934
1691.3848052152741,819.1083678321498,51.89010417958367,99.38671810154035
1687.236699278474,818.242601337268,52.481739712378435,98.33333453914179
1684.731508431083,817.7643566400358,52.26873265701828,100.93297938271259
1682.3843613232589,817.7799551242881,51.095592652927216,100.26349312245614
1677.7407375966693,818.4257749853938,51.04895082210308,101.74218378773354
1673.5058879923756,818.7172398280892,51.117350351352336,106.78727985360568
1669.3221208920688,819.5784892646271,52.49891390928489,101.74623605897867
1666.5994485824829,819.7575548850299,51.130394038406294,104.30424982787898
1661.3525546490066,820.8108401854789,50.036095393299405,104.78379840931619
1657.5537026354182,820.4899614498399,52.05746860348286,104.87931165952511
1653.6190102134526,820.6745795715583,52.5974705000034,105.68337964032513
1647.3937282618813,820.795464190256,53.086438564190445,107.64242579482739
1643.9380183641044,822.3177929174759,52.3246376293849,109.11990035137845
1639.442941805527,823.8446977606659,51.63790481911863,104.94190348938568
1631.8302792240372,830.2446217159926,54.199761304298185,100.12398853476913
1627.578675714601,829.3160862813095,53.35003376700732,103.64284133391891
1623.7338051026813,829.2516654106569,53.30678332156438,101.01508135840412
1617.3827071044295,830.5239090227128,56.64993320298912,105.34749160633353
1608.3191402707428,835.741897515055,57.386120373399685,100.91381398038423
1605.5409541644135,837.2086151834136,55.86796471654198,101.96039561146056
1601.246043028195,838.1392860274259,54.74392249940717,104.32738927565062
1593.932155368528,840.5740638322869,55.11867356258429,102.30434092861134
1590.7636604210795,842.8741059250401,53.51279913949714,101.04608971039019
1588.0627505625253,842.1981663101843,50.42809497200272,104.83468903257118
1582.5369680823958,842.072501476777,50.43453850525074,107.74203750718682
1580.3149340493953,841.9301929900199,50.856001283433336,108.01587025413387
1576.7678878413171,842.3766923631885,51.61454492935485,108.41396876757881
1574.3775071773878,844.4800707437824,50.84928373692367,108.71109775859318
1572.7243178942786,846.2758847963668,49.86018803017562,109.36509163866486
1570.611638127148,848.8910769768506,50.92702913283387,105.07548887335281
1570.9786960609888,848.1683905399401,50.454481236145426,107.21858246145896
1568.3724516753878,848.639997041309,51.324175634176825,104.15218361497804
1567.7184151332708,850.0856704851726,51.63058104619806,106.41034151075608
1568.6463531481431,848.9316895274776,51.1650881080952,105.38176831078061
1567.9096937465015,851.6191758971792,51.6399937773803,104.47685547656013
1567.50714414422,850.7525211373895,53.60857502329577,104.41440880691036
1565.8001512464239,852.1213439782699,54.21714048611639,104.99209495571034
1566.4744453745639,852.0363814773934,54.434882049379084,108.43455264501611
1566.6563346759656,853.3846370193668,55.69973015891296,104.28917262852275
1567.6760884467271,851.1940498595836,53.59839850611067,110.61864242784344
1569.112497022905,850.6140212877485,51.54351249305088,112.11321878101415
1568.8577653655861,851.3218451379956,52.73554173723375,112.59183609832958
1568.9894755732762,853.5897199400091,52.688746386259645,106.6357332594753
1569.2911086285405,853.914421085444,50.85055664463001,109.13870950575223
1569.7428865309405,853.2464408033014,50.66015488303212,114.3130932060273
1568.8101829580417,856.1994188925883,50.90859440554314,109.46659365530115
1568.7944926024488,856.4470226654512,50.89456416194124,109.49904927946483
1567.8512687654934,855.912506814402,51.17867984019013,108.49791368563578
1567.4367231968788,856.3565883928495,52.56183815035986,109.14234461521312
1567.125357032906,860.1976809282065,52.17073532783802,111.77008668303084
1566.6463262358066,859.93025121578,50.16010418943684,111.76380485097907
1566.213978320112,862.2412673798567,49.11058032644679,113.88223850761817
1565.675925878056,865.9281942950846,51.20376872358419,109.61201233976612
1564.3835289073304,866.3402977301654,51.399147720226686,108.98334823596115
1563.2356950172668,866.6599318174804,51.93808608341959,110.00642943499881
1560.6751150402335,869.7373389344513,51.63967665541971,110.12562896308803
1560.062951807822,869.8655617047939,52.101368821767615,108.12353155827948
1559.151418482957,870.8417419521002,50.45903756225262,112.10927474188738
1558.2222506394223,871.3681965201403,50.00261016691118,114.02647746500745
1557.3195289987882,873.1182976366257,48.59001516393367,113.8322547478261
1556.8886113168517,872.8394976059291,49.169314631932465,115.05401991194509
1555.9311484347022,876.2774351382664,48.94030856574899,110.71676000725469
1555.1617583809868,878.4593632064082,49.35005483007979,111.48470907094838
1554.358387995609,882.0368125858861,49.32858389620857,105.26438820738197
1552.659151191306,881.2611378015993,49.49283647751906,102.69891487746429
1553.5340324713611,884.9855556066196,48.84143063987445,99.64852927419021
1551.5231244072686,885.1880453811124,49.14612229774896,101.3532830635431
1550.7188377980624,884.8784518051549,48.327226164374586,105.55838612686017
1550.2639197246062,890.3579287668524,48.845581937696366,105.50046067173264
1548.8423187442602,890.1264602030599,47.95390467355914,102.56508953548551
1550.0494401542762,892.2143688130134,46.55961524907649,104.39121495515954
1547.1701306417656,891.3496932249892,48.04977890516408,109.76590921708339
1545.0824117932145,890.8420458504346,47.55926737960907,112.61703634611578
1543.893510059449,891.9677712562892,47.16693665044811,111.46719556698973
1542.5002860141221,891.5534161444899,47.09941426853254,111.94031869274984
1541.5727436033746,895.0436183297996,47.511338377040204,108.54526240706608
1540.0304526920556,894.659628501978,47.12922188748431,108.71653672518826
1537.6081969568165,893.8258463500893,47.98084717404964,111.20388011356201
1537.8150927109348,895.5344810233624,47.15556494933409,111.33121651379741
1537.8177890246511,895.9057781448987,47.794163722821644,109.90425903303036
1535.3038046598926,895.3636586440088,48.674157510493515,109.86274787777046
1535.9529124209898,895.5511236066073,48.72146549181537,111.2434198683008
1535.193982070308,895.7972018030118,47.84158501514736,112.36169286153394
1534.4530820494972,896.3851785370085,48.88537347683624,108.7388408322682
1533.8545502599613,896.1711422231832,48.37255751052176,112.32748952708428
1530.6468194428762,896.0903942628245,50.09249332440633,113.25623983850767
1530.984765894991,899.8786379115286,49.915361736734226,112.27556382404417
1530.1036693716867,898.2030760961006,49.32733146982008,109.82335475550337
1529.0479573897933,901.0471370130736,49.59292871458819,109.38833828187501
1526.8303475582702,903.4160398639341,49.97888468357579,108.37929716140381
1526.4176152906484,903.3260733331163,50.72996935185374,111.74258567830918
1523.1581874426,905.3679310929051,52.22926373576247,112.41502396825999
1522.187529793364,902.5592465381404,51.34786810928726,113.59527884092543
1522.330907131757,907.1657445229306,52.066985073378405,106.48736387951111
1521.0950155637306,907.5065456856826,51.94260568594004,109.41708917739128
1520.1715293449397,906.5724321758527,51.618508359377444,111.18479893869447
1519.0919801954465,905.7225972402983,50.56731042872559,113.78232581312727
1517.3311971193327,908.602102745414,51.76506422894367,114.48983306776402
1520.2980753489257,909.903278932001,49.84833678070107,113.29354628740124
1519.3442750467052,910.868734263935,50.10583268534156,112.26650798733148
1520.076718709333,910.9539311051358,49.60344227414994,114.74922904229938
1520.909865757856,912.0771153160333,49.354282864323764,115.19810347548662
1521.2058463158908,912.3885088224239,48.49686773883612,117.45399727333846
1522.7431619883323,913.5574044396965,47.3779915077604,116.09879614700493
1522.2391247818457,913.5029629721442,47.69450435591895,117.39176202209782
1523.4278583443063,916.8979663372987,48.53561351266831,114.27871287451447
1522.8752828239537,917.7566511047245,48.04914089331129,114.97512450919521
1524.595866354131,919.0605346475334,47.25352380426045,113.61452609723455
1524.3101884763423,919.3446289579448,48.113009430310036,117.80201224070733
1525.8561775768715,918.1487749887908,48.17415605826818,117.64180633976632
1525.4538777477294,922.2206510703088,50.17768062893079,112.25427628437937
1525.1554431262941,925.0303137989806,50.52427816382643,112.84904901873841
1524.3343424789339,921.2046098536741,51.77774066752787,117.28201630249004
1525.9223249070037,923.6500011225953,51.986562670146775,115.93278419272546
1528.0223227710037,922.381684147889,50.926684467710324,115.24629835996427
1530.280407291378,927.025880695746,48.43901143858531,116.40164196687694
1530.9686673497501,929.8223787607277,50.212340595654084,110.9841596431073
1531.0231410690828,929.040394458142,50.51176686731375,116.18114311340977
1533.1171148554954,929.2578477092759,49.85735683336526,119.21229209449297
1532.1692321962612,929.4576019730346,52.121665464739785,120.89557915049231
1533.0663556996096,928.7609482094473,51.20428095033241,121.15729084881436
1532.7625730190357,931.564976202824,52.756518366387,116.89749030195028
1533.7279237167209,938.3134952919431,53.60298706893986,112.04959748190876
1534.6562435892463,937.0275546666678,53.75436118475506,113.88826867803216
1536.7330724889005,937.122811089811,51.621157380538065,117.86222223467053
1538.5776259870863,936.1817621971169,50.04608442701668,120.20154393710848
1538.4501945655256,937.5562662869597,51.49242063146569,119.46735792400469
1540.9248219720598,938.566997355495,50.60631878072502,121.03660689219151
1542.5485680114236,939.3367992164934,49.03580685188948,122.35235175330416
1542.4431969815685,940.8106997406436,50.28225513529423,120.10326883065665
1543.0523773882423,943.8305368717337,51.065646984467584,115.53020469897349
1545.5240452044366,942.9504291911887,48.91363409626308,118.3867672418748
1548.2559026431265,943.8102277216826,47.071311461142244,117.51685667765997
1547.5737504205783,945.4235337283327,46.529685221248535,118.11755826197852
1549.8630414909328,948.2478353727125,46.132330243792616,115.35314517291158
1549.9637878401668,950.0824352482077,47.769235658579724,111.17064031250516
1550.315019987936,953.7986930278595,47.354103539504635,112.28880659653557
1550.1025172424156,957.8090779365889,48.69514598616353,105.62612459584653
1550.8873082969985,957.5134851496732,47.53764116816227,105.66848122238015
1550.313565504419,961.3092133242986,49.18809687473542,100.71671096636678
1551.1218201909319,963.5571109300363,49.884278855787215,97.30643461326467
1551.935673224584,961.9380123963944,51.921311556008234,90.24039912150887
1552.3490289977358,962.6944665805087,52.767385591990745,93.52415210777833
1553.8305134232603,965.4112228914172,55.7055831190412,91.20830446842098
1558.6359765600703,961.2639630870979,55.31695541019724,92.68221531815244
1562.816778575619,961.0141791101147,54.26582877926086,94.51364860708351
1563.458948763283,960.4098602609839,53.935284827910046,99.20975142874258
1562.9844390154813,958.6401119156317,56.744174277037,99.04711926448027
1565.164738849363,959.3399238267687,57.96730581057414,99.14740830485607
1568.088028458976,953.8941438977197,54.73203693539335,105.28021653754713
1569.622853968461,954.4137392701354,55.62675585695999,106.33677191102542
1569.998504034531,954.0371402628201,58.56272277251916,105.34372480302883
1568.5260303347336,955.2292804191122,61.807190658217245,102.82890526936286
1567.0685255599221,953.9960471733779,64.06174122098165,103.61139147684648
1566.392551970509,956.6126257613369,66.78460525917235,101.78782453509162
1565.0416907462977,953.5826032885892,69.6413270796595,102.2009126968096
1563.202133124819,953.8927217788461,72.79329306274174,101.73093303823039
1563.039880224846,952.34521428816,74.26937597531636,101.06761603979838
1559.8205361078758,952.6756666705471,78.60950062069855,97.66106666518019
1564.0417200285247,953.2719667841999,76.51593278029871,100.5712592519088
1560.4846651272635,953.2352089765009,83.39028293397438,94.4647296491889
1571.9397463604653,954.3471221053109,73.67333225789292,100.26107303189447
1579.3345930367893,954.0828263162541,66.51937451293402,104.72722382048846
1578.4928412415327,950.8055417544668,66.54289092831796,104.71145434170053
1581.4326191171065,948.6476120487881,66.00012816401298,106.21644025486663
1584.2572207888677,946.9511668237723,63.176454014594256,106.75271459146556
1585.163126440187,946.3482444101926,64.62693870393323,104.3340650682936
1586.6762653613914,946.3363248592647,66.98366482963934,103.08434123229515
1587.802480467673,946.5644170433259,68.0438914719987,103.60048043333559
1588.8181004046442,947.6462160929196,70.07475708845108,98.50157716458035
1592.213530463071,947.7914243568792,69.4815709502096,100.51763797623722
1592.222682781777,947.4263979665392,71.76863810342562,96.51376437736846
1596.1959078996808,947.9833086291198,72.10613473298145,97.20415290366826
1599.5973152909155,949.548493019133,71.33196098680854,101.25767083329507
1603.6592061013214,948.9371763205212,69.44315870293114,99.96205768738673
1605.9150062629733,952.089844840521,72.79670633922692,97.53925579291003
1609.2622598620646,951.1601860990436,72.61639141674249,97.93826545195677
1612.5626877952861,950.745793356876,69.78071026451329,101.8049759084209
1616.4215780341435,950.6665373630003,68.1844807419962,102.1375151035261
1617.618911219456,949.9936809016166,67.89809907977242,102.47900295047806
1621.031805182645,949.2490389996588,67.89098749789565,105.29976625699675
1621.4613614768487,946.7540241354686,69.27269546272606,100.41931463521593
1620.545312348385,946.1426036914124,72.90091592803542,95.88818350471054
1622.6576972345604,944.7874307582983,71.7686118052444,94.00892780938175
1623.4095620465703,942.9619079426906,71.93112633778158,89.79978178007224
1626.1632697150942,941.6937177256038,71.29415696560294,88.50042299903441
1625.5958991765706,942.3915752505399,72.03449965972277,88.27029440115383
1626.1850305909397,941.6994218434104,72.02631791266168,89.23822785576557
1626.5445201959467,940.8291149125837,71.47649821902276,89.1991261124818
1626.8038976968953,941.6163673366425,72.85709456640504,88.82937640044372
1628.3684483956117,940.5103402526584,72.26549734408914,88.46278805994788
1628.6411310765843,937.5369857247002,71.16148471232171,90.79454850241882
1634.7063477039262,936.5470216101801,66.69732162789795,91.38332554482562
1636.7590775796807,934.765905830546,65.61731374982821,90.18312877036524
1637.611712447578,930.940262898579,64.70458853166544,90.9491666428326
1641.0388975892758,929.6286609169738,62.3855016377613,94.09828948513852
1642.7683243662616,928.4630226681959,60.10904894536756,88.28962030289674
1644.164629059913,927.2419192484961,59.66046225774552,89.0055579664083
1644.6585056619422,927.6140859083151,60.15790166963227,89.1268886080629
1645.045555825951,926.5653766437038,60.5274217059403,92.5086117737853
1644.0809372992144,926.0368843920319,61.449791377822365,90.62326413367234
1646.1236719768945,924.7844885093394,60.39765299584182,90.8937443027755
1644.5747752212428,924.5940139093594,61.43967112436814,87.23000674142139
1646.057487525741,923.6213916153615,62.04099039224653,89.22477936732147
1645.8668202780539,921.088240739629,60.496191880192505,90.691356836583
1640.4074874107494,917.4264964323402,65.93276887861019,84.23100363822363
1637.3366682432957,914.1499996521203,69.92240259420586,81.49003615470218
1638.2558706916816,914.523704664097,71.02448882434453,83.01173552075034
1636.0337702474612,911.52868573489,72.24102530249701,81.66195559493545
1636.778407282156,911.3780850135543,71.91763429935727,83.19406141198004
1638.6213405777391,911.8838418118326,70.38722512206931,84.18142830617026
1638.3891777275267,909.1588181725672,67.83346348072095,83.3742280174875
1638.405274809308,907.0069279632183,67.991161520088,89.05336956258365
1637.8494027154334,905.9122160022118,67.49798017405635,92.11895104329909
1637.0102862629838,906.007483158912,68.64592924315937,86.34136612129397
1636.0432873385332,904.9001493189279,67.84230150687837,84.5637478809861
1634.1729489195768,903.1343890999085,68.88262673243574,85.11592573220442
1634.0566060051617,903.7789589328254,67.62439132878222,83.85332350304859
1632.814440015756,900.9676775231138,69.12848452015331,82.38132461337915
1634.3868711378484,901.3013082189357,67.42042093286031,81.51480186253173
1634.7260827961773,896.620544242706,65.65240316463468,82.39182732183791
1635.9093135420187,895.7716901087721,64.42381654815044,82.4165270791507
1637.0479250406347,894.5042297468148,60.74873551650397,85.2044688019471
1639.5880554015007,892.3901372113535,58.15369977705734,85.97517044797462
1640.6981703631418,888.8055433063892,55.03652430058942,86.22881096139389
1642.252269482685,887.806338660306,52.545692900181024,85.20466953881102
1642.964112225312,887.9580552175642,49.37463742809923,90.2391231469075
1642.6050168819102,886.5462083159123,49.56790717331636,84.42344005466859
1641.7873017635982,887.3209517809192,50.696862179699934,85.957450305621
1638.5311378115587,885.7591469057581,54.67151775302429,84.32602174058954
1638.4633569964903,883.4103270569292,55.34339118146421,86.54288571477548
1637.5349746081724,883.4471835537503,56.23552995830458,84.09552626950463
1637.4050835670623,882.5358777223738,54.44553281998947,87.13628951643275
1637.275326110764,879.5846558954554,54.736400157729754,83.5281638271207
1635.7760295279268,878.4083982706238,57.66805065636482,79.3564187424984
1630.287633189739,877.2657518054417,60.579335659826924,78.26712338310168
1624.537529602764,873.529023645255,59.626262615578945,78.61065802325123
1612.464353378011,870.6333706151053,62.028857860016096,73.89737936278652
1596.1401912106157,866.0878104211123,61.80274957342239,73.49122815564358
1570.9923671615747,858.9263489826681,59.581294567211884,75.75119650102188
1548.1762518853832,853.7433519149954,59.94749936137886,73.73684038184426
1519.5132739615876,846.3158238566073,56.34050907652592,77.2597001139799
1493.5209010120482,839.7123652666322,52.575010893991134,78.43775000981645
1471.7961007620308,836.5482314849859,52.82007970648193,70.85334937636395
1450.6780940754204,834.7146139023253,49.54205698404663,72.9133508800965
1431.9451119239848,829.4684273009774,49.41696274940129,68.69996732081647
1419.9649378747145,827.0429738400098,45.44340520262959,70.52723001660786
1407.3639587714492,822.5428774105446,44.02655100079767,70.83069787594448
1397.8053438847278,821.5102080190039,45.78197050034786,71.20005140321533
1390.4234784571508,818.6058506411648,44.47309103557159,71.2112000368381
1384.2424684966254,814.1309396999811,46.73298106478515,68.1975185791192
1380.549858211631,815.6225229104864,47.71654953111968,68.86163878210883
1375.6107659354598,812.724222821834,49.52800438121392,66.9187001239624
1375.9978948747128,810.9636205263389,47.97060217037128,68.91289028738109
1373.6300529619364,810.8434808083966,47.8808369264498,70.4860145871915
1372.94010298103,807.9721678805064,45.99241061528385,72.31953916213966
1372.6786750452166,807.3677151293988,45.523386408989396,71.44125955637796
1373.1109912100803,807.1729568938914,43.94681302577136,77.83561450668891
1371.798511073749,806.7556882489389,44.48820334102108,75.45660418018576
1371.4884404831544,805.6101011661053,43.0240718660449,76.23026649774022
1371.6795221590146,806.0502168041905,43.4593291002127,77.60097465028478
1371.543931792679,803.8846356204293,42.33764119063857,79.75161304361619
1370.9218828915946,804.2800241636824,42.0057385580144,77.04273675516427
1370.3900292814847,804.1029434336566,42.81541646280948,78.37259545217779
1371.1615279259656,802.9695854728969,40.731397350681185,76.13281019394182
1370.4474781737108,801.270211086992,39.19179440425641,79.07410016771598
1371.1978919068858,799.2487130370266,38.70093663993995,78.40165053259355
1370.4190291895304,798.3063201563418,38.34062927067785,80.76458519169152
1368.4176247697803,796.7167780857095,39.76200018965439,80.4330873152183
1367.2587576148967,795.8712105578979,41.040397694164795,81.74541802969541
1366.3451885578622,794.7482181203184,42.267814836878394,74.69071592878461
1366.433384109507,793.5902275748248,40.85628675560169,78.13117200930562
1364.84871487772,792.7613620428604,41.751038799129326,78.98788185340575
1364.8473488447569,790.4230655534748,41.02003484880777,78.49956351160252
1363.1058162385177,792.1901168168445,41.93419872956117,76.83253446338998
1362.7754387836853,790.4628758627545,41.03433010840015,78.63667960657952
1361.8142125189916,791.3805748252765,40.86851781716472,78.52983600462531
1360.5139547833633,792.2787410145446,39.986682056413485,75.97328172077087
1359.946304450789,790.8566040777389,38.47015006736937,75.26643574496197
1359.4552292932635,788.4943970830091,38.336119008289614,77.221930972276
1359.1621684616991,787.5450783298801,39.005531040881635,78.28471542275399
1357.3517276662787,785.4465795646831,38.358174306930024,75.55289917055175
1356.310567312594,785.5873272690142,39.497740205283826,74.63224029246474
1355.1866506836534,786.1204582204721,39.01477649068736,73.96882268137745
1355.9874636218187,782.1863182274717,36.4750731623613,75.5180939115365
1355.2862876891256,782.4469041044472,36.58367277841276,72.2383103496951
1352.5487311972163,780.643468580994,38.291389645291034,76.24647995649829
1352.2765461222084,780.1600532503518,38.238996616866274,74.25194841092329
1352.3267842120017,780.2423998304319,37.041614501692074,77.38319199982422
1350.363591112712,778.9488127059528,37.99771278071696,73.38443863487053
1350.5015841228324,778.8092215914426,37.50342799418215,74.06617661818923
1349.611438214125,776.7462760664101,38.31493635471138,76.96704892949622
1347.7361728767519,775.9590405097972,38.38651658999705,79.48613022245321
1346.5367469409478,775.8453223175392,40.54002230889945,75.03429664100544
1346.1732782282736,775.1934360447126,39.68020147349348,78.22034618574799
1345.806564931486,775.1204853540806,39.2166369671022,72.9723332537361
1346.3179645493162,773.2946669583691,37.27010452485406,71.58132909246213
1346.370741822564,772.5931960298345,36.81839714444952,70.43471008443784
1346.1251320676192,769.7808061713574,35.06878753810744,72.37990883921096
1344.9864268908898,769.9411897369287,35.281851556626464,71.88258697911684
1345.285031596392,767.3196477816233,33.406819206583,73.32032002255447
1343.484495773615,767.2490553601076,36.49348801979025,69.50249290266868
1343.339424117601,767.733711467554,36.79650997189193,69.0113100285315
1342.479108471345,766.1179933595997,37.87193301321261,69.82717623683016
1341.7886445544568,765.6934915230744,39.051787270656035,69.5126039907574
1341.0131194991636,764.9441538694389,38.87733951593761,71.01033328944345
1339.4308900556912,764.4910615636529,39.80274569272658,68.51027471881287
1339.1688705900299,763.9692596469154,39.35478839522358,67.23296676158822
1338.987267176215,761.8355601268962,36.96039361298187,69.30244253351897
1339.4677540653624,760.9188585963745,36.49203577981831,73.36326110260856
1337.9031588070548,759.7529096156516,36.53390857144526,69.16094844861438
1335.2959867488933,758.043573974764,38.34157047163562,70.15522388070889
1335.1464185863524,757.2179787035603,37.93503045831866,71.04022759392844
1334.1191026874733,755.585238269932,37.194985329262366,69.13073610369509
1333.209100492528,753.8672003075415,36.4518792341951,69.15860491221538
1332.8340917279,752.0616383622581,35.964241390962805,68.87882431107019
1331.6854433165815,751.5622877093069,37.29140071658211,66.33279194640647
1331.4029539341652,749.0055019537438,35.26693383749348,69.7553843384121
1330.164446494422,747.8382118162679,35.1199603075155,72.74441323631805
1328.9004839386562,745.5090982435537,36.747888544626875,71.54318600986772
1328.013723163111,746.2484807322426,36.39004322971013,70.85610756309379
1328.1034407577154,745.0336263893132,36.06916678515738,67.87964471138565
1326.0546274965302,746.123626259062,36.64247732277844,68.11664920753236
1325.319046756628,744.2536792196023,36.33109272407094,67.72462205533814
1325.47800042184,743.854878473308,36.351519624057985,68.17579416232505
1323.747873787811,743.0954917220218,36.203168953631504,69.98643838805222
1323.662731181346,742.2892430399958,36.651530036571984,65.91531260669636
1323.182705949322,742.2287261869488,36.220390440196084,65.88848019267748
1321.3570407029104,739.8346489297797,35.05197771001971,65.9995951353414
1322.9167940067882,740.4316790772928,33.56299863887965,67.39789611384887
1321.6929417949318,741.395567880407,34.23831670683741,61.3867273068424
1322.046022077711,738.1220583119122,33.03794226289283,62.414127771667744
1320.684589704058,739.2662336717688,32.02440891624562,60.66748702925186
1320.4367198339978,736.2185088830024,31.538974708813605,62.27137411722768
1318.410015823667,735.5831147036365,33.84807540298117,60.96713949236323
1317.5027330917053,732.5074338292213,32.132174161620625,60.4375018418231
1315.7832278631176,731.0528587448355,33.99161628409227,60.01579822125729
1315.976363243045,728.8040636134075,34.66656581876061,61.69083652670592
1314.4616288085354,727.0910587292883,33.172764476991844,65.39763783659214
1313.5377270717615,728.5602512146739,33.083838391811895,63.018197132797226
1312.8580181468724,726.9483070466212,33.81801438553616,64.13012491591704
1310.2894033994492,726.2311295771926,34.637519830953245,63.700165790968086
1310.7967036201937,725.3909977971867,32.77874833356848,66.47544132543926
1310.824220928009,724.5159656628982,31.13579301495899,69.45434248379036
1308.3853896973608,725.6918058532733,33.471733948717954,64.28971112770715
1306.4140906649668,724.5879252390214,35.060607653375705,63.834924216357535
1307.7862634737335,722.9117225051702,33.271925878022685,65.8597100420985
1306.0234627460059,722.8434716616013,34.82578261839616,64.89467492307452
1305.037115305106,723.2052205465612,36.83525687855665,62.72147861733259
1303.1209144124928,721.0397063010427,37.5294751456667,60.7888154684655
1301.2135137227276,721.3096749092306,39.01741795353523,58.276710078988955
1302.8483242280188,722.2299758846458,36.743675330491875,59.56470050628335
1303.8185752690251,720.5525703393457,35.0990803249972,59.50322625250294
1301.5829857065974,720.9798013515497,35.84648026543135,59.11612422141317
1301.4161907144792,721.7814885689346,34.271553460430745,60.83096168379166
1298.6542217891315,721.8315459926455,35.55086420966742,57.87536265685036
1300.0248911781453,723.3966739374076,37.15885905949661,55.909312596955566
1300.5808352176182,723.4162279488606,38.71195374473889,53.564225045355954
1299.6341554681064,722.9700391112661,37.53719598231428,55.717624284949096
1299.0721235922636,724.7710500104607,35.45425507541288,59.19817661326125
1300.6563003805306,723.2408415414685,35.60303718823871,60.513773916861894
1298.9421766775336,722.5059354623666,34.68360292817971,62.4670301519016
1300.9590940916112,722.2196567553929,37.361364487644146,59.74312735406904
1299.4992611019552,723.4727528931041,37.80227677393448,58.90130774670035
1299.2828974532156,723.3522891535595,38.73525160693922,58.40866107143176
1297.3013120486255,725.1025360924741,40.95215793783059,56.2515944935532
1294.1182647223088,725.9243287824311,40.833065878148744,56.40847172616033
1296.4802438349968,722.4466434654748,38.65860111090579,58.67308883487752
1298.9981881215072,721.8765403969834,37.853926755183835,57.675070449859035
1297.8619318257076,722.0971236132733,37.39694888600563,57.40473681116809
1294.2025242245265,725.5092069197435,39.42694155645105,53.321190591249646
1300.2637730016972,729.286320498367,35.72091927366616,56.98833966446384
1299.1718251002194,730.382120470006,36.11186364007237,58.68611987582773
1299.2144385734325,730.6543572668297,37.37945007915272,57.68297706393891
1300.8882772540342,730.9614297997374,35.48230830326587,60.11990776474191
1298.1117162744695,730.331122614781,38.05042702924968,56.08495339211929
1299.375885198425,733.8774499885918,36.24053729982389,58.96994696863135
1299.7882338494287,733.7231957946306,35.85102759200464,57.55281621225767
1299.4561103308286,733.8640636029226,34.73757845662989,59.486679880292485
1300.352706564705,735.2456906915888,33.75837261878252,62.892916830090876
1301.4271039700914,734.8676317265515,32.84505100464031,63.623951399176704
1302.2420554339749,735.5527537806934,32.39699586492023,64.15135967922981
1304.414305876167,735.5903681019112,32.44365850430697,63.51979032573716
1267.7038903227271,759.8630802451602,33.37240165131231,64.2081061061011
1266.0827369750562,766.1425743690743,32.8595551847961,65.09579680787859
1271.0033585492542,769.260916874509,32.4767199695907,66.06389814922483
1276.6445874949186,773.0860681203992,31.678130470891563,67.40693539485551
1282.4071749405928,776.4755517689786,31.48817789897969,68.142368202064
1287.4285780728187,768.5670327983926,31.872190775199005,68.0526075232375
1293.393638392664,776.8545516487364,32.19292753887089,69.79443604200944
1298.0047912164628,797.7831779076051,32.51540992459404,70.5561126730624
1299.8971767882754,844.3190062505397,32.923021809509336,71.88917120164032
1302.3998558447527,888.2908919638909,32.94109720129559,74.57234916742881
1310.7261452910725,886.5654046736074,32.637708330912204,77.27768272173817
1320.4212337881843,869.7630667094007,32.81185555824716,77.90914234821896
1326.4487815462976,903.9464176772511,32.189200140585044,82.52722648758144
1330.125213041522,925.4024712786581,33.37965087202774,82.70951317284207
1339.1169900256336,929.6716588244292,33.30216954945356,84.31906267680438
1347.2086049888283,935.4273979559135,33.62666727845004,86.23111373793863
1352.6480589998137,969.8036737847056,33.71180008953577,90.46995645085562
1360.1041443365223,983.141010912806,34.051192189460906,93.33446898867203
1363.8267534404658,990.1841359330292,35.70173640932454,92.00591257393496
1373.3567597382355,991.6104723405401,37.78049540925409,88.86878544969886
1383.332993317804,990.5984021475722,37.37916840489287,88.33490784291784
1389.1681225965954,989.7006465219911,37.96210257031373,87.7094794570657
1399.1190046848333,988.0468500489536,38.64269946250597,88.15640711826305
1406.7357638659323,995.4748144147665,39.19799727937464,86.29238688095728
1411.4334427062008,993.2684226992271,39.51136215057722,86.26905807784027
1414.9757205033636,998.630976015008,39.583153061854944,84.60808682162585
1408.9564276426918,1001.52767504358,41.31617462159792,81.35098919429161
1402.7675863253196,997.3375748012237,42.249366131736664,81.02780735540017
1397.8840010101285,1005.0131577100983,43.34496478998567,77.65776762863784
1388.3257545512663,1004.5117137390771,42.18738616061837,77.4833562708978
1379.0787581270788,1000.1385716408074,41.36155565952685,78.12323660409264
1354.3147319438294,1005.1068491217507,40.819582318250944,76.5426999650362
1329.802163609537,1003.2853584149268,41.05247562461516,75.75606946494965
1309.100627557051,1001.8774130238985,41.03121898332057,76.20083323424296
1275.0648518111961,1003.4456059950388,40.69243360724994,75.36861865979454
1242.8369378360267,1005.0391951851122,40.1776009451833,74.62226135408487
1218.5734964918995,993.5223749081736,37.555157701958834,78.98386168951082
1181.8376867689412,998.9939927343037,38.117169238380114,78.80946397102807
1158.836024558875,983.0716878618754,37.114750320583845,82.0274932238206
1132.5081416082362,988.3370881673476,36.89179065600788,83.59226007393833
1112.175978411953,990.8326931946629,36.66314645612604,84.66646933652737
1092.2623006129102,971.5639201092235,36.599684515160014,87.39273534194658
1082.3761148106282,989.7817384171402,36.15732111677751,88.36544842155838
1073.4260909349284,972.1560601284898,36.05615029260945,89.62439794910473
1067.1683084317826,954.5909672510425,36.120750080761496,89.92658913549667
1071.5704690591851,923.7293091912497,36.28118645133681,90.00039875887518
1062.7809379965397,949.1627854478119,36.511570358484114,90.50936055273223
1054.8323519689238,980.0938582103162,36.954761803207205,90.35675492051872
1048.0089164741576,991.1668348997746,38.04601999417398,89.91295932086948
1001.4803760351014,1011.5344384812074,41.501315262704246,86.69040695114661
1003.9826715664746,1009.2147669421835,42.998611614267396,85.37415332993059
1010.9429326117576,1006.3082906532944,45.089653652799555,83.91242948188227
1000.7420502660009,1002.8377787621283,46.959494879426565,82.62784672900425
1007.6132500569751,998.1319364251771,48.20697361846057,82.06889739340548
1034.5087656768937,992.2837401958332,49.56526696859572,81.99822159298625
1003.1244833423913,1008.6662886735211,52.86721370094451,80.0693820432046
1048.6575343047323,958.6062044441622,52.8217098700436,82.10262090777364
1056.157252698037,907.2988925373799,52.40360389943543,83.56265795255905
1042.8872958773752,932.1809339314502,51.275455410210256,85.17567467941768
1029.054783154068,969.4357915300674,50.30994721014926,87.37614261062382
1016.1894696130477,927.1955054793378,50.020427971072735,89.14234256757418
989.5658293145575,966.3572588742799,48.246083413733885,93.28182172394347
975.907728077354,928.6839991606457,47.63219146543234,96.32368866310338
948.6689031128444,959.6884548711294,47.33135756250879,97.59708269902201
934.3080654737132,913.0152984644784,47.47799445620305,99.69835144208193
920.2994734696871,887.9685556118136,47.53053224236237,100.21340850120066
905.0691990631218,871.8764035650499,47.724140210095655,100.6545021833814
889.6828536402097,894.7757633941369,47.59951046805616,100.46912191469819
878.4823642092094,882.8959848471612,47.17697887792254,101.17206993915073
875.1487364215437,866.9829145137448,47.67866863596379,100.85207002538499
868.2566148248039,887.5841854931089,47.50684940832044,102.11096386206482
862.7376204340474,877.5814429773733,47.202296590781415,102.23402941261357
856.9600765276032,888.2080823487697,46.710625597232436,102.40719630073698
860.9824273717851,875.6859170729571,47.49161357778468,101.78830592185297
857.1502426607977,878.8409933991089,47.55898588570177,102.09227693043594
853.8412682444142,886.5311945800646,47.12237381269502,102.4148626072703
858.6430148030075,874.5633177033357,47.54677008534981,102.24827979673523
854.360643246966,879.769621948299,47.39872415330303,102.3328969639778
855.7887027697303,902.9332444531074,47.596503839918704,102.73099004758184
851.868893578211,891.367944440903,47.29706143390275,103.01588378732187
857.8757925916232,879.4116194982772,47.500093634418114,102.98827659338392
853.545339286568,896.4972011889236,47.50290760394852,102.77553867725874
856.9032280602687,882.3125101137487,47.86826884112267,102.31986268079245
854.4106111643395,889.7170122301309,47.7616879215916,102.31522628273062
858.0871135226837,881.1488891277968,47.9747645336631,102.5924239510417
854.85593607891,886.1312983565623,47.74241767460434,102.80262447322986
857.0415209056141,907.2719441706254,47.82859833077028,103.73101197166608
852.821505619452,888.9146066375783,47.94209113624312,103.44766093519814
858.6291893426413,880.2935099775849,48.589843631725074,103.21099487499964
848.9722804967387,904.4868463640441,48.640576186427886,103.06814594507706
855.6356976395498,885.264086178535,48.972840353788996,103.52848554651266
849.118167710556,912.575432438592,48.40832224037168,104.36749499140278
847.5316461727506,916.1685010962293,47.97251640194674,105.37625276504089
851.9052305568881,898.0891974872874,48.27459249437296,105.1073543133823
848.2947852230232,903.7785429511686,48.629560345031834,104.72121165286003
844.9818868319609,915.7416395428892,48.56965069228449,105.10086445310542
849.3352757677956,905.9936623318622,49.03685957183809,104.62929269875617
842.7986815020769,932.276381986894,48.8333329140607,104.85412749851886
838.5381264454354,917.327687258343,49.23820152024412,104.65610367510492
836.2699074974709,959.3842158463972,48.70606631780765,106.02172747830713
832.691295402816,952.0693500063466,48.46628627471257,107.04060846542964
840.1728585294875,937.4094621794176,48.44719496351138,107.6823804684461
833.9038655519001,965.9034769781815,48.47324608833816,107.7454464793872
831.2151785583092,957.2157435827368,48.646339731188746,108.12312824306468
828.2013126754068,951.1049217449008,48.71106038611327,109.06502935194385
826.5120705612899,965.215460389049,48.86853127029474,109.24284232010149
826.7264000186331,954.3642627848488,49.273179861867334,110.15780339775462
825.1777279712683,969.3094310153774,48.780104728327736,110.26960375565058
823.0049711686705,967.4039379309825,48.70500375207895,110.23931236805187
822.4047283863783,965.9215300779214,48.487287058970836,110.368901561981
822.045478840724,973.2042800191681,48.092120146223664,109.53426823378062
820.7358106715542,977.5662403149314,48.22078100170371,107.6393013997815
820.8361280536099,979.9029251824585,48.230516356940356,104.89743429852373
818.8038294443929,980.8476269779135,48.599523702728376,102.75249245544373
817.23731154472,984.5019762610352,49.464319389344,100.37960735912208
820.0844036947378,988.3295350247079,50.74754190493161,97.09246799359279
818.9119306774553,989.9011936182891,51.47448226487931,94.47070790189196
816.9053613542669,995.3981966038388,53.62422102923511,90.09897295529095
