868.5,474.5,74,50
863.2746075730531,479.13554311754854,81.03128752864522,46.13152058676218
853.0792026610453,480.28172087052985,89.31276691688505,45.833733926845646
846.1288541797103,482.35925348446654,96.22382423912666,46.68696316408363
838.5155320718537,484.54740909824415,100.55593863388914,46.56356408736319
832.2818753304256,483.51983058422474,95.71751978683707,49.86182812986776
832.4787551462272,488.2714765100693,95.71888773903373,47.912432759879295
829.0598979073255,490.65403171263375,92.84090089103702,47.2614306252912
824.6799917908055,490.12090695990713,91.11743277586177,53.52097827371551
818.0922410327544,490.3332314953876,94.38705051347179,58.03171525107886
810.8231196287685,491.0621242215626,99.39894959406726,58.8843930326741
813.6549243313402,488.7774428847648,90.83300479003542,63.76076613293597
801.8429956609571,494.2912301333261,98.20015663281936,61.24926102464755
804.940193001812,490.8280422799741,90.17933692316312,67.02236327113029
798.0842396983498,493.06785401187005,85.01017278321014,68.69560464070065
792.4796095405416,502.2758387571743,86.63356146124428,62.59081036197638
781.225689457344,510.3172803112243,96.53445082863308,55.551454591598244
769.2406078418659,509.7251758838961,97.41817396089044,54.440258228533104
764.6892664023823,519.9753947264805,102.05640255157942,46.36938567250097
759.0897715746557,525.2120485258974,102.86346994681776,44.18900031798382
752.8197180817189,529.1432583407432,105.63947653286507,42.98172942990351
749.0028863453488,528.8753422524788,98.72685322537194,48.6774383084863
741.7105295387349,531.9612388614381,102.04250906618452,50.915744818123414
735.983011543731,533.0145738615536,99.58300946871424,55.1991272418993
731.7895922607128,535.009005520965,96.70151748646252,57.140136245861655
719.7858808044546,538.56053691283,107.37542962206759,54.61771795552794
710.573741082111,545.9857303526398,116.16264613779926,48.2922049206548
700.7852585387844,549.495145942962,118.67749545880548,49.83175492767172
696.9328539127347,553.7342224340772,115.98524090813389,49.03827481314475
688.9778600214249,554.2549724879557,116.32302805546414,53.97331350454325
684.7200866334565,554.8215819049386,112.48690666331092,57.708129707105606
673.5032609675372,564.8589670681791,112.94700208614188,49.94423910289319
664.5305160366753,567.5139469214881,118.18406448986045,50.432703140845064
656.2901858707901,575.0277662779488,110.4291207558015,47.66710645827568
649.1943337535612,579.9188591736445,111.6133171515161,47.66374597727935
639.2973653158617,579.4375896879199,112.92005115391851,51.87637146908197
630.2147943269102,582.4775791838288,109.24586351424742,56.34943619792982
621.6131716948107,585.2241334309725,109.05546424205328,57.87364887501586
612.1115932416923,590.9640920108701,118.05088373629857,56.19785753030992
604.6428945656287,594.5723491400289,115.75320357149548,57.965933980325474
590.5864850092817,597.3968197911729,126.45075473627331,58.701083004175224
583.0922064923107,599.8812874269187,124.93049325458217,63.227047000953206
569.7761397967668,602.6810722508019,124.86566480886442,66.4549832103449
562.9249346581666,605.464024722265,119.23232446660631,68.74571388010925
546.9960368556937,610.6269442066696,124.83443689940299,67.64071757002645
539.6774501249315,613.0483395813817,111.06113657315267,72.9809709833982
527.724945378265,617.3685830854234,106.8199801698432,73.84569626814852
515.4097371630021,626.287183383913,103.37189694581966,72.16128302234861
501.1150321722298,629.1401425657527,102.81136046603632,72.590537642112
485.60406460731394,643.6000343212766,111.56768771584615,65.85360168862667
474.54143322094455,653.5050963577556,120.14394992263055,62.05961705033221
457.13141142174356,655.7361313417052,120.1835092037175,65.34365030322539
445.09235656814326,660.8309708815608,113.24869771033417,70.02407657723114
427.4246702699415,670.7746465773878,117.11624959867967,67.39153948135419
413.5537165292987,681.2822837787921,117.61967250520296,64.30322282860182
395.8438036318473,689.3113698188102,117.59678057158027,63.759081005428726
377.1427612068035,698.9235433763057,124.5856760879362,60.29722275856692
357.5995615082358,706.229959773113,130.22515016557125,59.341419262294394
340.2239182764183,716.9269546560126,138.68240438515232,57.28069154485619
322.8817490773071,721.9702630956753,136.3528310521518,61.06592262630907
305.5850879097832,730.3281879635662,137.3152543147497,63.158440318003784
286.2309346651532,737.7997126126471,143.01423028106018,62.98218302465752
261.67445063999844,748.1638010211542,149.05293197616268,60.16295152821617
240.87654176323326,756.1758446735,147.1029013383676,64.18447987814469
219.88193842543964,765.0794187444448,146.9592644866687,66.65617567465706
198.54602506579977,775.0945786345799,149.71383904531478,66.27149309733937
176.0547838298958,784.1530723001937,149.0838710965346,67.92877553562074
154.19205024556658,791.908247768856,146.09452202190027,72.62551191030235
132.57450077248592,802.6357797180133,148.19836877145332,71.2275755087436
114.2646791965549,810.7330877332947,147.05225601675042,72.12163293858738
107.42999113028428,819.7029085505998,155.26236936467936,70.50139208069666
103.51102475711903,824.7729582376711,157.7715350789619,73.79200630770002
104.27312743721927,828.9975607197232,159.2347163337592,76.33534739163275
118.28127329446968,830.5860854110767,152.28234126791466,80.19626948593114
129.94162001455612,835.0779606212309,150.9958181220135,78.62533321267561
155.86945064770782,837.0022452744306,153.35413131096482,79.28979395952899
185.89797987432968,832.4737445603882,143.18022623932302,81.91194845527363
207.1124933420686,837.7410701159293,147.6643358127451,77.38894344638132
236.59177996119632,837.7780341107288,145.9064633760187,73.64589367619939
268.4437708484187,837.8786946671909,143.66895517438047,71.17668666111425
292.04506203933374,836.7058873993622,131.3902848301604,76.81183457687487
327.41772908377504,834.7895885501547,123.49701849292879,78.09560854091905
354.55974265186626,833.8587783676694,120.67582669508201,76.27414704033131
382.7193381707804,832.4229711287172,116.1403247762869,75.41292273402065
415.44398727252604,831.0274828993439,108.59264359891108,77.74482563913489
435.30481436787,826.982262436394,100.74152443755288,79.48291747635547
469.16598746397347,822.4977975264482,98.55781925884138,78.01103900120671
488.73377909746375,824.3120797788085,95.82598925859651,76.28024860396128
514.3871818503071,820.889746656313,91.12209093396136,76.63373128519984
543.0754075041203,818.9712440240914,90.0384986969014,74.5882304322901
560.5972977604441,813.1775235471916,89.28399952465152,73.43512256825704
587.1874360625931,815.989088701024,89.74309829387646,72.30347582987031
613.0061685328267,805.9402723637344,87.53048061241086,73.15578580975861
627.0108472653898,798.8320616458745,86.00808895770018,74.68340554209108
645.2160215762714,800.3949756995156,81.2774545345273,80.02500694004111
674.4959546359889,796.3351494205757,82.94940029350416,82.05030424231403
709.2873140664249,781.4864903978539,90.57177596709447,74.48594371886043
721.8683461725876,783.0251586439249,92.93122688364915,72.73303021428995
748.5145154217957,771.6186975334754,95.82083928897832,71.91927610328375
746.6107435508119,783.3874588239771,93.87244832901499,74.48965518309532
761.4775669700565,785.7449313716434,95.09045784016357,75.36185944775787
771.0697429508683,774.4086570154518,93.42706722342582,77.71447705854538
766.9502774537259,770.18734399763,94.09531837853308,76.55332729121648
762.9264278589379,775.1129194938615,98.18767169751521,74.19623295114972
770.4432531471746,770.690384423828,103.99102263333191,68.89321944385047
740.9819918604741,772.7527829028849,106.34595992518302,69.00369413722683
721.5281825776156,767.0499872494079,104.49832061627885,71.16760259767987
715.6090707743905,762.3806131100623,107.71468022769469,70.43808624721612
680.7009321098748,770.4932451274284,110.77635530792016,69.72530828734261
664.1885885457432,776.65397670026,113.31490021531386,68.73239124254773
648.3739822431163,757.5718309214536,115.83462910178,67.83664062614147
613.9164281349359,760.5064958525361,117.52366833029322,67.7254188004342
595.4840657139636,759.9180455037678,119.45252435872243,67.8587272828655
575.6860498971521,748.4989832447977,123.93267688252797,64.81831262585627
537.9980443475218,755.1048340557453,126.56185852745966,63.73309749050749
510.0208987468739,754.4095291072151,127.44327176771056,63.13420279437983
550.6506610167921,741.3418887999577,131.8259659356709,61.11445918479297
555.1340816471003,742.0342439267455,136.6647659273208,60.14586217273231
530.9994420521152,729.3097472225858,140.87718276463795,61.420999481679374
556.5270448313078,735.8037151538385,134.52098156724796,67.9219260894858
553.9216124215947,728.8412186199382,125.38630971682346,75.99340112435583
552.485631173892,722.2091136832003,115.59835873468771,84.37581213670671
551.030881153241,712.9953160652447,104.00586374666312,94.04859898953113
550.344545270113,707.9511052883834,94.04578712497971,101.9698215832193
544.4135775579623,703.5811903886632,88.39481560743071,105.86261226664763
553.6951864078062,695.5797962666232,85.27305784122346,108.79287244576798
536.2030379076778,699.4114102538222,88.58769561731769,105.82317326909808
550.8971083423812,691.3059658458807,87.40608090353851,106.10106119971184
565.5293068909946,680.8540875858336,91.61841707743534,100.2033182306873
573.4918912975405,684.7168808816566,93.94300910685544,97.30393329360159
584.0124921376383,673.6899579375473,94.03833493371263,95.99668358157412
595.2430074655484,666.6667119354705,94.43466174427226,94.16196873583489
607.3577886024282,663.3981065976583,93.93450442679344,93.03447604000866
625.3882410734788,658.7823802576484,94.19510004697015,91.82708450821853
627.9349947335935,649.7034941139086,96.82364812652348,90.17798640157294
665.6480225489427,641.9425661109854,96.67039554796919,88.98580241801845
689.3124921833065,635.9722598314457,95.84326180246477,87.98197181367813
697.0501307779215,636.7578436659215,97.48196579464164,85.9971795838249
703.9481370602717,628.1810387458365,101.1936373541825,83.76215873873846
664.913432242761,614.5312282243534,109.9113429351194,76.61921380925236
682.1642968272057,617.1039337294169,115.93043625026262,72.70367506072442
711.9917237014092,609.9299448718492,122.0632271020146,68.07149275950533
742.3756203693198,606.0585693346304,128.32553407231876,63.94360721532388
769.6598592693365,604.4414315097544,136.40545637043695,61.22224537037991
798.1338740025124,601.0221807659499,144.244914616249,59.08080068450212
816.885456111971,597.5109209615578,148.3628833431774,58.96365605541651
848.211882871316,596.4747755583735,150.40652725217873,60.14152218384662
878.011957935335,590.5228762590634,153.6028280521665,61.16536800007035
901.5102283792312,584.0763080690291,153.6152922746868,63.465059590936136
930.3441370438891,579.7892424363259,156.52110165012994,63.28489342505462
955.55953404422,574.085724167372,155.944361113983,65.27902336094743
985.4462100801212,566.3102740135058,153.4889378192118,68.63951833578102
1016.7821800687835,562.1872671070352,153.57577782370183,69.4708474146148
1042.476376378142,556.8444783777527,150.89386246410692,70.42793312439683
1069.5074251784663,558.3696700806465,147.62437771427903,71.76699329760788
1102.209393480818,557.1179024079947,146.41045935984013,71.83752741368833
1131.5913150084725,553.3308474208336,144.0300844112919,72.78338198501343
1168.122785505499,548.6810117568905,144.14780790925403,72.9059507444332
1197.694858275307,547.5637229837679,143.7385140548728,73.59891828375233
1231.7938428464338,549.321533195581,142.6706632972932,74.4901158855152
1270.3334605070295,542.294815530498,138.40642362464988,76.82561211342656
1295.622766725953,542.6270867464882,139.48979560269618,75.76164789850611
1323.5516221363139,543.4450920909235,138.97122486722049,75.81650001517235
1345.1768354675805,536.1326108994988,137.7602084749176,76.36862270433966
1367.0026914788614,539.6541260575947,134.76873439371224,77.09834746755055
1383.2543086280484,534.3639302398549,133.3748748573697,77.41957176480713
1391.0177043707297,529.5962683859349,135.0857879963161,76.30885054934551
1394.4721650175222,532.8067726393634,134.27171032694255,75.53279824819697
1400.6601928976327,527.9198626990064,137.6880893674813,73.85353963518656
1382.1366007631989,519.880642971258,140.97961775676373,73.02602020232906
1393.806557401443,516.3772855204262,140.5005060705087,75.18544793835693
1367.5541039951295,509.6876583948244,142.2429794259302,76.1665518310734
1364.0604543786812,512.0731459244197,143.51292250337406,77.13026699377161
1315.192124732385,489.30480935094414,150.13589713134468,76.44839413091412
1345.0065045525307,494.8712326698537,151.9473529957318,77.78661559800773
1354.867244617144,490.7280819929106,156.18792955961146,77.22098676378533
1310.880216382066,481.4530618864464,163.43557134746356,78.88441242863259
1294.7013569402018,482.41056228897367,165.733290509013,81.24700550049124
1262.79865840869,465.6728320325544,166.61745831666315,83.28351958809957
1250.4679277962694,460.74496739907806,165.68285005395185,86.88364451453045
1257.1167180550137,456.84847444893626,166.6665471203515,90.2707376736854
1241.393373602966,444.6717022521757,161.56689587529027,96.17001560848715
1247.0971377763292,447.81555730626917,163.89164503391038,94.83684352541482
1254.6244568991447,446.889089688131,168.12336613389286,95.67371934555302
1238.2380605993071,448.11156606227,177.08126037452908,90.73108914368345
1208.1679089971478,437.2402580924608,176.79865694259644,91.30975884550074
1216.5285789948841,436.78184838450807,178.81612145928642,92.36079291328403
1204.3748967634392,428.54072950429537,176.31049545566745,94.85187318569831
1209.323766742413,432.391562855626,180.4094309245624,94.1545916226975
1193.2661447152273,426.9347590776138,179.78849962297647,94.75592057052559
1195.7170236703264,425.8770910092846,181.32821874146796,95.31011979085814
1188.8231791863116,423.3022245598279,180.49494984202133,97.22651187512173
1191.6197456173463,425.478236475936,182.5715161599904,94.26293777811401
1192.5332155837777,424.8081896443071,183.7036438168759,92.78174075211086
1181.163958373654,424.4634326539718,183.56071341521817,90.91527911946199
1195.27654612369,431.66029403473414,187.47685652665464,88.91634982634648
1173.8008143493653,429.0818602632016,189.5800577024321,87.2665024633666
1185.92535656593,429.9638326993278,194.27317533052994,86.51075812058367
1191.4053292472538,428.4011765372422,199.04155931933667,86.30145021064342
1206.8206981592632,430.1442913446311,203.4550507419077,87.7211936202599
1228.7033131879025,433.5590390026035,209.84663245065298,86.41554687455574
1234.7394208519834,434.0028144987605,218.23330997784052,84.58194058939284
1193.478948792349,431.61588330953333,223.71490536110616,84.35654894238564
1161.2895764947991,425.652285683405,228.72024993584526,84.75403445865317
1118.8524983885584,408.0386632711841,226.517519388323,85.85051008747351
1125.3592027534723,413.8223257884832,225.52822896441342,87.44007401486806
1108.5253643052406,403.5006988664247,224.23382108695245,87.68744966486649
1099.1329143841685,246.16358040910546,225.7724479561807,88.89578070932501
1083.9099618359446,227.5950890763216,224.9364198624842,90.9697145509595
1104.9955075931048,228.68377113953926,227.87221948879986,92.16141030254906
1133.703001488978,220.83497785011136,231.88810098833238,93.28834010728683
1117.80146258483,211.95288750844924,231.78408099460776,95.04871162354979
1098.9862564783466,223.72676172911298,232.95785320429508,96.14912494777923
1083.1124244654138,229.0128444750645,237.21837133400015,96.62096399181331
1113.8365913534087,222.26743816399656,244.45625005337934,97.78320777685299
1081.1146594768682,229.50227224509618,247.81195279397065,98.73333682475487
1056.4594812947223,216.70358825423057,250.24213261254656,99.5097454360135
1084.3761988602598,224.74502051974156,254.7300146544614,99.02304785860994
1076.3906615505207,227.94621690422167,255.35180497273205,99.9302571387175
1070.507680285827,215.71015326390994,255.6893281200463,101.49091708598732
1065.4904698704224,218.00768145715404,258.3345916632098,101.40863303789936
1094.6231576517823,222.94225211035038,262.4802431477264,101.62322247238983
1071.445839720353,230.41119085781403,262.7103906148151,103.89220893642192
1048.4335907845962,210.5998994745212,259.58036690074573,107.74307798460387
1071.675642887167,218.00526103610503,263.78374968576594,107.70786064941706
1092.062084130128,221.7230217629674,265.6914020164788,110.01270989506295
1064.192544732064,222.79350106055142,269.3769642571218,110.91021316542734
1045.5744584764454,208.25129905798764,269.0269573174643,114.0022857465631
1063.0075046655952,215.39648075191133,274.13531224317234,114.2498826138104
1081.920876910494,217.83233195547058,276.7552136675968,115.86800386812102
1049.4987594923527,216.92403259335288,282.9597416547254,115.51438574519123
1014.1162925116349,198.0413712195726,287.34167085530885,116.34503674423233
1061.1091318715607,217.6555578619231,286.1565417006067,118.59550270161367
1046.2183552126726,204.68149665335017,288.887949422829,118.51737061014396
1069.10682409206,212.7165513093167,291.513704035204,119.78819774245157
1055.6966942561262,215.0499149631117,292.69701760981025,121.41595145041984
1043.7248054632596,204.2877120986871,294.85043658783087,121.90893521424333
1060.603487736688,209.06134059967115,300.11062748942777,123.74457222073615
1083.9201826368815,214.19544647503542,303.0141469428536,124.7699698379899
1049.8283698409048,221.32538346720946,302.3477421718266,133.9633801263801
1079.1417749299233,204.51214473552074,304.2060243458877,133.11274953953614
1053.0624452195138,209.33609272559212,311.1363709262349,128.82425237278363
1021.1723439177877,194.5410087714419,312.0593463937085,132.39282837130384
1065.9907104968306,207.2546199815117,313.2479764190755,131.84849239040653
1038.7061216534169,212.19262377266415,314.3845202506045,133.88254026457412
1037.4508915455942,201.29849923307447,313.56699208488845,134.10751295899144
1011.1087530273767,205.18643790869422,314.8783428257139,138.10309660624517
1036.5851735598217,207.65939562487267,320.28838195626275,138.27008336831565
1068.4620064018677,213.5681693573004,322.3161206330682,141.1655962854935
1032.2027603653291,215.91281018008414,324.0706108839604,143.39111316225376
1024.3742002189035,196.4965219271627,326.54363372346427,143.51423321363325
1038.4522798166936,199.04163625776204,328.609938275418,145.82845914527957
1069.6289076732476,201.52051692672606,333.9104798946865,144.333591798104
1032.061488112015,207.79221620661605,334.80647960878457,147.50599772130408
1008.8730331913097,192.34583423624167,338.0184512079266,148.42816465938878
1044.6262436963732,205.01163741245514,339.7511484329883,149.5336505890205
1013.1979736573844,206.11568494253862,340.9424607378836,151.80761583590171
1044.1015963963466,207.94318188391546,342.7691837623044,153.58827472222112
1027.4078753244617,191.9106707825606,346.08146644435544,154.9959451135029
1052.489260018084,197.76190315030053,345.4045292327194,157.97153103002375
1029.3488528087012,200.57808359099033,347.7179666355497,156.06302571447316
1007.0993229127876,185.84126010205503,350.5816415583523,155.79246645571726
1000.2260122084286,196.36408007961248,348.0724984142914,158.66698478583947
995.323474690797,178.41600590086563,350.82002153525315,157.4524904067223
991.3731407388943,190.2569045879393,351.52575867379335,159.68502789813297
1072.843912656119,198.1287215963203,350.0369157217915,162.7483164385925
989.4764263447055,202.011418759587,355.5962643084572,160.60352693262985
980.7162856690381,209.18183748165416,355.8774053942153,161.58408243842769
932.2664295288994,181.74555477606685,360.0065146609903,160.47513889658237
976.6973297592061,193.30562579391136,362.9403056169211,159.6854162828449
910.5353221417372,203.64949792340644,364.2398988225218,160.5064215303225
923.8055320132135,208.25912004639002,363.9993077716285,163.82946767939993
838.4846819894678,179.9392624492445,372.19695001861817,162.20361034514744
874.7984011114136,196.78487613361963,373.578820188735,164.83049008290408
818.1413410693596,175.23866003783797,377.0998015703338,165.66222765071743
843.7711230929622,190.77655720715325,385.3089316561363,163.8596089593933
854.735419190639,198.20153891257075,385.3911975358884,165.76986450411712
817.7424757273741,180.81978775488685,386.9269139335854,163.42121916661762
837.3832168453007,186.74268710569166,388.6829908433441,165.92479962694807
793.6901218397662,197.71529857533739,388.3255292020188,168.09050130038432
764.2620836099821,173.269557341102,386.2382926867663,170.17255498350931
740.0292832241798,186.88928470902516,391.8388878918123,171.41160369543186
837.328823626385,193.27852623727674,390.3850438154535,174.82494970761212
797.7666018577721,194.94100898747882,389.9905406397909,175.95451980227074
749.8494732987155,197.78349206796707,395.80585080979336,175.3665701113422
792.2624102846709,186.22388440520803,399.97148249626485,175.57476527403034
749.3282914744177,194.0692847706057,399.4031927489249,176.94134997378032
795.1853681221719,197.34115946298405,401.9278644499201,178.4149481156216
