1315.5,760.5,51,146
1316.1063705497947,766.1148116874084,54.91091025620543,142.5379341628007
1316.4474998047383,772.9047639547081,57.87908115986434,141.61611007412102
1317.6814652080536,767.1451731509899,57.91463053414539,144.6699285668666
1318.9004955386176,772.890370753862,58.663903115962285,149.46169471619152
1314.0437306405556,766.8293266365858,59.21938684378729,152.50105433448164
1319.9124699094134,771.0174242653802,60.74872879430332,154.08481429164732
1318.0130595805458,766.44559525526,61.21495792326176,154.79255996184276
1323.9496499112747,771.0709153281401,61.92502525129754,157.09756160319233
1321.381740216771,762.9234436943908,61.849709794999484,159.79197464316445
1328.6214775770509,773.9923107570761,62.31208353614397,165.4126831954692
1330.9503524971703,764.1820736307054,62.97993865581063,170.2334246027346
1335.0345552684018,775.9215289274545,64.57693968572559,172.74617722228237
1334.2511884570997,774.9897239328088,64.85613793074346,175.89948814731486
1337.7659506904295,781.7348444020273,65.37997335402122,177.43220976458912
1339.8979120311221,787.3572296217758,67.39222453467396,175.23073197984138
1340.3763686560435,775.9089299886601,67.49023185607311,179.58174134382725
1341.5059583022864,790.0157744483022,67.82226925119105,181.932172605581
1342.8065739418505,781.9402642759605,68.33894545789279,184.61431405812294
1344.3181662290126,792.7018369610555,69.60390607005209,185.6975866178252
1342.7535135749781,797.3617967554271,71.36436213215946,186.23409251983446
1345.3945723317406,792.3754199871281,71.39209044146274,188.49206143401153
1343.9134541954747,792.1490282653978,71.0274823887775,197.5552484560497
1347.7795415489204,789.2315319165717,72.03855865763546,199.1029100073111
1348.8323830111422,793.8549158865212,72.20490219580509,201.47176562117593
1349.077481317223,784.3685859231939,72.63602844045347,205.51314813440877
1353.0761896613117,788.8066668489884,72.51699432526542,212.59683422500353
1343.1587764157766,781.7046727045265,75.88075072426071,213.7957866383365
1349.7397406326545,777.55029996814,76.0134486826103,216.65442357237046
1353.466611364743,786.3901671482088,76.27832070352477,220.68907043916568
1355.2330476722557,790.3402311344619,76.73893569322304,224.27116135173503
1356.0890455144738,777.5902785797512,75.53466040857265,233.31305738028584
1348.1294029862872,763.4850104314203,78.59569614023101,233.6615701491553
1354.5969073941656,783.3275408818292,77.07802992356854,244.84724377199746
1353.8049666785398,789.8569561620949,77.53716032071472,253.91917660624932
1347.028049501435,773.6025036060491,80.35297355969402,257.26985771889156
1351.7908362314981,778.9603264930545,80.01540445036454,264.7569238421428
1345.0201562394461,773.5202229859601,82.65317273861785,268.45036271575907
1352.3356902523392,778.8461467872995,83.61112329379574,271.5502851079423
1340.2846064630503,756.5318579901043,87.05522200893512,276.7849701936467
1333.134342767242,740.2915723108086,91.11748803237892,289.0140906213487
1329.0692364234008,728.7669099992172,95.52349213374248,299.44177507247866
1332.907368123805,738.858147195149,96.80484536712851,313.36908143247734
1323.3970574386974,726.9350886208339,102.53888538170176,323.99521286695904
1313.4494806779971,721.6977269468787,107.75437353737833,335.01103787857005
1321.6422079129427,718.5513007370756,109.94108483320642,339.93636083980203
1298.5032751417116,713.9522581261622,120.83640676891312,342.1873626491829
1310.0181111126358,727.5454897784199,124.74108720998458,334.2972360512358
1276.4687122266523,716.211197142636,134.49736908340049,333.8457768367157
1275.86261997257,724.5546754138154,134.87134911500527,330.08504642040793
1243.1735165366917,728.6367008193725,146.87451991972165,329.2868533107647
1261.7550952434203,724.0140148813188,155.9982757803523,321.2419536588271
1243.4207087872487,722.0806416439739,155.46151603881995,327.7720519364219
1247.59424552424,728.3135032545908,158.8619261459167,329.34779647212497
1261.2881135576265,722.0228825071412,154.16059664102076,329.1580254517071
1271.1233789028738,726.0050854878682,144.6163340525111,327.290019980638
1259.3847963590556,724.5429804655242,149.89952763295128,318.56375741477797
1275.3249914827802,734.6746446094274,140.7462616025707,317.6236686417914
1272.7278539054369,723.3044962223896,137.1659049482841,320.9674802150772
1289.3693569646505,732.6748061167075,133.04134153220514,316.2437592274829
1283.5722575906548,727.7342821246987,132.59638246076764,315.20271271152694
1293.7657355688816,733.5471968108315,131.7448914214918,314.3137924349415
1268.4160829394539,725.9972886215269,142.06286585908114,308.20532164332474
1284.6610239956105,732.2476784049669,133.34590077415206,318.38662735088815
1264.2413354218754,729.0193071305803,148.97587567985636,305.7392374716642
1260.5371685743153,732.0598726003698,136.55117166809748,313.7399566938292
1270.013901342717,729.9544945935172,145.10262509417626,305.5450821358405
1268.7530931909469,737.432988576777,146.01479765526543,306.4679479747757
1250.8904078385472,730.5939996550468,154.88033883142157,301.54722882198
1234.979288675922,730.9050172055001,155.4507892018927,313.3936143903585
1252.9099093470006,719.9121999587867,143.555753566127,328.5055652368293
1259.3980613772992,726.4211843796554,138.0845529342808,325.03377960869665
1266.9731269057988,730.0033536720425,133.38549600775383,324.47255316731935
1269.235267167496,736.3811398384574,134.93430777819415,317.3108258853393
1248.8880439965492,736.8900605863053,146.98522942390912,310.08297368432704
1251.6349466142408,737.861779501857,149.03450293420167,306.4065086888096
1256.8062666094281,740.3378511151179,145.55993287625313,306.9076275948404
1248.5091593628285,737.5490773757931,144.9179787979228,308.57681117402547
1260.3984231661216,739.8320884224321,136.07354859650275,311.8374073331272
1249.5344232584296,738.3122968251661,140.36640572649938,304.5880979688134
1262.740047447715,753.032956270946,137.68190656858582,301.95914848969915
1257.2718008734116,745.0321981608911,137.20737142499672,298.7661037128163
1265.4269902366186,746.2503268184385,133.30646162878992,304.656153085456
1261.2717160108416,744.1616021367909,139.83630009065615,298.428215126797
1264.4846392673765,753.2294118554289,139.8003989995221,297.82860047181134
1259.5852609836516,746.5945446943084,138.57643289854718,298.2167833060576
1268.2203690441288,748.8929028627863,133.79733625147188,303.7773786849595
1257.7119324634418,748.1457124170308,133.4097811059471,301.4208028456411
1254.9418326960913,736.6655853866367,128.11362116102487,303.09784180517227
1248.2352516467695,733.5928474681721,127.92113859977952,309.18526808881677
1263.2392673891968,744.1309414940351,126.36116688996475,307.6737984219502
1251.2342688469762,736.2905154761218,130.04211803815951,304.71694734181415
1246.1888345775058,734.9854913648715,128.35964172011248,293.45834099910587
1249.0754605571924,744.1585098382075,124.19235299390182,294.5332877201498
1243.6472212362637,745.4791020826299,124.44142385553073,295.5012848499049
1251.7145930761258,745.5502627982648,124.63890130926752,297.12623973775646
1258.479855528179,758.4879719876128,126.1574516240578,291.24990206502105
1248.9205085004387,750.5139992038746,129.7346922039135,290.008778081036
1261.8849452077461,769.6531834524692,135.16851041460563,281.3350897300286
1247.5405995201866,758.1464385662418,138.912900336022,276.25498977900025
1269.415486501256,777.1575534241426,131.39870000888808,279.6103623990499
1253.0116769432555,768.4172424298804,135.18227331408718,273.7850553844915
1265.8974881892234,781.6726367265994,129.94544160945142,274.41942050923365
1257.8065790529395,780.8108335547086,127.21314156858011,272.5436610337613
1272.327221824768,781.923646951059,118.14759298580728,275.7743039295576
1256.2506496910873,772.5915503320653,119.34458623875034,275.0322965992098
1250.1296563376436,763.2757569045357,122.17152188213987,278.36303919344255
1257.1708367491842,770.4682802443134,117.05836087500076,283.6612269230498
1244.0028779689285,759.1011052218329,121.72101033188315,279.72467251107815
1249.5554181307834,761.3302991540736,119.28864448879759,287.3146310541544
1240.158142102047,754.3187147345873,121.16599902193346,292.4223070999495
1230.876724098329,747.2128719467588,125.1895271492276,294.38186501764375
1235.3377796559785,746.9380927164318,122.90953552926602,302.477013030991
1227.0002860630962,739.3514800398078,123.58951940692255,304.23920350449725
1233.3654702429453,735.8529615829708,117.26117754503747,311.1951156310449
1223.4206685259528,731.9946705121391,119.63326276705965,313.85723597136
1230.880747552931,733.8511079573565,117.82051098255738,313.1055282448712
1223.1884982805327,731.7040885927596,118.18508953091771,307.7636479063747
1227.2132319990346,736.7764587333356,113.1159396069645,307.15975549309485
1221.7255736618577,724.2196045545968,114.07117321982062,310.8192923271234
1224.262499568273,729.9971090228255,111.87416438834063,310.5863641358737
1217.798055407808,738.165387560088,109.86171024875804,311.5171928904798
1218.2045352806122,722.9476803238006,107.0292855787491,303.7742322413128
1225.0590620447438,750.0383886196685,106.532559393811,292.654753529142
1221.1722455957436,750.4575997484067,104.23293516083814,289.2304100869941
1219.5489663301796,751.4490950344272,102.81510309031691,289.3362801347721
1225.292007546483,761.1538101642927,97.57592543543211,291.537947995187
1218.3523455551024,758.164708680042,98.23745728143261,289.44576727469007
1213.1181994849699,753.0744571686257,100.4363843054993,285.77413735798007
1209.3616327462985,750.1463186149477,101.7419090077023,284.9421080935553
1217.347435935697,758.1215876826567,99.80882142340917,286.65573025668255
1212.208010168632,757.1125707267267,100.92076371029103,287.987091474967
1209.9010222104093,763.6810705759533,99.87077553294179,290.4380585255275
1214.979826391867,767.9349618997019,98.20729768574512,295.5832049584959
1210.4384920005923,760.030851372279,97.41932183398725,290.34310762596675
1216.6160421879367,769.2479739590747,93.00196032482921,291.7716682672169
1204.5858399322872,762.363894276066,94.93475637047493,285.785792875678
1203.359201804844,773.2556717100215,93.10899458710884,281.30193964845137
1209.461479902081,766.3131820469874,96.7345300729954,273.51875007830245
1197.5072642944813,768.2609592585484,96.93771612573474,269.5417657658349
1208.276380776365,758.5070356658795,98.02247496089501,267.63506533831725
1204.2980761290692,755.6666104973633,101.15079913892707,258.91343619292013
1196.0652770476177,766.7225461035431,102.70395972790038,257.908967101423
1194.12653091706,779.183608806884,101.13879522921152,255.29581750280255
1202.312390843455,772.4840181561033,104.5445055681377,248.65843090779373
1195.98158560234,767.9620187039549,106.40764544376646,243.8317538188915
1187.632426972728,785.1045103502298,105.93061134809165,246.41877871319994
1197.902268726838,767.4033366523013,111.6561386897773,246.10535440855267
1182.6490620340041,768.4353845359599,115.73586678477344,239.95251952459628
1191.1250553395041,765.8380357727629,121.0995100280988,234.65546559166944
1179.2019289712498,780.1590909807438,123.26344123462835,237.14189622938488
1186.4142812345565,776.2237106399656,125.98319109806744,237.97651597803778
1177.140425263272,782.0076432738518,122.00469141421445,240.5782043604395
1186.060157185102,770.8948826282991,121.76379006379577,246.10260398759672
1184.8279528040682,774.351256740254,120.66218254556549,249.39033208149456
1183.7885414204018,771.8553920554901,123.41508293111417,248.99427856623907
1181.1902331060533,773.169467717388,127.61054652747248,246.53001643487397
1180.8239805907317,775.5087356351852,127.25464284157786,248.79367686081247
1180.5755074971646,772.6574032747397,126.9768352118582,249.84456378712517
1163.1583492443929,761.5168904024666,135.20539315399435,245.34351290194604
1168.1550823066757,762.9173614331776,136.78470905504767,247.5332082524481
1159.6108980430001,749.4261834296234,135.87780855597623,249.26582735744734
1171.978474331271,758.9676032720561,127.67323438781193,265.62869931350326
1151.9540236499179,750.8393554312797,138.51512097688115,266.8325002053935
1160.8093347036788,754.7165535843426,131.44558645084481,273.8205603234292
1158.4713730971507,760.8067796390985,128.3841118218457,271.04530200504
1160.6068053433876,756.8808254330869,125.68636619587724,279.67703521442576
1157.740169926686,760.2858890206373,127.55008612844009,274.7847024950045
1113.119840639362,766.2672567360639,145.93587846664195,267.97640093957295
1127.8566532981824,758.6661968107564,147.5168816230913,271.19779119403216
1134.4209380937607,767.1993940955836,143.64199689818042,272.8972737049091
1143.6211002489251,743.468446835147,139.60455974259483,277.1462756653558
1125.6968663713055,752.9972798998424,149.56608068299687,274.6691104939964
1121.1789604773885,753.2906819860923,149.4727541634481,276.64300393557
1118.5795425364379,754.9678597690245,148.6727159311543,275.8429446352337
1126.941724775179,755.6476244753088,143.6880649275302,275.78277649626096
1124.6621182782249,755.4334532398068,141.74986666100045,273.39571012548083
1139.9261403985747,754.2473185196416,132.83905038807134,279.39225835630987
1098.8682546211164,755.3704380024078,149.76837778456886,277.6773826419129
1110.46760125469,741.0746405643763,151.5537887192823,275.4574155574594
1109.9297447229133,737.0803606643034,151.21771751524767,273.7295016087215
1116.0360500686863,742.6584489096283,144.5963685830667,278.19363825363854
1057.1705625123413,754.2596324813823,160.7206991950606,272.62275311911117
1022.5267455313731,771.3140136050397,169.61610787310144,271.64297653729193
1033.082793063826,758.0444407944511,182.67688752204245,264.0008217025115
1020.3998035928676,772.744548202013,180.86870913060363,263.9648496301021
1028.988206230742,761.6045778499608,184.31539671976606,265.45374554965656
1016.8596643494575,768.7982826407132,182.75737297765124,265.61526829404846
1005.1144960264751,768.9269694336112,176.7344719936109,265.86479835202533
1023.4269881217762,757.8841069591051,175.9643254136557,261.66548936038987
1003.7029734498769,776.694687652639,181.95997350387,264.11290112802965
1012.1793236589045,760.4547178285883,191.21738010270633,260.34010029057043
980.478256761327,770.4391724936863,197.14174625179237,261.2446583290572
1009.1825685084559,751.2818403345789,196.59617135468625,254.0820774633774
1012.8248250775936,756.8060660475358,202.16151628037613,252.59826778041838
995.8416366252625,756.7548793642452,205.8808322901773,257.44108922967416
1003.8055030037839,747.7254313712043,204.67297415212192,257.12713690818083
995.4237610259829,757.1768495464879,202.09827163931135,262.61221293865816
999.5392100456127,739.889018237372,204.6003033904213,260.66529579577946
982.8977533457111,759.7505955123949,207.50282539291064,263.93396363783836
999.4563055977633,742.5360315530759,207.09038638532832,267.36298449971866
972.9481190728904,763.9946449332507,206.67751752431883,268.7692255117657
942.0618523709829,783.9162583215185,211.730589460477,266.98305100986516
972.2104943487171,762.7463352790032,215.40214203775278,265.6098680528303
938.5091300848801,778.7277362224452,224.51090105658847,261.37032973620364
798.4222446407341,736.4626428032859,234.6080684073738,253.4397372209163
888.5632184403999,780.0323758412474,244.97693329028206,248.27274171472087
767.9769669092984,746.0685398804195,257.01831071314564,239.76657348895475
764.3755712213471,750.4605900514953,272.16893030986074,229.49106178170257
771.0477531125739,769.4553304195132,282.8695375066783,223.13370739353013
727.5996777511598,743.4425336626655,285.48950556331147,222.57398063560632
742.6897110810182,779.9862607686991,287.5592801478348,221.53473080682238
758.486294027082,765.1527917482381,287.92605890423243,221.8438675473063
778.5389876850193,796.719883044759,293.1702819633326,220.97062271868518
704.8147035069449,744.7457712010277,291.6393622079047,220.79827684502808
727.9968923712424,779.5676423983671,294.06760819047815,220.2099393152412
740.6989618890586,754.2442898311026,298.87246577135505,220.57872376138556
790.3967152048838,787.1480350742227,302.81001046529343,222.60462494755947
741.3090670928668,769.450761290605,301.0547264639983,224.65068857348408
716.7166429853226,805.8844418334805,299.3567599563446,225.78968765178624
687.674947564622,745.9173820305439,300.95818906278953,224.45296043758398
733.6265101515044,783.6004223036076,297.47698808856427,226.56346074089168
709.5747907666207,748.0362637571395,295.74109645123497,227.36178017377614
738.1367854031183,788.0424853756557,292.76232626357574,231.45784931941097
706.2099813725488,769.8165746504135,288.1318376707323,233.14844568222273
731.4308533978782,764.0740740256165,286.8578803572653,237.3700560512957
741.6834958846317,770.8875444791711,288.1279106631833,240.5055909478693
722.7139577687299,743.1449008966994,283.97815588391757,243.56079808067466
765.9226395831159,780.9660411891713,293.19145332693006,244.28960648336738
721.2012306420465,754.2109369075197,292.29763139298956,245.88814350803014
742.4658312502047,745.8043454014926,300.8276764294211,248.8607176229491
708.5045564586603,735.118332341799,298.0248468698784,252.59923140630107
725.0200205257414,728.8143289154821,299.2253144410046,255.79966498788326
699.0515209357721,761.3703790791329,294.7636253234155,258.25452182429717
684.2004543164087,719.3948487736318,293.0770726464082,259.5130136787649
722.0433095785856,727.8268471117698,291.0606960048359,262.50784376897326
705.0511095936081,758.1545740221321,288.6416357600516,263.0825693137285
690.7592877502063,723.0120176880496,287.46193654507005,263.8875776509653
732.429679527864,726.2477523465992,293.9784659261851,263.9619963663011
706.8333308620561,727.9804691559277,286.07822424051426,266.5170616415615
722.8791784308348,728.8623000168111,278.3795317864907,272.57042129085426
699.9748843205258,727.9694265361184,269.75778561178805,277.6363912647306
723.6454729621664,722.2206836205612,267.79135770224747,279.39835122382584
720.285261382149,755.7065076085598,264.38608366049493,275.8719871080607
700.6369844105586,736.748236608924,260.5964558721075,276.17665558186536
717.1633490941051,723.1234820839128,261.19499427860933,278.9218598648651
704.2928844247176,758.9091836533073,250.33145358346275,284.54599164754165
580.2927441631147,925.3544649956252,250.92825396545354,288.4054421812911
797.0130411845862,935.2459480820702,255.64432724483189,289.50810383585963
606.9946659039884,935.0379290593958,258.50913829231536,289.9241418812084
826.9362787501229,934.6013145699585,263.1623343149346,290.7973708600829
1060.6220032717474,933.7473391222749,265.42990243920457,292.50532175545027
1285.5313830548332,931.8134739322277,271.65070064653867,296.3730521355447
1512.878237923835,930.4952434275071,276.57027597426895,299.00951314498576
1739.2343463604986,929.0614527469626,280.7120629404061,301.8770945060748
1772.5154850081924,928.8900407711274,279.519891258316,302.21991845774534
1781.6593053818876,932.1071365990834,276.6813892362246,295.78572680183316
1782.869491517547,934.9334997872922,274.2610169649063,290.1330004254156
1784.367941329834,937.8879364899454,271.26411734033206,284.2241270201091
1785.4917082538648,940.9811806285082,269.01658349227034,278.0376387429835
1786.2048791177613,943.9510095350257,267.5902417644776,272.09798092994856
1787.1734851642516,947.0862573255827,265.6530296714969,265.8274853488347
1788.299136825475,950.0733948974566,263.40172634904985,259.8532102050868
1788.7830333605762,953.0541952680358,262.4339332788478,253.89160946392843
1789.5219142567917,956.316423409709,260.95617148641657,247.36715318058194
1789.7954498801162,959.8869509237153,260.4091002397677,240.22609815256934
1789.7897910569804,963.6986256697762,260.42041788603916,232.60274866044747
1789.4140683224382,967.6294620470475,261.17186335512343,224.74107590590498
1788.8778911407153,971.8241190437057,262.24421771856936,216.35176191258864
1787.9979081970312,976.0915225503015,264.0041836059375,207.81695489939693
1786.8288952010205,980.5702135366871,266.3422095979592,198.85957292662573
1785.7149689158873,985.0899634641588,268.5700621682253,189.82007307168234
1784.2075701298352,989.6646860866815,271.58485974032976,180.67062782663692
1782.4866166912134,994.1341937797031,275.02676661757346,171.73161244059384
1780.714383044614,998.6539505645603,278.57123391077215,162.6920988708793
1778.5966005633388,1003.3627787991475,282.80679887332246,153.27444240170504
1776.6513127162707,1007.5088255479372,286.6973745674587,144.9823489041256
1774.5610453436498,1011.690846130467,290.8779093127005,136.61830773906598
1772.5274104193727,1015.5673588353797,294.9451791612546,128.86528232924073
1770.747001495171,1019.0371423275366,298.50599700965813,121.92571534492676
1768.7490022121435,1022.3393413951727,302.50199557571284,115.32131720965448
1766.8584056541004,1025.3970114703222,306.2831886917995,109.20597705935565
1765.0046078046191,1028.25321792189,309.99078439076186,103.49356415622
1763.3433158040216,1030.7398467969858,313.3133683919569,98.52030640602851
1761.6971184738577,1032.996547173725,316.6057630522846,94.0069056525501
1760.081915982285,1035.2154820886906,319.8361680354301,89.56903582261863
1758.5303404363658,1037.296924282819,322.9393191272683,85.40615143436199
1757.1241535947365,1039.1650384943102,325.75169281052683,81.66992301137954
1755.8420971074515,1040.8520047887018,328.3158057850969,78.29599042259629
1754.5279321436465,1042.57925957128,330.9441357127071,74.84148085743976
1753.332343567488,1044.117782164001,333.33531286502415,71.76443567199792
1752.195402242207,1045.5672231066749,335.6091955155864,68.86555378665024
1751.0458169386818,1047.0245670939444,337.90836612263644,65.95086581211142
1750.0008209474843,1048.3319917491535,339.99835810503146,63.33601650169293
1749.068135438139,1049.475431768646,341.8637291237218,61.04913646270778
1748.2346517895467,1050.4741456228946,343.53069642090657,59.05170875421082
1747.4690173618844,1051.3940422383603,345.0619652762312,57.21191552327935
1746.8109514872351,1052.1798405300367,346.37809702552994,55.640318939926566
1746.3208241946718,1052.7532351238751,347.3583516106565,54.49352975224971
1745.9038378961884,1053.237728984333,348.192324207623,53.52454203133416
1745.528394346333,1053.6632543050623,348.94321130733385,52.67349138987545
1745.1541266974568,1054.0791279580442,349.6917466050862,51.84174408391142
1744.805797961782,1054.4868345083567,350.38840407643613,51.02633098328659
1744.5099031723473,1054.8323676069851,350.9801936553054,50.33526478602961
1744.173826157206,1055.224946902729,351.6523476855884,49.55010619454193
1743.8883283267205,1055.5614963921646,352.2233433465591,48.877007215670794
1743.6119241278413,1055.898002831422,352.77615174431736,48.20399433715605
1743.371217011558,1056.1866638534143,353.257565976884,47.62667229317138
1743.1595375115837,1056.437112668582,353.68092497683244,47.125774662836385
1742.9489864780476,1056.6888312721449,354.10202704390474,46.62233745571042
1742.7291666749818,1056.9519397980725,354.54166665003623,46.09612040385512
1742.498430587228,1057.2103444831087,355.0031388255437,45.57931103378277
1742.2671025990203,1057.4868544912786,355.46579480195925,45.02629101744265
1742.0557560444647,1057.7420915664218,355.8884879110704,44.51581686715629
1741.8766388759054,1057.9462393066415,356.24672224818914,44.107521386717245
1741.62962468693,1058.2402015195605,356.7407506261402,43.519596960878815
1741.462003110893,1058.4328737547837,357.07599377821384,43.1342524904324
1741.3309944329217,1058.5850797397725,357.3380111341569,42.829840520455186
1741.1960713863616,1058.7406491522777,357.6078572272766,42.51870169544456
1741.0794116533198,1058.8759181080868,357.8411766933607,42.24816378382642
1740.969327517637,1059.0062269880816,358.0613449647259,41.98754602383691
1740.839123022435,1059.1641256024093,358.3217539551301,41.67174879518127
1740.7295906916129,1059.289814106986,358.5408186167744,41.4203717860284
1740.5971463878898,1059.4423561171652,358.8057072242205,41.115287765669684
1740.4376012610312,1059.638789342137,359.1247974779375,40.722421315726166
1740.273934211112,1059.8442685293012,359.4521315777762,40.311462941397586
1740.162456960832,1059.9741347812712,359.6750860783359,40.051730437457756
1740.0307537656847,1060.1354529753514,359.93849246863067,39.729094049297046
1739.9012945886452,1060.2941481830194,360.19741082270957,39.41170363396144
1739.7497969390924,1060.48499129212,360.5004061218152,39.03001741576005
1739.642276226188,1060.616788867729,360.7154475476239,38.766422264542335
1739.5458079943273,1060.7331110032235,360.90838401134516,38.53377799355285
1739.4565629834206,1060.8385020917744,361.0868740331589,38.32299581645091
1739.3545000488857,1060.9601365761603,361.2909999022287,38.07972684767964
1739.2461139665345,1061.0955030107013,361.50777206693084,37.80899397859747
1739.139215986968,1061.228000457719,361.7215680260639,37.54399908456187
1739.0226603062636,1061.3739106280257,361.95467938747277,37.25217874394878
1738.9282758547297,1061.4882087188303,362.1434482905404,37.023582562339676
1738.8448670795754,1061.5882384709305,362.3102658408491,36.82352305813922
1738.7608627174773,1061.687206389483,362.4782745650456,36.62558722103405
1738.66413142537,1061.8048021402144,362.6717371492601,36.39039571957133
1738.578462600612,1061.9099684316946,362.84307479877594,36.18006313661075
1738.487933425261,1062.0217629190195,363.02413314947785,35.95647416196086
1738.3979657584437,1062.1321325598954,363.20406848311274,35.735734880209414
1738.306593851595,1062.2420674173316,363.38681229681004,35.515865165336976
1738.2191998172534,1062.3447733126302,363.56160036549295,35.31045337473946
1738.1269803509342,1062.455024297893,363.7460392981317,35.089951404213714
1738.0445615645983,1062.5565391723592,363.9108768708033,34.88692165528161
1737.964703861123,1062.655368565932,364.0705922777537,34.68926286813614
1737.8859797314985,1062.7510791024786,364.22804053700304,34.49784179504291
1737.8078875949866,1062.843433392127,364.3842248100269,34.31313321574586
1737.7314251709327,1062.9321710152403,364.5371496581349,34.13565796951926
1737.6689624052078,1063.003792234713,364.6620751895845,33.99241553057409
1737.6064986089023,1063.0762471410503,364.7870027821955,33.84750571789951
1737.5499498943875,1063.140802315055,364.9001002112248,33.71839536989018
1737.4974070673538,1063.202759957245,365.00518586529245,33.594480085509886
1737.4409032844007,1063.2690162325446,365.1181934311986,33.46196753491093
1737.3900335825151,1063.3289127599141,365.21993283497,33.34217448017193
1737.3313694961453,1063.3985234077445,365.3372610077097,33.202953184510896
1737.2813289512344,1063.4586378753518,365.4373420975311,33.082724249296255
1737.228846597579,1063.5214423577359,365.5423068048419,32.957115284528214
1737.1704673661636,1063.5893312111052,365.65906526767293,32.82133757778943
1737.1166715630075,1063.6524348654543,365.76665687398526,32.6951302690913
1737.064648806602,1063.7127971584355,365.87070238679615,32.57440568312918
1737.013597498117,1063.7720116587084,365.9728050037661,32.455976682583305
1736.970028782714,1063.8242487572604,366.05994243457206,32.35150248547925
1736.9218317749207,1063.8824238049501,366.15633645015834,32.2351523900999
1736.88035197185,1063.9328078341125,366.23929605630025,32.13438433177485
1736.8409507399408,1063.9807655752784,366.3180985201182,32.03846884944332
1736.8017492884896,1064.0288556189766,366.39650142302077,31.94228876204685
1736.7548820016723,1064.0862314496885,366.49023599665526,31.82753710062305
1736.7114234721341,1064.1383272296678,366.57715305573174,31.723345540664575
1736.6687360409223,1064.1880598986654,366.6625279181552,31.623880202668957
1736.6406158189498,1064.2199006372682,366.7187683621004,31.560198725463547
1736.6113469649067,1064.2525469924801,366.77730607018646,31.494906015039835
1736.587465090566,1064.2796688544151,366.8250698188682,31.44066229116949
1736.5559186525295,1064.3163489453534,366.8881626949412,31.367302109293004
1736.523917053724,1064.353651305611,366.9521658925518,31.292697388777945
1736.494179425278,1064.387803209689,367.01164114944413,31.22439358062189
1736.4670754834463,1064.4182773239318,367.06584903310744,31.16344535213666
1736.4459634618963,1064.441843473471,367.1080730762072,31.11631305305807
1736.4157149035045,1064.476700646099,367.1685701929907,31.04659870780199
1736.385472388683,1064.5119781913088,367.2290552226342,30.976043617382583
1736.3622511639699,1064.5391276797038,367.2754976720603,30.92174464059218
1736.3482849390898,1064.5548310287213,367.3034301218204,30.890337942557462
1736.3330045279079,1064.5713755901731,367.33399094418434,30.857248819653492
1736.3125707460447,1064.5940556629303,367.37485850791063,30.811888674139567
1736.2931616733913,1064.615931403172,367.41367665321735,30.768137193655782
1736.2749610710573,1064.6372107220375,367.45007785788533,30.725578555925217
1736.2578678199582,1064.657716309507,367.48426436008367,30.68456738098604
1736.2434696209557,1064.6749621236086,367.5130607580887,30.650075752782943
1736.224607017441,1064.6974223928123,367.55078596511805,30.605155214375205
1736.20312779256,1064.7229745982763,367.5937444148798,30.554050803447158
1736.1824698272076,1064.7476864305845,367.63506034558463,30.504627138831122
1736.1652491106258,1064.768032568487,367.6695017787485,30.463934863026008
1736.1480884053344,1064.7882319447745,367.70382318933093,30.423536110450964
1736.129151274622,1064.810477697454,367.7416974507558,30.379044605092194
1736.109733798048,1064.833313276428,367.7805324039042,30.333373447143742
1736.0900687764436,1064.8558372598434,367.8198624471129,30.288325480313155
1736.0697934702337,1064.8793263554246,367.86041305953285,30.241347289150923
1736.0518329958484,1064.9004831325526,367.8963340083032,30.19903373489495
1736.0275472771186,1064.9287955156692,367.9449054457628,30.142408968661698
1735.9963694748799,1064.9651842215762,368.00726105024,30.069631556847412
1735.9674455911047,1064.9995463459065,368.06510881779076,30.000907308187028
1735.9438787673805,1065.0261854473208,368.112242465239,29.947629105358303
1735.922023164001,1065.0507309786487,368.1559536719976,29.898538042702583
1735.9003812285512,1065.0746804549685,368.19923754289783,29.850639090062863
1735.8821600913748,1065.0950417796694,368.2356798172506,29.809916440661052
1735.8610508086203,1065.1192649449442,368.2778983827592,29.761470110111368
1735.8377105696122,1065.1461153784205,368.32457886077543,29.707769243159063
1735.8150376777517,1065.171907169188,368.3699246444968,29.656185661624033
1735.7958073525415,1065.1938489198212,368.408385294917,29.612302160357423
1735.7763743513171,1065.2157928139177,368.44725129736565,29.568414372164458
1735.75184872344,1065.2431751240326,368.49630255312024,29.51364975193457
1735.7274753686822,1065.2708038102783,368.5450492626355,29.458392379443247
1735.7079158091906,1065.2928247955995,368.5841683816188,29.414350408801045
1735.685581234165,1065.3176691097308,368.62883753167,29.364661780538476
1735.6598664766022,1065.3469099689803,368.6802670467956,29.30618006203961
1735.6361881614366,1065.3742649400426,368.72762367712653,29.251470119914618
1735.6144424449403,1065.4001840166613,368.77111511011947,29.199631966677156
1735.5956396656638,1065.4224778489884,368.8087206686722,29.155044302023203
1735.5767476897643,1065.4447090047738,368.8465046204713,29.11058199045235
1735.555709048821,1065.4688363210248,368.88858190235794,29.06232735795046
1735.534829374272,1065.49298679878,368.930341251456,29.014026402439924
1735.5171563590452,1065.5136454421456,368.9656872819098,28.972709115708756
1735.5013278697531,1065.5319859429276,368.9973442604938,28.936028114144708
1735.4836703404685,1065.5524559079352,369.03265931906316,28.89508818412976
1735.4665563061096,1065.5725486996932,369.0668873877808,28.854902600613435
1735.453583239453,1065.5876695605837,369.092833521094,28.82466087883258
1735.435067475534,1065.6094375530238,369.1298650489322,28.781124893952434
1735.4124082020721,1065.635708933108,369.17518359585563,28.728582133784183
1735.395293832719,1065.6556206891614,369.20941233456176,28.688758621677184
1735.374753950781,1065.6801854079076,369.25049209843775,28.639629184184958
1735.3597105714784,1065.6981595992145,369.28057885704305,28.60368080157121
1735.3462438138795,1065.7141636523227,369.30751237224115,28.571672695354685
1735.329687660706,1065.7339359186562,369.34062467858786,28.532128162687325
1735.3200035283305,1065.7451052905308,369.35999294333914,28.509789418938464
1735.308714365508,1065.7582618583683,369.382571268984,28.483476283263485
1735.2991374560086,1065.7692291906842,369.4017250879829,28.461541618631585
1735.2902422313502,1065.7793005967492,369.4195155372996,28.441398806501425
1735.2820471835912,1065.7886335436792,369.4359056328174,28.422732912641486
1735.2729130605958,1065.7991074586337,369.45417387880866,28.40178508273247
1735.264666438284,1065.808589867821,369.470667123432,28.38282026435797
1735.256125425346,1065.818183833751,369.48774914930806,28.363632332497993
1735.2463651964272,1065.829244003492,369.5072696071458,28.341511993015864
1735.235217849615,1065.8421335096962,369.52956430076983,28.315732980607475
1735.2242255773624,1065.8547177811424,369.55154884527536,28.29056443771509
1735.2100791548608,1065.8710127282404,369.5798416902785,28.25797454351892
1735.2008812604454,1065.8813696687246,369.59823747910946,28.237260662550735
1735.191862999873,1065.8915378140114,369.61627400025424,28.21692437197729
1735.183036037641,1065.9015541142721,369.63392792471797,28.19689177145562
1735.173401043255,1065.9126875454544,369.6531979134904,28.174624909091026
1735.1642064121013,1065.923085275901,369.6715871757974,28.153829448197882
1735.1539618794313,1065.9348233734406,369.69207624113716,28.13035325311855
1735.1413729429053,1065.949408531023,369.71725411418964,28.10118293795415
1735.1277367608673,1065.9655023543073,369.74452647826524,28.068995291385423
1735.1161270488842,1065.9790968715865,369.76774590223164,28.041806256827158
1735.1022300320694,1065.995426323565,369.7955399358612,28.00914735286984
1735.0872983907946,1066.0131608354616,369.82540321841105,27.973678329076662
1735.0752697821213,1066.0271662280902,369.84946043575735,27.945667543819457
1735.060462593117,1066.0443794928028,369.8790748137659,27.911241014394154
1735.0481096840153,1066.0587179972406,369.90378063196925,27.88256400551894
1735.0375295975782,1066.07096288219,369.9249408048436,27.858074235619714
1735.028355393716,1066.0814379150656,369.9432892125679,27.837124169868684
1735.018484793129,1066.092709732552,369.96303041374205,27.81458053489576
1735.0086323591386,1066.1040382196245,369.9827352817231,27.791923560750917
1734.9968994633348,1066.1176994698803,370.00620107333026,27.764601060239233
1734.9845782386233,1066.1323888401032,370.0308435227535,27.735222319793802
1734.968251497271,1066.1523162896988,370.06349700545775,27.69536742060251
1734.9540496985726,1066.1695250801572,370.09190060285465,27.66094983968541
1734.9380915428062,1066.1888254872424,370.1238169143875,27.622349025515355
1734.9230541813956,1066.206880098463,370.1538916372086,27.586239803074104
1734.9079121732984,1066.2250941485765,370.18417565340326,27.54981170284705
1734.8910986670746,1066.2453977716907,370.2178026658507,27.50920445661846
1734.8761404431787,1066.2633954728508,370.2477191136428,27.473209054298234
1734.8602022274754,1066.2826190801802,370.27959554504923,27.4347618396397
1734.8441985337458,1066.3018507219435,370.3116029325084,27.396298556113145
1734.8292586209861,1066.3199406717467,370.34148275802755,27.360118656506657
1734.8153366696617,1066.3367887234583,370.3693266606766,27.32642255308326
1734.7974207870898,1066.3585153786712,370.4051584258204,27.282969242657536
1734.7837411707235,1066.3749982389318,370.4325176585532,27.250003522136346
1734.7709756679983,1066.3904247337186,370.45804866400334,27.219150532562654
1734.7581641136,1066.4056953914064,370.48367177279994,27.18860921718695
1734.7444800721603,1066.4221716286509,370.51103985567926,27.155656742698394
1734.730815105319,1066.4385719127874,370.53836978936226,27.12285617442517
1734.7177188140988,1066.4542897105803,370.56456237180254,27.09142057883937
1734.7036399196004,1066.471181877216,370.59272016079905,27.057636245568094
1734.693718947197,1066.4827162289141,370.6125621056056,27.03456754217156
1734.6841005269848,1066.493987636369,370.63179894603024,27.01202472726226
1734.6736102923003,1066.5064662996506,370.6527794153993,26.987067400699015
1734.6625233451098,1066.519439738173,370.6749533097804,26.961120523653975
1734.6504939107208,1066.5336742791126,370.6990121785583,26.932651441774713
1734.6384539758205,1066.5480217643549,370.72309204835875,26.9039564712902
1734.6261315883214,1066.562633900765,370.74773682335723,26.87473219847037
1734.6140663660324,1066.5768372719094,370.77186726793536,26.846325456181233
1734.6034356922778,1066.5894407050118,370.79312861544435,26.82111858997636
1734.591878671882,1066.6030968820799,370.81624265623634,26.793806235840187
1734.5809572119394,1066.6160415335396,370.8380855761212,26.767916932920723
1734.5712399339418,1066.6274575893033,370.8575201321162,26.745084821393572
1734.560456048962,1066.6401015513118,370.87908790207644,26.719796897376572
1734.5485219012423,1066.6540494571718,370.9029561975152,26.691901085656436
1734.5369973705876,1066.6676051952145,370.9260052588246,26.664789609571038
1734.5264766928035,1066.6799984144152,370.9470466143928,26.640003171169834
1734.5155354984988,1066.6928208337831,370.9689290030023,26.614358332433945
1734.5053541308366,1066.7046540969263,370.9892917383269,26.59069180614716
1734.4957620552807,1066.7158719388037,371.0084758894386,26.568256122392608
1734.485372407363,1066.727941649131,371.02925518527417,26.54411670173778
1734.4762939741468,1066.738515649333,371.04741205170666,26.522968701333994
1734.4684704571405,1066.7475134033405,371.063059085719,26.504973193319245
1734.4603619595878,1066.756825263234,371.0792760808246,26.486349473531927
1734.4530204085997,1066.7652749140766,371.09395918280063,26.469450171846674
1734.4458539026818,1066.7734828215578,371.10829219463625,26.453034356884253
1734.438731311784,1066.7815809526028,371.12253737643164,26.4368380947945
1734.4322762453585,1066.7888861714237,371.13544750928315,26.4222276571529
1734.4267731180632,1066.7950742839391,371.1464537638736,26.409851432121965
1734.4210792318381,1066.8015128566876,371.1578415363236,26.396974286624946
1734.4139315549621,1066.809615839552,371.1721368900758,26.38076832089611
1734.4080801801124,1066.816189304629,371.1838396397754,26.36762139074209
1734.402161820543,1066.8228435124063,371.1956763589141,26.354312975187568
1734.396067742583,1066.8297273809444,371.20786451483383,26.340545238111382
1734.389511843,1066.837341197873,371.22097631399987,26.325317604254145
1734.383124096467,1066.8448299363624,371.2337518070659,26.31034012727528
1734.3772069416304,1066.8517559568606,371.24558611673916,26.29648808627874
1734.371117180943,1066.858805459595,371.25776563811417,26.28238908080993
1734.3642767781116,1066.866848671269,371.27144644377665,26.266302657461726
1734.3581097855613,1066.8740573030134,371.2837804288774,26.25188539397315
1734.3517017746049,1066.8815819181361,371.2965964507904,26.236836163727773
1734.3439691607957,1066.8906363665476,371.31206167840844,26.218727266904807
1734.3367005535672,1066.8991633509715,371.32659889286543,26.201673298057074
1734.329586998936,1066.9075465838723,371.340826002128,26.184906832255212
1734.3223278195371,1066.916089654102,371.35534436092587,26.16782069179607
1734.315474794263,1066.9241282555172,371.3690504114738,26.151743488965657
1734.3085042739117,1066.9323273239443,371.3829914521768,26.135345352111447
1734.3012519326664,1066.9408953484685,371.397496134667,26.1182093030629
1734.2942665317444,1066.9491605349945,371.41146693651143,26.10167893001109
1734.2874544032925,1066.9571487139128,371.42509119341486,26.08570257217437
1734.2796894971661,1066.966288942897,371.44062100566765,26.067422114205726
1734.2715942350046,1066.975781468074,371.45681152999094,26.04843706385198
1734.2645373317969,1066.9841227294444,371.47092533640637,26.031754541111187
1734.2570999845118,1066.9929325856842,371.48580003097646,26.01413482863162
1734.2499205068593,1067.0013881264515,371.50015898628124,25.997223747097102
1734.2428165388196,1067.0097541655875,371.514366922361,25.980491668825014
1734.2357233154808,1067.0180331541153,371.52855336903866,25.963933691769544
1734.2279531200031,1067.0271822121558,371.54409375999376,25.945635575688176
1734.2208634312233,1067.0354915249688,371.5582731375532,25.929016950062294
1734.2118200650652,1067.0461637283963,371.57635986986963,25.907672543207497
1734.2016914283308,1067.0581078698285,371.59661714333856,25.883784260342996
1734.191846985469,1067.0697292224154,371.61630602906195,25.860541555169167
1734.1834039147432,1067.0796717223004,371.63319217051355,25.84065655539909
1734.174018786372,1067.0907694134364,371.65196242725585,25.818461173126973
1734.1650284381526,1067.1014416413486,371.66994312369485,25.797116717302828
1734.1559011210893,1067.1121822955272,371.6881977578213,25.775635408945394
1734.1467564779912,1067.1229119579546,371.7064870440175,25.754176084090993
1734.1384887247639,1067.1326134758128,371.7230225504722,25.734773048374443
1734.1287984208566,1067.1439676815442,371.7424031582868,25.71206463691166
1734.119246202901,1067.1553069221357,371.76150759419824,25.68938615572888
1734.1094599220964,1067.1669931343613,371.7810801558071,25.666013731277268
1734.1006173615672,1067.1774938290826,371.7987652768657,25.6450123418351
1734.0914079002262,1067.188432364419,371.81718419954774,25.623135271161996
1734.084264186352,1067.1967656269985,371.8314716272964,25.606468746002857
1734.0772177811016,1067.2050920031522,371.8455644377969,25.589815993695616
1734.0700381833274,1067.2136065334123,371.85992363334515,25.572786933175223
1734.0632522828087,1067.2215687139894,371.8734954343827,25.556862572021274
1734.0556513396732,1067.2305795604047,371.8886973206536,25.5388408791906
1734.0488726868641,1067.2386132653337,371.9022546262716,25.52277346933272
1734.0426903742016,1067.2458343732699,371.9146192515969,25.50833125346044
1734.0354472710223,1067.2544130673537,371.9291054579552,25.49117386529283
1734.027912467361,1067.2632831461249,371.9441750652783,25.47343370775029
1734.0207835630815,1067.2717199298963,371.9584328738368,25.456560140207422
1734.0137358138422,1067.28001523939,371.9725283723153,25.43996952122005
1734.006724851139,1067.2882664203635,371.9865502977217,25.423467159273134
1733.9993556488578,1067.2969567101097,372.0012887022845,25.406086579780613
1733.9923294329524,1067.3050410401574,372.0153411340955,25.389917919685207
1733.9850577923387,1067.3134076900697,372.0298844153228,25.37318461986088
1733.9761928665284,1067.3237354044218,372.0476142669431,25.352529191156663
1733.965282265457,1067.336233405355,372.06943546908593,25.32753318929013
1733.9528439776298,1067.3508014615493,372.0943120447405,25.2983970769016
1733.9437680485535,1067.3613196327885,372.11246390289324,25.277360734422906
1733.9352444514302,1067.3710517491463,372.12951109713964,25.257896501707336
1733.9268975106827,1067.3807809540206,372.14620497863444,25.238438091958702
1733.921824844153,1067.3868919538975,372.15635031169415,25.226216092205245
1733.9170978055395,1067.392693183103,372.16580438892106,25.214613633794155
1733.912452146334,1067.3981385906234,372.1750957073316,25.203722818753082
1733.9074103446892,1067.40392017105,372.1851793106214,25.19215965789989
1733.9027935772733,1067.4092597477688,372.19441284545354,25.181480504462183
1733.8980455748679,1067.4147781562137,372.2039088502643,25.170443687572636
1733.8932623256314,1067.4204840907469,372.21347534873695,25.15903181850608
1733.8882993664354,1067.4263634928157,372.22340126712936,25.147273014368714
1733.882721668484,1067.4329171415402,372.234556663032,25.134165716919725
1733.8782743903998,1067.4381228442112,372.24345121920044,25.123754311577642
1733.8720853510708,1067.4454024212023,372.2558292978582,25.109195157595604
1733.867815936469,1067.450322186617,372.26436812706174,25.099355626765934
1733.8600170293698,1067.4591548232324,372.27996594126057,25.081690353535254
1733.8492185575155,1067.4714152805493,372.30156288496875,25.05716943890141
1733.8379551797138,1067.4844633047915,372.32408964057214,25.031073390416868
1733.8262395458362,1067.4979675926463,372.34752090832774,25.004064814707185
1733.8150720484732,1067.510736615818,372.3698559030538,24.978526768364134
1733.8046196784142,1067.5225243731095,372.39076064317163,24.95495125378099
1733.792649041979,1067.5361181763299,372.4147019160419,24.927763647340313
1733.7836286518116,1067.5464445431971,372.4327426963768,24.907110913605777
1733.7748116163407,1067.5566707617047,372.45037676731863,24.886658476590494
1733.7651355826351,1067.5680768080774,372.4697288347295,24.863846383845303
1733.757516021562,1067.5769773803165,372.48496795687623,24.846045239367072
1733.7482526298256,1067.5878356737182,372.50349474034874,24.824328652563675
1733.7401222820056,1067.59741076466,372.5197554359887,24.805178470680048
1733.731293149605,1067.6078257253969,372.53741370078984,24.784348549206115
1733.7208537559836,1067.6201311837267,372.558292488033,24.759737632546738
1733.7127922480297,1067.6295824508386,372.5744155039407,24.740835098322904
1733.7036420154407,1067.6403517619956,372.5927159691188,24.719296476008726
1733.694631230619,1067.6508860107526,372.610737538762,24.698227978494863
1733.6860648107468,1067.6609781802827,372.6278703785064,24.678043639434627
1733.6778513607214,1067.6705792282694,372.6442972785571,24.658841543461
1733.6695420284425,1067.6803364107666,372.6609159431152,24.639327178466853
1733.6618801378008,1067.6892927607962,372.6762397243981,24.621414478407583
1733.6518583801171,1067.7010584839954,372.6962832397658,24.59788303200922
1733.6437542823128,1067.7105258076886,372.71249143537443,24.578948384622766
1733.6354769436668,1067.7202705002494,372.72904611266625,24.559458999501064
1733.6285277450086,1067.7284655526416,372.74294450998275,24.543068894716594
1733.6211625030496,1067.7371936901552,372.7576749939008,24.52561261968974
1733.6129205694672,1067.7468595944074,372.7741588610657,24.506280811185047
1733.6049711962878,1067.7561026037868,372.79005760742416,24.48779479242663
1733.5967671392978,1067.765714537839,372.80646572140427,24.468570924322382
1733.5885072359622,1067.7754230354826,372.8229855280758,24.449153929034978
1733.5807867269982,1067.7845192509008,372.8384265460035,24.430961498198304
1733.5720099897958,1067.794881792079,372.8559800204086,24.41023641584209
1733.5638628874772,1067.8044989817083,372.8722742250459,24.391002036583405
1733.5548834355984,1067.8150174403706,372.89023312880323,24.3699651192588
1733.5476000238457,1067.8235724308954,372.9047999523088,24.35285513820919
1733.5396018859708,1067.8329741611776,372.9207962280584,24.334051677644613
1733.5328983232691,1067.8408409033395,372.9342033534617,24.318318193320753
1733.5271042649333,1067.847581481337,372.9457914701332,24.304837037325917
1733.5209867862138,1067.8547885540393,372.9580264275724,24.290422891921576
1733.5131357440928,1067.8640113158037,372.97372851181467,24.271977368392456
1733.5058561819883,1067.8725432972549,372.9882876360234,24.254913405490463
1733.4990306738678,1067.8805517992678,373.0019386522645,24.238896401464267
1733.4917693827135,1067.8890205804864,373.0164612345731,24.221958839026964
1733.484611621966,1067.897337974955,373.03077675606806,24.205324050089878
1733.477853641202,1067.9052390025017,373.044292717596,24.189521994996355
1733.4708681842449,1067.9133720278328,373.05826363151016,24.173255944334432
1733.4659160263802,1067.9190138825627,373.0681679472395,24.161972234874508
1733.4606204128302,1067.9250313314255,373.0787591743396,24.149937337148867
1733.4559040311958,1067.9304047461526,373.0881919376083,24.139190507694636
1733.4502502884884,1067.93686039812,373.0994994230233,24.126279203759964
1733.4444352626815,1067.9435458738892,373.11112947463715,24.112908252221644
1733.438655248052,1067.950088780754,373.12268950389574,24.09982243849221
1733.4330169339635,1067.956506187287,373.133966132073,24.08698762542582
1733.4274753701566,1067.9628340014697,373.1450492596871,24.074331997060572
1733.4222679014101,1067.9687021739005,373.15546419717964,24.06259565219917
1733.416839936008,1067.9749318153245,373.1663201279841,24.05013636935115
1733.411437820883,1067.9810980839866,373.17712435823404,24.03780383202694
1733.4056334496036,1067.9877930608118,373.1887331007927,24.024413878376247
1733.4001454619333,1067.9941647767007,373.1997090761333,24.011670446598632
1733.3958152845423,1067.9991141653995,373.2083694309155,24.00177166920113
1733.3914383200447,1068.0041014446017,373.21712335991066,23.9917971107964
1733.3874123074702,1068.0087279006045,373.22517538505946,23.982544198790823
1733.3833784514234,1068.0133231438028,373.2332430971534,23.973353712394125
1733.379787325407,1068.0174101593911,373.240425349186,23.965179681217737
1733.3761090719418,1068.0216521425907,373.2477818561165,23.956695714818665
1733.3726266660783,1068.0256385082369,373.25474666784316,23.94872298352638
1733.3689439497039,1068.0298199282458,373.26211210059245,23.940360143508403
1733.365229058749,1068.0340251391522,373.2695418825018,23.93194972169558
1733.3616742595973,1068.0380297991221,373.2766514808054,23.923940401755754
1733.356829278045,1068.043568125868,373.28634144391003,23.912863748263852
1733.3523537422732,1068.04867542556,373.2952925154538,23.902649148879906
1733.3476872240708,1068.0540105563643,373.3046255518586,23.89197888727132
1733.3434588554462,1068.0588218834002,373.3130822891074,23.8823562331994
1733.3391236982782,1068.0637484973472,373.3217526034435,23.872503005305457
1733.3347809357226,1068.0686728977478,373.33043812855476,23.862654204504246
1733.330838570828,1068.0731516290693,373.338322858344,23.853696741861125
1733.3262017817447,1068.0784732633572,373.34759643651074,23.843053473285458
1733.3214119839315,1068.083968316603,373.3571760321371,23.832063366794145
1733.3174365499287,1068.0884719829978,373.36512690014234,23.823056034004566
1733.3131896835378,1068.093226327937,373.37362063292454,23.81354734412634
1733.3091937341962,1068.0977341313942,373.3816125316074,23.8045317372116
1733.3051139713477,1068.1023647004117,373.38977205730447,23.795270599176334
1733.300923284336,1068.1071121491168,373.3981534313282,23.78577570176618
1733.296008828861,1068.1127164985805,373.407982342278,23.774567002839113
1733.2910611834186,1068.1183280430594,373.41787763316273,23.763343913881375
1733.2862945442862,1068.1237801101465,373.42741091142767,23.752439779707103
1733.2827171039905,1068.1278899525237,373.43456579201904,23.74422009495283
1733.27903446242,1068.1321224409319,373.44193107516026,23.735755118136243
1733.2751020607666,1068.1366465157203,373.44979587846694,23.72670696855944
1733.2711285050025,1068.141257225057,373.4577429899951,23.717485549885865
1733.2658677453892,1068.1473198864812,373.4682645092218,23.70536022703746
1733.2607625335984,1068.1532883944628,373.4784749328034,23.69342321107421
1733.256402476804,1068.1583636707949,373.4871950463919,23.683272658410235
1733.2508213098877,1068.1648117782513,373.49835738022466,23.67037644349742
1733.2460356801034,1068.1703404825794,373.50792863979336,23.65931903484111
1733.240752211031,1068.1763703409865,373.51849557793815,23.64725931802695
1733.2349045529763,1068.1830192592406,373.53019089404734,23.633961481518877
1733.2299397145105,1068.1887078127077,373.54012057097924,23.622584374584612
1733.2243395476069,1068.1951306248654,373.55132090478634,23.60973875026918
1733.2193321880059,1068.200788298019,373.56133562398816,23.598423403961924
1733.2138952804905,1068.2070051635878,373.57220943901876,23.585989672824276
1733.2086681479336,1068.2129025461243,373.5826637041327,23.57419490775152
1733.2023877041022,1068.22002452954,373.5952245917956,23.559950940919734
1733.1959292912406,1068.2272693972645,373.60814141751854,23.545461205471057
1733.1900601051386,1068.2339192381157,373.6198797897228,23.532161523768433
1733.1820126527891,1068.2429163499119,373.6359746944217,23.514167300176148
1733.1753113622751,1068.2505650889996,373.6493772754498,23.49886982200088
1733.1693490384478,1068.2572413297273,373.6613019231043,23.485517340545172
1733.1632405930318,1068.2640704053879,373.6735188139364,23.47185918922424
1733.1580978357963,1068.269821845691,373.6838043284075,23.460356308617847
1733.1517710514736,1068.276983403348,373.696457897053,23.44603319330412
1733.145852615136,1068.283810213557,373.70829476972796,23.432379572886163
1733.1390505447512,1068.2918583567534,373.7218989104979,23.416283286493094
1733.1317853894718,1068.300423408537,373.7364292210565,23.39915318292587
1733.124129723582,1068.3095241933352,373.751740552836,23.38095161332948
1733.1171795634966,1068.3177479305446,373.7656408730066,23.364504138910664
1733.1110647763726,1068.3250649316105,373.77787044725505,23.349870136779135
1733.1050806675507,1068.3323038844435,373.7898386648987,23.335392231113133
1733.0981352705317,1068.340894786883,373.8037294589365,23.31821042623413
1733.0911772588042,1068.3493350509132,373.8176454823915,23.301329898173584
1733.0831233495603,1068.3589556252007,373.83375330087927,23.282088749598625
1733.0748354324899,1068.3689233807763,373.85032913502033,23.262153238447393
1733.0661995438552,1068.3792517781333,373.8676009122897,23.241496443733354
1733.0577527912747,1068.3893902880643,373.88449441745075,23.22121942387157
1733.050994454863,1068.3973458886292,373.898011090274,23.205308222741774
1733.0446781772937,1068.4047149152964,373.9106436454125,23.190570169407042
1733.0389310783034,1068.4114186398745,373.9221378433932,23.17716272025107
1733.0325139870931,1068.418884581849,373.93497202581364,23.16223083630221
1733.0255337450626,1068.4270887818225,373.9489325098749,23.145822436354894
1733.02005595402,1068.4333350031295,373.95988809195984,23.133329993741132
1733.0150926508832,1068.43880770716,373.9698146982339,23.122384585679992
1733.0099883506168,1068.4445196691083,373.9800232987661,23.110960661783395
1733.0055995072291,1068.4495212425156,373.9888009855419,23.100957514968716
1733.00200550761,1068.4537863228363,373.9959889847802,23.092427354327512
1732.9984907621208,1068.457983048099,374.00301847575855,23.084033903801952
1732.9946930278716,1068.4626535390807,374.01061394425676,23.074692921838643
1732.9912576460374,1068.4668376120467,374.01748470792535,23.066324775906875
1732.9886448432976,1068.470071240747,374.02271031340456,23.059857518505865
1732.985657803157,1068.473759296012,374.02868439368586,23.05248140797563
1732.9812471929413,1068.479238468033,374.03750561411726,23.041523063934243
1732.9767220797723,1068.4849018211155,374.0465558404555,23.030196357768876
1732.9705393764511,1068.4926842806087,374.05892124709754,23.01463143878272
1732.964563732267,1068.5002536455459,374.0708725354659,22.999492708908125
1732.959052957771,1068.507404995647,374.08189408445804,22.985190008705857
1732.9542329323804,1068.5136698910244,374.0915341352391,22.97266021795113
1732.9488140152655,1068.5206782304153,374.1023719694692,22.958643539169483
1732.9411364026769,1068.5304236954883,374.1177271946463,22.939152609023424
1732.9351255718157,1068.5380475698437,374.12974885636885,22.92390486031278
1732.9291763905364,1068.5455159705296,374.141647218927,22.90896805894107
1732.9234815793043,1068.5527227493733,374.1530368413913,22.89455450125325
1732.9179474263062,1068.5595973284499,374.1641051473876,22.880805343100093
1732.9122102499366,1068.5667552821856,374.1755795001269,22.86648943562872
1732.9069360164785,1068.573283413035,374.1861279670428,22.853433173930387
1732.9022612506378,1068.5790845744968,374.1954774987246,22.841830851006346
1732.8968529062026,1068.5857082831317,374.2062941875948,22.8285834337366
1732.8915657144084,1068.592263138768,374.2168685711829,22.815473722464123
1732.8863386121375,1068.598773208723,374.22732277572516,22.802453582554037
1732.8806148761896,1068.6057920292888,374.23877024762083,22.788415941422553
1732.8753339423047,1068.6122915099727,374.24933211539087,22.775416980054455
1732.869938321711,1068.6189604191184,374.26012335657805,22.762079161763182
1732.8651208919996,1068.6249325970064,374.2697582160008,22.750134805987088
1732.8611413151727,1068.6298428443638,374.2777173696547,22.74031431127255
1732.8575734754406,1068.6342627116676,374.2848530491189,22.731474576664628
1732.8543333460332,1068.6382545004763,374.2913333079335,22.723490999047435
1732.8517822958906,1068.6414363502129,374.29643540821854,22.71712729957439
1732.8484827770735,1068.645530771014,374.303034445853,22.708938457972035
1732.8456507817527,1068.6490525773554,374.30869843649464,22.701894845289345
1732.8425074568615,1068.6529979813438,374.3149850862769,22.69400403731227
1732.839019174123,1068.6573113198556,374.32196165175395,22.685377360288932
1732.8354782388387,1068.6616337936568,374.3290435223223,22.676732412686235
1732.8321413818803,1068.6656551322355,374.3357172362396,22.668689735528964
1732.8285820157507,1068.6700028081793,374.3428359684986,22.65999438364129
1732.8248072098138,1068.6745969206045,374.35038558037235,22.650806158791212
1732.821169271025,1068.679013101948,374.3576614579503,22.64197379610434
1732.8175558577184,1068.6834134925707,374.3648882845634,22.633173014858432
1732.8135825696304,1068.6882677315048,374.3728348607393,22.623464536990266
1732.8097457563001,1068.692922588842,374.38050848739994,22.614154822315818
1732.8055230734728,1068.6981641691223,374.38895385305426,22.60367166175531
1732.8015672859128,1068.7030660121245,374.39686542817446,22.59386797575105
1732.7979741218667,1068.7075030068224,374.4040517562667,22.584993986355343
1732.7930143833412,1068.7136060374623,374.4139712333177,22.572787925075236
1732.7881986827917,1068.719520501046,374.4236026344166,22.560958997908255
1732.783466930843,1068.7252851670726,374.4330661383143,22.54942966585483
1732.778729609655,1068.7310609291856,374.44254078068974,22.53787814162906
1732.7749463481282,1068.7356963906307,374.45010730374383,22.528607218738557
1732.7704724966734,1068.7411477571961,374.4590550066533,22.51770448560754
1732.7660664245177,1068.7464326710906,374.4678671509644,22.507134657818735
1732.7617479049243,1068.7515850806565,374.47650419015145,22.49682983868693
1732.7574249536392,1068.7566274193814,374.48515009272137,22.486745161237334
1732.7527123684583,1068.7621518339265,374.49457526308316,22.475696332147137
1732.7479129542573,1068.7677253266668,374.5041740914853,22.464549346666526
1732.7432161510794,1068.7732449758282,374.5135676978412,22.45351004834358
1732.7395961482646,1068.777432571826,374.52080770347084,22.445134856348183
1732.7352123450548,1068.7825380091056,374.5295753098904,22.434923981788646
1732.7310457259227,1068.7873128625404,374.5379085481547,22.425374274919264
1732.7279184101453,1068.7908874421062,374.5441631797095,22.418225115787823
1732.7237398902057,1068.795625437124,374.5525202195887,22.408749125751932
1732.718694639433,1068.8014214556424,374.56261072113404,22.397157088714987
1732.714337928947,1068.806378838728,374.5713241421057,22.38724232254386
1732.710602915431,1068.8105946848968,374.57879416913806,22.378810630206292
1732.7055948632647,1068.8162012618407,374.58881027347053,22.367597476318902
1732.7015212892188,1068.8207637583207,374.5969574215624,22.358472483358725
1732.6980479279762,1068.8246745859426,374.6039041440475,22.35065082811487
1732.6941381606339,1068.8290325145424,374.61172367873206,22.341934970915197
1732.6898224884912,1068.8338141104146,374.62035502301774,22.332371779170693
1732.686446572216,1068.837556979183,374.62710685556806,22.324886041633782
1732.6824787012051,1068.841953238675,374.63504259759,22.31609352265021
1732.6785496886962,1068.8462475917586,374.6429006226076,22.307504816482606
1732.6745589428858,1068.8506269449601,374.65088211422835,22.29874611007976
1732.6708511038576,1068.8547549705875,374.65829779228477,22.290490058825014
1732.6670299595837,1068.858959971259,374.6659400808324,22.282080057481764
1732.6629158921633,1068.8635257232027,374.6741682156733,22.27294855359473
1732.6582113519069,1068.868677428754,374.68357729618634,22.262645142492367
1732.6550099393048,1068.8721850782945,374.6899801213906,22.255629843410908
1732.6510494371746,1068.87647249033,374.6979011256506,22.24705501934011
1732.647365810824,1068.8805054028073,374.70526837835195,22.23898919438535
1732.6434853912099,1068.884789094876,374.7130292175802,22.230421810248277
1732.6389852454088,1068.8895891115244,374.7220295091826,22.220821776951034
1732.6342090043074,1068.8947060700048,374.7315819913853,22.210587859990575
1732.6302334638617,1068.8990689992797,374.7395330722766,22.20186200144049
1732.6261131095432,1068.9035256475174,374.74777378091346,22.192948704964948
1732.621772458119,1068.9081836806845,374.7564550837619,22.183632638630797
1732.616867437126,1068.9134468071475,374.766265125748,22.17310638570495
1732.6130063794133,1068.9176132291261,374.77398724117353,22.16477354174773
