1005.5,890.5,63,188
1009.859482746835,882.7007130577323,57.39498642979106,196.819172953919
1013.0883359494095,872.8293095843478,53.70460454521542,205.7472674500041
1013.6271539358927,869.2470967370361,54.624656435850795,209.55533969427836
1014.3252777553508,861.6892396135559,52.44562850784845,214.60699197827267
1015.8954888275534,857.9906125605567,52.51440925187438,217.58936375697488
1018.3406431963888,852.2709116843672,51.67745595755562,222.98219718503782
1018.7011587206492,851.440341740539,51.28455389952871,224.2724645408333
1020.6849514627802,841.6512016542686,49.31519535151347,227.7737067252354
1023.0546735862716,837.3813259498033,47.78189553640257,231.5139353231661
1022.041368192771,835.6171273004941,49.321983155553866,234.72450134647872
1021.3085693828752,825.661805039362,49.914163120735715,237.8018347903566
1023.4603541189758,828.5214674323985,51.88168507835962,231.76072162338113
1024.2462791921703,820.0125823549309,49.661731239163146,234.55534689974724
1025.3239726153936,820.2458000598729,49.73925963898612,230.2763881752087
1025.5295862392827,819.9405968782133,50.18391443236773,225.71534773732816
1027.51531899658,815.8801138702537,50.07691650756128,227.6408494453358
1029.2922048371436,819.478182900053,50.00540957836721,224.8400335727711
1031.7967663542993,818.8926645698265,48.98616287896159,223.61742384990944
1033.743205109743,815.7596865688755,47.864157041477604,220.12978062668577
1034.4516390714584,815.0533930931763,48.731570782614256,223.13367082713637
1035.857229991748,813.0132757772292,48.88246807114737,217.84433414353717
1036.9562520033562,813.9542760282549,50.52233740545073,216.5781567111617
1039.6806513071137,813.1764968033583,50.57117572928806,221.6870760432319
1041.4030531663013,811.7315085652556,51.19309190452083,219.15477485500668
1043.0702165729997,812.138509539912,50.25719427394743,213.11090714531724
1043.1697396495856,815.312474827422,50.84326512042795,213.8825232541468
1047.2949837880462,812.1185214903337,51.04022930389162,214.9836050923128
1048.2473925743175,812.949390011767,52.515446604562975,213.56603628508816
1048.37006020232,811.2808078286471,52.44680788797821,212.6101438457838
1051.5714774998937,809.6722503764008,54.69170886270892,214.68454645561096
1053.4666751806933,810.4181878739538,54.05175472332705,216.15150891254325
1055.6976320796089,810.7201839539869,52.42055624041117,208.84180975889018
1059.2282406120573,812.4256062793244,51.51443600780193,213.57418069901956
1060.480420453283,811.7746689771052,51.716262782454685,213.8245968128432
1063.019904117915,809.8155609007903,53.04035680919152,214.06994090536543
1063.6442912435757,807.8463819344655,52.56151200840675,214.04606338957677
1066.6808475664088,808.1740859211529,52.868994600447266,220.0530665319779
1067.3944040094664,805.8092330531555,52.927975082161616,217.04625522883273
1070.4301716549292,805.9141233270811,52.27639601565492,213.902405560233
1072.72434511532,807.5521113420081,52.456386110656396,213.14527730605045
1075.786141786618,806.110746372121,52.8778899646847,216.14976418795334
1077.3871928684796,804.7741623054967,52.544271747572154,213.47013983969336
1078.8934554629525,802.9236762029255,52.7317276375564,207.67264036254778
1082.9713944725618,805.3343612783553,52.190951828602415,204.81507131308064
1084.8806933740411,804.6512908326434,52.56933811755874,206.1943630133996
1086.9505519934628,805.1048107666676,53.47022912251535,210.21304401837045
1088.005416078655,803.9298526301562,53.7259189992692,215.6865059033459
1090.125734769576,800.9366780686919,55.02037959297417,218.62483158605318
1091.5100475219701,799.5750261080357,54.42033400705734,212.46605772357327
1095.2146429741056,802.5198802129265,53.74851504045465,212.41488911125768
1095.5221581111261,801.4845680926903,54.28066667653265,213.07033915202993
1099.9268322873922,799.371239699316,53.516505355854456,218.16403302303718
1099.465669445496,800.4768451866641,53.80009214310121,216.19295414545127
1104.1883607697835,798.5622002256429,51.54835360066312,213.57414168948614
1106.6938981820404,799.5641547799748,51.239011611654504,210.43745428457987
1106.8623757743476,799.0959156889227,52.263594761271406,210.18365947665646
1107.5582116910816,797.8866963538417,52.890876245740635,209.1357067467684
1109.5114562410818,798.4988258610714,53.61937581035613,208.09529458732774
1110.7354474383167,797.6290930412761,52.96792418669135,206.53945272981338
1113.966913289224,795.6590467190963,51.92373113412657,213.7219600999013
1113.8895289808,791.4067945870473,53.028186764810094,211.21257798446544
1116.4904499756371,792.241505604143,52.20791545523978,218.49251252136577
1115.7665792841126,791.2064246944499,53.60635795918323,213.61423295326742
1116.4831266605527,791.3676161098397,54.190131924192826,207.00321652592095
1118.6416666409934,793.2575319062373,54.16347930742576,208.47037110861606
1116.7118398022978,792.6593754063794,54.86607846225071,200.913630100411
1121.7087031297215,793.0646081787546,53.241350440134234,202.2210994445045
1121.878770213069,791.5453994032613,53.331842745246064,197.43205999775523
1124.7998801098845,793.2531089772411,52.88744481715566,200.27210778006847
1123.8770009900845,791.8616729016151,53.29197307959053,198.59620592019803
1126.014920114198,791.5070724332451,53.06523078969641,199.91599519682194
1125.243539113166,790.246412648458,53.29963141464668,198.43128031851867
1127.962309778564,790.4961339181659,53.69815471202864,203.02783893041885
1125.5547744851249,789.7977418263597,55.260033289680194,203.3857055650683
1127.019039464038,790.4118142448631,55.3922558704504,209.10251607011242
1126.1287496210637,792.2339375280842,56.294393418392204,211.60184601126312
1127.7190910613592,788.9955771356945,56.90171610580584,213.65512472645207
1126.1272067858083,787.8757538728657,57.78835364773309,213.8983897304068
1125.429439375738,789.8488763112275,57.836121958832365,219.059025298262
1127.5539623739216,789.676478303134,57.32359104846418,219.50656000326464
1127.1066373256945,785.5749324419185,56.986887121146296,217.05750728606947
1129.0694134925513,786.2702929471039,57.20205206118261,212.6410173886834
1127.7361780074118,786.4590476422998,58.687039709610715,211.01905648141258
1129.8602610330595,787.9064286175467,57.81368826629265,212.26350073664284
1130.9826635577863,785.4292425982242,56.20045264352122,209.44908773813484
1131.7285734572035,785.9223735540279,54.4855895010318,211.80867080571937
1132.657338599891,786.2603156223599,53.6313549836262,214.54416727604328
1132.3534951862096,785.64398680897,54.914629716109815,215.0301281433582
1130.9958379270884,785.7240935577134,56.61930139979924,212.86106994215015
1133.5337157158092,788.1920855499166,55.56187000137625,213.39100710728965
1130.77604241012,788.516769116036,58.593661092733214,210.7554180296727
1129.758156010869,790.4306188197969,59.39782313401537,207.70290081605404
1128.5399191821095,792.2485829626347,61.222284382827795,208.50971500186307
1128.4108224772679,791.5070587574268,61.26017729497997,209.86361487946536
1128.2635391392985,792.4508381602351,61.88820973880598,214.6562793939269
1127.3267133813363,790.264793123223,62.92382538768899,217.99512355972732
1127.6951330760444,790.7280245736725,64.46146471989574,217.92514548439493
1127.9290512270406,791.8867987915123,63.22256064674523,221.19716086870642
1125.5304498305968,791.5060902687491,65.16581246658997,223.5034252847747
1126.558466286464,792.9535798766093,64.47044301607285,227.45143280302855
1125.0327554527016,790.2258958090845,63.03466874539196,227.93545052048742
1124.3999670329065,787.7080484282031,60.730017296930335,230.7524748189264
1123.0299274228505,790.7044348285659,62.715644406887506,231.80072953900253
1122.3899735958769,792.2213977946446,62.22275227303744,232.81103893896568
1122.0962230073465,790.1548617792251,60.99510348156048,227.39735912871856
1121.0279631501985,791.7627613493337,62.27446130035719,224.38722082609752
1121.0822064910426,796.3253842473563,64.72979551760048,219.49790187320554
1118.119210241509,798.69376756376,65.86775721232647,217.7409507359288
1116.6292393430458,797.6547447327092,65.17532223722355,216.21267425663328
1114.8261550605575,800.9439107639325,66.31164304662737,212.38167090072557
1114.5549348623238,805.0028603273304,64.40810309924345,209.651288844664
1111.3525888611623,809.7610148417825,63.61893844088995,209.84094563919703
1108.9813926632155,802.7403030232565,63.12672980876884,209.96872131422361
1106.95763369694,800.1976578071565,62.11726677364541,205.76587135806415
1104.7203356205366,800.9670045472209,59.53579385943985,194.01261089527634
1101.39529241015,805.8364166079679,58.07210946801878,184.73805039888762
1100.0216603901174,805.5760981012868,54.10817019392196,178.98904835907152
1099.282847663482,810.3016418297168,50.34863608475744,182.93730003181668
1098.3870547876381,813.3346593845649,49.56887670924177,183.90183239554892
1095.0573251546562,812.4670422692673,48.532146733107815,183.47142619929113
1091.8626780657683,809.6069850460008,48.71527683178661,179.53531902670107
1088.428621141859,810.8515852644132,49.99518923746957,177.50860062573
1086.5894496972057,811.1712221510572,50.942129370264055,180.91772404062488
1087.361080485182,811.892114596307,54.36253502227436,189.4264177987863
1085.0491573810007,812.789934553535,55.78424944807042,198.28972280725534
1085.5000960591024,812.9773419630601,56.84606924741847,202.67713071088758
1082.3661316341302,813.4376892304529,58.58215881997006,203.78864079094828
1078.2529265716973,815.3998527219759,62.56855305319265,199.33292547329665
1073.6395918060384,821.4317622273677,65.04595831445243,195.5557134751674
1070.299512901472,817.6413596689167,64.91736267463011,196.9773935741838
1067.4277109732825,820.8063170746966,63.65992979335702,199.41927773253946
1064.4324457701307,816.6975592129628,65.0391915721647,196.66312220440187
1060.5196273325366,812.5623654989784,67.23946559673088,195.27306976156777
1056.2180118723156,805.9113282684986,67.95534728387833,197.89182410922186
1051.3707630246765,803.8023654153671,69.36014059006783,197.31873603787952
1047.8824886352404,794.3526162791352,69.18843258567492,204.32685705380152
1042.1355148273747,800.1131130368798,73.71318210427711,206.62343661244992
1037.4203698407869,795.080065700526,77.35296730128454,208.84519707438562
1037.564640401024,796.7919392621432,81.10333146479522,203.66079380052935
1032.7767939442301,790.5947091252086,84.02858530337329,202.60820563562282
1035.5690364233346,801.0459376863464,85.62801233583174,203.75852309526368
1050.6014583682788,821.3598111190261,86.14829852321515,206.62812798628465
1032.8783619788258,794.9165926735586,84.79043940006663,211.65332560281868
1023.8449407166826,784.400854983133,86.86673304395092,209.8949776510844
1027.488336031898,777.4446235770673,88.00910400601566,202.6608680188831
1020.0010673724144,783.5980166604364,88.67745912517687,201.79984246400363
1017.631649894027,777.601300625975,88.98408417093628,197.25954207664444
1020.4930379559539,780.2456536011373,89.32439591928315,191.4793854631647
1011.8984411789329,783.1529466043842,91.30068288035126,188.75070339174766
1017.36553258926,785.3346318614106,89.82745925072629,186.76578709231813
1013.1699665791459,777.0584850379732,88.25014945094794,186.88039182237532
1011.6714084658838,775.263009537467,86.93883446073269,186.2586189301282
1015.7727926405228,773.7708609675317,84.12291831250843,183.24228716925074
1013.0866242593032,777.8287030703054,82.78807059421499,183.32257683296518
1017.0776284977516,780.3552746573074,81.8613552811988,184.17207844343872
1009.7520228166497,776.600565713454,82.28543422083148,183.40216925798637
1014.9860793825164,779.8760985903334,79.93923287157521,185.85622896655394
1011.5171342887967,767.6656183718044,77.27265504560852,185.28770616179412
1016.5197542277315,772.1283589972908,75.27960536347825,185.4886140922393
1011.5800914074065,769.5419970336314,75.14780083371696,185.1005313437641
1016.6919634977796,775.159729438784,75.23526725013343,184.07901907481988
1008.0943998068838,768.9766840638006,75.96818166603443,180.9464721431201
1016.4090342543155,775.2330969745852,77.29494689106815,179.69148905421838
1006.0252056440893,765.845661222229,78.7362849527839,176.94528442099835
1015.1691789221351,775.4462130741081,79.61662324196158,175.97378886628528
1001.5594910820697,764.4421254300522,81.44971612809763,173.22885568549972
1010.6121294356442,767.2191520607299,78.27084076976783,177.5307841182144
1001.2530801348345,759.0761720072835,78.76459303026807,175.53992928731338
1010.0597064176701,763.9026596141626,75.63078865916276,179.42554493800057
1003.9145366600974,753.4410919672463,75.49841602889327,177.53458881711293
1008.8290786203299,748.1385835195972,74.33946475742731,175.8042633220894
1003.847207039456,753.1582878186352,74.04731813847454,174.45453337027405
1010.2764570871493,746.5521339373078,74.12204615154126,173.25598931894953
999.0185387489674,757.2149146909568,75.29257790804863,172.59854720526678
1009.8465903736823,745.2350252144013,71.02805441793069,172.61787264449305
1005.0643900067563,742.9017396821113,70.4291232089611,170.37454245500751
1012.6262796346282,746.3465946430132,70.4135119618262,168.70516067556898
1005.1987730897749,739.8900267466531,66.8318683908924,170.81969497971875
1012.0288702389523,736.0389397837483,64.56125836793635,170.2134683066055
1009.2678857917637,740.0483098017362,63.79662745319432,169.83571322040652
1015.5178986762653,741.1047048660133,62.35994671922653,170.5803538786703
1009.8717157452938,734.9281249176947,62.57453786554977,169.46630868311212
1014.745129749118,741.9612243407333,62.058448686974394,169.90773517483134
1008.6273053202134,735.2326893217995,63.78410336340071,166.84329390575863
1018.3163613748789,743.3977959355191,65.70194789580454,164.47110426452085
1013.907669926242,726.6430926025012,66.93239642682616,160.78895338369009
1011.4983264612404,733.2977399469172,67.71006983814958,158.85640906825566
1020.9075851739368,735.6212408715462,69.05117197829139,157.41091467805614
1013.7671837063434,725.8688545531862,69.27456558757864,157.88569430199715
1021.1382666503791,727.6862639877385,68.45452351222465,158.81402557586534
1019.3511398176599,717.6407860170863,67.71472802548175,159.88529127594578
1018.8530007222728,725.4384970027338,68.24866454173797,159.84269517244385
1027.9088948278502,730.28337993678,69.49603350105862,160.00913185544243
1020.4814570110148,713.6356350345035,69.56976832451991,160.67914341214936
1016.7975541835825,722.4186211324392,70.23847319199172,160.72513360345678
1026.9418805857647,719.3054825033497,70.44264820593025,161.63360707233787
1019.9229353404153,726.0227739824428,69.61005262580929,163.4906801546703
1026.9210718221004,720.4979076549696,70.05459448771674,162.4020367640747
1019.464150781168,718.3057418162457,70.31481446818397,162.4842342035182
1028.7703301755623,724.2413748471754,72.13275053358726,161.4496647509828
1023.8354337073037,718.8097577765211,71.58762093520838,163.74594303265243
1032.275120085808,728.3538187504316,71.82725743253157,166.62953310312682
1031.627358241672,740.6834513463475,72.77822480170171,169.0651632174555
1020.3501345888266,708.9664995787567,72.60460886897202,171.047332614082
1026.6565939606949,708.7876689448376,73.16922389779225,168.28669522001903
1019.9002467839797,713.5514269485623,73.1142303283452,167.00113801040482
1027.6259194247173,710.485239817129,73.30301831269993,165.65290451878118
1020.6195032892385,713.2395285537793,73.94089473067976,164.15773950327488
1019.7512400008604,703.936260039159,73.44846038918885,161.72450423238928
1024.5578805364996,707.6596944390823,70.72496989433137,162.82413963905006
1020.3705046754394,701.8736367787222,68.97413709882366,161.6903833366054
1019.7905309896532,706.8981991628723,67.0926054618102,160.45615296740638
1026.192077288982,709.6730991310628,66.26559451119662,158.90702420096045
1021.2604755997108,699.4501350124729,65.56947884064718,158.4376024769288
1026.1348732626873,707.1107305479386,65.68027293885913,157.01926437195567
1024.7045913411741,704.4660742781418,65.12129234303465,157.2022923864439
1027.4840197181957,697.3518179303309,65.55960355567223,156.59865664802405
1021.1475046951197,701.3629017538176,66.33955378708997,155.3364757484845
1019.7777984999551,693.5212780267318,65.66590111430894,155.1917759179562
1017.9677529988941,688.1475436594901,65.46785595356121,154.03800858319343
1023.0761575017559,695.3397784569036,64.32031848546956,153.2938161654647
1020.0273969580248,682.27673238899,62.88043676706273,153.10106326062942
1024.9886077739634,690.2029443345713,62.540295729075496,150.7343503291838
1020.3141433165697,680.6464668408235,60.04342566423931,149.91006577879523
1021.0984651312938,685.5063947734756,59.008199891190024,147.5826122031736
1021.8094446993488,680.1325963601103,56.71478088272595,146.4161269248608
1022.104068654838,676.1063569002305,55.25365972827585,146.01284469432113
1022.309221550056,679.1532055892263,53.67162071454371,148.55227739156462
1022.631765912877,673.7178827000923,52.98651776439196,151.05192983593054
1025.2256679765683,671.852622132998,52.70832784408394,153.85868597596146
1025.1295132121645,667.2971809912436,52.006548635042634,154.39598317788028
1024.4445890206528,671.3749038330582,52.035884243538604,154.0042134028798
1028.67136090769,671.8637667829993,51.53362617892364,156.46846941476383
1028.4491418570785,672.0019955632158,51.623769654287265,156.3923671958429
1026.8322612419827,673.0101183300244,52.538143664156166,153.36870471825964
1026.515204639633,673.0813722063851,53.29269495723979,150.25897473474168
1027.6408346326498,674.8235259781297,52.07517851130501,151.2558760177904
1026.517842645755,674.4984475532993,53.39868091830877,146.62957690422886
1026.5348667384249,677.3070833795895,53.861303838005426,145.60001402758306
1025.7050298682784,671.8058770943517,54.03467426267437,144.30958651454955
1024.4869428366476,669.1404710305036,54.028001306266674,143.0077461100853
1024.3219369831022,668.2903051348478,53.67191875208002,142.63375473091094
1023.8734318628814,667.1695378203832,53.478132687518325,143.9017018515811
1024.2187121197144,663.4575904705608,51.92759218362849,146.13319593532248
1024.2765031705967,663.0419473742426,52.07092245488883,145.17280011340856
1023.8646791116583,662.5012204463821,52.94103909300898,143.0928127896023
1023.8020820589018,662.1295220560357,52.64088006612099,146.23274628084678
1022.6416079700366,660.5965679482738,53.09444267461736,145.78538036835224
1023.0488824483741,658.214342554818,51.83229361290117,148.0534760316951
1022.8987311841057,657.4710187494526,51.467450635942185,148.7146288052955
1022.7417155911919,660.0288504980346,50.93255750055741,150.5447378910169
1022.6304813926089,656.3108434221713,50.303147665235144,154.5819280117953
1022.0223078003112,654.1136578420798,50.765248012791844,157.07146684567516
1020.8537964737259,659.1306845519591,51.85575838079683,154.30629385873175
1019.8934033746892,656.1322458446389,51.87712045007335,154.55113849507256
1019.6944139906221,651.5917370018877,51.576019084122635,155.80560175157467
1019.3644251428527,651.6121021365211,51.24657050300368,156.92941598832817
1018.4251903529251,648.5677927560602,51.44519854293925,156.965252031629
1017.2545442960313,646.8818516722029,51.77277067489656,156.2150206262424
1015.7430872409066,645.5076460836203,52.436589150054274,156.06661490124264
1014.7218736615138,643.3451267299608,53.100777909427634,153.42907216022607
1015.7167188548563,644.7582357542884,52.52326957269902,152.17770226992815
1014.7144482667105,641.30247912133,52.30021725195167,152.9643172372933
1014.017321538484,640.569269804976,52.388657587737015,149.03650867088754
1013.8985934150327,642.8453381161579,51.28871793802759,146.95029450422345
1014.3490755902036,642.3622482083847,50.139894840791584,148.07069312586472
1014.6371440241426,639.057152894203,48.820896806535636,149.34095052347936
1014.6701544123323,641.7998814172306,48.75173838802952,148.8975909493672
1013.3783288015544,639.5509992228527,48.53442783395744,149.24832265415176
1011.8167741819373,639.6014279886494,49.07432874766311,145.80502637901867
1011.1128409544557,646.8918447867521,49.76477927165402,140.82313276195282
1008.9911157822012,646.6854746524687,50.26298669764029,135.6506500553412
1006.8656802748039,645.5654041913613,50.63682511447671,131.9429663456673
1005.0795847562496,646.1572911372784,50.19044747864956,130.16841770726523
1003.099014037208,643.3776662231633,49.80081046783298,129.4352667998548
1000.3088183254015,640.0502397725229,49.25742997217504,128.5242256318888
999.1622699857437,645.0000780974303,48.278980400514484,127.06303208289225
995.5291404984864,642.2225054161927,48.72887059676271,126.65262738698371
994.0252760146569,643.1653588025655,47.68247068618582,127.75735270221745
991.5719284737363,632.1345908248686,46.956453146918534,134.91967804115245
987.8100821059766,633.325057004805,46.868496624545294,138.5061285893624
981.6509578863274,639.3964770501851,47.39579469141856,140.31121116516647
980.6507849890371,630.1743164543344,47.76878384867005,140.3031522683373
977.5149239549281,628.0042517813356,47.75230161741055,142.58429477228754
975.2324263864771,625.4570643585082,47.867533914477505,145.30484706714248
971.8818260310309,624.7415121122738,49.121920771414175,143.82560074613292
968.7858469518281,623.1280904051389,48.97090719529827,145.9383414100308
964.6356072735265,626.9649189677264,49.35720818812797,147.15375260376743
961.0303653696255,632.79566088166,51.02512344995114,143.94471916329076
956.622790887,636.4420025139586,52.374050003162715,141.98871736675224
951.4334569515137,634.176563508761,52.245043178792855,141.2524315398404
947.477340254786,631.9059908746042,52.21040115198733,142.07857397906832
943.2914790718448,636.5833424143532,52.837149983739266,139.44456896315947
939.419734465907,631.8562625395058,52.9703473644893,138.7779444168689
936.0767005126778,633.8987143055656,51.36534000603385,138.74849176159802
930.4618099212807,631.4020208594418,52.78764353821319,134.0998229268078
928.416359388357,628.8999497295581,51.42021297932904,132.58389570313636
926.9626897521699,625.3953190908709,49.32337333220691,133.33355799567622
925.637617028059,626.9808559775405,47.16025930381366,136.76335004714605
924.8960376284814,624.7610815114116,44.791188465407174,141.15909110201162
923.7136231197701,622.6423757328494,41.848483666319595,146.3343131037155
921.5591388696618,619.2120496582714,41.50053054996533,147.37832545621887
918.2100420070979,619.9949873587504,40.69403838158398,148.57587989470096
914.9587427810673,618.6047807839326,40.32305345015025,148.48740512687388
911.526309683646,619.411027260621,40.344222597826935,146.9382252464396
907.036653039828,620.1518381252064,39.236217109446116,149.6077987492459
902.1971407214054,619.6032418893495,38.81907520278032,150.04941635549818
898.3421844685101,619.2982932313917,38.92430175727054,150.48021949531596
895.7326634189599,619.9704044925111,38.307844551036645,150.68569538086555
891.4629216019363,620.6160711775858,38.841572616304944,149.31204146663185
887.2416246348264,619.4463739665673,38.232576294623,147.76296838156063
883.2687310483127,621.953784427752,37.9044942681077,146.4998434115256
879.4411760736167,620.9204052589043,38.20439877576923,145.2220135162017
875.8115107322383,621.0309024988645,39.016370249753166,145.7467146881747
872.222802739089,621.7462119106386,38.94676934895139,147.7576778114018
869.051842791475,623.1809191432767,39.791473658663975,146.2345138776276
864.8339478740445,622.9858023056441,40.65915297204659,144.64635437110445
860.0130518915682,624.8663206876118,41.749819315883855,142.39936240662615
854.6529210942638,625.4152732485459,43.44050323061198,142.59903467309547
849.1246833299609,625.1593092396231,44.93174048862501,141.22030184777134
843.3343530668737,624.1688425036587,47.22418374587248,143.60765456763272
837.1409823178526,624.853587104202,49.38765181216475,145.61887839358684
833.3011348746614,624.2163309904848,50.559246133577396,145.96751638592463
831.3680157365782,624.4877375495217,49.75771532891767,149.39890000610393
826.9675098378173,625.9525647076911,51.50721525661203,147.43171467726478
823.5347592185469,629.2678145460006,52.125990045024665,145.05879101863454
822.9733956530501,628.6518794653676,49.745825682127276,146.5886858549581
821.7062424305142,627.7548776892907,48.50959052970787,148.18273979637794
818.6199949994459,627.5303972484137,48.99517889298782,145.78233642411905
815.0983131604405,628.2491061746258,49.11324101707372,146.62066897852264
812.2071819197502,628.6025703009863,49.1088634910044,147.32595602248466
810.283869164676,629.3775242830952,49.02038458322733,142.34670019553627
807.2062838191794,629.0052921948163,49.39660959146091,140.48425403296648
805.2953503861391,630.2163497611433,48.8412644905497,137.8831733326599
805.4140758111214,628.0227517359493,46.930410949458405,137.5476388904702
803.7336778404442,628.7066833441083,46.823603862236,141.60116970990921
802.6647546240317,628.4638068836456,46.483435163220186,142.10014602621905
803.3666296934916,627.6917792789695,44.77866128765126,142.82375443039518
801.542297611315,628.0129344073372,44.164708025634894,144.66751630665902
798.9809813499039,628.6441016704115,44.33158923633964,143.75188213913952
798.1534340907522,627.4189832535025,42.95617828053966,143.1825316270704
796.7705232407422,629.4707883798906,42.48424123293123,143.23804764757278
796.3144209127771,627.634193281144,41.911980394214744,145.7276621583374
795.3868425352915,628.8355443469433,41.86043717279612,146.32884845978145
793.7323778827898,629.2522883445635,42.588615139866775,148.06665308525496
791.6334308715502,629.9738645449438,43.64093272005307,148.17012314315105
791.0887685409798,629.6924581553683,44.11514031279335,147.9768241487805
788.8388953108598,631.1949933089656,44.732565976771646,147.48729860077609
789.2943931553467,629.9776106886198,43.73761454098218,148.62083861027438
787.2737547705576,629.829124798806,44.49120449903753,147.94263849628493
785.670678092049,630.03143144639,45.08735161726965,147.2102052612242
785.484421055597,628.752537084379,45.084718261538896,144.94084287109936
783.9894840110982,628.2273730409152,46.280896703577476,142.9028454122635
784.7435701651899,628.6122805528952,46.1713254244253,141.0289682617344
784.0015752003964,628.3296328223427,45.668268668280106,141.06461165918375
784.8555531724004,628.8146307271975,44.806276041132314,139.2327989054982
784.7745214835566,627.9137185036773,44.34462605134003,141.65822376610978
786.8939303831105,629.6911628985918,43.26261947948893,140.97972691941175
788.0023730878441,630.8231692407954,42.373448913603454,140.38458564629468
790.9308857493155,631.1539036121726,41.063921614822895,140.33686475799837
794.8513737582381,631.8040920012988,41.04734459873277,141.97575031787807
797.5017309178921,631.9704578643102,41.246367871367326,143.58104715506045
800.1207859069058,631.0381258623705,40.763349022814545,142.6567510624718
804.629056958009,632.7334908680176,39.346694250169016,141.2871258510684
808.107785866965,633.6433219291844,38.96064803523836,140.47763931724742
812.3255495200033,633.3905682010089,38.32290992235327,139.16695560952778
816.7513128929155,632.7725149417907,38.38916625209664,141.17487428128427
819.1222645992827,634.1916834038603,37.92595109137922,137.94049784232493
821.5611334307229,632.484280487144,38.11105819219925,138.7710806815192
824.1521493393983,632.5030905984988,38.451235591260954,139.1096683677837
827.6181238317191,630.0141192810622,38.16836732764918,140.76626346850557
832.5160428008317,631.129622883735,37.178764522935815,140.17066524831165
835.1619706452246,629.110929848864,36.91997587423317,139.91159563654327
839.2638100630005,629.9837820500255,36.32317934693103,139.72569078698027
842.2049654802331,631.0907648019955,36.32941041896726,141.82335255745207
845.2831741196233,630.7640642453873,36.68841983951541,141.2238439094906
848.8705092034695,632.794160259384,36.56813621051316,140.83961561158748
852.0982928483168,632.9173375701863,37.1689974265101,140.24384724012083
856.3739670997276,630.5665250046786,36.73771940260312,142.14731628946632
859.2517313303681,632.3189844182668,36.34184504511636,144.1930481172337
861.6650920931668,632.2163597654127,38.70095040296283,143.49996167789124
862.8812112446229,633.3681356231032,40.519587307971626,141.71917156938517
862.9399329904008,631.8506080724553,39.7535471744369,142.82268511489175
870.1173682554256,629.6878064215302,38.70249752361604,144.1619946273381
873.1914626055274,626.7787856544797,37.69993231796842,146.34112778596787
874.7908865070759,625.9103968944682,36.58957494264534,145.88679817180028
880.1954835066546,622.3509594592986,37.22289614587723,146.9114065566933
881.6535457171411,621.9436277066758,38.39927199049951,144.83602826160345
885.3067847962483,619.0602535535875,37.428333145348205,146.16738265969514
887.0207910573739,619.1892318869131,36.805560363492354,145.39688570174468
890.9385840922757,619.2066615216544,35.72097876681701,145.57579931160708
895.8594014923135,616.728271125129,35.55176127153638,148.51757793071096
897.2756516791142,619.3485003953413,36.262903924339724,148.05939384305032
900.6271639803309,617.9259255218276,35.92828795939314,148.78503014412337
903.9510258859808,619.6683815029963,36.47992327176166,148.5998569152188
906.9711270933426,620.0877081903618,37.80960943986091,145.43661554863345
909.6496591835453,621.0546942064875,37.13374032265608,144.24841512635038
913.2236717056403,620.2365347739432,36.43558247524578,146.05038600831125
918.4192753901141,619.6810216235153,35.87081527212317,146.7940007351698
920.9214715103121,617.9938403007636,36.33686333921476,147.17487741854245
925.4514811137325,616.180516341074,35.31019313741424,149.24635186576808
928.4480252999418,616.7033166634875,34.605472194632064,149.62120617787755
932.7293180524242,618.46694702126,33.69437272334932,151.97031112914578
935.7002499126698,615.6219531919802,34.768073444318574,152.0640784293478
940.145637673439,617.8056224190493,35.27814146620549,147.52453207710994
940.9115054149164,616.9902937148042,37.62943128549017,144.75568616349034
944.0496527315594,617.7436804833773,38.533107629335525,144.26895326345598
947.2973154154255,618.4005434835185,39.57087985942671,142.93916438084702
949.126687400231,620.2930522341175,39.84801702395774,141.88630327378073
953.3700182578032,621.1534859025681,39.530443497868234,141.2332957386149
950.2545861220658,622.4937527312716,41.60973813784415,140.99946928797152
956.5276856844739,621.0062510479795,42.199678673519166,143.6450083478286
956.5404986380265,619.1015931082597,44.15564000123691,144.52472975992413
962.1040546805692,625.711997755642,44.94768689852416,143.68206599547472
956.4794525856981,624.1541018157475,47.26760988357455,142.90940821857652
965.0065809653772,627.753407131908,46.202705380498564,143.981055447546
973.3639596355241,631.8271387005409,45.37460094875021,146.1771847838205
978.5202463697348,634.716876659404,45.01830425743032,143.8335917089355
978.704869183986,631.9715663233306,43.329304745956236,144.69916501388502
984.918950059391,628.3239239211558,41.59953676640116,148.59582019151995
988.3228608090101,630.815497951236,42.84420974483094,148.67934875464528
983.1731624036378,619.3986336468467,46.225592363241546,145.95473712848667
978.3100404072688,612.5569147240369,50.31310559891563,142.17889910520654
983.0977012388016,618.1579181062323,53.00922427991139,143.40943972833327
983.8102478507034,618.959991396325,53.78686327153017,140.7487278481402
986.4090850950676,619.1070974206556,55.28870162493672,136.19939294424233
992.1545209447181,623.5878381464321,52.47790844262434,135.6121334557231
998.9967049180824,623.3953452073442,49.522841102729586,137.5356569143333
1003.1485682091493,622.3771742575947,46.78331356678618,139.2833533414432
1006.7134246419297,620.9323467235661,44.04482891242045,141.9833094771891
1011.1065201808441,620.2280342499804,41.75564041007302,144.63793026607985
1013.5840222059,621.8466717268353,40.33208840919859,145.45498598557927
1014.4477573995055,622.6113970814,39.09189467592108,146.53527389734228
1014.9531858347035,622.323092739448,38.704954095332,148.8481297413088
1018.4882300692724,621.6093309469393,38.12709539184858,150.15261238661662
1018.0956987688753,624.1376033953525,38.01146581116018,150.5847964865355
1020.7509140191917,625.4821344218403,37.62302697527694,150.41242861095162
1020.4619410549396,618.5603884842133,37.41358161577581,150.4244613957676
1022.5811968589828,616.0459137334242,37.628000492793504,149.62524886451774
1022.1509089907426,613.6981434473012,38.21767660047877,148.412077879791
1021.9271084277549,613.128359426389,39.43057629612608,148.69765235262224
1021.3152101998139,612.2989986405744,40.08863993108564,149.29893793962606
1020.6932820210819,612.1489026382425,41.61938190783373,149.42129462524076
1021.0455413090816,613.0019758461239,41.659593028378495,148.95322379603076
1020.3817894792991,614.18836592686,43.08883834302178,147.51741224119723
1019.6834044718469,617.7334701859271,44.473208796799184,147.53976870115685
1017.6843671320631,618.9662749450017,45.41406587728412,147.45993739670217
1015.0869454071892,620.0675995215175,45.63612209664733,147.75205741556138
1012.04698309843,617.6888401745375,47.235623373413986,143.96496018511
1011.2922562624283,621.6283970240818,47.127576690376884,144.5575401169051
1009.7972384353376,616.5894952845998,46.05235142813383,145.8364145580552
1006.8855778548265,619.0492406737897,46.566521911982676,145.2612642899992
1007.5057075152428,620.561777251845,46.55202964589047,145.10051057129368
1006.6699173481691,620.1340591432652,45.5475095298829,146.08858341900205
1004.7804439877427,620.5909030802025,43.70190657142174,147.96902119434293
1003.0257911171816,617.3454015959742,43.78759306981059,145.67826894200283
1001.8967700677442,616.2816369474747,44.62668307192641,146.76490404779767
1000.8503283675963,616.4312563043571,45.39486042309088,147.7567765979632
998.8638098257642,618.464585894642,45.09431472178241,148.36642203903784
998.1015422798906,616.9681480469997,45.63536365450213,147.90976205729632
996.4747205951141,618.5593297774727,45.187940738737375,148.28788560796744
995.1839336355148,618.749853941823,44.86156576834689,150.17184560058837
994.0360242203553,618.7587895629067,44.04908897002625,149.87631770571943
991.3085151487767,615.3758626590147,43.50963881473913,150.76303338874672
989.917382385306,618.2255468379391,43.44619987439886,149.5020190313102
987.4020749705692,620.1013155791533,43.78164543720076,149.9632027063996
985.4822543549484,620.8058439485836,42.88378872248079,149.1478051468717
984.387485589863,617.265136442348,42.23575820852855,146.73671973838213
982.6255107609193,621.5708526387131,41.81809980158975,146.46763633047772
981.0773532595114,619.2110933262761,42.123070089890014,141.97384056452904
980.2603571024939,627.3653749437487,41.507867477086876,140.0869890836493
979.103052298755,628.3691431822494,40.88611184276752,142.66216599727989
979.6465407530766,627.3146375616876,39.28883164069583,141.3647630930866
977.3939298993273,630.9317655466194,39.950642004493815,139.69902343462826
974.9955734355003,633.8289462302411,41.32931135908263,136.71313547424703
974.0733150436153,632.0706773735375,41.449255535623266,139.41760993630422
971.79358104731,632.5746383169519,42.70953438232742,141.77070714398909
970.3087318637073,634.0476685028633,42.582205605240944,140.73885811482032
969.9283172319588,639.0470078381956,42.21901509848787,141.33131300894576
969.0540717857824,634.2361653596327,42.6481969596837,141.82431822409242
965.8098671632772,636.025105214947,45.04399588371204,145.31328255820168
963.2078123917116,640.1700753632671,46.3593792620768,145.9881542241997
960.8782800119075,643.0796645231442,47.55680325817646,146.27998691792448
959.3886106109394,641.2350851139208,48.15605899108552,144.9258960828632
955.0925073405898,645.7407214031183,49.45163844058014,147.1495177513703
953.4872129208046,645.0935246256435,47.881347215630015,149.67508655206288
952.2789331739745,645.0283297196171,46.397040792880986,153.3039424897215
950.933105280169,645.5129804833082,45.78726203604433,155.16547203603193
949.777314625904,643.7597321194637,45.72614442870622,155.0670718195501
947.0227294385816,645.1841023740358,46.32333262166186,154.03779059425378
944.6491482746433,645.4442611467526,47.236654155914295,152.63390959197457
943.4612630285696,648.1534417101411,46.94938259007034,154.4278898658407
943.498890737032,648.2924635204504,46.737760829029426,154.64782960282383
943.5114953958821,649.8323996988579,44.963642203426346,155.17070161291588
941.7709063566817,650.3389874978851,43.57771394516851,156.11806893528365
939.6312891978607,649.4846486390492,41.88037012093857,153.82417411727073
937.2066447765171,648.6912345702608,39.843893039299914,150.91401056733207
936.0954255161374,643.0540771656583,39.712990641239365,150.52970629878845
938.3346674390923,649.2035313373053,40.87058917604415,148.90082409010284
933.6938140816644,652.8885706357274,41.92716390519483,147.7573671932442
932.4879830651113,658.3178777256627,41.726268468569636,153.58893199831428
929.8037328539249,653.5788144274185,41.64058694291002,157.88431661292617
926.8991114010896,654.79278147999,42.95664129061849,157.64652721169165
924.5616173432344,653.3948630614104,44.2363676562839,160.40065214099548
921.8697836541686,657.2213194429321,47.46223193751308,157.61239501392146
920.4152225976534,656.953588740649,47.16173771808877,156.36429721967235
916.7655844826642,660.1505927798476,49.55785712910397,153.40374367196836
914.032819183393,659.3582918731746,48.919645514412885,158.47442423967254
912.5365660862296,660.5503365670612,48.49219022976736,159.4880164133054
910.1423240136401,658.561312096192,49.176302459151024,161.37313107587192
908.8491677776912,656.665737307085,48.054322388031586,164.59900565122223
912.2128309692665,655.3100083468843,45.43968319569133,167.1603662612328
910.5890429384749,653.71635201774,45.59729606247822,162.44276976010775
909.3625667467758,650.5443870104464,46.496694345541286,155.01644343711394
908.9839187878051,649.7607586974636,44.62483105451804,150.54869886946676
907.9206233690604,646.4796382625269,43.39089104898649,142.62991161134747
905.9838056497223,649.8723969179198,42.13769578568285,143.5006114560541
902.9774582619978,648.2911359816542,41.161585620509385,146.48150198335998
900.3355415686423,648.0839138302599,43.35429415257758,152.22672854100938
896.0291628625135,647.84898135911,46.955544385929954,156.19681209400204
892.2728468622989,647.21275696107,50.73159492026976,157.42509816523324
889.6798508677832,646.363796419197,52.892812925880555,160.70811809806247
885.5572263989059,648.8673160336766,55.45648497980153,159.26664525047255
886.0443226423373,650.2143741199131,55.595553981914875,160.11099443873732
885.6493308455466,650.5757560364578,55.020004779756974,161.47993910113524
882.5880224295989,650.3027669008472,55.25517950855483,161.90658162071503
878.7882028093213,646.0076025919922,56.43776424390089,162.44815054871214
877.9205128831351,647.2748566542466,54.78325313981102,164.60452090326032
877.6930562419863,643.2988264351465,53.74952827317128,163.53268185022418
877.3586248220624,639.8589476721928,51.561910063497564,162.71096548277436
878.0908505555443,641.4977670924155,49.14860074137526,164.7517961007532
881.3786017706399,641.9668718048886,46.04186218900962,169.69778330574724
884.1625152338519,641.7534174714785,43.3380953264589,174.01043929169916
882.379427826134,637.0357180068618,44.26715303363129,173.0792424292623
881.7760224007228,638.0140289388501,45.21273693971925,175.35202738035662
877.8983765989356,636.3679573068976,49.25832009182368,167.86025667783537
874.9477514751575,634.1248669785246,51.03164833383366,161.52037128395102
872.3850143924298,633.3520779639308,53.63934095364173,151.08060665319977
869.7787437172922,640.4431571871486,52.984451907477116,150.7753487361702
869.678464826345,637.514469717207,53.48556688246545,144.95398845348728
866.3057457810505,641.8392892244183,56.29716203687799,144.12091352485584
866.8150346253863,641.2411336361617,53.46373789524876,150.07555382091357
870.3108027240498,639.0964760282591,50.5775139006051,152.98849807721942
869.0290205074258,640.4612982794551,50.393256607712374,153.59445718223205
868.4640108392164,640.6063713001744,49.69952788608009,156.1620457285037
872.019946131977,637.6485114126519,48.487659238242045,157.4139069187254
873.8307920552205,640.3752666361942,47.23956151444523,163.82979145412224
876.5478003222684,640.0928197880279,46.723561144515386,166.36875143766878
880.3348830421137,639.7866410634675,45.3122822596333,172.11733248724894
881.0920895134835,641.4830765426134,44.31965270812315,181.02446016958183
884.166204378815,647.4547831810015,41.94540492910583,188.3016273288344
882.6057792076584,631.6230359915336,41.40705581744257,189.62470693579598
881.2916523484372,638.2988251559964,41.51074065097008,195.91694116050508
882.5682721943409,636.2729524284478,42.065714232345684,198.11419104073892
880.5781726910569,629.1789395869413,45.187371803649135,190.61280203306288
878.1086248811438,627.8206248632156,50.28315182667838,181.9780946695033
876.3752545901831,633.5252408709212,54.4836467386574,176.13501891345305
869.7975182444065,628.6240425015576,60.97832493113148,164.89864486741396
876.2875831061151,640.1190538494396,62.24560722846403,166.68573044081427
871.7587966325091,655.3697122981284,58.019850316649595,177.6161294704185
872.1956021880112,647.8341116284622,57.33991295611838,178.80417803662704
870.9614336866508,654.8853603716431,59.73096670479212,176.1674347108501
868.8568474169459,645.5149545583444,62.65412816113623,170.61131690007596
873.7759987240531,649.6009597187431,61.502260559056424,172.44309237803378
874.5042262716154,654.1217505684558,57.57370526958674,174.13580564632483
879.5128977171466,646.2073910465958,56.614519564773886,175.69241455073563
876.6101605402158,640.8367423006938,55.632356164107165,178.88075741644178
877.2318450843635,647.5856172875524,53.731623570501114,183.6735122468943
881.3642976491408,625.8014021789044,55.572960491683624,180.61588700568268
883.582978057429,628.7936701253458,55.66478947377894,176.42547645306573
882.3938083893462,623.5840277199388,57.20793740762293,167.2866142330579
883.9260715544456,627.993849020565,56.11613997696005,163.31851453093174
885.4796159688602,624.1345335264101,55.799998477352815,155.5719069701679
886.78730273536,622.9511440977788,53.861605388123635,150.65188343294307
890.0272316823882,626.927813032972,50.47649986593982,150.0047050689189
891.7584191972685,622.8370787948718,49.31139218870365,147.11235659209092
896.0353638474919,629.3136959352782,47.025551979412974,146.34844171753863
896.033217492422,635.4827261406275,45.518996816483764,149.99825431073629
897.7657100292299,627.0949206516584,44.134887381917,149.59971293733037
898.7894059278539,634.4794403354467,43.58193789366616,147.11714766017576
899.6754499358524,631.36418051896,43.177246133410584,146.27029593975442
904.784695853268,626.4664494541722,42.47294724987944,143.95721979730803
903.5057986333786,627.8193592196642,40.97804608553622,148.0299747543378
908.0249261664532,631.209243603819,40.288630684360584,151.5435733714288
906.9027291851344,635.3975211294127,40.927894562825976,152.83698128350528
910.1955426438665,628.0926120522397,42.5390203992427,149.98907308753024
909.1625900556102,622.0825505753877,43.99827813367149,143.58971862882666
913.2800694401445,609.696034720196,44.17521950696086,145.6636830512153
912.4043618791429,616.5441123386214,43.78813423606594,141.92531360418565
917.7601103239189,623.5405740149008,43.519312210341695,138.48309899205648
918.5088214531684,626.0176450503136,40.74529734647053,136.70880075272132
923.6637845567255,627.1969742082597,40.490867391162936,135.42573461434645
922.5062291899376,632.7518467297627,40.822215802477515,131.7934938743172
927.1093475357245,636.224043530294,40.93970471217662,128.11975197141038
925.7404878840082,639.7934614908295,41.5298820364695,125.41830651032198
930.0851130197527,631.2385492964564,42.14699437378097,126.78620455914114
928.8947698559116,633.9598804369882,42.007901223714214,129.41313829226664
933.5865800386226,640.9293644538891,42.20782724580479,125.92929303281815
933.132243116427,638.7070541926697,43.01015064034457,128.503957377723
936.2591559102368,634.2385575996848,42.91292806928794,129.80007670179833
935.9896258776237,640.7715762104875,44.03860587691802,125.90768150691682
938.6814610250323,636.9379958951915,45.63928469933029,123.407002503864
937.9470089614631,636.070998471281,44.66036129659444,128.23257129475493
943.2402230844239,617.8063909368725,44.26983417949384,136.74908208189947
943.4454148171446,614.6108208874101,45.06529861514092,141.17127886837451
946.377777688899,607.2636662043789,46.318811772312884,146.69385092307178
945.1112838872352,606.2380912441502,45.43751855017875,151.4618594580631
949.0228685931519,603.5390808130282,47.38595386066523,154.6869487638147
947.9724924407274,599.8363043319799,46.47500343339841,161.76483464086942
951.5389819916923,596.5683339114901,48.09211973424742,164.06747112830845
950.1726752154589,591.6220788805074,47.81179916511688,169.70871528767861
953.9098411411054,581.6044194621459,48.14544611568536,177.38842533285862
952.7360745652734,575.5119126450746,46.905689889169594,183.56943479427284
956.7706099949947,580.9798268085701,46.56898426124132,185.4721163989801
954.0507907794658,578.0693834405292,46.77245747908609,186.59935666487218
960.9590024014689,582.2949026526876,48.07765846124179,186.19070801675286
958.2733551015857,582.0382504433006,47.47994868350989,189.09294655713933
962.9864530807794,574.4440865725378,47.69999941970285,194.68213637680304
960.3877575205037,577.0480838528356,48.69349650856969,194.65497326719523
964.6838763416558,575.2891237518477,49.24586393640284,198.35315946898788
961.3283291049017,571.0901950656576,50.3022923370562,202.33026230361583
967.5449689798903,567.033576310438,51.2254578427269,208.31154640328685
964.1878285936864,576.4847022870665,53.09095501394766,205.7990981484179
966.3888184816553,580.9040749838056,53.16938088720155,204.84881863999018
972.4022375645241,550.0494508600722,54.32026414725261,208.82264442708333
969.4410148837662,562.4987004594918,54.756344420138824,210.63809209527005
975.0664829631146,565.3577500980765,55.48473057391706,214.10817922881355
974.5173078843266,563.719141216961,56.213443297599724,214.78073073715836
975.2503671633549,573.3881118393027,56.22282772089908,214.976992753553
975.0875949097109,572.4928594980772,56.49385593895128,215.1757865338768
975.8328795129564,558.0579373307795,57.54363150032414,215.73938830416085
973.8845773768209,556.9099542473543,59.36223592015656,215.9740993990286
973.7879866594183,553.1658509140962,60.44686723546954,218.05500534548491
976.4649262863271,552.2412281534154,60.98745429248079,219.24887645162912
978.8221163290708,551.3492865241388,62.626766104724226,220.96207196558632
978.3683644911699,544.9230978364399,62.758986345535746,226.41927908651172
978.9600806153661,549.39104886842,63.446107549544905,231.35267929325582
980.4426128116464,543.3791149310098,65.54161116660444,235.07197263571345
982.4366354881506,553.0398141767919,67.31314436335478,235.5666968356394
981.204710439969,552.1747915329197,69.34886887292616,236.28028918075609
984.3048507855667,554.4540110927724,70.54849481779065,239.49776936979939
986.0644533057502,557.3956764637503,72.63320483072982,240.4333108330664
988.0512582261316,546.8390138883169,73.24891930839172,243.11711560710057
988.691060853406,558.9461726274604,75.32453770536763,243.13345160336735
990.7989713727253,556.0284115002904,75.99334871805681,244.57085015658103
987.2578792820366,534.2817986867465,75.81036416367851,246.9082083522066
988.1005285349617,565.1752188632004,79.1735029604809,243.7627336948081
997.6770051979503,540.9353489765142,80.90624955245929,242.95506898997695
984.8496311844989,579.237789940306,84.04062637746952,238.80608657322847
984.1495158116169,592.648246392858,86.52188870078209,235.88305206435155
1005.4990477514474,600.0233458408967,88.554482336762,233.6024372254862
998.5344979551835,582.9778466525372,88.08902313923677,231.7878162013703
997.8524248353156,596.1557637826425,87.46912649232455,230.7753676101235
998.3525035069898,597.6261906836122,87.10349106099903,229.7821686853278
1014.3808902149731,602.7823843418082,87.85462413940009,227.6235879290858
1004.0934356517381,605.7023868971115,87.52272918152477,225.16007692004285
1016.0803317472282,580.5713934765444,86.83938803142925,225.13921002045672
1004.9369416888601,623.7372950247615,87.39348881913345,223.08275007910024
1015.0322849949944,598.2947354348398,87.0844557164451,223.54802817404294
1019.7215434825844,606.1260455271427,88.43744961339047,221.994663481037
1022.032215853531,609.7921109687201,89.44141867254044,220.83879566942932
1025.4495523500514,572.3367868002756,90.06188681172245,221.02012420956933
1009.1505591315216,623.8622939531822,90.91706569310666,218.92106633320964
1021.4325975923567,634.0530013166809,90.47150126409439,218.21588528075762
1014.5730275547937,601.830986432939,89.08333122170917,219.13793236411271
1028.0748516127317,614.8481525137024,90.31643996196493,217.15605188473432
1020.0132537299273,621.1394173785964,89.31836094463193,216.43678320531993
1027.6845172710002,623.5488611096501,91.88527357007018,214.2479304559623
1019.0468672581146,604.6296526785904,89.37930750155954,216.35915755331885
1026.8164270665754,614.4282506748086,87.84511132609626,217.50997499529018
1018.1379811088232,625.1251067610467,88.44485800118758,215.2469070364568
1031.5473820206464,625.8441537277024,87.39263932589,216.92798193182654
1026.4850001814827,639.0750919011034,85.74572192476188,215.65463297173585
1021.7447750797693,622.3049919380926,83.20092944210468,217.5964447382301
1030.1665833578509,621.5825821894181,83.29181869926316,217.73373272118778
1027.163493562652,610.5388333139174,81.22375933588656,218.1531046281868
1036.7963660553423,621.0455484850598,84.509776187652,214.6362477494078
1024.9258195302546,608.7496997305241,83.77466553792345,213.67027053592813
1032.3513565255585,626.6852774656094,84.59574783931713,208.90837850207294
1026.9131356874827,637.7918356086764,83.38884444883138,207.03438333457436
1020.1190867546725,643.0213191664386,81.98145592628362,205.60529679985075
1028.004440895706,653.7221486837892,82.23123448282888,203.44076682849558
1012.5344790128898,614.0174010466634,81.5963381711852,204.77551061493403
1003.6845784504972,633.7026001676394,82.62087227267293,204.00089620927656
992.5739146378601,591.9724435773468,82.42378870393621,204.13530414949332
1003.9700045286763,666.728465251764,82.10430124117158,203.40145684565547
984.2101024612,642.1642245218941,81.59905352469889,200.56122868273013
993.0189466024121,649.1598001838538,77.29192950324243,199.43431523012407
979.9129423499978,624.3841012692512,78.50020564120697,197.8278134242244
979.5113699628362,650.8440187933684,74.77824195984988,200.69291372363733
979.1002567201607,656.8518155038973,73.73832406140201,201.40904524971597
971.2003092222442,639.9624945027468,75.3636180853403,199.20925828490618
985.4980953389392,638.8689383295892,75.6486636418932,200.511731422374
977.4005007313244,652.725126283618,75.52233590042303,201.0940449757288
971.3507806663283,633.7373332160994,74.20110045839388,202.48303003470434
987.4387461071935,643.6786435735718,75.75016180663667,203.22490837448677
977.5512433783492,656.1028390730098,76.08317686298471,203.17365029102882
990.2347395096432,647.4795714662555,76.35029167761354,204.77970741315488
977.8829443363652,646.7516862526098,77.19649604641926,204.8584173257029
996.9622857816007,665.2618252189175,79.05548947296488,203.25583779274137
979.0712469602205,628.6241481740681,80.59690876526206,202.51635685981992
975.0912092404437,658.0933631285424,80.56732911383389,202.47276611384925
985.0641586810378,666.2713446559333,82.88433320836728,200.00172764524814
965.2917288778352,622.9412292467887,85.20349772886476,198.90773382254173
958.6710946144735,640.7216537590314,86.58433428164871,199.03372469397596
951.3264580521623,593.4695109307618,87.43936511275282,200.7849063348751
969.8535465454223,663.27510709005,88.85560703600726,202.1863071967391
962.4217174233489,592.194176376199,88.31931395015862,205.28574071657832
958.3662511702689,663.0212822413661,89.50167628640733,207.7310136687018
953.5156096443369,597.9380268199054,89.63890567324601,209.47912115408394
937.7635272844801,607.9694461861574,92.83812196868065,208.023945690366
949.0669678772988,610.6907695482012,94.72689988743855,207.85379726535433
939.7770809460803,605.0200129722516,95.9515960873604,208.61651615029538
951.6519239282292,613.1837085035448,97.57681815598067,208.2620371507737
965.4836206288624,544.4825663726043,97.52937611424426,209.71443401730198
939.7143853003842,621.2339807385159,98.86061213328759,209.97312938651598
954.0723784990668,556.7183807140772,99.96126237296713,210.29339040927366
941.7004404531457,615.8842339575015,101.76157145307508,210.91915843071075
953.9222398016278,555.9429020356099,103.22348901764698,211.70994160329877
931.4361429211017,621.7882715928157,104.96480132515183,211.28975806036738
949.9267910821928,612.0341606632526,106.6253560839722,212.50416198550803
934.0168969852044,613.7755605450523,109.77981404908364,210.85232782008111
956.1476430932698,604.4699441431669,111.6907856543495,212.90796820675283
938.8900579895077,606.4346635311547,113.60278708305388,215.28392681593036
926.354404354292,612.5301262327922,115.68632470150679,215.29798419805311
935.3388980348436,614.2138067425468,116.72375314650769,215.35296983578627
947.9265523614046,615.6129512976812,118.94211997112548,215.02925848988056
925.7693094270514,554.8148933827331,119.51875913377829,215.14727443386624
885.8445422091605,614.6013106644665,121.23751361939865,215.44942123756965
716.3599013054151,720.587372600849,120.49134462077821,217.32230347009212
692.4485303996715,677.0383361057427,119.78920657119744,217.46185401576767
706.1280612884636,688.7887784403147,120.07534784010215,217.2777589011335
698.1349495896966,719.0891466236229,118.36218276241249,217.02142163984658
715.800469847081,715.5179517579548,118.48661648288115,216.8918895032132
688.1766784788871,720.0393628552213,117.97755894089394,217.27481377110885
717.5763373816678,655.2112284354666,118.09147160464913,217.3024192206948
553.4763560437843,791.0629330739101,117.65011797825026,219.20254348641782
423.30156996245677,835.7328995901812,118.77154328556443,218.58394413663055
384.54382992233286,791.587806212732,119.33095150237098,218.31982280656092
358.9132947939928,846.4720132550729,119.24883642619304,218.38994946168333
340.2610087342996,846.5804755784505,119.66151619171673,218.11261358141843
367.33398888038255,849.2652393538544,120.61945383126302,217.27067507212394
208.10490306947187,802.8350315125007,121.11694241874584,219.07318304986353
178.93389987421938,848.6565841012873,122.55377473467857,218.5945615240856
16.373758968592348,762.5061645451849,122.54188159340076,222.40691545335528
-11.05754319375901,791.0654135015435,121.38342263781782,225.85502926139384
-11.291700723480282,811.7303676373249,121.28258449110498,230.3869474729338
-7.576008516567086,820.756400116944,120.6399418222929,234.39787577588334
-7.4777999284435595,829.1172586062625,122.59427229799005,238.10249821923412
3.2249251458096495,772.7589967901664,122.8397970376353,244.6627852538883
-20.212249422393434,791.4611205476441,121.20249995594547,249.62977722297597
-1.8602935524167847,697.8434554643087,121.16994791599683,255.3671749330791
-4.822066372997668,790.775406626803,121.87004499868316,257.4098215492978
4.809070598244517,727.0402003858417,123.0881755033966,264.2764355413125
-17.685373886792505,808.3374805855109,122.84035395086613,266.3118442065054
-3.5242234669359718,730.3811504220569,124.80334628936671,271.57155751103903
-3.4961313043029705,762.0315303843533,125.74136492768356,273.7084096875109
4.073282337170298,699.4298405644249,125.8894567871057,279.73172167295195
-20.09412440361171,788.2702988043328,124.7415093529031,282.90802937632026
-6.203274093875649,700.242646402304,125.01752664436987,287.7264734492354
0.2782587702326822,589.0124783705835,123.67554710690267,293.4390713371248
-25.68409790420543,427.2415424840152,124.64274033003227,298.45552212802266
-42.92902463300915,450.10382668491707,125.03546921152592,299.27334640611724
-14.105096032110609,486.5766901010562,124.3586771957932,301.6732267625692
-33.97910709930845,518.1344649413954,122.9194659233425,305.472524021843
-41.2937668429132,538.9753615816472,122.68660306539462,307.3257321701671
-16.217056497285704,368.6417260744235,123.70928471784556,312.17507081046404
-41.65958780270763,408.0069859425598,123.37210743485664,314.54799736046647
-17.201850274135523,237.23506215390603,124.39147689065891,321.7688467654493
-20.441190564582904,276.54637643679365,120.69632335983528,331.23107628047285
-34.97578654697356,291.688181881859,120.19354727150669,334.35463805536585
-8.919309339926649,337.42524407272344,120.21119692833324,337.7425857832169
-34.11204359124803,374.3898003996803,119.32528188107074,341.3797790769504
-12.886080831911798,195.8145350612451,121.53577247158637,344.797701129371
-32.33732356945064,219.35421456906496,121.14754288795629,348.02358846504086
-3.844770874512605,261.0383432511212,121.91190435599344,348.8861620628248
-27.42692053612714,299.7518905758112,121.2687054262816,352.0333576402422
-5.005948783890275,357.2022480099498,120.34956694105446,358.8981340547664
-30.668294546239895,386.15700778630924,120.33499027644461,360.8586401099485
0.039407259963859076,419.80485340497216,120.78131089046613,361.52889682134054
-25.564209572380733,452.91530106647093,120.25313779431076,365.17082729157175
-3.187382769856285,296.6084607165046,120.7704960552672,370.34212486141087
-33.56668393969583,347.44653893327336,120.77690240152309,373.13006047005155
-11.807857789306134,135.96456867450894,124.08908414136064,377.4656357476273
-14.947096551514434,162.2988893170291,120.375001393501,387.0167149966815
-31.712387637040557,179.71412795790775,120.39477742705057,390.55633744745444
-4.094633802394213,221.63339102895114,121.38099948855128,391.84774172335375
-20.98518411081089,246.34032086086535,119.88628971385162,398.26144412704923
-27.368741399328783,125.13098805673812,120.89304095932636,401.9898256966381
-0.4369767914922065,166.5454693407193,121.29947756231661,409.7339944352492
-12.209333750016675,165.83936651406898,118.8227171506932,417.62721459367043
-17.84069766716116,160.16943844341247,118.12177598546774,423.4524765884319
-1.6287840884134397,168.3660868769467,116.85556121799317,435.4487368570853
-12.933304008445141,170.89712420574435,115.92487980077536,441.664825396974
-17.631858786518414,207.51431308853557,116.53304294806681,446.169391634573
-24.875633215795744,233.54470209163307,117.78523825935623,450.2797442394116
3.737334219729476,315.27197057117274,119.06845661497118,454.4410253495429
-21.52812663293203,120.35902443353672,124.66071608064463,456.93880536357653
-5.4759792698969605,153.219925716519,123.67570467878245,470.5467505837153
-14.13394079150185,166.05776762583105,123.17945377805101,476.33982729835975
-11.917586817417728,153.43437902390363,122.23754364509753,482.31149720955847
-8.76216270141878,171.93335421569697,122.01098106187621,489.7060392521438
-18.62998646451924,156.87566021223535,124.25920553285006,490.8584832489961
-12.371641713259741,146.82270650123667,123.0388222454485,499.3449680182946
-15.600447896350204,137.88036436168636,124.45147441427049,501.09973257529816
-20.52784627222381,166.03730246387283,125.79836784932837,505.92985687690805
-15.622645274354184,178.8846159409235,126.81040416147897,510.87001963749213
-20.545345054974618,200.7166632315279,128.0850816003113,516.0646630842348
10.42224051428866,255.66077389113764,131.37244738989307,518.1339211063009
-25.409353062107364,282.5034733367333,134.02696423975465,517.0566148094114
-0.5089195916466736,98.27681715897216,136.95314556175134,518.990115296219
-21.384153369252388,132.81601822218477,138.35928795701045,522.2106157507548
-24.62418635838251,166.2288058508417,139.97050243410263,526.4521231964974
-33.25780830441074,193.15378246153148,142.95850740859598,526.4651793073507
4.202514861860735,219.68826186272412,146.08321911942076,527.350881246602
-31.14708973985256,32.15500402440415,148.48886764622003,524.8051603464093
-42.878057274632965,278.7444474463071,150.5205503007909,530.2886966858017
-0.9185467462456245,319.6309989137746,153.2275061713516,528.8111332558343
-25.919373404816866,114.0283364552273,153.44296004508226,531.836900233783
-3.686699119387825,376.4686859333218,156.14797924668883,536.7544527557104
-26.273390071710097,289.7707523623852,156.36773304910906,538.7762078844628
-1.8716130833555695,315.65895256189646,158.60651755924243,537.1838445879179
-21.05672351908248,154.06025854843813,160.14968987168115,536.2084695095534
-5.792593533672843,395.2692302631811,162.8757329889948,537.4095919411315
-34.33027506078867,248.0335165583033,165.13588165154712,537.2219613421669
-0.2429648285128394,282.4038876777005,163.56830468760754,538.8278619347914
-22.985864699713574,160.12613838630352,165.48958605516253,535.8712194948093
3.534188889908762,237.37222669160548,169.4140411913641,532.445837135784
-12.439945293492173,350.01113115891275,170.6419391737179,532.3818375762295
11.009199957266645,391.2765763391947,173.77236963928243,530.4127617505843
-20.53950530199512,256.63495277655977,174.7865210926771,536.8128407019533
0.9573760405444176,325.59104740060474,176.11087375376098,535.8383802810857
-18.32036134530931,467.89883200619363,176.65096492520198,538.7867362541508
13.336730403063058,291.82717920831686,179.05948291280475,542.2050264443161
-16.872070930154777,181.30698153646597,181.9340474041334,539.0769279156121
-41.84391657536291,446.58355635399766,183.35187141376468,541.9566764802123
0.5948649125610643,313.873348177976,184.95336212419724,541.5286354561306
-11.928417656329955,361.6870406601388,186.6210315232287,540.6063021159257
-27.90938988079239,499.03600591186927,186.6827073635755,543.3310644522495
3.7581463859531965,351.08234288117023,188.5088801755824,547.6577032875107
-19.911842462970085,265.9334090861441,187.89247238207236,550.3168475831209
6.807355906563558,395.9832582045875,189.77832794578606,554.8632242591491
-23.42959709733843,292.74138746334495,187.82435090264443,562.6969717164181
-33.46331941219623,468.5955425347836,187.85553548356688,564.2917121811263
-6.00424675074423,346.2049340852639,190.0371214853981,566.5862446454147
-17.776097084510027,400.6121767486293,192.03497060516565,565.7916778571937
-36.168337310155934,343.5528359037832,193.44830469159112,566.984100582158
-5.010191200114576,474.4906629550797,195.3323170649321,568.3896289245725
-26.280623028666383,488.53314232196175,191.1659560042047,577.3974970654327
-37.00972921034653,385.93036107344824,194.09587612361082,579.795518223154
-10.237529750793016,304.4193488128493,197.2309477888452,578.8026581578772
-31.0641926838978,468.2160446968096,197.13002086237094,581.4884772800162
-40.802191684196885,474.045173830027,199.13644945058118,580.6596960638647
-9.723725475881238,476.02817033888397,201.35229381365994,579.9261683791623
-29.64344401203563,386.0719377479218,201.4954266949966,586.329614980547
-0.4808934457260534,324.61298615427376,203.58594229082632,588.290442076836
-5.657292154446893,367.37804932267676,201.03290411652375,596.7045266337624
-22.334558922343263,421.64286220980614,200.7836093773404,600.7549123537817
0.24190919279814693,448.7687461343557,202.29643280655498,604.8982200629708
-25.90370538485675,458.0072892972612,199.41133057121792,609.0916264870277
4.361525102358016,462.8281758468713,203.29078194348344,606.5557662125793
-26.86414757563216,367.21950425740664,204.363692760013,612.5935323602274
-41.62580574103463,475.03644273898846,205.67834275676046,613.911808853786
-5.483691671137592,413.48383293504355,208.7856103628052,614.388069710898
-35.603213051579544,333.5784955760498,210.75788612299857,614.8859177361378
-53.099329887015635,464.78982609157504,213.75043117149528,614.1865248437164
-5.276417235302262,353.4871040388845,216.51174573828462,615.6467250677123
-32.22305072348175,435.00225916763173,215.04749236340047,618.8202918796045
-44.72916088421954,449.71000784284547,217.77305114264277,616.9409172243506
-46.325110624563244,456.96488693696466,219.07818866968097,616.4448947956001
-13.156476133108015,355.7159121679107,222.20293338599055,616.2378437244352
-59.44184429055709,495.5366410928625,223.27798204170173,616.2300277349427
-14.147588760375982,396.72764146443546,226.06733991932222,617.0773170470072
-40.899248962652905,314.81138780180606,226.34447952793525,619.3040696837261
-16.527745558891468,447.9752799137322,229.10631732670635,620.3380889130309
-49.88421906690358,456.5772056938337,229.48733440308507,618.7431772161593
-17.47064674956809,455.38804922115935,230.48402852559434,619.0200132266336
-47.186807083104014,344.3275798033145,229.46278554632204,625.688193378955
-20.327044438592637,431.2913810927599,230.21402745719635,627.1304276105883
-47.423711261892464,443.6489059601346,227.74767969391146,629.9043027156592
-51.596019597123835,442.30507735496155,228.6886715276353,629.2217890597831
-48.76306383711125,447.06876469978465,229.07093004766296,628.7039475775139
-17.059042129415133,453.319416045356,231.6978957363844,625.2332358114588
-47.65191239010956,450.0099708207227,233.53458379699006,623.1855282000514
-19.53145100767064,458.80213745009377,235.59155561113957,620.6311703203834
-31.72968373728132,405.5675276891053,231.04723396505045,628.7100880441478
-44.79127230174977,433.94219026101115,229.50965653740693,632.0622908015588
-52.84789438371644,448.69155429667427,230.2406728778681,631.3982670155486
-51.85530415590878,441.1781769985761,229.12753069097857,631.776521092017
-51.12128099804092,442.66875275440486,227.81848834384803,633.5419180616766
-23.241667778002565,398.1162181088318,226.7301010247762,638.2242846805731
-47.940410637118205,424.702454945914,225.4730011413679,641.5356896762461
-19.338934345873838,434.58692684963,224.4051929331725,643.5999541654007
-52.460692577278394,433.00975345939105,224.48676984610054,642.3882037836408
-53.202004267577664,432.08864508706745,224.75734025295435,641.9812880976806
-7.596106275739444,423.04705970787285,226.9461912916141,642.1432577748229
-35.911913107560395,418.72961940724906,226.86668331569297,644.8950592372926
-53.3662976208095,423.9780451462726,225.83172326166107,646.4130906192875
-11.360755158262236,417.23258436871953,227.60585451734002,648.4482303719657
-44.08948974166199,411.39861635080524,225.06660943344633,653.37273389084
-45.12306567165,421.42965980905274,226.3097881463372,653.2215376929032
-54.045479034016495,420.197236036274,226.61300697985055,653.26652878064
-48.49701379668407,425.51196015791226,226.94670164262658,652.8779050701556
-48.462090387860286,425.3806974312818,228.4539276420118,650.805473189875
-48.85758878832691,433.6099019784889,226.09643572601908,652.6583782873784
-14.542403966893488,385.2446359819229,230.55017210504968,649.4564014147045
-40.623109944792205,415.0276614921206,232.23099119581693,649.6852023801666
-68.45030384579387,435.92509060878456,234.9075272148183,646.8549025628381
-23.48421197182043,319.5326573652299,235.35051122467775,646.6446498046181
-7.056999994700703,373.3787915131002,237.226106232029,645.7181267284931
-49.701551281182574,418.4054363470366,238.07576019869012,644.901960646622
-72.8748468456745,445.41136692867076,240.60035356849295,641.3928714195702
-32.82532045759277,275.14195226710655,242.77415064301243,641.8166738677168
-70.03025526741952,451.74652080357805,244.43641123746607,640.8132205371023
-120.45014422142438,305.24526488720545,243.07163960292584,641.9001233464325
-68.95587312025553,463.6878800484909,244.34358639384237,642.2571506354068
-37.779815919490574,246.46994215730228,245.6960858177566,644.8719657884906
-61.94922498804638,370.23997202141123,241.1164287663503,656.2664118786521
-35.15601509389553,365.79048214629876,234.26991658467068,671.1346829398439
-22.99506670906345,343.78586420743045,231.94423882996574,679.9400448805243
-16.745505704629664,353.2343378576297,229.4220509569777,689.4145713302325
-24.206893832591717,382.5859963199356,224.2689534080322,697.4964484440145
-29.726867542241436,374.0416677479805,224.92699951827865,701.2647440811344
-1.882785794136538,271.6349271574811,230.96144875538653,700.0942225492386
-32.34097395540438,209.3034603633467,235.38983719787242,696.2776594344331
-5.488545852292091,356.34602127318095,239.65729909364802,697.9511374565026
-42.34537270472782,358.4682229830018,244.14189250676966,695.564723144315
-22.85076169724087,269.6350623433607,248.9571612694839,695.5633342259778
-45.46220960592359,355.2535145383679,248.79296469475568,700.0367310693819
-7.087287583661123,275.8851335177253,250.5423042849509,699.5830032181859
-52.639138943874315,342.9899995257145,250.67597722370505,702.0131232687464
-7.336802692441893,343.9929758469253,254.38485626097912,703.5914514804191
-33.84803056048182,343.37575488733,254.41803596781827,710.8234029139337
-40.18047148198271,344.50941410562575,255.7868847993789,713.467194651183
-33.77735654729959,344.9853881598932,254.92755047020378,719.2750686119753
-51.60007015135213,347.15224581085124,258.70901545437084,717.7971745157467
-52.800374758792714,348.7254365274676,260.03843318688257,718.7806673450822
-49.739283826723636,339.67482093188636,260.4953654279184,719.588102433442
-58.71182015593365,339.908959196212,263.7814991638584,718.1540747259141
-10.443764555438776,335.8283550421602,260.70336472190445,728.1084353167703
