786.5,376.5,92,233
777.0718654790322,391.59979170085296,109.40587277818022,207.60989277814065
772.862729885739,395.6886245302593,117.70725845691231,196.53579012376693
771.617828576505,398.35754232320835,122.71693004891087,195.7493216114798
770.4824706142176,397.02267723013597,122.55430541604977,196.40221349791
773.9940368204673,395.3373467438771,119.1326760607504,196.6509056952842
773.4651990137883,397.05671369029693,120.35128433866495,200.74466018511873
773.8457038733391,394.74034767248395,119.75682101295152,200.08536023695737
775.7583878917043,395.05783841030006,117.72669227772344,200.9319417956766
775.7039035257031,393.82630248314325,119.29257424633737,204.45185390176985
777.0816759041027,394.6764180589947,117.71240479272599,204.39766294165798
777.790147614203,392.5499805237508,116.3928963503337,206.01045565319842
778.5252581096928,388.05674751749615,116.7711648783586,208.210099339744
778.48116492294,387.9028591191429,116.24025129031435,209.95361591615483
779.6625761490589,385.5724619417021,114.92424754205626,209.4074856918535
778.6474925672119,383.5715197350399,116.91581431743637,208.05498061039256
779.3945891487532,381.86116704942316,115.48143596780528,206.7785849594403
783.104076210228,380.84426054168506,110.30992785393313,207.5073713465066
784.6944674758073,376.91444945447915,106.87936117544714,207.22885298134264
785.276403878656,377.86803995200086,107.30029175495514,207.43446996421997
789.2201346945894,375.6633957022063,103.2137800659379,212.36067406674874
788.6909605302653,373.15822894384655,103.47227743708233,210.9147642892164
787.0910965177665,377.8146542987556,105.83107803748689,209.30517351930922
790.0163625152886,372.86383224599126,102.3247516662527,215.25094612422714
790.4190934859232,374.9996900114031,102.00461838694427,212.9793644241758
789.5171037606058,378.032473876235,105.36567385791133,207.80507114361657
790.3176356472397,378.20146663261056,104.64729050568698,211.52803176241616
790.1356191813919,379.51766311097447,106.73253567734338,210.9561999207417
792.1222167558191,378.96345110768016,105.04990987681461,211.22692827296538
793.6691754589682,377.2500936057189,101.93758045813037,209.6504551848967
797.5418231712964,381.4066103186502,98.5020989108005,202.974389232015
800.2120324167423,380.73215452200424,95.40205595311318,203.57409504581767
804.8688863725878,382.4088253424515,91.47843806383709,202.48005871953137
807.5644379932869,382.5314111192389,89.20046379357186,201.0004567647302
808.4044871206117,385.7557682403649,89.66728980159336,201.55159885497196
812.3443717102789,386.7324522276083,86.09793339694045,198.94972888365066
814.5798786128689,389.41594155438673,85.24612913897575,199.06266256183883
815.9638225189692,389.16086163531145,86.14098483979548,198.61107434031413
820.5589171022133,387.3239356154679,83.37152932534377,202.23218697201557
822.7021569731762,390.17461759486486,82.43945093511803,202.80422237882826
825.0174255904043,388.26570930515516,83.6926206642808,205.56781194661068
823.750033124594,390.22511049101513,87.123404353494,203.7726282129234
824.6833264346535,392.69893626364353,86.88261586372184,204.45038800236443
827.3571548517363,390.37094709873077,85.6254570151641,203.28240282335042
830.2426954076251,390.04823840747036,86.04862805164107,202.197586922064
833.8975864289957,392.0538890096158,85.21855186415758,197.7267781823985
836.5106666440239,397.34139158387904,83.81570132955702,192.2142538924657
842.4967185552142,393.84605804814754,79.4895060770162,188.40046658111297
845.1616092642957,394.0937852204268,77.55560909197484,185.29569640547777
847.8021479089681,394.02835088141353,74.99525204609765,184.85668788587742
852.1545801355984,395.9081706522453,73.69327406892333,181.40753978586946
856.6391861676337,399.4445349824242,72.27625138645416,179.21869562364776
857.2973257998224,403.1003577916274,73.2746646656139,174.3377418004015
868.2754964796962,405.58257771163767,71.10804839253842,173.2627079245721
870.6489968201745,404.3059883866511,72.19836823797402,169.83595287555715
873.1208263607942,401.9975047009232,71.37625380990107,169.8504956070338
877.096910475588,405.4254693509106,67.30468919546898,174.82456644990333
881.9000609967659,402.2032001735435,66.03450813585938,174.0353525628326
885.7386393155891,394.7560211645309,64.38491355470097,179.15329702473542
887.9965739111136,393.96016290020793,65.47416765379538,183.02366379830158
893.7408091273213,394.6616496954353,65.92786966977313,184.96393339081544
894.0217889371806,392.9344273635933,65.84215700647528,185.61323810524237
902.0389671181043,389.8449938069298,64.48764652548874,189.43283110857584
901.5031947064614,390.19819270812974,65.40536547959391,189.28310820162469
907.4867266658968,381.97314721626964,64.57238160922385,192.83770170568587
910.720258042234,382.75310270620923,65.08910275276823,191.96980243695938
914.0538355028862,379.9924220075383,63.9928466052496,191.13463484290597
916.2989080104604,380.75801506743227,64.37868827277609,193.68638674327633
920.3622151677095,380.4656290978271,64.00224601882204,192.2412491556654
923.1025181887999,379.39683004138243,64.83306442651264,191.463416697924
925.2674162951391,384.87175687270343,63.93580555312688,191.618515832232
926.1504831912912,381.6303216020277,63.00031903891296,192.65748348133758
927.7449537532897,387.163996440945,64.1558720948033,190.25226179215863
929.4961402208112,386.1410762364409,64.01904264143934,189.101279349726
931.5718744877313,387.3899286654031,62.32336654484452,186.70938280729897
930.6348822669552,387.87670081928354,62.532482049686365,184.93133947133703
936.4469388894162,385.4585997473677,61.9445550334311,184.850745585201
933.9547299106285,388.2727077753816,62.183123587738116,184.17286353085552
936.0805462998333,386.389952946834,63.33348054945913,185.8528660427482
934.8939067916048,389.2461345577194,64.08658931338665,182.65517971711
935.7550137634771,388.0455374332772,64.26573260854339,183.55022402628327
938.8282475826164,386.8244716949269,65.16346545112975,183.86416014746806
938.1917410782496,386.60904928773834,64.84728297166805,183.4365881373502
940.3697552174355,387.2445748860141,64.05304125869405,181.8418092644747
939.3867817914844,387.010378877865,63.8986991273527,181.20270333149014
942.610752817308,387.4375111254451,63.20040002623884,181.3646858528432
944.1965250810639,387.34042574556156,63.11309278484805,181.25485820435296
942.5728413443999,391.5009825537546,63.93480579936718,178.7496665156059
946.5571853292859,389.98638760817005,63.150556420479035,180.45762088601097
945.9555665361354,389.78669573521995,62.92041284198976,180.8293494516954
948.2662242894277,392.3429365586712,62.53035065165214,179.83942434093615
947.8209574321457,391.3442309013936,61.7643441651407,178.22443799554196
951.0094058490769,392.79946520543206,61.330337644045784,177.41162833254293
949.881513952175,392.0534887561934,61.22106434157736,175.1486499011929
953.8803627648219,389.53976971679646,59.16230322778587,174.59160618716453
953.1736618209278,390.6494553837518,58.78074450881,173.2696945323588
951.8657458130886,388.5323514392731,58.35482816862399,172.78637878601637
951.9854160537767,386.85096815288637,57.59442265255676,172.4779455417111
949.8656706461021,387.7970583347824,56.86183246229254,171.44625411945407
949.9082142051187,385.52218104805536,56.905342129219214,171.56539865651473
948.5339762481649,383.5531985023049,57.10648096242007,172.37452065453328
947.709022169047,382.6689873281099,56.92046709588581,172.37118319508085
946.6882764205125,382.7535534282444,57.12651744053079,170.9817763944577
945.2680986557839,384.68153069381344,57.4803459307893,170.1271261233278
943.6133237439326,383.90700435197357,57.4731701835497,169.47802667140195
941.7591298498776,389.8398847516529,56.40584857006489,163.137697295268
939.8887700744369,388.963365985883,55.505881546404346,163.6825502010068
938.2806760875293,386.73667870199137,54.94830585114451,163.60874389229733
935.6719531604275,384.63153922033894,55.13864696648119,164.94776596926155
931.1440807490628,385.1392643351197,55.90234340269281,163.09678872142985
927.9188693555734,385.3870143606139,55.5574905793092,161.84805594319283
926.0982441077896,386.5680490694999,54.76331970411303,159.56725256301553
922.3301983884724,388.2930801014813,54.5451290708224,158.40200774942252
919.4265312167352,389.6485773916139,54.056664281546155,156.23360667989817
915.8125261413766,398.9115431114111,54.86925328658145,148.05412210290498
914.9391487485382,394.8963419033939,52.50268935824284,147.4123916936078
912.6091224358196,394.04864630383724,52.04530560667091,148.91426010136692
909.5659775054896,398.8723037730146,52.85131420772292,146.67540657423865
907.8901713562302,398.1234369170249,52.57854450979338,144.32705065193502
906.7087938655701,387.29377951748677,50.630803060509386,150.18940229273846
903.5324645579446,391.4155952793467,50.67774116623854,148.93736096085888
898.9511832069417,392.76940657283365,51.39108436296759,150.23968314003417
898.821162213173,388.8836714627138,50.88861321062301,151.96148979867206
894.9957016678436,385.2212674822081,50.832177516517746,154.48794136653606
892.5862944594171,386.28915906900903,51.8219442222518,154.57282545347394
889.2187278674177,385.1564123459418,51.107451146746,154.9961618009961
886.693491263208,386.4675772814738,51.29572321397802,152.1526362696244
885.3183240476158,381.9623876198628,50.27601836826359,152.24694019225842
882.8718680531517,389.8167944766388,51.97506317325227,147.94225117437657
877.9286859432389,395.38393593443163,53.249422220360806,143.496099634195
875.4993633744126,390.13248189449723,53.06098017118646,144.19394911982596
873.8230279817421,386.7898678601887,53.78727103484032,144.90686418319734
870.0747875607357,390.22063850280637,54.57059217968279,144.0710264517744
868.4409922348968,389.3998566610878,55.06660081167929,144.9285034212869
867.9073219719312,382.85939638977396,54.068176738882954,149.6678602983676
864.3427863467338,380.4182568063886,54.07692150773701,153.62054337181692
861.3012338567427,381.0442477224776,53.91743170263216,154.1483611191822
859.2897206078857,379.5376392129404,54.24845528302827,155.39191810009152
856.5782617924211,379.9419531206013,54.53952265578182,156.08767219439926
854.8483044647444,381.244116139569,55.176489229674424,156.67299547676197
852.8411895952102,382.7256312645807,56.15312722256099,156.25723619408143
851.1885979023785,382.7682658457519,55.99470680427895,155.91210379697281
851.1319638136534,381.6818411276273,56.05254561340619,156.01437776704813
849.4513943381569,382.25924711952285,55.423587731937786,155.15728735974153
847.6001264744466,382.58209627191593,54.761735413098165,155.77411764201355
848.3751752608441,381.7072694123324,54.87514635971858,156.13935704507986
846.1094297597845,382.45045811576506,55.423814480556054,156.6966745328652
844.7341074616984,381.6964070595167,56.67246106754201,157.31794449957516
845.1053892856736,382.7990251155457,57.78539110287555,157.03852246008583
842.6752708603451,385.7382499806307,58.01014332991542,153.97698025821722
845.8953342651707,381.1153614543968,55.50514964391938,156.2058693660225
847.117839760654,380.3284899545038,54.101141594592676,156.78920279592072
847.1808892349843,382.3238715457533,54.68240281876842,155.61838182626215
847.6759865911894,383.91694244940163,54.33833466124905,155.7014076079789
849.2730622200073,385.54341025569056,54.165694883970076,154.80301818126478
850.8118024284257,389.1054864820643,53.3898836275412,154.1004649329306
852.4829656006045,390.18551176619206,53.08021804114098,154.49353451609048
855.033576948389,388.93336365918213,51.92226191243881,155.7243621179906
856.2430125390194,388.79779110063606,51.96124722919063,157.2229921373163
856.17308997063,387.3181783866603,52.3150623666542,157.55075068403522
857.9087522881382,386.7617022943597,51.654746061450105,156.9344928091962
858.8934261685447,386.4147981728328,52.11168436179642,156.7295932805323
860.5121071979321,386.0698184824129,51.05799849192434,156.71288574804169
860.0612159188913,384.4769241902561,51.301667275398984,157.01169499360526
860.9991355278481,383.59560279342213,51.61251307130304,156.93552643333152
861.5523803357072,382.45071829742716,52.02437234786816,156.91589951888344
862.2520878205261,382.3635752389616,52.04051097734514,156.81106316099056
862.761285631396,382.93658537257323,52.83435162025863,156.34800641277047
863.1671290570716,385.1771857896874,53.016639408420716,156.01704784357793
864.4231784069697,386.34276880482855,53.577935226419214,155.91055817379387
865.1347767623686,387.5705351075886,53.862573628432585,156.2072072008229
863.1342641727605,389.89851077990323,54.41455249782211,155.16076837827939
865.0593499638741,390.2451270877893,53.48905275811625,154.05075293091252
866.8769609694323,390.61526826143563,53.87497374511826,155.61590626619815
867.5813695789417,389.4765632376337,55.21058796029136,157.22596341092944
867.7562298753054,388.7082193314978,55.342045755241514,159.29236184742908
869.5760827712677,387.1713968154868,55.26736003197678,160.30216476376154
871.0418383403305,386.1881886143202,55.01732912286462,160.72519120684925
873.5101990775461,384.3224749371474,54.374519947507565,162.04753699418214
875.4582954991682,384.0342059993228,54.91655859496746,162.20606192648467
877.306773782805,384.315120309925,55.48377313029161,162.07293681741942
880.0000820137428,383.285429923404,55.24258701740596,163.32878096065204
882.2350398382333,383.3031203264378,54.6583271091528,163.2002314404318
884.8320500506157,384.6461331189761,54.04904962565689,162.89358989792723
887.9831563205091,387.38147002778857,54.291201324414864,160.92153566295312
888.7472194089441,388.44292841103794,55.38890809451448,158.71489100461326
891.2128447807762,389.667735704096,55.96023286537117,158.59636534979455
894.6390495979256,391.87064058228975,54.570646930428495,159.29285840320006
895.7961419719513,391.78442392792306,54.879064851860925,160.4121561727482
897.9876961849438,392.3588678659561,55.61864527246174,161.59896854754112
901.5813304329346,392.59377674396114,54.79550187021377,162.3035619450161
902.5373768302456,392.1048651397954,54.736685111183974,162.52118406685392
905.2581218724781,391.20973039568025,54.29034331038683,163.47367436158407
906.0501942253803,390.58956673118644,54.38769131376145,163.0054360815936
906.1374562938375,390.5197884236817,55.46517453622326,162.73060965330427
906.5096631227905,390.13363487591164,56.36774904543422,162.65629503830525
907.547787975906,390.7828375319796,56.55912807345593,160.96378756480863
908.2716463870167,392.0449133816455,56.51084731645123,161.73933502941176
910.9982862022438,393.6050700978029,55.830171970585894,162.00811995442677
912.6285171030053,396.16795018809995,55.29703704164973,160.63048166367605
916.5287740825714,396.40714346971515,54.388076192986404,161.3940916651183
919.0804907832905,396.6506660025503,53.375513070620094,160.49600741483164
920.4015303106866,397.77361035954624,53.81245615896634,160.26472735178857
923.3596620462467,399.2423781358259,52.49680513127051,160.22401788198084
924.9486290463175,401.7103939378601,53.35840684927906,161.11013024750017
927.0921998173343,406.3492480407417,52.55433485534326,159.54545807243466
930.332784426584,409.4314504895162,51.963927783878724,158.35553674018948
928.8514979192944,412.7558137809297,53.09563608911168,155.71837862773407
932.3720590670239,405.9158979030839,54.38483344236569,157.13927289262125
933.9926842233058,410.6117082131044,55.16318279541758,156.61698397263578
935.876460598706,391.3640459921527,57.168228156090905,157.36507163890926
937.4795600378798,395.56737669979526,58.32456992642252,159.05486753059847
938.6928354531734,398.7007034368332,60.34356572818632,159.31306381095078
941.7905148125301,384.4035525759207,61.40581124045353,160.4469119145903
946.5899691242352,383.3155375398886,62.61992381473755,160.74290401765387
949.5962169069275,386.33895893052977,63.35179195464546,163.0027818530089
953.4646484274492,388.0691096119988,63.12373940001269,165.54503486905296
957.6618878510702,387.4135784700682,62.621450233668256,168.94022668929074
963.2164885804315,384.94683079881605,62.563780735970035,171.5017035376941
965.6707673213157,393.4854261275126,62.824974009755195,174.13139960148362
968.3663737501121,389.1633347346069,62.884054124777634,174.42071865358912
970.2093717960522,393.1223725700909,63.44566285215265,177.34022535513026
974.1686435054102,395.2215957360369,63.95940888332955,178.9400863565863
977.0646764179828,399.1392275680303,65.87122813623593,178.58285575846477
975.889236842817,404.9920651187292,67.3002483310641,179.77694354853017
979.6409709610449,374.63446521311806,67.78746867392896,180.40696373946676
981.5973753721069,356.47406562631767,69.58285022616147,177.46291828541908
977.9814177229566,374.36701898086056,69.02280241453559,182.7657117226795
978.7908052035058,382.6447410768353,68.3741827396716,185.53007605260734
978.7590026044167,388.9367590371387,66.20606753666874,188.62513259799988
980.5686948246885,385.1060456746861,65.00721022159274,190.17101235788593
977.4935401143883,400.9026758361266,65.13431237453077,183.19313803888858
982.1804245419979,394.94341533292607,64.29946335333581,180.9038926865831
978.066337997815,409.45891625294985,64.26843600641101,177.66386829905824
977.608206427066,416.356585471796,64.7696320235662,171.95894449345417
983.2834299751189,400.2453810691841,63.34839710056217,173.8040313517928
981.3597130460041,413.48243870125555,62.565960050588444,173.85137983864212
980.4086319152374,424.5842689366666,63.243541895786855,172.95524278917958
978.0974347479682,425.83520415388443,63.90695431851064,171.59853179880054
972.4093819643302,423.2053806314847,64.88899824060218,171.37147269775656
971.142942618603,424.73395255204287,65.24747553466267,171.03817402598628
966.757375100742,424.84142436172505,66.63766250076972,170.69469526796362
963.530142702348,422.9182348879617,67.12095077888505,170.8977410248574
960.5707075555134,420.83897194573484,66.73796209962414,171.55204362846686
955.4389704140576,416.90941861777554,65.77025541700229,171.03790378435244
954.0525032444439,419.629730660184,65.73450446991595,170.70390046664969
953.3666392779048,418.43440808224307,65.73963341239514,170.4866710931116
949.8264894016872,418.66874726702764,65.65110295893365,170.33932208347207
946.9834087262024,421.1108988971421,65.1389516556478,170.1627789879306
945.4851862233296,421.51380914087946,65.38614641782448,171.0965586159833
939.1873125794734,431.46264830633845,67.26690642723932,170.30785053358633
927.8951354251077,453.3964528708133,70.57000631538192,168.03209788921657
926.0341781973223,468.7792591733046,74.19908038820012,164.30663789309375
923.9896442696083,485.4652291779538,77.48852034998262,160.6084807047334
920.0494506873108,483.58210657804466,80.03852264601359,158.196204588462
906.9167537916165,512.3377815154946,81.96347677741497,156.00220501107287
877.5065841069163,536.431984975409,85.9478177166335,152.02408584104327
883.0644696177403,535.5541072160481,90.19814539988582,147.6805462697516
881.6513473171314,536.769838286327,95.01785377960664,142.74275314760553
862.7082039168564,543.5944667786714,97.88662508908497,139.69589082600015
863.2858117778501,550.1827556452922,101.68405967223701,135.84537069928794
845.3316574337266,590.8086133906079,102.53913143012176,137.7415575792221
855.6842862458573,558.9160840987079,107.34623136043882,132.66841900515968
865.7723184209023,564.3558953605548,107.90258614464922,132.23841329653092
822.138768535108,650.3479618883822,106.86070847244184,136.74576440162107
837.0996511179488,698.3964632174672,105.6288237871703,140.26522868044304
822.3320684132442,656.3485040755268,103.85082176138293,143.85547512156415
831.2906547297564,617.068266783466,104.34837677548204,145.47715608152333
842.2831810068001,616.3003785150457,105.04866086666073,145.42876839723544
821.7519662281111,630.3088008926127,105.79596665479204,145.93317416781215
831.3944034718081,627.9035939980846,106.40288046636715,146.50270795714576
814.4992334952987,646.8491102958994,106.12053358739134,148.01403456697847
799.8152046615919,670.9454551763713,105.89941811675078,150.14140929955212
812.4587912623534,646.5849866175531,106.79208378235558,150.82671411283368
828.9698771087725,622.4185825396928,108.76350949387825,148.67249711971417
808.2901492115878,627.5878495134352,110.21391506764728,147.67972306434544
794.7363711553314,635.892112291591,111.21730618501569,147.63173943096353
810.7848583688719,653.4728405266576,111.47401044755763,149.36554141494855
791.2195022090242,717.6925835075291,110.11030345093309,153.68424185887173
800.2384939507506,718.7470832168476,110.1529720378176,155.5419974106795
786.3048500507826,651.5192605856789,110.1253607917599,157.35832906968614
805.9377474791081,636.1581518947377,110.68756693957758,158.3738298389535
787.3873194080618,656.5637426948771,111.19260593351589,160.79539143021358
801.1858704747054,714.7399968033469,111.46185365574453,162.6651794590941
785.722153380547,722.2721495095899,111.21964558415439,164.14272112407895
802.6713044558926,723.2287540705424,111.67565928542345,166.0028241596302
786.8454780366011,649.1852405800756,111.6513868759149,169.04335476609367
802.6947465896328,659.6649800306703,111.88009082606932,170.5291968996077
786.7510611711557,631.1064086725352,113.79540848809529,169.947132252313
797.0848007966681,647.6526156551952,112.8569840843553,173.36179804335165
780.0619437649444,664.2451769217198,113.19734009051605,176.94397470286447
794.6306902071855,638.3864426362235,114.88299739678881,176.22069724009523
772.8727057084952,625.3314799938877,116.85985691915629,174.95332503665333
784.9017765075873,633.7272046033606,118.71743258969006,175.18515646147148
775.9927242657307,654.8415803921764,118.537311731423,178.71068763794716
783.1639758165677,629.2132841254856,120.58271675746967,177.36259508180473
790.3114615182208,639.9785505700983,121.67619809139292,177.8112568571605
768.5390941176412,650.6078715474101,122.85566667374229,178.63402480605137
790.3108682196163,635.2385121247787,122.88951008878188,179.24856356285042
774.6651283494481,648.788346442755,123.2857146500923,181.64954587477325
786.84915348657,670.4728036918502,121.19081325443473,187.32026183973136
795.8259793258478,678.3508954783973,121.18065631028996,188.63812589514743
778.118849117626,648.368988071296,122.8832608912727,187.81114870886913
789.5204622570401,667.7912255395357,123.3777930697038,188.79627836591686
781.2547588239659,650.0665728697027,124.41477994232005,189.20677324193045
767.7836428713922,650.4877605188116,124.45105512430054,190.64432698038846
785.618210358055,646.8277904285385,125.7879021323432,189.13653539412545
775.1941283976535,667.13105898818,123.49642792412916,193.79528871935366
760.3511150047426,639.7505530070309,125.85388521137575,192.31369153038406
775.6600402700557,650.4384986296678,128.30522913625677,190.71664979469801
789.8459837831838,660.120046237507,128.91647079101142,190.64464037547492
768.9885274283927,647.2426388210058,131.90564810507675,186.5472598665544
781.1341133904796,677.9645225168662,128.26689547420813,191.85337974383097
766.8838596171702,665.4040638943261,129.43969587286273,192.32606347828053
749.9757176280144,673.0153892141998,131.7029839193567,193.5444946793231
771.1361340605083,672.9764378954598,132.2290830721688,194.5728611208915
758.3546717592465,695.0794947619105,132.15377444170556,196.4460955649966
773.8167504977102,707.9273393483586,131.90346132642992,199.23216382135357
760.046828871917,701.3146873941746,131.86310590254314,201.25085418208525
749.1709203869497,669.3367872716234,133.0261308979077,201.09021361184324
768.9853898530114,682.8851360060039,132.78352887933795,204.0089873637883
747.6657499872472,798.8005319386971,133.11355317621064,211.16089201372745
758.5953956033329,803.6266278226956,134.70078411008245,216.0306706775998
738.9843996870885,805.4520239392225,134.64875529825713,224.8814367612442
747.2207278631515,810.1990348034802,138.726409399238,228.86270281415992
719.4050477344783,766.6363799433484,139.27351566653408,238.49450323475855
742.2881539754007,700.8192982103038,137.3390538696259,242.43119178122382
730.5354016803851,726.7713086753597,136.3634116501741,250.001456845912
745.501534700425,786.3014964404136,134.16825241813,258.2063929862086
730.29025238898,772.0650034887123,133.48442062456854,268.58731366522244
740.1562079102998,767.3369838615865,131.08393254883885,275.9473437354063
730.2590687494878,772.0846749016868,135.3673855519661,279.6699280786622
737.5132638344705,736.4661281004076,133.8731878264197,290.98109224987877
715.522804352164,756.8655438050014,140.81711107247622,297.58234942604275
727.9201934273998,724.5381924932301,140.111337570783,306.502523935247
713.6751182530327,733.8866859940422,143.2393522531062,313.6040534163425
731.1532846830448,745.9985879547744,137.1030559420625,319.61095505648166
721.6164609794424,748.6019791795234,141.42296236994179,317.72284541974346
732.8635806343718,758.1700762414835,142.65787151356972,314.100404590333
713.4430023095312,732.5274755943746,141.95368423980378,319.2938888275938
732.4966827686891,733.0986801420498,138.45287050720205,326.08068238526016
718.8154431144054,724.0005644108927,138.45957134985318,330.87915750732947
734.1668175927484,722.6051254855414,138.79730566279034,335.3448819995017
724.0159841049204,724.2921711746624,138.39971563581858,340.2494192238752
729.9654767871336,732.2775654688593,144.0414731830021,337.8731241454968
713.5826894268133,723.0300481038946,143.21303262446182,341.8527485828171
728.7788999141164,732.4315193510918,144.80695376569673,339.57169062901323
732.0946898548702,725.3071868727831,149.8043464336546,338.09820680511393
707.700542674626,721.8923267583762,149.2154475889833,339.8492198300106
724.246526141651,729.2530904980072,144.60637296745242,339.01066644470194
728.566358248981,728.6957273654625,144.92713128346327,337.1203945638998
726.8028100985061,725.3426931059632,146.37357855300954,335.9167560805497
712.1868097382554,728.266687919741,146.22586189152202,337.0465622538645
727.0074004174149,732.0499533647039,146.34236459511843,335.99194902439814
726.8827419010142,732.7301229101726,146.49099564110975,336.7547376084917
729.0893269167783,729.7071481721471,148.8066950168934,336.0128862581736
710.0715729669478,730.0281747306195,146.0811957619266,338.11271654006606
730.0173338130194,732.5412278111054,143.32213122412702,338.8206181461878
708.9272315737991,729.4211555664235,144.91327893647826,338.32938076414166
720.2479581673341,738.4155145639252,141.74231307240194,335.5469972354438
724.6853194325806,738.16031556773,146.55826049957173,332.6582093904362
704.1571844211823,736.630146788702,147.5003311756308,331.8302218206064
712.9913045807573,739.3704128442103,140.82378182382865,330.4621868739226
718.1749585427868,745.0951282209553,137.81489423722982,327.9316064081715
704.5907668368279,735.0802046699332,139.29947393504628,324.2924793133195
712.8209729789338,751.390876997804,136.4071371528305,324.6131188316299
703.9257808579041,753.923196837288,133.34954334041458,322.27683641533355
710.8741018861466,747.3240730591556,134.34255369927746,319.00202674349885
712.7021745773603,752.6260925856262,132.9647564350637,317.966284547279
712.7200054357327,760.6959302035773,131.8803673260321,315.191646346021
712.9903876959905,760.5478820218192,130.36932630210868,313.09513353981424
700.1133977467802,758.0441771309065,132.2835624046192,308.85683993646137
707.8964743904697,767.3404874616547,128.06443746015916,306.7043162690492
708.1221683293358,760.7426373703738,132.02263128415163,299.915174928443
705.400558196699,768.7644969692478,130.03628051962363,299.45080332182204
708.0462943097078,772.548804194244,127.73440549205351,296.52326958185415
696.294660372489,768.9240876760962,131.50946769348138,290.826617345257
703.1957584858179,784.5017754605366,129.1042086776195,288.96568137821913
695.752088714263,779.0072584084446,130.2278472856865,286.67133989688296
699.9184720188215,782.8202890932719,131.38481411502133,285.13894487298586
697.9285963969597,790.0533742803423,132.67535529109406,282.962652516504
697.1845575407424,798.3844866990638,133.78260641317166,278.5390143016754
705.2984750062856,794.231108576314,135.3075172797525,274.51283997528424
703.6954986668294,805.843694956449,137.33076452727957,269.3691158063297
703.908040945197,804.1255815803614,139.89577449857222,263.10605633445056
700.1110268581857,816.9464435770456,140.1864245312067,257.49963800246337
699.7948035785405,823.8008786159514,140.12511523861846,252.25274623322395
680.044369867469,809.474351070849,146.86753348838025,244.46381470590532
688.1615240896367,822.7980286937209,152.47142020093426,236.1792027285402
671.3172688656889,835.1771817404384,156.45272737480533,229.21248270508983
678.6815523692716,835.0036982563648,157.39537247173726,226.54135403314697
673.7196881055565,838.4606859853243,160.05393322332057,220.65727893861225
673.1891058696308,845.096615946655,162.11754934666448,216.3915364844177
679.2201452583927,853.2532632237343,163.41401963556677,212.4983593914123
661.6731911780423,863.1709682959806,165.53413785276786,207.70491219267535
663.5273253983031,867.1122621663063,164.40310788345565,204.24716978493393
643.5798976323603,869.8606611125956,163.85819490896216,201.13584525053875
653.5124210415175,874.594050291843,161.5053560606957,198.19185610752305
635.1737722134333,877.4497655310238,157.93137786140858,195.73383218069574
640.5438966517354,884.0403973212811,156.07494255370545,190.62227171066988
634.775188801906,888.0029257528817,151.2339281768774,187.81844692674423
623.0159660846614,895.1599560317545,148.17320316959018,182.3963939212511
634.333471388319,904.5698060410449,145.0505060498118,176.94148235171997
628.1949477290519,909.9352161296695,141.60950923571136,171.7678402583834
623.6618146184674,914.9261924704563,137.27880768808149,166.15329878737796
627.4495043387861,924.4439598503906,136.35100576939368,160.45557067268427
616.2279092226302,930.2519769928521,135.89709389739315,156.7035130659302
634.635513256623,936.7198047966423,136.77282683738184,153.30614339430264
616.8534148637094,941.1967313325031,138.05721743806836,150.15216872715115
633.816764558482,949.8457301385841,138.1087937017257,148.37753974318215
617.6291975678729,955.3125271451436,138.82741815853737,146.9399642142698
600.6205258079626,959.4017169437416,139.55624609036113,145.82042204278093
612.54912816388,963.7342824617684,140.1350711612036,144.88927000462922
589.4253115427371,966.6167686061198,140.0052687748793,145.15130081035326
605.0612139289806,968.5639937983475,139.64345168366935,145.775089642744
660.1177264082041,969.9222725103449,139.4496607217603,146.84414899473327
672.5376373967342,966.3419805765596,139.21350875252736,147.65175698446743
599.844918581312,906.7132379955297,139.27566995532527,147.74678462303166
574.3957030155581,880.8794653582537,139.18023497917085,148.11244141560175
553.8460746332033,896.4700469907713,139.15011091660537,148.21047613909852
609.3474126441132,910.3621584898922,139.20488329955342,148.2002963633878
627.2504126886024,922.0771984064547,139.38375572963025,148.07798044187618
648.4561173701977,929.6391949421368,139.41370192547686,148.0573318608669
664.2748920435109,937.3108596449539,139.42037436442106,148.05808211017833
683.7882065570986,945.3191044953522,139.4282084255653,148.08395791125935
700.5538478696322,947.6616387936601,139.45312512997523,148.14636316873361
678.0022305850368,913.610258637493,139.45103441646333,148.14859063403276
693.195776116662,926.9349743261315,139.47244692800174,148.15507539094997
671.5696707743523,935.5327403547085,139.5106364685682,148.03247932938183
691.812751532629,940.5478542735668,139.51609089182264,148.03913463560727
708.3401690473387,946.2428616047259,139.52051506885914,148.0197389043593
723.2658202353437,912.2131825804726,139.5690712239624,147.9913345362184
739.3998765101367,923.5898540220953,139.5593606185694,148.00897581245502
796.101710301622,933.6460376053345,139.57861588136961,147.89211913985176
811.5710042423481,944.1501192891319,139.59532221303033,147.84450456293666
825.2115156563625,943.1397520122493,139.56120465268575,147.92276780948674
837.2241003330181,943.361517146433,139.54149048782023,147.98929657503172
856.4409060247986,946.0357637098928,139.52695181680866,148.01654995020442
875.0624750592935,945.6963700020563,139.52383944765126,148.0654621368593
893.8446243331988,945.5276176677603,139.51953002526196,148.11027247357458
913.6108008762513,947.6135983366476,139.47888763182723,148.18612012780534
929.8787594471792,948.7945124923299,139.3910801948001,148.32607815411941
945.6824291278017,949.6968945823347,139.3180105010724,148.46801880882782
965.4958535984604,948.7676319250925,139.25180831847146,148.63041576835133
985.0350825370331,947.7180968246109,139.21969681345715,148.72099320810935
999.4529880802091,946.067127413116,139.21875443748317,148.8737188387644
1053.9321467000123,914.4048536368863,139.20872686683458,148.8780885815746
1070.2321931812726,928.1594737793018,139.21505349458863,148.8095148247346
1084.7395565944043,938.6822509621788,139.2205807785611,148.79223487210197
1059.8529067708077,945.9965864190247,139.22189904776576,148.7887697026001
1073.1641828452289,945.178502757477,139.172956623652,148.91390708244592
1086.4502975891562,942.8661595579989,139.15596184931982,148.9921882344481
1100.0039717755324,944.459454689637,139.0928453271886,149.1279028267095
1115.214703660427,943.3373322650057,139.03133331977563,149.2486649348117
1094.2177468829507,945.8086354225971,139.0397526749621,149.17455318872413
1111.1078394631973,947.5411917648473,139.0118548530356,149.22437652133317
1085.645864274509,917.2580176343819,139.0122333708914,149.22259376583887
1095.9410084319636,931.3614345606056,139.0115435714592,149.203103838927
1110.3794795954316,941.2128829871347,139.0203497818219,149.1827679809798
1166.230481552618,944.2791601526046,139.0105901630958,149.2225665557704
1185.134461005515,945.4825211656945,138.94019880499792,149.346097408689
1240.3266369595037,912.2987036585505,138.9390533695127,149.34715490618305
1292.0644316292262,925.3404684883551,138.93089545787407,149.33593359738526
1267.3073409740068,936.4465468637534,138.9328326656435,149.33013339456159
1282.1456028884775,944.6780738775595,138.92680384086233,149.3458897217791
1255.7942296648216,914.8738256287434,138.94022136498313,149.3373999787301
1268.8318534241548,926.6717768151177,138.94202914573157,149.33255394453545
1246.9796388214697,934.7557050471557,138.95812322994652,149.2840758597885
1222.5544032208923,943.3642319563222,139.02586052075299,149.1193457888078
1197.2947158889883,911.8598817366731,139.00462813514469,149.14054835562752
1171.064226137432,927.661510042006,139.02269074983252,149.08286682784842
1186.8627206140197,938.7048679602924,139.02492202598128,149.07916599790832
1164.6126933333423,944.2181775141856,139.04811666115347,149.03887953777925
1144.42401272163,915.3515534127182,139.0552832205205,149.02716242503507
1118.6385621920122,926.4752684091353,139.06991505108365,148.92350046512772
1133.0586423938685,934.9908075741722,139.09406826969706,148.87870157173114
1148.8576167823417,944.4108195757136,139.16772504178562,148.72924878953972
1123.7533425149168,914.9841122378295,139.17609172843345,148.7374912944053
1176.2597662563749,925.5514102507701,139.17153125952953,148.71564931045805
1152.493955727121,901.8167254081388,139.1293683898921,148.84926151870647
1168.1606515712037,919.4635426273426,139.12018255380437,148.80034144129476
1182.308955529231,931.645811483748,139.14292514723329,148.72083318625528
1158.4134960789406,941.1347616038859,139.29505728542048,148.4399745832589
1176.5608586174617,943.2443310260713,139.30523127578465,148.405298126718
1189.5908988964375,942.9679811007694,139.28430240228002,148.47374597716268
1204.0296291878806,943.6977614741538,139.2493799193038,148.54329022867287
1255.5841277879945,909.7190013421643,139.20556042940646,148.58877954021298
1234.79697323257,924.0459347918709,139.15614434257083,148.58510068999368
1292.9048759675113,931.2040998088313,139.12294531434236,148.55528755641177
1310.8145930207618,938.5316992280585,139.14074008374465,148.5045566600238
1326.2683668684883,944.8553953842285,139.15863709771102,148.43563707834628
1307.3600149605888,948.6802051860667,139.15452938356546,148.47481489305463
1324.0453069137002,951.2435333310302,139.15491520186967,148.47307035163888
1378.0731581613093,954.4919220443797,139.15919081313527,148.4460759616462
1391.1982963099867,959.9890647045818,139.0769587590209,148.55782100457228
1401.1411991282218,966.1279467917243,139.053304354366,148.70268995279866
1376.0732818432834,935.8489752298951,139.0908395225304,148.61409654991232
1348.7800675751266,946.0140382190077,139.13412784648042,148.48753826183827
1359.564084640864,950.1780481397759,139.13343640073253,148.54087818862044
1332.9186285861342,951.4594426313363,139.132180157613,148.54582093854154
1305.1269677269918,921.6049870761481,139.1303072632792,148.54451416839885
1280.0914198665082,934.237765691111,139.13422314559304,148.50143290847282
1297.9099900043707,944.2344157110476,139.19174542850462,148.38324583267604
1271.823342097737,911.0946093491219,139.17236573807887,148.40180498303485
1286.983379503541,923.3933170355938,139.14659563031424,148.394898769834
1340.9199386838568,934.5055916401344,139.15523742251742,148.3393550094482
1351.44599124124,946.8679984873187,139.18349647385165,148.25728228708212
1366.701577438623,948.3347122021257,139.175299837706,148.29945299476256
1340.5504651841864,917.8223678888453,139.18012436904056,148.2986900975923
1349.1303687629302,932.2606176692518,139.16452789791518,148.28381883042258
1365.782331270229,939.5071726271822,139.20055046135678,148.20726793755273
1380.575689573461,944.8576429455354,139.2105578897232,148.16854851764063
1393.8594901606234,947.2334212945179,139.18066262173866,148.2922982861238
1406.112408119696,948.4740328275254,139.12253944975978,148.40527144438187
1417.5982642497504,951.5838108105129,139.06724167841512,148.5486166231303
1430.2635443622246,949.6388286974105,138.98501725920204,148.70450304568914
1445.886944009562,949.8271066899656,138.87250005336597,148.91362441834332
1459.4351206853528,950.8033977811638,138.79587002949913,149.07783840738975
1474.7901832011917,949.9970964199184,138.73573417468725,149.26264015917175
1532.3295858316014,919.5084955752465,138.71209926347356,149.2524376225959
1588.1886896602357,930.3537375329659,138.69849376687299,149.23433500612123
1640.991406935225,902.5033829677933,138.54293452902797,149.47167643923436
1694.240649846676,919.2935115630331,138.50682875124204,149.39398713435256
1712.4818612178872,930.705782665967,138.5612178759448,149.33569146482287
1771.7557482021543,935.6405553531308,138.95782247002694,149.15976782363657
1822.0716032752496,931.1269708093319,137.58792514833178,149.84510914696045
1802.1314648018174,933.2482317484805,137.10427536877643,150.020719393932
1814.8567281268924,932.7315222926882,135.99068381684165,150.42487380720857
1797.9338700104308,936.1720854647726,136.20970883275098,149.99162878694935
1809.866977709223,897.1101912886022,135.06018604614673,151.34345534653437
1797.7301470899617,913.2198932112728,134.9423415601585,151.70176205111252
1815.1877812346886,921.2620374509029,133.48766382394345,152.57828282145778
1799.8081415680115,923.8501704540914,133.71676192954024,152.76065048756885
1816.8502832101278,924.1995254780476,132.19919115193335,153.56755388048123
1804.653953635107,926.0154457658036,131.8562042696159,153.66987283207513
1817.062461141412,929.8797356632468,131.25965907573246,153.81634269509178
1804.511474068687,930.765915390406,131.09504267685404,153.7468051492088
1817.1236509200546,932.6316632696679,130.642915423668,153.7125915472961
1800.9626239819024,902.2212043413743,130.0770175298926,154.61490181590395
1814.5522706248403,914.1284246463945,129.70394876153858,154.8363530464252
1824.5912601044454,922.1547417639737,129.1413496090204,155.00132309554354
1808.358280346339,925.8388132887266,128.96983377485168,155.1149384784767
1817.7399447642038,931.803715252736,128.68772057207664,155.01287354227364
1800.282320646943,901.6592890222679,128.64608920697242,155.70985309349632
1811.776849670548,913.9351059542049,128.5273714217852,155.8622985634431
1823.5405055239828,918.4535793680653,127.63755582929032,156.3935669069612
1804.1675863679066,924.0487387044561,127.79953232534874,156.23712661622525
1816.1509920998144,928.754601174444,127.53682330795199,156.19373161304404
1828.085411257663,931.0287815629445,126.85744525203998,156.21725762370977
1814.3420463039738,893.0253359093507,125.39189099756197,158.00357137511688
1801.8322479162362,908.8455970908319,125.84143367382137,157.80117968383138
1821.0286520699888,915.6146190993111,125.34083543981893,158.07052888917062
1807.6627899415048,920.5728895385988,125.61350929099706,157.83580263105358
1821.869781678971,924.3113650291776,124.9811250043655,157.9180104250698
1809.3629975453996,925.8049983322305,125.15716121280178,157.61416288733878
1824.0014929293193,925.3633773822712,124.50887426391402,157.83606389305072
1806.2292906056011,930.7924898365233,124.91818563299394,157.25218636214262
1819.0119106881327,892.4014925037922,123.87788997095468,158.3760701379209
1804.1171712274493,908.59516109744,124.39562926649745,158.19402535455703
1822.1341668091145,919.2549884972163,123.70428854908886,158.2048961712554
1832.9070827852377,921.7163309931154,122.98002417600077,158.32851419356263
1815.84959913483,923.376555075886,122.34944729371426,158.3418371227849
1828.8920373745082,921.8969882028596,121.65973872866992,158.6266864520605
1809.670940291007,891.2788599482345,121.49810619435652,159.25173263468645
1822.31651607191,906.7474684639604,121.2753455876131,159.43669143890853
1807.3598314780709,917.7897782511394,121.97561209334454,158.98489423927612
1824.187971126752,917.3457693778902,121.19084805587569,159.43684497271957
1804.9804504459041,926.6863401490402,121.7357205605652,158.81067101931254
1820.4896274687453,927.700817655408,121.58468748603812,158.40644505316226
1831.2879238079606,927.550385103036,120.9839034819357,158.235920993176
1813.2174311332824,895.4581808380996,120.65844645527372,158.8827198791199
1824.2786032882807,910.8809166073738,120.20479893004962,158.95534548081383
1814.8735674449383,923.1880078980126,120.57363425137683,158.0018096548791
1828.4373684099492,925.1280725906818,119.62605038805889,157.95047805488423
1809.1139364765825,931.0610106375199,120.19154470483728,157.06455222486267
1822.5266036415558,934.0713407273647,120.13344477721544,156.34823141217154
1809.0282139016917,906.1402764614551,120.12868561466651,156.64771465288428
1817.931722449433,922.4778057738904,120.16452296959284,156.3047598333696
1825.6501897166202,932.0465147228022,120.092960045503,155.78278851644745
1807.832921997225,904.2135556819865,120.07897062407335,156.10540665390403
1819.9480795451348,919.2877480033947,120.06311630340667,156.009600852718
1830.1580718208227,925.4663494791471,119.4387380991493,156.0501341159239
1810.0114819710263,898.4149456349159,119.48022009943735,156.38553271042449
1823.1758942363736,915.0943139975118,119.30694690262887,156.2157420406487
1830.8392322835332,925.8578442360176,118.80461854507183,155.74415109500399
1810.824309150906,931.9352716362472,119.64628805692615,154.27248915875083
1824.7068840382126,934.5910969491435,119.58023343114951,153.61636737849824
1808.2123313426316,909.7912845628791,119.64662466471103,153.68772251672863
1820.0980017076172,923.6157369734286,119.6222021458149,153.50625001012364
1830.036207117184,928.4770333288413,119.34629126537436,153.31270730872018
1811.1346987208985,934.0235754365082,119.69046453522557,152.7230043177913
1823.167807313719,937.584257196573,119.57814192385798,152.16624267891595
1807.3507298945467,911.066479047919,119.56355756519714,152.36718438614093
1819.1735288849518,924.3468437407568,119.56364631064982,152.19623353453395
1827.429121037113,931.3720497943398,119.12789209646563,152.0670917374465
1806.4730824332646,938.0221149184881,120.06933379835607,150.90277576339813
1817.8511261887545,908.0322116095028,119.59919639146999,151.4834753972806
1806.6345283910791,922.1931978780156,120.28627578813001,151.18904592298463
1817.5105294349255,933.1883697211091,120.4664218947967,150.7193105946633
1827.13936088734,936.9048969103435,119.91193894435717,150.48766463991672
1808.1787391233327,913.0903835082042,119.85782210355381,150.67701178907694
1819.3107630905847,926.4798070031383,119.73659577828731,150.5668579749687
1829.5415009355174,933.3399963174612,119.35231723761967,150.46974455015797
1811.909873189187,906.7932410946404,119.29773179461424,150.91471539620142
1820.7113736193958,922.1849177354779,119.22944708968811,150.89571943192954
1827.7816201904884,930.3897377193421,119.04990022711738,150.75352368540223
1810.209153034459,901.9967770437448,118.99495127395447,151.21965770050542
1820.7039154988906,917.5182993947705,118.88880158568054,151.37084086258253
1827.6241436561331,928.2842264359125,118.82277209273452,151.31615276970632
1805.3507673333906,935.3130466223245,119.48837160120524,150.6513201224328
1823.1778533242248,934.4789228098442,119.1774945113394,150.51208068569045
1808.6217492434182,906.7154193142758,119.06695972452235,151.06854521625417
1822.3383620263855,919.8166559362736,118.76437965129101,151.3538922485407
1831.858966065756,925.6318199580057,118.19954281192625,151.73966589360435
1816.0387494659822,928.900789384614,118.33046644924616,151.65007241963553
1792.6774961960282,935.9458434180959,119.23919844878141,150.74870379571624
1806.3228133453217,943.3310870717283,119.4966582614518,150.17956007765852
1817.6451107487262,910.2763917140583,119.09834587639155,150.62754548445105
1803.382468002713,923.3366330108179,119.97095284909273,150.34462991144287
1817.47262489572,929.906422496593,119.95640993739639,150.25149014178365
1830.0749194710113,930.1746078401972,119.06745951945406,150.61556060781157
1817.3034817740063,894.7412019993792,118.13321636854249,152.2672185196057
1805.2606592367458,910.3006888489018,118.75810641129655,152.2774700555981
1818.7534541873665,917.7390751873004,118.78172861873622,152.3079741137058
1830.2594738681967,924.2819902634596,118.05357047975242,152.52458998607239
1810.9283120431141,932.9398843654749,118.68048161997262,151.85388245310358
1824.8933593178497,933.1431269318235,118.28827188334364,151.84373721203195
1810.6417251982896,903.797201745395,118.41755837207467,152.4591488135946
1820.7784956336516,918.4752249486105,118.27503818149916,152.5320675975537
1829.7014275180372,926.1685772346103,117.7910989004439,152.56344621707603
1814.5965907695556,932.6920497391113,118.19245136396866,151.84073564045212
1823.7978041539463,937.0139388082832,118.16988552934197,151.42064592576855
1808.17176788254,910.7679353738581,118.34145862603866,151.59158054435585
1819.5986352315397,922.2834839671375,118.30855573120105,151.6084173038874
1828.426161813403,928.7571875483543,118.1396843697246,151.57898533202777
1806.4714286593046,937.2777505959704,118.88945875862497,150.61575438928085
1817.6360744828826,941.9021572090012,118.9623771062792,150.22542321328356
1801.3761657143664,915.369642377411,119.26927662205594,150.36013390602534
1815.1344200051847,926.2071555888003,119.28582613598739,150.2617042652003
1822.7469066257077,933.0181669849703,119.23713358964109,150.1336838062348
1832.9768321597671,933.4721382448427,118.30682860304356,150.24326578371898
1815.509648972862,935.3644120500105,118.3815451413926,149.67843999535876
1824.7762837990779,939.223378979985,118.19955321964177,149.29346152371076
1812.3011523541784,907.369701372923,117.71981930416942,150.36478693053783
1824.5709052366265,920.0872624341675,117.32335899832958,150.70091777690982
1835.1404305721394,925.8634971765546,116.53625074650395,150.8706265294469
1811.4651283616888,935.5672372347403,117.25062410817111,149.80196010831966
1822.2492438687673,937.3148380529719,117.2251437944249,149.6567764120138
1809.5458549382895,908.7894261434734,117.19155275659799,150.25769421161635
1823.0875669274994,920.0685978195447,117.03325595061041,150.32213667708572
1834.2502370921354,923.7569541310563,116.30541397688835,150.8482353209912
1812.6169687546899,933.1477625378793,116.90097308361699,150.20268944487955
1823.778574840517,937.8893180401321,116.8970089062796,149.75141207640286
1809.7814898615595,911.0444887068238,116.99019761690461,150.16994486939674
1820.6110304194478,921.3516361383464,116.96807920775146,150.21281538608676
1832.3349789790154,926.6711544847985,116.15586720618255,150.55694133307213
1812.8100055095742,933.699438919722,116.85867455966434,149.8594940701631
1822.4888432580024,939.9148087523425,116.86200608703346,149.30201470011977
1833.7483564704125,938.0679319177622,116.32220314188064,148.66741931675105
1815.9240968531974,906.880605390193,116.12404689169023,149.17188650050716
1825.5025063293406,919.2572883504923,116.0092450132425,149.2063562113631
1835.8211395399603,925.6635132971131,114.93979445829206,149.4882307759587
1817.5009078397898,933.9436109549172,115.27727872985389,148.95326597462238
1827.674142899392,935.5912710578715,114.89682474772638,148.84918615175525
1810.6068546309723,910.2839483014103,115.20389724243535,149.18077856974665
1822.0285712310301,926.2063869015211,115.17987850713752,149.2224798527787
1831.5698683385672,932.185774173429,114.88387318350516,149.19921075765365
1814.7745446536876,903.6427802727898,114.90447935412467,149.76436162404758
1826.5122081613217,918.0400374534289,114.74223638995927,149.77702385081378
1835.359270356619,928.3334560204163,114.31348830543165,149.66898678022133
1817.0602529817218,935.4913013346256,114.80764694510438,148.94688114693858
1828.9876245330809,937.447290944971,114.70703753325333,148.56201944077569
1816.455910012925,911.626384805858,114.71335742323502,149.02759838090316
1826.4911669627536,923.7614864140912,114.55458017362143,149.04768951303905
1837.421522215971,926.4402874036451,113.62743258746858,149.67683250090545
1825.421737514913,924.7920267552842,112.8507939188479,150.6086268086567
1834.4543419916693,931.6119729950258,112.49234780971476,150.4713350393525
1822.0556934110716,932.6878001301535,112.39063548083186,149.86769492945263
1835.658023314742,932.5199762275681,111.68691173374756,150.1114749936623
1820.5930559866454,901.3830329658454,111.62318010701063,150.84624243887527
1829.3927452960004,920.1448891246821,111.25105459264785,150.87264055196226
1815.872491448339,929.5623287167691,112.15362759171289,150.25195278423678
1830.3282154673568,929.7857630200134,111.82261037620708,150.47003695077592
1817.4324980145618,899.9837487370736,111.843465581007,151.23778863989475
1827.4075098520868,912.6515143882452,111.8228152362553,151.39666762580882
1837.0096079046677,920.3510320265252,111.33781107547941,151.6638910711278
1823.5067475077608,922.98156328028,111.10662943186995,152.25324630015274
1809.8741149596751,899.0675446109187,111.99361136781168,152.58312332013023
1827.465876694776,913.6012826970143,111.92240441064574,152.71304448413676
1835.600498231632,922.6584584044454,111.7123378385997,152.65076647261617
1812.2453030201118,934.7300815716552,112.56052619406384,151.71121750295103
1825.5854200344643,937.1327234710219,112.68405276825627,151.04623860870268
1836.2313204456477,934.894247625854,112.20453391386928,150.809373612891
1824.7789990258705,899.6369262301522,111.05876142144182,152.55649640127095
1834.4776220317983,913.8517584349022,110.39941307573864,152.96732943863285
1818.0906473060218,923.6573976201163,110.98438945417679,152.5350389104742
1827.0334638233187,928.6794729365872,111.10528534130138,152.3035799840088
1813.2882397033075,901.7563010489412,111.98466553363187,152.45054553628987
1823.7959981863241,915.7222236288601,112.02331078555055,152.58506411769662
1830.6496656181257,927.2792647035039,112.01348685244714,152.2956075323085
1814.53806574881,897.4590374471165,112.282272409511,152.70466638463233
1824.7141205043233,911.6584756414445,112.36160504770274,152.74148488046296
1810.2778808647631,924.6926765795607,113.16332481582326,152.16553678084932
1817.6504943565528,934.4392994991897,113.33085365034755,151.93482474331813
1824.2472667834968,939.2196408322844,113.48673610741378,151.46729854066828
1807.0296671247,905.9135977242034,113.68536318453418,151.8690330508978
1819.530332228981,917.0169898861282,113.95268090088766,151.76406946139795
1825.9441920548998,925.892902614593,113.98785842027524,151.64723321140679
1810.9122669060032,899.3044834717184,114.14963739118419,152.06611483285914
1819.4708098223246,913.909001439139,114.4348245155436,151.97552240186243
1807.623303670819,923.9327165888669,114.94967049380611,151.78105364080338
1824.2428054116906,928.5940629439033,114.88635725683842,151.7412064216431
1833.6781279335914,932.4036324112786,114.5510179220349,151.5607591990675
1818.4446147359383,933.5662518536495,114.86948000991775,150.87066922107311
1829.906567468515,933.234392087482,114.60116189233906,150.76899755800704
1816.0654016958174,905.8385945771035,114.36859144173047,151.4717576862978
1824.5754524933081,921.0776526061526,114.47314804190948,151.26121349819908
1830.5630562366464,929.5657348811919,114.53851238463905,150.9383734890152
1814.298386055181,900.7102398171997,114.5547778289395,151.33931306812542
1825.3177015872145,913.0189523064556,114.5557618609803,151.34807333126
1808.924997492125,925.8631568840813,115.09437213725239,150.78342075208963
1821.259160044765,933.3836500561314,115.26783127839772,150.5033561511629
1830.2365056784308,938.2011858355002,115.16895303575181,150.01448307278378
1811.4198247893933,944.4134592594293,115.83339939874853,148.8845058724885
1820.904885895877,910.1010314295492,115.56570978581844,149.24869773929464
1831.8764348532013,918.7791550676815,114.7327204304784,149.7658998825478
1815.9320508817711,930.0441290313422,115.20354475263636,149.2209712490959
1824.9805789585528,937.1849387998445,115.20570315976555,148.9604936254808
1834.2478307950196,938.5543604532379,114.96692006889455,148.66711894046554
1819.5376664531439,937.3150546966168,114.73451254449562,148.3614614997769
1830.1835093732916,937.6665532275332,114.40599025520976,148.29775637554968
1815.0623487403614,908.3305868629002,114.44995181729769,148.9962989903119
1827.5339524158373,920.7719518455524,114.13918611481424,149.26639551971581
1812.4445948660305,928.8809431215041,114.52363008669992,148.95702568160272
1822.513206435824,932.5690938852497,114.48108067878881,148.90709871152637
1811.8781854776269,896.4313025101081,113.8105736969697,150.9278096438821
1798.1151394071849,907.4810623936396,114.17791731187879,151.07510233244568
1817.0309999240067,919.5073998151865,114.24150903691589,151.20759659804995
1828.0953095182344,926.482860223681,114.12267315931798,151.36623259786288
1812.828057962769,932.6018715478203,114.50812730224973,151.01364068487885
1825.3795081036,938.5727141237121,114.66593442788502,150.54437228997196
1809.3217904990652,909.682775202617,114.75394302612291,150.81803138221142
1820.6665034209757,924.2566162675218,114.79393773867018,150.68612688368216
1804.1140780091248,901.200615452378,115.44981167727916,150.65258857048389
1818.3858805092193,912.7280989300341,115.61753028735944,150.77184153918554
1828.8764854103824,924.0179502468137,115.1704029277393,150.8983746659194
1817.515621497934,926.1316293553078,115.19472291979817,150.8227557914466
1825.4291368535216,931.941821347569,115.24424700935415,150.49946870161654
1808.678907457314,910.5700071835402,115.38767118256698,150.70055930441717
1819.8045715688731,924.8350704485132,115.50700327612867,150.5440833506341
1801.8002366112362,936.4815867817844,116.49299325874836,149.651575246439
1818.4299356593697,937.9670665387248,116.5461937849678,149.32678442297035
1805.7281858479867,912.9458483759142,116.70184658889156,149.61940584285162
1821.629151528702,928.0842274850459,116.707159599263,149.35204245452073
1833.5210499797092,932.4397416707102,115.7490727754879,149.41722803420691
1818.5625574025332,934.2006097076568,115.7152197415882,148.9729858263401
1829.4505651659517,937.1375194063379,115.5792778224259,148.49870305166178
1812.131233161871,914.6667429866375,115.58806234115475,148.62987705240246
1825.5919765876492,926.8827348303172,115.4281781858246,148.48283413037356
1833.6723442904208,935.0303631116124,115.05547410926312,148.40071132322203
1815.3488834603336,905.5908057042952,114.8068152646674,149.16143567332338
1824.509362534006,919.7973805750861,114.76872949067459,149.19885281047914
1833.501857536495,928.3916705634219,114.42173966661798,149.18687408199352
1817.963853638235,899.6145806777671,113.92467802896016,150.13885834912068
1827.45929750427,914.2232699468325,113.89707393464532,150.10515932672877
1835.9793113623011,926.2232068316873,113.5182348745805,150.09785290471302
1817.97150354167,895.8922569208879,113.22446607503201,151.19716048326902
1804.0777938460355,910.7777421453085,114.21925201783147,150.89017678275818
1817.243185827556,926.876931759979,114.45704531372245,150.5586312006516
1800.5346305658543,900.0263682373977,114.86151000731974,150.78560144603316
1817.6535216567524,915.4724958929177,114.97895173985633,150.84387495077772
1828.3696143437983,924.1345530017334,114.57640546128687,151.05285117783458
1810.7036381318385,897.350061749243,114.71109556185414,151.6255702868571
1820.8558301399187,914.2652445946178,114.85802667086482,151.6956170597239
1830.2291150464455,924.9418693998659,114.62207186419464,151.81094661976925
1814.732936689783,899.6367671207739,114.75517208572886,152.2907951063459
1799.5932742000489,917.1525149180223,115.38841123095972,151.96059595111856
1815.4730242937505,926.2377606783141,115.63742625360639,151.75439233379754
1799.2613285957796,903.7679296065161,116.23596071842165,151.6775071874503
1814.7366811722284,918.2471103420403,116.42775959709132,151.516538501624
1795.2686010332109,927.2285725090995,117.08003871540109,151.13259185983915
1811.2515062285138,935.7109553517732,117.43613059242801,150.394239396992
1793.6084174562745,914.9402399900309,118.56471229508497,149.85185583106562
1810.9193319310552,922.9639885435978,118.90542230875076,149.87737980752496
1788.8555945238058,931.4558784985846,119.48672741570238,149.48559875047772
1804.1342242722799,903.3717409062195,119.50878396987864,149.66914058467998
1790.3960014584989,917.5153310459143,119.9186565145316,149.59983888246833
1810.1660914560107,921.9443934128377,119.89948044056072,149.82490094940627
1817.9795702453036,929.923420406537,119.84343694060671,149.87559881010642
1801.212133153352,903.7350595446251,120.19370767361441,150.47625178640445
1817.25603398464,916.5488259885655,119.880729413366,150.9456547140357
1802.8491533745143,921.8213182086039,120.46350555857082,151.28410214811132
1821.2986402521303,919.9628575739969,119.62346441383637,152.48937926256892
1809.8541561748493,891.0707636785581,119.27459207064524,154.34172328199747
1797.1815743959112,899.3617030665208,120.27841017186954,154.94943137933666
1814.0929824540906,906.6177432437826,120.15893203917388,155.56918244613124
1802.0553105924741,907.139557222928,121.00800679290319,156.63199261713635
1822.9938744196497,898.6445179396881,119.45014370067487,159.1821172695144
1815.7825868078535,899.2840294260897,118.29754908934507,161.48788128125634
1803.2364236970745,902.134887469121,119.69701916462878,162.73510643324352
1797.234839127172,901.2602380593264,120.67362391946494,164.02064582086533
1818.4751909004601,896.9636067176588,119.51226388029443,166.0530416943051
1808.171987421973,897.6297779951742,120.16670256431438,166.960193743777
1824.7032651522463,898.2575115101225,118.81914982723079,168.67108434563835
1816.3402209058952,893.2329291623262,117.4802883494639,171.08658647585133
1805.8380308412688,894.7194080609266,118.3181234093415,171.30092006717592
1821.4171109276465,898.3592848498855,117.9723644847853,171.77351923345364
1809.8964645340347,901.8347712680205,118.76483902876997,172.02501807173596
1822.6030991689236,899.4645876409552,118.22524920531728,172.72255046905101
1809.2682101377086,906.1155469995218,119.18662071081631,172.0166871199558
1823.6091100723152,897.3165759214214,118.09398429829416,173.39175694717846
1811.4367216854766,898.5838267969531,118.25841905472218,173.76652751074514
1825.5930653063708,897.6047464807515,116.83229476826719,174.94734441799173
1810.738776364138,902.4766781521021,117.32787477866975,174.38536202789024
1823.5052338479304,904.5115226248985,117.20652579759715,174.17850520506343
1805.2527734005482,910.4994690188829,118.23178425594134,173.4068923862375
1822.0995129685048,906.8808295914762,117.97197796755111,173.40476272251612
1808.3408022544706,911.0978770135439,119.34893344464996,171.98370926192447
1820.772942909817,915.5783044295736,119.44459895722466,171.734031686259
1799.6182105024423,920.1624637093096,120.2283684654011,171.03623545715956
1811.8617237799142,880.597951230589,120.26459091370674,171.13870652418555
1791.6150201399666,899.5365264253252,121.03289851746295,170.51079848429396
1732.6158147733674,863.8751594798704,121.88134812476363,171.27701754872788
1667.7305586180341,829.7834443594584,122.81533711200302,171.30017571227108
1644.7136399907797,829.5988762585821,123.84171545850057,171.65946872575446
1622.1470653678018,829.7531328529175,124.92100840420423,172.05132642781706
1679.6084760069957,838.6712757228977,126.09641938864046,171.9988083941311
1656.985203904439,846.7517402678635,127.13253488741373,172.70634159474506
1635.3525114309737,850.2376873184339,128.07918995320705,173.64416297810476
1619.1219134331461,820.4536775987165,129.39617028104743,173.03571316593988
1670.3657641805444,832.7446117992978,130.4467844803158,172.3955805915775
1650.0863417325556,843.7665996852647,132.16415699615982,171.45194141855714
1665.413304507605,850.7715585049191,133.3859823417655,171.64681191061814
1683.9343820949991,860.3590535142577,134.51770133385205,171.35407912089164
1669.676808474075,864.9912481336302,136.2350611523637,171.15967948337882
1655.4812675669946,871.8583782173777,137.88126024588757,170.83389040724668
1675.511268455957,877.5780488442082,138.83638055269364,170.61434568745227
1658.0684556570018,879.3786892827425,139.9521415310225,170.83278717816307
1678.5006355170167,883.0980545829133,140.85816317610633,170.7065079089204
1657.1479590555161,857.167361741276,142.0980063435606,169.90379513737437
1635.360410578751,865.56949448975,143.06676727199633,169.6400096442054
1506.4512169301365,761.861912440004,145.86890423754312,167.03908457886865
1428.6628481038533,745.2604044454085,153.73051501550106,160.00368337986228
1435.5190637910432,753.9612873310127,156.9718824177939,155.6294347423155
1442.8446932935105,763.910386212179,159.31095547437914,151.14406328941817
1449.4169064040545,767.5258123339855,161.27520166688126,148.46973899163277
1454.2684993880052,777.8367777716487,163.04031844229297,146.0883821746331
1465.6300500758375,786.6997984203445,164.236638371732,143.20152224966256
1448.959872397118,787.3943154262307,165.9519885366928,141.91198727776512
1467.039437800809,795.0952359229385,166.57434028139232,140.8309617259094
1483.668145815754,805.0458464473263,166.30722191224527,140.2121366504019
1501.2049577774785,815.452361226747,166.28360083600776,139.5089994734013
1510.5724634039173,823.3015529471901,165.9867221225617,139.17914464703244
1525.2142861038578,828.777768712481,166.52731806970132,138.9890313183811
1509.723240199203,834.6236850834134,167.2315618940984,138.508138456916
1554.6622947615604,854.5643735627357,166.48861514497312,138.7330387078461
1565.539350004457,862.1807649150581,166.36961961139926,138.96957704401302
1575.0422379961922,870.2818818501596,166.26739905434113,139.28388956738945
1585.36969388007,880.8169560916331,165.92005324245602,139.7521111236973
1592.2121516795444,885.4621992842254,165.87767305041268,140.266749875759
1611.160637062223,901.2527722413683,165.32850331949643,141.2087347885637
1587.4283125036472,893.7759869505417,165.64526125408452,140.30976126472098
1613.6807692298255,912.8771481062254,165.81557136587682,140.64440736078208
1638.4483649811418,925.6009424364621,165.88590840657244,140.5917647378471
1663.4910232771265,940.4681572004063,165.30412841274548,140.29433724157218
1680.3446303923843,948.5696089876839,165.43208825233177,139.36493902360343
1661.1122806046492,951.9313580246013,166.08744261289257,138.1821851247991
1655.485744946975,958.6073594220273,168.56800425759056,136.39773101006105
1587.7616805910495,939.8701862521375,170.16298097699746,136.48309350582642
1599.37322807059,948.7664028273759,170.42457514193444,136.37062655449554
1542.728271704297,928.784222671919,169.157749725914,138.3469100153727
1557.9746616573334,935.5437073456037,167.20151548339518,139.04358074747032
1569.131614199282,936.7687382805227,165.35530685772045,140.06842287450843
1580.1699520260768,940.4885398887886,163.18266640247597,140.25607845279703
1556.0340327789502,931.6498525276437,163.20051456605827,139.0057955963144
1567.7750668573922,922.2266783254181,162.45213985580028,139.88337753988628
1595.1114555125434,950.9832593565894,162.44820602124918,138.03254037246003
1561.5813256579168,943.0263744047447,163.3494734450428,136.07342783702276
1593.1514580922458,956.1127164698654,162.6373327598974,135.17365991053484
1601.5574088153548,962.6643096383293,163.55846180805744,131.58305383272275
1625.3402455769592,980.9258341178287,166.82648987155545,126.64038762122769
1642.017044542509,970.2767273192125,170.91008166081068,123.1099279249299
1661.9520492893334,975.3947608199612,170.86870039708523,122.40596617147366
1640.2763322823428,947.9510386373647,169.5982143103155,123.22274044591627
1617.8200294419235,928.4812746370108,168.7584297142627,124.56737916477304
1586.529794644774,902.1181088905661,168.3604888825484,125.27235539460177
1511.2466056126361,862.0231633006968,165.96217433850944,129.90254684928811
1525.7454462141286,744.8463448771554,162.9782045691842,135.03036822712056
1577.7609605145558,750.4549348126785,161.46379165075084,142.1131903638341
1601.1624374844855,755.5449691522954,158.3918072773997,148.80343443239005
1619.489546345184,760.6987083393083,156.68851203250034,154.02603969669045
1632.3666300825535,761.6899952893489,153.8702824196342,161.1342149341595
1641.468894821135,774.7479876541606,152.72854248705647,163.86005595143902
1707.3895791817356,829.0982547837373,155.39380605827603,166.84915798619897
1788.5552574947178,880.0689156703695,150.03086099655076,175.9352921774543
1784.8507017847458,859.9985747837773,152.93397618495845,189.29224938792728
1750.4461197857706,878.2518320842046,152.45046145863873,189.07898996953782
1774.7963135423179,823.7438983996794,146.0169763276662,195.57160453303038
1805.168304467377,865.0302913537139,138.0718074654918,201.1907879161558
1832.6267423515728,882.7737670508781,132.1508818987006,201.78342649105406
1855.7931070623445,857.424937463615,128.41378587531105,206.50415449723886
1856.828538477562,867.8333949966841,126.3429230448761,207.35303550487
1857.7151576892606,870.9041964357216,124.56968462147867,207.39838403471532
1859.1474097010991,867.2655616381822,121.70518059780186,208.55245682048826
1860.076799113805,870.1450078031432,119.8464017723902,208.530989886273
1861.38171357879,868.6764384464385,117.2365728424204,209.04632826970274
1862.7286966766328,867.3944771254342,114.54260664673424,209.56534722420463
1863.6282471342056,870.4605994550698,112.74350573158858,209.5842829182247
1865.180442480359,863.7417532962243,109.6391150392819,211.03406215947018
1866.7234727075634,867.5946411267066,106.55305458487317,211.44302169143936
1866.940162420644,874.67516289999,106.11967515871203,210.2069849068946
1867.7314752479508,865.9412856895455,104.53704950409849,210.46455838501942
1868.513326106024,871.2698880984385,102.97334778795235,210.28466791016683
1869.0986075555072,875.7537211324748,101.80278488898571,208.81811908342357
1869.3497997809138,877.6196271291846,101.3004004381722,207.52543053543943
1870.1910669711401,867.2943876987563,99.61786605771955,208.4463287066776
1872.1253827119974,862.0866613936229,95.74923457600526,211.53209244867668
1874.5230762884432,862.490077763923,90.95384742311332,215.24880129600265
1876.4078859547947,865.9050393542158,87.18422809041084,216.25521181888615
1877.8867673738202,869.9325822012169,84.22646525235972,215.6266198734279
1878.437150548051,875.7950861701424,83.12569890389794,212.94003264269278
1878.2703196792377,888.2051643599013,83.45936064152488,207.8093476332829
1877.381179774601,898.1547859536215,85.23764045079801,202.34445251187063
1876.7411014294769,903.4299945573546,86.51779714104642,197.0670385824601
1876.6039013699606,903.1821162092674,86.79219726007905,196.38498858691915
1876.6709185388322,903.8556437473337,86.65816292233575,196.68393915808986
1810.6657659406899,835.7544314512857,88.5823247974663,195.69785707651556
1788.045363159595,809.1825314387386,89.68104287954111,194.725406558859
1811.2043647414175,820.7771177176351,89.54002145917572,194.8540975338485
1788.5952974707582,837.0729488770302,89.30093296236872,195.0439293678618
1762.8472918043337,857.5834471028201,91.76923279150121,193.34023960553628
1703.3840922645597,886.6818654482396,95.37663366153097,190.48697811554914
1624.3950114025724,914.9042814710436,99.44983218892347,186.83980979135475
1524.1781818263823,888.3848969115932,104.75863848433534,182.37840691661768
1482.6637167610386,837.3164292539733,94.62873078258983,195.06138182631693
1491.6918982358172,841.6904823516022,86.58158849532502,204.16496544756228
1501.475632767665,842.7502811216236,81.92204320125995,209.81078008645977
1512.502729781654,834.9956969146476,78.36455425901275,213.83660729682316
1512.8878322735336,852.4576062958853,77.54970530545643,214.0790544264687
1521.178738801604,850.2808440262938,74.01577603348223,215.59146240830444
1526.8829030072723,852.1948915212884,73.05902233932548,217.71247046536382
1530.5473819794192,836.9328274520892,70.98577152420853,220.00025893783936
1537.7254869214512,857.177840476427,69.42969498694612,217.34312834509035
1544.3999253957968,866.0323489205309,70.3017184793721,211.89609393417106
1552.9654880583896,850.5280324126393,69.29690696344204,210.93510787955918
1551.8402620591837,867.836519396702,66.96391865755528,211.9126860248283
1556.3975484083965,870.9297663988555,67.42273671906398,207.99856259752232
1553.3387800878809,881.0522495157965,67.18988395074234,205.20123456491825
1567.2432491142454,847.08720795435,67.12710399428637,205.694222202844
1567.6177212280995,883.7873313775044,67.99920182183055,203.25839650092206
1575.3395331276336,859.9776786356239,67.0751767449169,203.72501526833247
1592.6362512614228,778.6475071784248,67.03792817161636,210.17941727815867
1608.1489180149035,714.1248717714568,67.4162233908132,210.91877995466533
1606.7603272213973,743.5825360682534,65.51849955465829,212.47640134131606
1610.2136535771176,841.9276694478527,64.4372830920779,219.31419217846738
1599.7462622206845,856.8040774422825,65.31012620890328,218.01222250233323
1618.1678836820104,783.7754251972444,64.60930033116442,224.9514716039297
1622.6350323263312,843.3701186267557,65.32155376442107,226.68512274448148
1617.8723678430567,859.5763470581423,66.6483057862269,223.89032950690319
1629.725812497234,806.469877983228,64.26075274482201,231.55150006834552
1642.0716192240805,812.2646005045226,62.10189690250243,239.993790315944
1640.8036569218068,839.4682218414988,63.027281860646646,239.57044896812866
1649.7536479438559,816.4737810147698,61.51571567398909,243.1194253845234
1654.5158575664814,834.9027362263589,63.65484054850893,243.0641361712881
1655.8614025561346,835.5577166043834,63.97288403251655,242.99969302491664
1663.659970376605,839.7114514773209,65.44703399822954,240.85453507298726
1671.464891782808,844.899485746961,66.39733741154896,236.8507357808091
1679.7225708845378,834.7243622131704,66.40946194003021,236.64155819945182
1682.9395675495373,850.0482366335879,67.87189464745741,231.97723533197365
1688.322827060365,853.2261779613228,69.4891019992852,226.65432934330187
1690.520085202904,864.9186430252255,69.57724981173075,219.7229641145192
1705.8063463747153,862.201493463995,67.01095377534547,215.38550114711944
1711.3515387847453,872.5788592338114,67.81092011720109,210.72567824074298
1718.10056536276,877.8411970081561,68.35688761725424,203.43353063840894
1727.1801365369672,879.1139897772791,66.9711497500038,199.9503612685123
1736.2274451922663,884.084466320692,64.57703878154783,194.77022729286983
1742.440062074154,903.5493519719948,66.04664133805676,187.20092421339257
1752.282077532465,902.6409576985528,67.47191882935165,181.33000531288567
1761.7226382421102,908.1869456945866,69.04911719622517,175.38856048808506
1773.8835368540085,914.1104832814226,71.50129657570288,169.97226475900976
1786.996618481242,917.7396218354523,76.20044876421152,165.02361902497202
1797.406578385221,929.4778049921367,80.24070913511892,156.17944514558673
1813.4429708252324,940.4241107775272,85.46189707383667,145.76347865827393
1818.2051519923966,952.9681822678881,89.81066441896203,136.93939291860227
1825.5837409196047,952.6488544867957,88.25500984425173,131.72944924020013
1837.4173697975446,956.4688222515751,87.64646414148865,128.02861142168888
1847.7266038144785,959.8543166165132,87.78149238166232,125.44800485161392
1859.4989937877895,940.9168143179495,87.75017084382162,125.85287999452187
1874.9767126877352,948.9776161838425,86.7824188505638,127.01649747632656
1861.2654694367961,926.1505132788047,87.10021247782147,127.50642113362976
1842.0256455641995,853.355302654097,87.80773109754095,128.53432921501923
1852.5149122414255,862.0837350358102,88.32673515082887,128.32853062920856
1863.951960073521,870.6172155111407,87.34493866499935,131.01427029565198
1873.9461566653383,911.080466142351,85.8683875004838,135.02684061424583
1876.946631822857,931.1294586409716,86.10673635428599,135.53895237924203
1845.3813943344153,944.2894678681156,86.79555132321146,134.94871038444097
1819.8646475069852,961.6515540943383,88.53630486086884,133.31921292781902
1831.3367183618207,965.3806658269185,89.6160378531775,131.93735381735885
1861.4166036586907,949.7756364893431,90.8672221488689,131.02170583919047
1859.947853725384,960.4971481998035,92.11086285645084,129.61841674419222
1855.5624770956808,951.9156904548533,93.23021349470883,128.5151387042002
1858.12585800922,940.9422941851733,93.72041113900269,128.1094869590164
1862.1380011537376,951.5728216471969,93.8549854997362,127.7222793217792
1860.2957322595382,961.6998868134746,94.10638986816592,126.96644041048529
1831.1348126410426,948.5963021043679,94.66013433872989,126.27731393418453
1837.0503113350535,960.189507075773,95.00499449130896,125.81927907420331
1839.6703075928185,967.4979024567574,95.3234005273525,125.2613158372833
1803.014012676339,975.1966396435578,96.34653173401574,124.03547923557883
1815.1278834287123,954.2940237577382,96.79348483600371,123.83665432292172
1823.8594234193508,965.3373448913476,97.29859489806005,123.21651568123744
1793.745372524989,972.0351465371048,98.41888744303009,122.10502671197764
1807.6083762681883,973.1106249365015,98.67948776342544,121.90447921618971
1817.2855480737217,949.7510409250938,98.73221562555577,121.92182783122786
1788.6392491023664,958.370352386071,99.43932290770199,121.4668616595526
1797.3449168625477,968.5008228922393,99.32355589038106,121.53403869704934
1809.1731442978867,969.9324728586722,99.57302934580648,121.32846731860467
1822.7248464206875,947.4503590155231,99.62726666725311,121.40124160431341
1827.9498384920541,959.2317866985295,99.70969919764069,121.32134267612207
1833.6472782060796,967.4480330797677,99.84946411284778,121.09351400595902
1808.4463110905708,951.3744252589356,100.52865200786498,120.65399530646951
1813.5397279711476,964.1740138290628,100.83989855325508,120.39451974352018
1783.3414088336463,969.9286672861135,101.08613925036936,120.15699356044574
1768.6853800016834,948.4953157735231,101.19426465760769,120.12792366869905
1804.1008551767998,956.8604045450036,101.16380285115699,120.13645418496264
1810.7332740499244,968.2057033600145,101.40611069411204,119.8049944012427
1789.3757020899404,952.0915221918223,101.78379422169516,119.6527984026659
1802.7198222267225,964.7153594610321,102.22862779708197,119.29169369889838
1820.1123237226261,969.8792766023591,102.64969749989473,118.4082082652745
1762.928151501369,977.7453810043492,103.94886671658173,117.61759189019776
1809.2444369633945,975.7161358500645,104.37736352393587,117.41149757736078
1815.931713640871,953.1578706552604,104.48890780382396,117.48849481872911
1786.8855562302374,968.2737851452417,105.38660973398895,116.96142104251818
1799.8629117310325,973.5995889779173,105.83181441189447,116.80985760551287
1810.0423701632185,950.0295239163042,105.81765103281802,117.00677510785653
1785.421324302268,961.7213555485177,106.06496533252728,116.83988919366398
1818.9714808729698,971.1792030818486,106.21205287329738,116.59451813910731
1794.821296529434,977.400904568367,107.06036847820207,115.75104652167965
1806.7835035878363,977.9188750830251,107.30460684039052,115.55345310344082
1817.2350155972958,979.7343337951316,107.28276230188098,115.59322270000004
1792.200925836083,963.7230181440156,107.75199776937642,115.30664696950356
1806.572717144901,974.0579755021018,108.17028531448503,114.6773786460196
1814.9285779325442,959.7995729991886,108.49308759817573,114.83918927470377
1825.2915824577876,971.4544998254878,108.65613102990363,114.54864607800795
1834.510149274641,976.0581845316174,108.6105511490833,114.18149661563126
1814.1754904330676,960.0327595907563,109.0181786127863,114.07277892294104
1825.9794686059138,971.9089561816238,109.02548672026087,113.90915621950897
1832.9976187764687,978.1883340170843,108.99175779913112,113.60367250023353
1808.5949230377614,981.6627307563442,109.59460256620623,113.0514780716067
1820.5613039089342,982.6269013469812,109.69072207527717,112.88206098358572
1858.6142287575458,959.2509556165949,109.28603318696251,113.23694294916902
1825.5455793221927,972.0634905412174,109.9116577770823,111.92334505862598
1864.5622966768792,977.6070986027514,109.64055413289141,111.68782104988216
1838.540431873083,964.3877395107194,109.73766688971023,111.25663621615584
1865.2761865509606,973.2460401596119,109.44762689807906,111.23107765754881
1865.5757552026018,976.4366686558611,108.84848959479629,111.01425717444694
1844.9646739352643,955.2093875576151,108.6053152148264,111.54413260371349
1866.0045353844946,968.1612967252039,107.99092923101065,112.32534880817848
1866.2609942202782,971.3792292311383,107.47801155944336,112.43352048564182
1820.501655366503,958.6008079747733,108.2691502775509,112.63276993405599
1865.8800099179898,963.0491787119242,108.2399801640202,113.37647807880768
1866.1615902080957,967.0488329895799,107.67681958380862,113.47522861337477
1840.0153802131895,951.0664580854404,108.34613325053748,114.78880719805686
1850.5292213623247,961.021598911282,108.2830478078694,114.80738970787267
1829.2945482482148,947.9143017085709,108.19762495125083,114.96313845531058
1753.019240328704,933.3582293413323,101.39331309468535,121.33288220735628
1761.6735460614796,959.8820184074921,95.97079552993738,120.67374855271069
1811.4886639250603,954.3246001459062,96.83126273581246,121.73105404587385
1835.8087592223233,952.2109237752654,92.98960843547333,123.65972416896003
1867.0682303164615,957.2478876004278,92.97526456686596,123.28762344995887
1873.3279110227475,942.86604186161,93.34417795450487,124.140960399332
1856.1662564874887,948.397647677814,93.34293370811791,126.04986851827829
1873.1778838377072,950.39085973033,93.6442323245854,127.46450922364909
1873.3604387296155,950.0754765232992,93.27912254076915,128.44303600333552
1857.1654145168038,949.5919449354533,95.51264060822785,129.27118696863707
1868.4767145957355,947.8555387212361,97.89244359994969,131.51096060395852
1870.9823478226833,946.4121938395256,98.03530435463314,132.4916421644469
1853.1637405229071,949.5369225326399,101.54778379580527,131.48533636573254
1867.4093334783504,947.412314841343,103.91366974954218,132.10472875254874
1832.931862365383,950.0667041620659,105.84853545496293,130.65298091145849
1817.4238497361896,949.0193761978749,106.33143017134137,130.37985212662244
1848.9291993488519,929.7988270303579,106.7621183389127,131.518703689429
1830.7659771156561,933.3784681279926,106.10552872393433,132.49687720474688
1809.3082920434251,936.0931827712353,108.58386205241993,133.390483773948
1731.087577691891,947.5339387750873,108.62864682486398,132.44926310111788
1741.2790672316983,958.5646226802938,109.1780234769106,130.08857138071124
1754.2937691189065,962.1947176091396,109.36946427877646,128.76257262617867
1734.8993557562344,951.8523210787944,110.59745605287135,127.191338023899
1777.0547357587234,963.393211166974,110.98191568239041,125.90396963649975
1757.7687167560564,949.3169086111849,111.3576136917756,125.68630689165926
1793.2375245163848,961.7539552915924,111.4628154445908,125.4872388690558
1805.5235737507942,969.0885149279368,111.72990795550312,124.9253262255128
1817.5583202986281,951.920697036862,111.76090082262397,124.53186341890422
1827.5807780126208,962.7237595335404,111.42232510248044,124.07566235492477
1802.5729190130826,953.3750224743281,112.98687413933062,123.00947060004096
1817.9997952148494,961.2869516455628,113.0804470682635,122.85907575316904
1807.3280021834976,949.7748263097436,113.21273374546954,122.66861165104251
1826.7465154716863,956.8337619707627,112.26029982373322,122.95769603547717
1832.6832675002033,960.8299318314519,111.00425662749332,122.30096484925156
1820.4223198870188,951.4732826035751,110.8245373349641,122.06193053606204
1829.855211301198,963.3413316394946,110.69546093128626,121.57482683683958
1812.793401658561,954.3078348204104,111.35386908516001,121.0786300354585
1827.8094815338861,960.9559695364155,111.15498265571271,120.911669754391
1836.219049959022,964.9232265037353,110.59913108123096,120.75936717889235
1825.7254186423595,951.525082705009,109.6299515645752,121.47066296840052
1835.5980495972424,963.2491597519752,109.45014345674689,121.4134532554486
1818.0332413034823,943.2526084073297,109.77915862987359,121.73372877846707
1826.3990517792142,957.0976987732427,109.79113265158762,121.68206638392257
1814.725449790651,939.368135384773,110.2116143605131,122.29297343574237
1829.6853007994441,918.1439525469626,109.37688469323663,123.63596683255568
1820.454809755481,938.2496937409459,109.50916729723319,124.14461681809699
1832.0918313916643,948.9801328568797,109.40579400660422,124.40421529008435
1815.764671184341,931.1038358582093,109.24406469948389,124.94208442134614
1832.560970724898,942.0483920464156,108.47762445773449,125.75625250059242
1821.1052524226366,930.1358045248697,108.16633233489117,126.34364567537254
1832.7507489669192,948.2306931589034,107.33757897832189,126.29140643273855
1819.80716485951,939.1540733977066,107.36794423524582,126.12446228691388
1829.1916149223796,955.4318824846334,107.40102331689434,125.81744586531117
1838.4728906205596,961.0082219468592,106.44726944236626,125.1571265960822
1821.5567825799603,944.3320135369147,106.59237094831562,124.75337739975416
1833.0721606663656,951.4918814170614,106.31972073424565,124.78510679542086
1817.2724653539685,936.9164001261175,106.1814841000586,124.79462948702947
1829.5819286411806,953.1054729709896,106.17625631890228,124.25332602800381
1833.7118908944938,961.7143251726143,106.04520600325402,123.16419139718134
1816.8864829343418,942.1333517730895,106.25991779708131,123.30422423675675
1831.8875419396697,948.4540906231132,105.6084435154307,123.9235636484674
1840.9687745892859,953.5366854196842,104.70777049737899,124.29428132697943
1826.9469284922252,959.1789642697231,104.62664687825486,123.99259200499816
1835.6179337946746,960.7447627499845,104.42927341797106,123.89345881558793
1844.11466747614,961.1149811708476,104.04872993877551,123.99984754519551
1826.5619357085611,965.3104306233996,104.30610261353718,123.239589211297
1809.6999849114306,943.4499569992606,104.44742138165415,123.33247531742379
1821.935430602955,949.2547620828665,104.44865636057598,123.37823228954359
1829.7136771032294,956.2933220452527,104.42967737156089,123.30645699238721
1837.5997936786878,960.20372986404,104.02076266213167,123.28711163720358
1827.2627762948634,936.6295347505126,103.52495899685226,124.37313626934075
1837.7201976153,948.0765248413708,102.9611208292766,124.51769232680384
1825.2156766431283,956.0943535673039,103.33673166603012,124.13874810259294
1837.7746783411021,957.7851028032994,102.77353102419016,124.4576980271751
1828.6982336652438,957.2138486776128,102.67094472189635,124.55137804967532
1839.5866483216225,959.1072051459844,101.98954587437629,124.80826255379681
1824.236717147589,964.2240873793806,102.61535904466152,124.26133676005864
1835.761988834534,935.9690317929329,102.10413876605404,124.84795412040484
1828.179847164931,946.1854929858803,102.27419430994408,124.84718493476034
1836.8279708385237,951.3579223618839,102.0256411991947,125.02345795190841
1843.6084520519464,955.1689326868554,101.80206870400512,125.08973292325133
1832.1097144035575,926.1600586641325,101.12854347187806,126.42482054066797
1824.0470238855044,938.1157305145551,101.19322796011036,126.53031599626198
1834.143161131431,947.8698528843963,101.11589777654464,126.58620663744907
1844.083825385672,950.2412807795698,100.2223661966187,127.34326349830054
1828.5913040872535,955.5197134894123,100.63426191422028,126.93304594689066
1839.6517940004376,955.9134741649584,100.24207330407856,126.90963690393761
1848.587873005054,958.4494309780973,99.82006271365731,126.80339251711027
1836.6098617172831,926.2378750383177,98.46761123309892,128.50997060454745
1823.9626182200611,943.9933043712824,98.91201851928231,128.08755384827904
1836.1119858425518,951.0795456250459,98.98476405415907,127.98849848181004
1843.711859231402,954.4260574460068,98.7275418043674,127.94345645655551
1830.2864459710215,958.7522714327213,99.0459905983553,127.40106906046971
1814.7830410663191,938.6510086731978,99.27369350399574,127.3550981935011
1831.8828011063704,947.673479311145,99.36238073320295,127.37952107723476
1838.9248616131904,954.4580238202174,99.29211677322398,127.33838072412765
1825.559516671308,957.4022112494356,99.71484056456919,126.96888249987848
1837.5473932552752,957.7193713013531,99.60347666557517,126.99203653770405
1845.756678258941,959.891006922374,99.26326935642035,126.97141914002218
1829.0068750670634,935.3342121052422,99.11764581238272,127.39969641608413
1838.118350659434,947.993649136206,98.86725725393673,127.46534088638757
1845.7076476442535,953.9671701697266,98.35420457908047,127.45276054400321
1832.1773461881778,956.2310501695242,98.64298200835843,126.95050573038566
1840.8790473106717,961.7196122976414,98.68856100541126,126.51121515355153
1828.7397556178685,937.5934088775497,98.61578156893343,127.00031372865332
1838.1582100784744,947.5107805693674,98.56102810776689,127.01547153903653
1843.3614045248707,956.9922485956882,98.41700417974234,126.73300438339474
1826.3235017118955,963.8669875924064,98.99431523840991,125.85164445870468
1835.788208774062,931.9640397755418,98.6848368278544,126.36386217491703
1823.1350068007491,944.5983517775317,98.90493714227918,126.19992060609955
1836.452262631241,953.3804831533339,98.85883744213496,126.07565347355042
1843.8933805347829,958.9502246652314,98.446514890382,125.99468956179481
1831.5429095689412,933.7235905739236,98.13805800246404,126.74774328695621
1838.8382042099242,945.6675063063433,98.0151483223674,126.8651124230214
1847.0023303822184,953.2314434616715,97.54488451661055,126.8225540492595
