893.5,554.5,36,85
890.1047795857822,559.1121079161337,39.838881155437576,78.7990672004031
889.0100076960158,559.5406982883525,41.15371949559891,77.28174639655712
887.8680194188944,561.7911611627098,41.18770052238766,73.2179710036911
888.5654347845234,558.8407302046181,39.85566753536207,71.32813919019137
887.1562362431492,561.8412962208388,38.73538750584275,72.64547742184686
885.735432519766,561.0779754605688,39.44780953196004,74.51523030264565
885.9294275777283,557.2248726290031,38.67302411080829,77.65897162688941
882.9971702972016,562.7522496956044,40.45564856228071,75.22581593612801
881.3891944929308,563.0718879629194,40.12996600186358,72.15158271264438
882.1948610662436,560.9191930502533,38.85305724072014,68.38876016590027
880.6822829226969,562.2467891949623,38.27156178993022,68.5716744851735
880.4567663295127,561.8854828017878,37.13998258279353,66.68144666632037
878.576212495019,561.4451580784618,36.411851606056786,63.87958401028377
878.5560011014835,563.5231617862471,36.71589638786077,64.57498760784242
878.5748685322149,561.2250328414448,36.113174361222974,61.86013490976128
876.4755577126153,561.0045250812892,35.00997407079469,61.841321449717356
877.9131424195401,560.0121640257454,34.77642072332714,58.21632492836123
877.1566152871288,558.0042699596618,34.25428871410723,54.70009017067852
878.2959845847782,556.8425461987594,33.423933211701254,52.74648238685543
877.4110669127366,554.4724608634907,31.590154460524534,51.977834458886804
878.8837141110318,554.1155048438471,29.782110272186493,50.924385037623196
879.2513344635872,553.7696502645858,29.805959848389982,46.78811764038946
882.9221866512493,552.0425465645491,27.498196750251346,46.4374072861569
880.9266037043411,544.6741300332807,27.041806832510012,46.291813223180725
886.303241310381,550.7126090495835,27.127074862987158,45.616155366926364
890.2753583933644,534.371453991184,27.33810918567367,45.90682753712904
896.853982195845,513.4417705890988,27.999293275634862,45.93805580943231
881.8900421386786,539.0069237679907,27.91630683881624,46.52175690674402
885.2981557646206,527.2125136524847,28.099974072939897,46.883316930109025
881.391923606205,530.4015536329215,28.161595433280148,46.874598234887664
874.7882691800668,511.1216679692371,28.288635955508937,46.8871796561081
849.7100531630543,505.9448501166372,29.132192455793717,46.283647399649446
821.7551890910803,512.9015464637707,30.194558362001754,46.960643487558826
805.9068779203614,497.0351985150262,31.18934102736338,46.63344556346537
822.1651247559307,502.1160007483727,31.809486821988912,46.47558306773273
837.7436828349948,494.7179492755725,32.36393613862778,46.3914865916666
832.7027235658229,513.8041385308928,32.54118873733136,46.7147053223448
858.051907290032,496.43839342921774,34.018924670168744,45.922341763640105
826.8019299948204,492.76704948127576,34.573325019532646,46.13762784068833
807.2883420359044,482.98718392136857,34.76028778792782,46.250097295665164
801.4635955107896,457.62459356690647,34.939302001013544,46.32150920749702
822.7011442078048,442.05181599735846,37.810151533464044,44.633208953491284
830.7716348681483,448.2864882916293,39.18891129365561,44.53175834896948
803.1145804333399,444.185587707434,40.7891015512104,44.14047595177201
797.4790144957984,448.49007575699784,41.143433725558836,44.69271228510354
827.5798471688178,451.07833460659504,40.92121981668629,44.783266698479395
800.5319711826647,451.0106792173634,41.193593744814734,45.80362516510113
794.7944309284212,451.26403723750747,40.81945461788113,47.44944899686473
797.2078570582703,446.6182687989507,40.616105975700165,49.21359303812633
790.7600358334117,443.7652504618013,40.12269685114439,50.38415146653835
794.5646121286619,441.21864842281286,37.99440173837441,52.52404949901167
789.1344438385985,446.0422030810806,38.91491677044016,52.243804877753334
792.8208487019814,448.3744549326097,39.122439697923376,53.16805421878517
798.5518062996908,450.2539229626581,39.64015486660992,53.14572114597157
792.2339129663725,438.39523799886,39.92110655035486,53.398917621754094
806.3514327790848,442.7202503539393,40.54387582235805,53.37697878151519
782.3177143235985,447.0951312424359,40.10808471571746,53.2788684339118
789.376961345775,451.20424082083224,40.66479906648864,53.32679479087509
746.7385401879809,500.12011438023393,40.309178266586,55.27861620522861
789.4291703898177,458.99676686219175,40.95081991938608,55.90886271971684
794.161492484257,446.2640035888994,41.72522929853919,56.144910531128346
786.9074033800649,460.22744556239303,42.06038511493604,56.85074828262137
749.2039338154486,512.1277341816881,42.98824924772501,59.439110021729405
783.4716242771425,513.7301124933806,44.4579883013385,58.01538494938549
749.2630126911226,502.13726334959216,44.05746535370807,59.935568191280794
743.6746810065098,520.0184086992972,44.44484986922457,59.600181551910474
749.6602240330888,507.7582622674647,44.46714178801875,59.76204688766208
741.2565733373709,514.5443283595731,45.44040236390825,59.424359852112985
758.8894318090698,502.3245126948376,46.252061915716666,59.74726473876144
738.5579198601998,526.4067980783622,46.639971347800426,59.82558637564153
757.0422329318507,502.0122119457071,47.2504083302056,60.07230061564563
734.6613801660266,525.7150991501769,47.90204489124057,60.3834812227585
753.1248668320679,525.470258725351,47.997574917222444,60.47766390103137
759.5982174608249,499.9399495122969,48.43177162167813,60.672626654360684
780.3801902233724,472.4487478088847,48.79990917317921,60.938764700823896
790.3637840259933,457.3052973184035,48.77979776901869,62.027715773218226
797.4172807955699,452.8719369160564,49.04937361158898,62.385570670069406
789.539306543766,455.5993569359623,49.30651724083195,62.48279625796055
794.9134184924314,444.39159866390565,50.155838535773526,61.9020852101331
796.8027821668506,447.99864309702036,50.14683392461366,61.900862170183515
788.9012072742631,450.5871797961397,51.029079929480154,61.095053982665796
798.7276362516078,454.5470810735078,52.8673533416404,59.5228105611779
791.3495456033434,457.9387514795371,52.769816727574856,59.5205833968371
826.0834609787189,458.0313131915178,53.366348962786375,59.89738835870314
846.7710367087265,458.0094665044616,54.11870485408206,59.99600963033028
833.1661588817019,461.5142351589911,54.72546553541378,60.07464101762228
807.9950845531778,461.5600148499506,55.20724007747937,60.1596806001039
799.7803448782378,461.8073741679351,55.55008541036751,60.433763901441
793.3297325122594,463.714879892504,56.08767451281362,60.33582799460939
798.6924903829349,465.28743967683005,57.284992499436086,59.8133554205543
794.6104704741092,462.1138711631973,55.90890252216652,61.17915852357862
790.0608881699608,462.23819734780795,56.220644083388066,61.23416200274438
799.1229507959972,458.63385576993795,59.145473968163174,58.7048768981331
795.0866444329187,463.4146658434317,60.666582230434145,57.28421642732682
801.876858690967,465.2027625468815,61.879943090438985,56.19955691602362
794.1045372972691,467.6355756307065,62.56294406887553,56.319204029050454
797.1447408971801,469.704020853631,61.82378497104159,57.84377177615418
792.2753703460035,461.8897526680698,63.22614090112212,57.321448459952784
799.5905534177805,466.135096771186,64.49495802429423,56.502695112660824
818.6454236002835,467.4304928757912,65.61656157408228,57.13151848131338
826.3040941280829,456.8014693608648,66.22563724854132,57.64867111762168
814.851604217895,464.3075442550591,69.24367081839647,57.62609333085189
801.9684486423528,453.1042226196321,69.29114044425205,57.95509635849389
821.1258890881031,462.5915547809381,69.37765669127715,57.9732012710921
796.2643284689642,463.5411729152107,69.58967493219387,58.31815829554654
792.7083316047105,465.4886541383249,70.68997603331788,57.697574656198206
795.671006839393,466.8684335231434,71.39157478839138,57.46106041020232
798.3398960918253,469.22066824643093,71.69945331421313,57.479561932697514
801.0662095913864,473.17818081196833,72.32727870073062,58.23255768088097
791.150113024539,473.9552027502689,70.65279097035753,60.33953421413261
796.7777315428286,472.5247010127768,70.77650113532277,61.00460147551885
794.5241827045623,471.9011969023201,70.93633507816682,61.413231239073504
807.3773897109648,469.00160537414934,71.60645355310245,61.59748113823244
795.6345114499821,472.33236401219233,72.02429582829126,62.0558900963577
820.688906219797,460.44975181886247,73.91237014414914,62.269587640290155
793.9718360419672,468.43931521665013,73.17632730502439,64.25325583864816
794.6267026068965,471.9212090259029,74.36425124329024,64.64406439741228
793.6136097287135,473.14912846050544,74.89585991138337,64.98951853202367
794.3865796856473,476.58368594548176,74.23910469045934,65.44962668231368
764.3533017006051,508.8242573366305,74.1390694703698,66.79571280446696
790.7213533001108,471.0723616349451,75.22323119793985,66.88034259131932
798.4917309219632,472.3129254602721,75.82763291349195,67.1944364468461
734.8722136648695,546.2958423251245,75.19032340364838,69.67342163630717
725.3216085510501,553.948342152595,74.60380417459517,70.87078115913195
773.0794465227121,539.0975450026627,75.09306208234077,72.3539785240249
859.9694205481557,576.8311222031064,66.62800527185331,80.8953983001832
873.2465528473705,579.8632843778947,56.42574966575117,82.72325950274859
876.3148998710728,576.1779629262307,49.104235106187254,82.93210242682224
872.7555608012982,576.4127060346552,50.513077223229985,79.34976033513152
872.6034333915951,584.2113342086634,45.900414559506046,78.3478427410606
874.3310022363596,579.824426027851,42.23610332083619,78.63644372556641
872.1954616044327,581.6800789833997,41.406805081251356,75.4019198952357
870.6707390771275,588.440687599653,41.447054488696004,71.89548317055602
871.082518746534,588.3674195825685,39.910177610931306,68.75381224852838
871.185380288033,586.0207739201219,39.66075203689625,65.65445025101079
870.5718681545279,590.2555946149957,36.985308925071536,67.9765103189637
869.5618985399668,588.8909821563507,39.105569704585356,67.8304889813939
867.8165666716325,587.5693842111516,37.76873740887227,67.2329484477651
865.5163195591772,589.9478093417573,37.92050371905849,68.78874265314448
867.1684330247915,588.5469233496649,37.06652057333521,67.82194272915442
864.3893021384719,587.6779399552559,39.00432343120459,66.08402300641869
864.0009484806882,589.0247166769834,38.60304155050177,69.18181024181953
862.5758185358322,587.7970381491565,38.306382536129746,68.22336594459014
863.0257413917091,587.400326287461,38.035135104907575,68.41171475654814
860.8855437356102,584.7944773589275,37.79587647872799,67.60640693658755
862.1502894507103,584.8730457977497,37.130007709612535,68.29181763189592
861.6827295044881,583.5555086886866,36.229154557500124,65.68642425136865
861.2701692455598,580.7379609145896,35.46931489185608,66.91852228293315
860.4825010521776,577.3430607634906,34.7173136772701,72.02490067805287
861.831423824118,576.7831253731059,34.5757901090302,69.65494840510686
862.1822420363292,572.1750425391142,35.73918651051877,69.84086379295307
860.6393326163213,573.5457976943685,37.19971763909986,69.59061436373935
862.3637565978278,571.0567989650563,36.35806672455628,69.00565613781258
860.6312340617962,569.1467920674054,34.6039835168137,71.05067322251921
859.9566080102941,569.2623037423326,34.7953448260447,73.80952364796806
860.6585913542173,567.4447868230285,34.57928483263031,70.88099649098557
859.6659926541296,566.5703467885843,35.5583730677131,68.08788073550672
861.850283098989,565.1301423134391,35.333503613559564,66.59129535998542
861.3609216305446,564.322446940383,35.048625759556685,67.00364214804655
861.9168100995437,565.7041365017552,35.75301930386979,69.01823162539358
861.2476770923182,562.8121037630494,36.210979849112114,69.4205227352992
861.4331909134323,563.3726322734847,36.41355031213795,67.94167465664665
861.6888040945148,565.10352037319,36.572889559627725,67.8215500505195
862.136652829727,564.1212665640757,37.89878177731731,65.78353468647703
860.8070808574417,559.3231581038744,36.41068900378611,66.8640415193834
862.9622168235956,560.9521438224655,37.23972299681518,64.90827692241581
860.4183397056127,560.6558403765217,38.1877448781442,64.69827957253784
863.2337048888244,558.6854294277803,36.26912870724521,67.34801219466969
864.5928355026982,557.5509487734425,36.02016781600216,67.47309077870413
865.0330913337791,556.7072513203635,35.206486661374,68.02214869320213
864.8803276337883,557.9946859011928,35.60852942914376,66.92846348465113
862.7549478803442,557.2887090875544,36.389099252350775,63.192551044544345
863.887150869001,556.7268714978871,34.9162529495235,66.85706564615981
863.4599334709636,557.0639169259185,36.09507703704777,67.82047560608747
863.3021772280455,556.9452125562234,37.40145084667049,69.71864707829764
863.2125983407691,556.1866116367431,38.359443246238804,69.86771404266558
864.1523200681431,556.1926789995694,37.43724786989407,72.80503318240756
865.7783142414852,555.8226774685116,36.24642600700277,74.52209182086858
862.7947623436244,558.1309325967836,39.37740579989069,69.05250855005065
864.036890100051,557.8914925622886,39.99712269268068,64.89676695150017
862.6197465709528,556.0914723406783,38.37736114129946,67.9570852032866
862.222475921786,556.5791238225328,36.71667159372556,68.64117077179503
864.4148193885025,554.3337906784894,33.76468310304848,71.97084860412664
864.8805071597506,556.2795770527048,35.016408090625504,71.54624741178799
864.173585549861,556.4577048992006,35.94508936221002,70.4424939881218
863.0048513894765,555.5753984722598,35.414330078774874,70.5443902856537
865.3904796056069,554.1879477376732,34.30167308431098,72.31816437358349
862.9424623445262,556.340472711542,35.27486690484086,69.9985487473737
862.4423670363677,556.0290269572254,35.080835977663725,71.43795993137817
864.7481346984458,555.6432938490252,34.02419453020116,71.1982120719299
861.437845390276,556.8889857158614,37.27850055583082,65.85358526871902
863.0202171513605,558.3937242336018,35.252066841631915,68.10577611020857
861.107573540809,558.8023339756113,34.9106831048406,69.77549115646602
862.5342279598244,555.2455421930338,34.350798400091705,70.70543794044687
862.7065464109481,555.6727617654327,33.722785316094814,71.6288994121713
864.1210341801443,553.9856744731242,33.64349823538587,68.80270619652522
861.9249845725031,558.5501427849027,35.816637681554354,64.68341775578841
862.4411928284067,559.4972594416315,35.72823562343084,63.700241619805496
862.510056759507,558.2194603116714,35.467722109932666,64.19986472847192
864.5449723639822,558.0648776850804,34.636908060050565,66.87537112026283
862.9677686297262,555.844154194029,34.86410267855894,67.04146561929159
861.9182177924702,558.4179197278962,34.85335274604308,66.29950328841208
863.7373438507726,556.7628736300303,34.237901295480285,67.65986352765947
863.1751325669053,558.4961022103626,35.01458411739836,66.40614510716412
860.2536619889419,559.2224606328454,36.94041127974922,61.979159946213244
862.6884839649545,558.6198416072408,34.09204464041761,67.37812238131981
862.5148340861163,558.9052278726093,34.92724340961551,68.79364785930721
863.6608677695294,558.6348094540838,34.819850649307114,69.67828635629633
860.3677835737282,560.316750344182,34.92440127517481,67.13432730930555
859.7679293272316,561.8790430508619,35.97921626945784,67.15164684961063
859.5011210911418,561.3271502601993,34.10186623990381,69.5218679594876
857.5877965704428,559.7756670958516,33.953640234299414,69.23439140591914
859.8797322998998,559.1487630495583,32.509198227077206,70.23709522519192
860.3136913754275,558.1352800576287,31.29777402913408,72.76662867610817
860.5667404306666,559.6418601202037,31.329569850734252,75.66896016272855
857.4361489078797,558.8470093274605,33.65791010449239,73.02249384780858
856.3278110519708,560.878599004315,34.247467861001134,69.02129997000995
857.1416841746728,561.9718282252861,33.31546977172419,68.90883740710018
856.215998509115,559.8057649562554,32.73915676161019,69.94530859623895
856.4174746345386,561.9105625522053,34.39096036510256,66.25995140338793
855.2400540804791,559.78756191394,33.444848642163606,69.05374403468647
857.4189429653184,560.7892700603899,32.214419297690576,69.97320178024944
854.6489689715678,562.9229978496373,35.499064374701405,67.45164567791079
855.4427765063476,563.7110462285577,35.94774141114726,67.35900473337881
852.5772112719458,565.9298075922964,37.38024625241048,63.766857161109215
851.683129301254,563.5597374469165,37.13689947195414,64.59271232462747
853.2046156413915,565.5785187040995,37.320402610924134,65.14452715005726
853.5540630050241,565.4020404700108,36.97264891299035,67.92265798007563
853.9809905667736,563.8948755875389,36.62538598291259,66.19402285269356
854.9710447496667,563.6404428624421,36.45940987323171,65.25830450605231
856.458940613857,565.6866902910922,37.944810033065934,64.43948850401263
857.6216965976614,561.7672448370507,37.18050808581938,63.559584897954835
855.2157744963337,561.247953047645,37.01621123302243,62.378756870109505
856.1647612191672,567.0376718167521,36.04023490728739,63.17683462834562
858.8407651646381,561.6263092815074,35.00859066557911,65.81485613945594
856.4178471335981,560.7815599240098,34.55819341476251,68.10288346929306
856.9118805088998,564.0786106552089,34.7657193669067,68.6207033041618
854.9779796124714,561.0245150503913,35.4942205469337,67.2957025514956
858.8237588220024,563.9659549724627,36.865084432352326,64.76925846641255
860.5825730293544,564.8385569329431,35.30707728434234,66.9341709861596
856.6822033842351,562.7841264795073,34.967705069328844,65.90686010920902
858.5292269447823,563.3397950940619,35.531627095426884,67.30130188501818
856.6590296734137,565.0078378335145,36.36759432924998,68.09221185817348
859.4161955096505,565.5943515972374,34.83735473548153,69.78333277605424
860.5549389973017,564.6021147590351,33.500710550943865,71.63119386949447
860.4440220810079,569.2881140790091,34.11763058827269,69.99244668121682
857.0941845732425,564.8257081545252,36.535059869835614,67.71846469360511
858.7850468722575,566.9589066260143,36.518059824611356,67.47265709844946
859.1359895769755,568.9106434382517,37.271208301105105,67.41699816232972
857.495610461285,568.8789768215304,37.36705601304041,69.88747593715186
858.7555787885846,567.1774788918535,37.13550944518184,71.688264695853
855.527156476805,567.7094514378838,39.740458509935664,68.99484463894893
859.0595122365506,570.0251663438147,37.26453692701987,71.1754362710143
856.8249537782566,566.1931428419048,36.67026694560508,71.39991583144196
860.2871273674541,568.225162094987,36.894880287333606,71.58645283590342
856.776515474542,562.5822234408369,38.37150232647873,70.69009884652945
859.5565567538395,570.0850398149541,38.416142200054296,68.136934726925
857.7126031524774,568.4666691368843,39.025273824108616,67.21442236997757
856.6731624593033,567.2801758643386,38.79107450034549,65.89312695608693
859.3244501208322,568.6337305490059,40.18818986033715,63.18737077364885
861.2431296266238,568.7213698579246,40.288094520740685,62.36955686265989
860.8890331970305,570.126325992632,40.26632751922132,61.29089503319723
863.0092771490148,572.4959068257705,37.733535886535975,63.699647264955765
861.9394567199607,571.4614517664414,37.24183461938824,64.97294125182978
863.294455002204,567.2062773317546,36.349525820428624,65.25235644227442
865.90111851337,569.9318218250919,38.24122640993859,63.98464522909823
860.339253128713,567.6809623435101,38.70237442327103,64.16427180016635
864.3631864594837,571.6546925746843,40.06705910554201,63.57461891937602
857.1240073295987,576.45075439166,41.37445358075466,62.75352476549735
866.8308588512429,579.746803276207,41.44342910334434,62.38484845736207
858.9580564685923,572.1197991239691,42.38096478491681,61.80790968111344
866.4926907804858,574.9207769442144,40.33155320877583,63.23661627345692
865.999813235385,573.3035870974578,38.4200806902591,63.97584735011982
870.0570961306813,568.5711432582889,39.90831813186931,63.00449068033502
863.6156166438,574.5663049807063,41.291147681909365,62.06575334793632
870.2492392886993,572.828196667378,40.71256590532252,62.6376403876873
868.604747338542,575.8906771437817,39.64908270655775,62.65389289320309
863.4183256445687,578.5041927984676,40.122129637635034,63.02230564966073
867.9376231969759,575.3373600007822,40.94378609061143,62.39104114906931
871.9807904614976,579.221445699453,42.44199027466678,61.53271629418698
861.5666244978877,572.295196748655,43.57602136260319,61.069625271232084
863.3887311770422,579.9586460052882,45.307970069880874,60.25475756002534
872.1754546086722,575.538008579946,43.62714863325482,63.284499597530086
867.931023257049,578.764914733082,44.58465283583457,63.22938366044701
872.0600662567492,579.9849188915833,42.62263603846797,64.48471768927621
868.5971144822388,577.8309753553067,43.062235292490065,64.67327873580662
871.4615232677374,576.6709362543324,42.03718947291038,65.54951292910393
869.5727690204646,578.3099796544855,40.74164493437565,68.49506279711738
870.6865124067511,575.8860394696852,41.09388771808243,67.60293254034084
869.1555492446001,577.5937446034483,42.38554299402341,65.80397527050998
869.2662969488099,577.6059188272312,43.19115498985157,65.30334938134192
872.0142889482888,579.2088276115937,44.01491054629842,65.96082534893034
869.760540980112,577.991035902239,43.883006364785786,66.53216337379894
865.9378970280734,575.6513504027362,45.92808435611022,66.35557177056626
871.2740607174053,578.7402627298686,45.01573590323689,67.14295139452335
865.3124281900514,576.7122682620534,44.475692453760914,68.03143809912643
867.2740737377791,574.0631599865792,46.60030077882583,66.96895150400644
861.6447567804668,578.3344158304983,48.133516514085116,66.02475349752753
868.060568485709,575.1401835082117,46.439850809141916,70.02579602664773
871.0128747488603,573.1074035326797,45.19232452356124,73.16087423338027
864.3773879250356,572.3359261278164,48.12032926007216,69.61221772785169
867.7546643924765,576.8089527685637,47.69888600203989,70.17569816028612
861.8677687984982,571.6670128416614,48.56872641348349,70.06883916896923
867.4798159667877,576.5948356569567,49.64257656340891,69.63675322858221
861.7260027938775,570.0157213541058,50.04442973811156,69.94625113156518
868.4737712421041,575.1110339216048,50.94086800224911,69.56739219463982
863.2562538273748,568.3032458998827,50.82257319938665,70.86072847648258
868.8122084365705,576.680512036848,51.975560456404516,70.80280874039893
862.4387623337607,566.0099628204359,53.186953041220235,70.82786184904988
851.5208339159881,570.7774870637612,54.16267617200761,70.78890718194158
862.3741241703426,573.3403933567116,53.281918232102136,72.92765332464364
851.375601351305,564.6754002506632,54.46862195458101,72.94551288688616
859.9278388265836,567.9493349407329,55.70019626787778,73.64062775423034
861.2964283013437,570.5801289455408,55.3385529813324,74.87286869123443
855.8418965522928,572.8035386761945,55.18766936292906,76.88535207331755
864.3298670910013,567.9314517544203,54.83095659066752,78.99348848515487
853.761539824247,573.8670174344037,56.21827795991484,78.53971761636268
857.6986205207736,567.1448100180891,53.75671379767534,81.18243094369726
854.4620188085372,563.9730246498232,52.13580352294554,81.47316405547093
860.4805674134352,567.7121350183979,52.34277520589969,81.37778143774491
854.9895697726295,564.6933141455668,52.49538778537889,79.98273383268338
853.3749567182896,567.3441743840045,50.715976133779805,82.57569216738332
850.9011022785161,560.984467873155,50.70671174856421,82.93758432057433
856.6091580915574,563.9402100357336,48.9900812932799,84.9329697928711
853.5091920096628,558.9036897918718,50.118753652456675,83.87433581279636
848.0096581882157,556.5419692080544,51.46068351711581,82.73515857962693
851.2642792535182,551.3569040321885,53.41203527525663,82.71924570222251
849.0184921171935,563.013901174231,53.32930177626929,79.64740323182778
842.2556854964653,564.5929435209201,54.094884289717356,80.6622742120725
849.4492532720626,561.0480463945598,54.01725036394502,82.57168489451934
846.5622886900243,560.6399911888869,52.2177990775167,84.43886247415634
841.7562976041914,563.1708057302695,51.36670365606528,88.54846916937564
840.3662143192695,559.6171611346263,52.19695619326934,88.03772468298246
846.7566174106674,563.8439562632527,53.4118685227082,87.83548748462516
843.0531684882123,561.989312327732,54.2286908419057,88.46669501538356
839.5404109547119,557.8480770027036,53.702710677888696,89.23313738791468
835.2605104839297,562.3110898127147,55.028448980593865,88.96268380984027
839.0317409817824,564.899285260803,54.07376343441262,89.97756060199836
842.4163224745108,559.0232974899712,53.500150815180184,90.87128277001378
823.3091998379087,535.2815389592612,54.67521162416957,91.09371709648673
834.2695597791177,550.1267557553813,55.685654730754166,90.43787795361263
832.1941430381339,557.4229050089072,55.67225372364896,89.90197846943288
826.3467076510135,564.40277414147,56.56195252899708,89.72729758098195
822.2037397703884,555.351254035134,57.690127379860954,89.49360482338815
831.7645966572667,560.2048413434363,58.71629882910807,89.11628393673148
819.3206030808534,586.2147695050114,58.9732167362828,89.62298156729877
827.6144523321428,553.0523488910569,61.84074871102615,88.79479078350312
797.4566562068602,588.7428243311706,61.743328886507214,88.73950402557516
831.2761201380154,556.1641800595628,60.800601640156046,89.80090315908471
833.4679688334011,560.8919357941608,60.39504973904947,89.9837997157583
831.9743408342484,565.2627473618475,61.07785305328383,90.42239100979675
827.1708255099601,553.9995991352854,62.69257708216315,89.32510563111052
836.1377353275255,561.3821849014105,63.232403873433135,89.85587795892523
830.5571572261913,555.6718398007101,62.43675241534436,91.20029743814213
827.5678581814118,556.7838654297973,61.19671334396545,91.9061554268025
826.6777283900711,551.4446115936032,61.322399041741384,92.73384216650197
824.990922397166,547.4845348706716,62.564485116544,91.4282033299136
823.5760539598915,543.6365515988837,63.526549355374364,90.97756764841745
822.3640070394744,542.389060164986,65.48388269992915,89.34787080862277
834.4661387696311,556.6515746923117,63.9600646954163,90.98323830481867
831.6749233298029,554.1595081339793,63.8156398761322,91.2294154306159
829.0172318941532,550.904239656752,63.664187202197766,91.53077070115157
824.2588642233447,558.9375628876448,64.79068216865218,91.32634057976603
823.0024971283146,543.7956183276642,65.40367926126878,91.43906257559128
836.9027486374472,554.7014508749502,66.16157896305498,91.4215804074478
826.7755227994464,542.13134739602,66.88367497470286,91.36956608795661
783.1749024052408,500.3865026082083,68.29475877102536,91.55668805797535
750.0591148721647,498.3382692453945,69.39190501001453,91.90712364844289
828.1264153998495,562.0881967650766,69.65593671781183,93.30178473558098
842.0095314615742,562.6641147720567,70.11697158593914,93.64518412305013
837.4615528645521,553.5408273224807,70.25391363581852,93.5076679171913
849.8124985189062,541.1462799883856,70.59327575783469,93.91836137512158
845.1128269238525,554.4270740734971,70.34443186459623,95.23601218048833
838.0542610213363,541.2709800502747,71.43689450116821,95.065940001409
851.6298936360722,558.1201005707195,71.1709363559483,95.62205122744993
851.2646744338607,556.3537297400138,70.41285769966028,96.09324326767248
827.2593793374306,536.7479358424243,71.62515155832813,96.23077257804219
841.3321817236448,549.0121661429786,71.69970555753795,96.22208587513686
777.1711252962241,499.66616365084604,73.10696800874882,96.18187006943604
858.0850823401638,550.8949004224297,73.36533941142417,96.98887215404297
851.5634168115677,543.1800844180256,74.1559111727351,96.67494549388068
845.3139634747765,532.3285313921042,74.8966518929686,96.93407464073576
831.7812345557908,516.7731810615451,76.0059838473785,97.59784526512249
850.7804402564929,527.746637477604,76.8941514854413,97.62064080634065
840.8692288303012,514.3331368083308,77.61711664938736,98.26266646521944
775.1063417434463,490.6821649353399,80.6703005151708,96.51680846974448
760.3725370591912,496.24693725340575,82.15887423593915,95.66147278178107
765.0776480290676,500.30976216341793,80.61847462672844,98.8230082988317
843.6253358984287,545.4884223912788,80.59959938470725,100.10562407420625
839.214020110577,527.8916103203925,80.70479548771036,100.12014761809205
840.3772045363977,537.8773027485622,81.82159598357482,99.96514609079951
844.383329014261,537.6239067951384,82.95201950376959,99.6734495800682
767.0125305218359,495.2007938585095,83.8826435321755,102.28816208372216
761.3613317368097,486.5219598299606,84.53210974229246,102.79046283255352
831.3128117150935,531.8005937245143,85.75554459251588,105.40166236160373
850.2112855856687,538.483350905336,85.82872969548637,105.63476974030684
771.8835201118194,493.7949057046724,89.17906832626043,105.3140910926929
785.8367876433856,500.6870149381409,91.53801374977239,105.3368056711031
764.7886269883197,495.13511589951236,93.4130156973051,105.40643000440079
766.6670715095654,495.3755357733331,94.30679964913989,107.25753766502886
755.4801994083075,490.5243013251375,90.31408964124569,112.74271993007787
766.6825243760148,491.11731752971383,92.6206095556021,111.87409342082348
845.3516081017879,536.23910276837,92.83885270729519,111.88500371299557
839.6455936086855,530.2514149173129,94.6623695972729,111.9134716555785
793.185515008793,493.2500999461039,97.25044209731085,112.8769142449446
801.6705547464759,502.0573542267824,99.11726432040638,113.16237499687328
782.5378860840076,482.10662796414056,101.10687862331123,112.46418046392552
765.2082218639199,491.892058353954,102.62393876496844,111.99220146031755
769.7687342632532,501.6349206565787,105.23015831781105,112.21564867324665
759.9643202409837,485.08411548604494,106.93527378194513,113.0325496064366
763.8788456089344,493.4441485170405,108.46325804803627,113.14224398340455
752.6430098044215,498.8837723832144,109.3078926207289,113.85608767256085
749.6077765345007,486.78462907880146,109.97608298390264,113.63366222118856
738.9043090818062,493.54845518635517,110.39440046838298,114.15836941629632
756.1391544179688,501.44547937247916,111.71608027330112,114.26149856946732
764.5871414113182,504.2288994939241,113.81041859867238,114.02057197082841
752.8494140247382,507.79625798119656,113.94727966319276,116.01728657388718
747.1742877989224,495.2795969572831,113.79788267864363,117.02115801821414
757.2476472493809,500.22248851062034,117.95637837078765,114.77686761816491
749.4485562295254,503.2439421729232,118.62726791932903,114.48064906858893
758.6951319896573,506.2529859561924,120.05704900588432,114.84915287941149
749.814700115761,491.98250977732994,120.8309370170864,114.71964399110952
755.7880118508282,500.03683372581605,122.2704553859239,114.82958802096967
750.3299119878955,494.45798083785746,124.08121786470645,113.45910630131243
764.1991085074742,499.7409225113158,128.26593085110716,110.58167687289676
752.1264806145118,507.12077491749017,127.69744504161223,111.99514590998847
806.8408128147928,516.5114056746561,128.70867376703802,113.83827018991062
770.7853603146101,497.8749628398658,132.27393578286345,112.94403202071925
755.0621490859758,503.79652580880327,133.64149239943737,111.82056460339304
746.8312192376014,508.56422320476827,134.64821485762008,111.46935902817717
752.5779057542472,509.24099549381424,136.65360857589363,110.87150743231524
761.1947887898189,512.8198892367935,137.82663660200882,111.97449169642394
801.9135707328109,519.9832642540082,139.55985434722928,114.15669375863922
779.6835044768286,521.540487404023,142.62808073503177,115.84113441899012
755.0652615531371,504.0659901902336,143.2946695582737,116.33099698181564
760.4043961724722,510.77071099294335,145.8767435566553,116.22579094330837
744.727087395257,513.4691399908935,145.27027590459565,117.14165227073812
794.0604679787606,520.881729407121,146.50298543817956,117.83969482628815
746.5648327297274,519.2599272110779,147.8227919840243,118.58608169631538
746.4040014595928,504.34720669029144,147.82442850148357,119.32304851255897
743.8191291415685,510.4049600070298,148.18192580417784,119.17411326170965
740.5964658582479,513.5268275541185,148.97866465786058,118.5635378170119
754.0833332211745,506.40164486428125,153.30700140724153,116.15139461331133
738.7757248123555,516.0442221076971,153.06752271766194,116.41524789247177
736.2517092860988,498.12870152641756,152.7177804612483,116.68516774136835
752.1906622997567,513.128961836435,153.3279295847113,116.47176024705786
760.5923681328376,519.970344736033,156.06505022504206,116.37234515886871
768.8257244397214,526.9170234753936,157.35479386345742,117.4604100180675
751.1515160581868,514.7999684897895,155.330858823314,121.18624208489389
745.1369243815597,506.7997340672887,155.94483192014377,120.05055710423676
755.0564352184533,520.3722569033696,157.73334774031707,120.00270107437062
744.607595312383,523.4828651996202,156.20443782841167,121.99675366712982
735.8200118124137,527.4488046121674,155.6535578421854,123.36905606673757
745.8772333796431,528.7625981292274,155.69514119372906,125.56389267759783
734.843224748303,510.18052468986286,155.47810472449265,126.15051978963497
734.787867999994,499.0838590427095,155.4597780674391,125.56276021885603
743.09892045049,516.2274586504687,158.33223747835677,125.51620411667531
738.5258027195786,507.6815778643021,159.74386998923,124.2555336947598
754.757791848329,517.4597907845783,160.15693450744013,124.69055262538292
737.2339288945207,511.98842205311314,157.93030300052442,125.10026656369992
750.9412594765097,522.8741341179721,159.87433638270588,124.88416349784909
741.7401581828705,527.1962423294794,159.8168159184849,125.76448895080128
738.7552433311109,515.0281956330025,160.98281830940846,124.69178107980616
751.4609896656384,523.7188490079596,163.6011947733201,123.90704877693935
747.0080367471612,515.5806318191776,166.0455715138434,123.04370189780633
743.5644760444081,525.3234937297922,166.45512264056487,123.4575735119014
743.9654005144696,512.288877401948,168.62743096853785,122.24908538526185
753.2380203288296,525.8559619216854,170.06837647410106,122.09009664769934
741.4248893382286,517.7220998067761,165.82708774460775,124.77562742972033
749.0728438181646,522.4929896155978,167.22734278068472,123.97844792346481
742.3610372383706,515.0352366520432,166.85699055568952,124.82341482386465
733.7942183355859,523.9788542558122,161.1268909647117,127.41764689549484
734.4409858195736,516.1532763963494,161.60891920632704,126.24399686646939
738.702894598837,526.4936651414926,160.8290437135364,125.74134491221125
735.9152235029278,514.3437785132573,161.39697248211814,124.94391009526512
730.7292604469468,502.9149335073103,160.6297373785958,124.94762502386845
737.9130437071497,522.6046611894586,158.24882795101493,127.77582058016593
748.8348059234753,527.7890021433229,160.70739414750264,127.30685987285423
739.90692748279,515.3293005665096,160.87615280444567,126.66142416374824
748.730911361537,525.4848626066105,163.2242880595988,125.4089569843785
739.6883152369055,515.1813655186036,162.3939745916199,126.60352042245344
749.9933607267892,522.6645511051012,164.74473533920838,125.734808867635
747.0065151766439,509.66423127972126,165.27292249458617,125.32233993233021
737.5369839032063,523.6393738319586,164.57285357302223,125.39102149200934
738.1562766815097,511.62954796499446,164.4426095097461,125.01827076932483
759.8575216782598,520.0710489401338,167.88893933446974,122.9723860961282
745.0258168611491,525.1006564201392,166.8292455228819,123.86164465954127
755.8562154448852,530.8506818379141,169.55937513828158,124.36738828185388
746.3218211699811,520.3658064988464,169.81268435324307,124.01261244889082
760.7379869562774,528.5391967603226,167.8700345955396,125.70757396355523
802.4981508991348,526.7136367041345,171.54097876163138,128.54394772982943
792.1921780588647,515.4073883713271,174.75437443327763,127.41659006294296
803.6125296196116,523.5725798636528,168.38264340584368,129.21491246814222
823.1210478648538,518.0141085193536,169.311435741577,127.46260136374835
851.2133547094797,513.9235504932569,168.77987915893726,126.23955083992954
870.0358602580302,524.8775441677985,167.16373397863453,126.59498489166535
938.220067433183,512.4964943701328,162.31823887775488,133.20609718227237
950.876189475716,519.5429625552017,161.16988796120043,135.73330188758678
922.4519752418063,514.0204449009431,165.0805190982187,133.71824997766814
911.4922183780501,521.9759572632485,155.45085398668795,137.13706350166575
933.688639833572,512.5384337521907,162.46067712834616,133.27736647461498
944.4196019213953,520.3815437765461,166.1222352297401,132.38789425430764
947.0074455368823,517.6458745381702,167.0242172997844,130.90726444123544
938.9472030802981,514.0312451436889,165.2484366063906,131.52596125915386
952.8378392663166,519.5468682854787,166.4177643458149,130.9038344118527
945.2761607002618,520.257343242344,160.20216521114008,132.40179018965284
953.6121093661359,515.7674648954534,161.92267104701978,130.3778288431954
941.7839181568663,523.4151750410593,156.35448433650706,131.02279809224072
952.7030186697369,517.1305677858759,161.974990638719,126.53934171909974
935.6150701751927,525.1236419035826,147.00280536524926,132.50885745768974
937.7522542202446,524.038422578771,147.3354658659581,129.46553886678606
934.1716876548146,527.3101076071207,141.64231739174616,128.1660870084902
941.6932293803432,521.0981302371083,144.9699281355819,127.10939008641887
943.5754342803189,527.2009942898461,144.67869941091664,126.71046503198816
950.1264892667259,523.5734309571022,148.9868114608766,126.25780528079662
937.8952212788932,528.2981043369315,149.01001554443943,126.44084240798665
942.4080321750752,525.3668288344336,149.7595158169333,124.37501763853354
930.2636850169956,519.6247417335679,153.03997164013174,121.86435544606348
934.9131537646983,530.7994006635485,152.28840974593857,121.42680647245918
936.9292950963697,523.8627292466804,154.8004890022858,121.39859057538095
930.0799021003218,531.635171799372,148.87056263714925,124.44720907275857
936.2101414705139,529.1656430048691,148.65277236919053,124.52465579248124
937.2202662397672,525.064447857296,153.50327349210158,121.66618761241764
926.4144280428949,531.1970521449923,150.28074362916215,124.18386725524519
942.7006966392171,525.2212664648412,154.72850315105063,121.81320911616501
929.0014803031569,531.4173455316671,147.05592980749086,126.66935654985741
938.9693724464012,526.9412224864525,147.99461573798763,126.55335974374387
941.0734702677396,533.084448698705,150.8278260573224,127.51435839304307
931.2952395594938,528.5082196567729,148.58119101909122,127.75829356655757
942.208045537432,525.2841547141144,149.48845594578933,126.72781770867323
933.9284001152071,530.2818476904425,147.9820998885707,126.75854294564932
922.8066295110256,526.9182468726374,144.66301803291944,126.85578136497341
931.4678917861713,533.2141924485807,142.45713547970462,127.16520983452475
924.0480226509248,534.5443722672486,144.3314821581188,126.32020805235263
934.7293588247713,539.6371613939281,147.47644316598272,126.1131291769825
930.8310870797993,529.0830144824865,148.7877664895891,126.74208722162956
930.6745173158585,538.9727571390924,146.1823817016249,129.54093442867764
943.4762991770756,528.0417914099802,152.68205076811375,129.10228297859797
950.3438508671742,532.8947603591957,158.1767314126781,127.16459080695711
935.1095713109802,529.3952514052653,153.0765683631841,132.0054668250345
939.7948943557669,535.530480559266,155.69259770594476,130.75341611164058
991.308143507264,539.3047809596018,162.52858763479247,134.32360993922404
957.9999333427512,525.3943971474738,171.11825363713686,134.00657842717538
1013.8681340868206,536.4147298350551,171.60618546819535,138.32635184014515
989.3109887383928,539.7927879217356,180.794083798466,141.24702215589718
953.5542955651778,527.4426505210885,181.30548343808564,142.32226614123388
955.0454173963017,524.9476426143599,182.82769675552038,139.36654757486758
943.7339500996113,530.9637610732672,181.00913905911509,139.26518280833326
949.3595323281222,527.8953845013765,183.20710743024887,134.86715820871
954.6626931535395,524.9286282182229,186.27068691731438,133.94293313169288
955.4677469522329,529.3744066051117,182.5377200677769,135.96469158734865
957.8143353432554,525.2883481908372,188.42905131851066,136.06933429497084
961.4863334698078,536.4276644898641,189.5161803134599,137.12026053394695
951.6329972874921,528.9576065991733,185.28718805703647,136.7515263110998
944.7889421571668,521.0689359874592,184.47813451639257,135.25691968789238
955.4813460106525,534.3538278404437,181.34924890860918,136.6808706321561
944.1825905472714,526.0605822738913,179.91969563448606,137.0176955828765
952.3552107279346,535.3669337447129,178.40721953230178,136.94523086506823
962.5981882342666,528.1886312347094,181.92700139726804,135.80699104373912
951.9036858347831,535.0854791955521,177.4859151023353,137.34282481147676
951.5168069214657,527.0485208741856,179.19903034889302,135.8333591529767
968.605905824241,536.7652405351746,182.61559044400852,135.52762025278497
955.9746188277301,528.6944925828964,181.081294715964,135.44957597074125
967.4401010770554,536.7161551429056,182.28699002037388,136.0849590874365
958.9636850027529,529.0273129760174,181.85799265677423,136.0730160859881
975.4192736329613,538.4408551593173,182.7639295578168,137.9796986684298
980.9651482488413,533.2235386622541,180.89017319786154,137.01281001869853
965.3693914887303,527.9517606189804,180.63103989225147,136.0169366640116
976.2303478177723,544.1303456109389,184.31126102222845,136.7533858168867
960.1017823199862,535.1315577426094,179.7695311834138,139.27430457738126
970.2614707894849,543.9814936976078,177.4487139970295,140.10267377305283
988.0398657262945,545.271067882892,181.63015613101936,140.07760049721193
995.3328529254043,537.643436918775,192.00513607730082,139.56279577253187
979.1377897234083,546.3359078787685,189.15241869649572,141.14785060785528
968.0442827553345,537.7874341282823,185.83059132896585,142.65154304231012
973.9038963762525,546.5000004862733,184.89493807278674,142.83086284641985
985.4599937868018,538.6635804846092,189.66114716987147,141.2724002039982
975.8447275682955,543.3558223081342,187.35425485562723,140.72712122396848
988.7708770834671,549.3950877491127,192.54892878897522,140.305401695115
975.3387642818947,539.9156765566759,188.85295169108377,142.2233039287593
981.5125716017479,549.0855544292817,187.46920500993866,144.56246501318077
1003.2334996361692,536.2672622216064,194.29050644358546,144.98899607410854
985.9575201837455,546.9765779640915,194.82158680214542,145.06526213491526
995.932519029627,538.3949021364957,193.68214386122548,144.01674330156422
983.2897789416381,533.6960193053471,193.2090034264719,143.70253686674607
974.533359500517,525.5269367263675,192.91789018707505,143.57449499458423
993.6464986830474,547.2248650753994,190.82552549590037,147.24735017953063
981.9048416026222,534.4988889483853,190.5672962922616,147.0968694221546
1042.876379887938,551.5998173381473,194.5816566402379,147.55840122670173
984.7319136284826,542.3266099445943,192.18332127745654,147.94202289199103
976.8546076195037,551.3952680257081,191.23595867417308,148.8948025945148
1007.525731636301,541.4796142308097,191.54753039854248,149.32288778750768
999.711233578766,547.8122885493808,192.77971682850682,148.59806426922003
996.566000548963,537.8237447721611,196.2787246694977,146.53134586640408
984.0366028968297,550.9314609429966,198.0536556579114,145.44278285926723
987.8994374838499,543.984707533081,194.1889742014746,145.71461028744037
974.7613371534409,549.8492104623031,192.7034978744312,147.14244363611803
963.8130848651524,541.5205044184555,192.2738761753749,146.9060051030191
941.9687535590467,549.0413907952216,190.05175166935982,148.7763280105558
921.9218477657839,541.7772350623887,187.33362173379876,149.64598643810274
894.117890360204,550.6979781380493,193.04466952536583,146.80726192776348
842.7498142727131,555.6857958579145,183.51709056926975,150.83810940879675
804.6686336749034,559.7866428948713,183.5691828059221,152.5392722557086
780.019698874014,545.3749299677206,183.5384547562166,153.53902977607862
742.9365248614477,553.3843718017456,182.41002643257832,156.47422959651377
720.9248884984677,552.4799289609509,184.08245320413593,156.93294642533147
700.4405317861759,543.9199116746746,181.7019718747681,156.57634300687656
708.5692724625103,555.3599765497065,189.60428119661924,154.17828896178605
677.4180676755409,565.1865695300418,196.8978153813491,154.96080194061548
641.8739311327686,566.5960095580572,202.5364684518355,155.00744655989786
643.5777847626666,549.2231829867651,205.31887846672106,154.4599809787317
667.573993994593,558.5575583584628,210.7608263623888,155.4635973733271
638.7534568654054,548.0710058299737,219.12164418205475,149.60783211593187
613.2336221225308,560.6061494087899,210.66853504915494,159.21568715328203
624.3722621696857,548.0060244280708,221.25803203968746,154.51590493913227
600.3893296632513,561.5550465320176,213.66744259191776,163.76158994572143
614.2894282754638,547.9983427399801,212.82679304015468,163.6575695684657
602.9552432458547,554.5419809590813,205.1669297549518,167.80235160809684
598.8319037613119,540.064902252086,203.5407594708431,167.90257096779874
609.506256526227,545.3038559188303,199.50268495492406,171.50106049804313
599.4720575228388,549.5624522769109,198.8083710326842,172.41620594541118
589.575073671017,554.4823239219222,189.89750081993955,178.0889618167185
594.4362935162651,534.7964212496947,190.84209697639528,177.92201307234558
612.8365841657705,540.9892774469556,194.7118118639268,176.6144859372256
607.7841402281003,531.1054674776689,196.7901870211994,173.76007868071494
601.2469444880577,538.5708351267531,197.33874537233228,172.7409641823341
613.5565988814919,540.510442394128,206.4830966308566,168.9541065702928
604.0329894568681,529.8526231597817,202.28827959925397,169.7127414081549
620.4830428550429,538.6780647173084,210.73307344552646,166.91737584380303
610.8967920927395,528.8797423417319,210.284288843834,164.4699403353096
603.1757592062678,538.1043992319362,211.04340009668982,164.24948555359822
602.7170512675709,522.1015193778237,213.67752129052633,161.88267828045278
598.4884417424714,541.7171886649137,214.53351109384766,161.64865704648315
598.6747328971821,523.9927655310775,215.41998127620823,160.15618205920694
601.2061540716605,540.4962439743688,211.7416831401092,164.02848818542358
620.2659356222252,530.5316805916095,216.5880638635951,159.1459774992616
625.6480840943614,538.1344055537326,219.1571005733472,158.32983316720512
632.5720210613704,539.4304428481583,222.28773861537763,160.31829596236065
619.3950803041812,523.71312209846,227.7227183833021,158.46053511992469
623.8792859201006,533.8595724218201,228.38390982992817,159.6444239500103
604.8156384069116,544.097058758858,226.83762116735016,162.0927621844533
615.3547271027553,531.496286153327,225.10692946046316,162.47400756778248
604.6259033186517,524.844041959107,223.62110549039895,163.24603126556286
623.680429803665,539.495109401785,222.95479411319496,164.39479653202332
619.3147657968833,522.6414911520326,224.44292954064866,163.8426675303044
629.5038710336889,539.411589261701,223.42667511796114,165.90924994712492
612.1183863848262,528.9336546086606,224.87632516069073,165.47732110620595
601.5311357314299,549.4231861945008,221.03604687084413,167.96444354785723
621.182427572551,537.0757197972025,225.45065807603322,166.72617890727716
609.4857601668825,529.9227790363747,223.72070602618214,167.62543817254863
596.3348390561678,549.7644317161653,217.5775298944107,172.48394467430376
589.7883124978971,531.9805618362982,217.15476335199034,171.03331312808646
610.6409003960595,542.830066467721,223.6388867771252,168.40874328460086
608.6944534539302,531.3337979140128,224.09820268173772,167.78400519924
616.6910738553237,546.8792993554252,225.26453171536673,168.01913860874436
596.9254021700342,535.721934374107,226.5864662909493,167.59474220742396
602.4595637873865,550.1705768818379,221.63138458837705,169.7964830889548
610.6509519133922,555.4489314516052,223.50934112198377,170.45783338956142
595.4916411594803,538.2244989781069,223.2936127393732,170.5967439755308
605.3355826249986,556.0639634203917,226.43263130712285,170.14822236411928
591.224627318196,544.398204529678,225.62995222273915,172.1542522862474
595.8024962482259,561.4622758200435,217.43951101538883,180.33990689532231
592.1775667755155,541.6409366166114,219.61354060702723,178.23804645811285
584.914667171056,539.7185841844371,217.39505151426016,178.3585377063476
595.6434858643926,559.9977809512471,217.45461804302457,180.61819434872
577.0003816534343,573.5769783828991,207.86172996736033,189.71091433199035
592.5294903596813,562.336881619325,202.6445794530502,191.50172869186298
616.8550857225507,545.0764774031652,209.62598006268755,188.15205599582657
593.926277520065,566.8736871918833,205.60033907779996,193.01027741657782
598.5719865331596,566.4732503695147,204.71888806838683,193.8141559250097
586.715222895284,550.9661778128325,203.5573966600095,194.22567973417557
606.4254587352731,569.2101262044553,197.54380266744906,199.9942902277072
589.3006605897606,575.3487936347811,187.26608724870323,206.01041213311152
588.9964016210621,566.2572521416602,184.24445185062345,208.95251493984512
604.0420041424607,571.3759877423204,184.75438930939265,211.08158825645728
594.3774075932106,563.876564090814,188.15212513757703,205.0364696652855
593.2869699811466,539.0153024785802,191.0291692558557,201.16290268592263
583.5759243558059,565.1971527827421,191.55009062782253,201.55143310003157
597.5091732148329,578.0691737654716,191.89577065450325,203.6511311936204
596.3041197679489,560.7152130646741,196.27388468792614,199.31542131793395
583.8024601473612,580.5448228471704,194.7538369460497,202.2215081833752
600.1568350265734,582.6187997434633,195.01179311394543,203.72091324699556
585.8462549052301,580.4546914225201,195.42707966902432,202.6265820885198
587.1168132418138,573.44074127283,191.09243104769575,205.3607415627445
587.241870252479,580.4511095577368,191.89389007336888,205.24246730974988
589.8711700080707,560.8647855892967,194.592404032683,201.52522334069457
583.8545558632707,584.0304629422988,192.05758887871878,204.33939337385019
598.7660747546882,588.5996640849633,191.06129261655647,206.53844819563747
590.3870929022331,569.797122175591,193.5090739682384,203.21330644847993
601.7243126260821,583.9295530244447,195.4608979057873,203.06279031254968
592.2038362713602,555.3812647180421,198.06678647393312,200.51314517520495
574.3113882766465,582.1366855980805,199.02860265177398,200.2427457630702
590.8835647468835,587.5571971274837,199.18320398952824,199.87091967633353
575.299582709531,594.1165763813344,194.25104783779355,203.7902352914323
607.1145969273998,570.188319331314,198.51019531765772,201.51354233738226
582.2154594411675,562.98186428912,198.34098850747776,200.34210049640149
574.699056932039,583.6011838393633,199.18603069023797,200.07186871111372
571.0839597260581,586.7750380872179,199.00396270901686,200.49753433979382
587.0976459048067,592.274317210731,200.40886126530773,200.66163408796774
717.6325157958486,537.4006299337565,201.728307410556,199.69296301772786
576.8035386319566,583.2720339112343,202.23480035723503,200.52941146071805
555.8921132566863,571.4577122022554,202.04650591756243,200.1335377762704
569.4137426334042,595.6826503791408,201.83323582467816,201.26760794283376
570.7096245787267,581.6643005848723,201.64049511543521,200.8888931069182
560.6867336991011,588.360903174629,202.2562974674589,201.53062313997413
563.1684700489943,570.5320683861823,204.90714475633732,197.13393162046077
550.5724611403086,596.5866523864858,202.1970983752193,199.91785305058866
566.2956470843216,600.7918322967762,202.99815676088184,201.11196666322354
539.7439349247217,606.6503129426151,200.86085804244635,202.28905722207594
563.401184574775,590.8610249396863,201.31587806167767,201.7775451866717
549.3911306490118,596.1426683769074,202.82677309706605,201.02737537925776
541.4849083211336,601.7079863602404,203.39853935634554,201.1514828746431
568.1591807588743,582.4059721447186,207.37229745285254,198.46053802437277
534.2418685221279,605.4629522484033,201.88622811407419,201.39526028033373
532.9589031281901,618.3114225600941,198.74065594618423,203.53060161676524
546.328740578954,619.9863439412462,196.15550536032436,207.78852605173128
525.190244370294,625.9901907195541,196.57322794625415,209.01861951632395
548.2359085164736,597.7814892677618,198.26071456760164,208.85313203200653
522.5987711064047,615.0440900490343,193.4518752627099,213.04305681046972
541.3041082461635,614.1217404664621,194.06323300706558,214.450158791443
524.9701281909777,625.2420808179537,190.22128996068452,216.10599719542282
675.5317293965297,553.3421542147863,194.57618046984715,213.43485071766662
580.4855390898346,589.8596837347981,199.43126757648477,212.25395038733183
538.4937245022484,609.1541634049066,204.94556414160832,211.86998453950304
547.8349456166524,615.7139274407928,212.75317858052463,211.0973519041541
528.3658951400633,589.6127826672919,213.27177090899426,210.2074231576268
543.0412622721915,613.2004379098476,218.1890038370937,210.34447056385457
514.9262760850589,598.1919934727015,216.59177498368905,210.81006883212177
537.0672067217263,578.0532243503404,220.19456213598482,209.11808712198916
507.5711529134619,613.3485953723431,216.71582554258276,212.4726859684106
487.85707573948986,629.6464785249063,215.9372990577666,215.70759850365073
509.0450572502951,609.504296308934,215.9459374440172,217.54235947868156
483.3146822670425,621.2051261970205,214.12329524559533,221.61720888929494
469.4952165165009,633.1809367810737,213.54997070968477,222.90031915133895
501.1079285182905,608.5296185585911,214.77576078094592,221.89765957822516
484.0072469762518,628.5674663698849,215.43702108820628,222.3932477544747
496.4339562409681,643.1662157781545,210.3725325505157,228.05967947100018
512.5838573913074,648.4052967919112,213.80342006928188,230.04682520774924
486.80898783227013,619.2055483771509,214.38543039211064,229.45066649595876
525.7316022660257,592.1122896700078,219.9387365533745,225.89962071783205
510.33889287437296,614.1834245463899,222.8426459934132,224.9043869074895
592.6114191536566,588.1956375010582,229.0630492500864,222.87036599981593
572.667724008156,614.8793275316269,235.498477429687,222.3084984131154
484.40493847285404,633.4800646095514,235.47510949291177,223.79410229975156
604.2566673964329,593.8816439113972,237.21170852662522,227.11450758615496
557.0597092971218,606.6698915871712,243.63404178312598,225.11124921074313
611.7025945229966,584.2668695973163,239.70759292902937,225.5784419624214
524.7354386566018,618.0503390684839,244.84499871021117,225.92566480250258
571.0206537090553,588.679732014657,247.64019777511692,228.31052175993207
578.658138240454,575.1766795601588,248.15513769075295,225.04167576199453
567.4877326850014,598.0487961402603,253.93816317300528,226.4569989741376
553.8517889522393,611.6093020358064,255.93705507713202,227.75442088307116
522.0593894393718,625.9891454169933,262.72693780656545,229.63195613312325
495.89336713600306,595.7992331557107,264.3947474328635,230.03510305214542
467.28535270148654,622.0549992513515,266.1103475180257,232.70420928509907
460.368775979755,647.3426373566526,270.74533452354257,241.1184406817923
428.48785727642337,608.0804133859733,265.91452080997465,246.26971058734597
526.514011190676,588.13353179235,280.6399994845534,246.83003238212137
451.43194469619925,627.1872334856394,280.0015469984962,249.7230909712822
433.18310093533137,579.5399796325027,277.6540831835919,252.46125598813066
407.5453101337106,619.1629413029427,273.42028521220783,256.75978376584305
426.0793518619576,641.8796490473962,267.1724667853715,266.7543309947979
416.1635250965373,623.5845098205742,255.96320838436773,274.8981001127394
451.30316096876896,598.1940930764454,252.06261365523426,278.37370193763144
427.93411389407015,623.0070384487394,249.77232024600625,282.5500334166651
465.7753074805403,584.5354935432528,254.0478470362175,278.9463446144861
441.7748853156288,608.5533717151078,253.12165006440438,282.85378815332933
498.417538494493,575.9013820295429,258.97399477911694,280.9605566074953
582.5502217638968,543.8719116874196,261.9068048921594,277.977859201078
471.7330803402633,589.712285203135,263.87401209236344,277.98057430734866
443.61457916940077,570.5474394369273,262.92082999720026,278.7340140808751
472.55436187557035,596.6126301386139,272.207724455012,276.4160499594621
434.5803844126618,582.2789711754924,268.6399245161814,278.44304434810675
462.50502140457843,611.057150960685,265.5219822975859,289.1742023399925
446.41164254021675,568.4319661650671,265.71370998752275,286.864436888435
450.8692583645808,613.3367549563817,268.2496636856161,294.07723172678067
466.34278542518666,591.8458083337282,272.8646235215038,297.2991970526755
462.37838439731985,615.254577293892,277.2367605469184,306.58339107017275
442.01166292844414,589.6694918293881,272.8362787620468,308.2313102743729
429.5774867284203,623.7883570188653,262.03372339209943,324.09537849116157
424.9044098212207,637.2846449198626,246.88828652225516,335.08727395025005
450.7009269233895,598.5975301826932,253.02662431995964,331.882798845961
479.2536914997076,573.762679561036,269.927079871415,314.95030763114136
442.68620913312367,607.2256797278869,266.86824900457793,320.868954584315
437.7607789505549,623.4636820878109,268.07469690456367,324.7521092292144
443.3361140963815,603.2109135400021,268.6051032349206,324.1456522897736
451.214414665077,609.1832079643124,274.31629443800597,327.77462109801627
462.65961145184707,579.3037883265662,290.649033212174,320.7667697911229
429.589797449752,618.0987655425168,283.0475141729188,331.8270836029323
442.2894899685186,610.0039112110373,277.99330529968313,335.16629819580555
430.30539210576114,626.385203827276,269.09863252211017,343.93409372175097
416.04945805888883,616.6427125490193,261.22861167311015,347.71308065090403
423.2935610918827,636.8752279072369,255.76217656930686,356.25384127979333
443.2232044666908,594.4320316836718,266.1832036829377,350.24101484474176
453.73328723916745,608.4090925476703,279.32408192678605,348.53778007577733
414.2539498951607,622.1061083672231,275.6210840880673,358.17306965667535
428.0722083293971,607.2208280062451,279.4636619332576,358.3823438719428
401.87134341406215,624.7459387594131,274.2011193956405,368.74614898660076
422.501412970488,614.1138181396236,266.04781397092734,375.5979358498881
401.8850441613033,631.8854665485126,254.8604802859022,379.77187971474973
427.85661856168315,605.2725837398793,261.1010776685375,376.92447225749675
398.58257451711904,616.960808274938,264.4366047121057,375.63794869963675
422.3866582985205,606.6658021161256,267.65758449655027,369.5140604831308
398.724083516771,625.6392613432746,268.0474603923355,375.4568003940653
402.98616992730723,639.0686130648284,261.6260460529837,383.50651886815604
391.30100958997525,654.6712006096908,247.3352563962373,396.63527680189986
403.5090480835914,623.9843042834858,253.01818438071555,395.8266739891217
393.2589641033113,649.8764607930957,245.11208298486548,404.202707057608
418.6492799521403,651.41074226066,247.9117661845026,406.38441574222566
392.544668202507,634.7714441885257,247.84376178132527,411.2726702680369
372.3525710731088,664.1909537771118,253.18482563998774,408.9106263330677
394.7499992301597,668.1178975762228,248.14241486595643,418.37269489015193
395.56524546578976,673.7118801502228,251.10545407420616,420.35097417048024
375.88759692875135,698.7038521878183,250.88795020123024,416.8202644286856
383.6320861880258,684.609137634804,254.68273000656492,405.6455791685099
370.0562323074354,702.4253827500747,253.11577878531733,402.30782548559466
383.6693895134194,744.390914152498,253.0212768854459,391.447506804244
362.5948215349398,713.8622127037186,248.33874481803247,387.1700784656464
379.2556866236022,761.3383398469007,247.73377796455708,368.26444582990314
357.7235657915731,753.4974166131769,250.97892644032393,349.79403351615827
377.9115377398339,776.55415151345,244.8798718551977,338.2017515052387
394.6639162725801,764.1454184296449,242.9333298725503,326.7539310758862
387.1224089327754,794.0425823768414,233.68386002368894,319.786496678817
394.79732865405146,786.4764557510753,223.86927719714387,313.7213099608531
404.44947380438134,778.9692684435499,228.05592504065254,301.0701959138005
404.1961016894625,750.3599278862832,220.2062128768206,308.9350483548068
400.1262086326489,748.1445077909341,221.29218606832384,309.80337068476297
399.60637044809795,781.5967346599338,219.71459151600627,303.7309006015955
393.7942429215816,686.6045936184773,229.78899432015646,300.07876501293816
391.77192441714584,706.2275146144739,228.96496225863416,294.67055419416886
395.5691388591192,697.0359705443159,225.05229097353134,287.69920516948514
396.1052648936843,685.9893231655356,226.25392917861205,280.49344749472914
389.8352235239762,702.0883847911869,220.38119903724467,271.8457761213252
390.86546007196245,697.2275094411972,216.34115041159828,261.90965997327015
397.9774040617149,712.7813037776424,210.60024709574333,250.5038739935369
401.05920507874066,712.7663920189173,202.99704976883817,240.21544481165876
398.8937236439125,710.7956823454613,197.0767242726823,229.5608881580795
410.2907582807492,720.4681571358385,191.73993976037337,218.08011208329765
408.6937931412431,718.2350951289299,186.36118607410583,204.31356738266012
414.40567058901365,722.4694741133314,185.69821271613174,192.85647315414573
419.497687313244,728.0935546211372,183.46716709394866,183.95575014620007
415.1321639803041,727.8273327184511,179.44042366887462,173.86825718873
421.81457829191066,733.9472941871459,171.66043493544487,168.05456763112022
422.5224036536405,732.1484199000282,177.22668103298696,161.48961763858205
423.6461583701114,735.678689580125,169.57449371302417,158.39198863786788
425.8022381184304,736.305883841949,167.04716754836483,153.64122009154323
430.7272696524997,738.4561916147063,164.73126183145342,150.81517414835832
433.04111401570447,737.5346499125457,172.30770688206826,145.5192962142394
426.503734814072,742.4523044699934,176.53802885843854,144.78692944924296
423.13201674271806,748.1701168049805,177.25833476687333,144.2361276405579
423.16677268952645,750.630704651751,171.4359662825476,145.75262764194505
426.3931383496226,749.618543324575,173.0009282198231,143.70165225300792
422.5579890002512,754.0883531722237,170.098149649761,143.72921651501403
430.628599589325,754.9854339910046,166.48330119735726,145.14849375314645
428.7403676808644,752.4679514520005,172.44546588332344,143.50411919095467
477.27992847379016,724.7659611956848,179.6883111671011,147.1932646392226
623.4105323945599,635.6220254422725,171.95806324198546,148.81898271789538
641.009779376954,627.0180730645643,162.53993686911363,149.34105121529626
652.2235801287015,636.8438575126297,148.2919876372547,152.60501585918817
646.9352753258593,629.4783441851914,139.88795971521006,150.83027740193882
662.4866551115567,640.417941471186,130.52788379378228,144.10332249363017
661.8099651190395,644.9642536699457,119.73845592073984,142.0368779757115
666.9775052595481,647.216180558507,112.78580345823903,135.93140184379473
676.4437191277663,659.0623166180821,106.7534536709562,124.08652997012703
675.5710199097629,660.1708431022756,96.52160888288728,116.30820948097985
680.7625752755928,668.2646657523486,89.26693530441558,108.27446551876575
683.0238532855133,671.8844613038469,81.36869194858085,103.80639032092662
687.0256232463739,676.4486626377236,74.52008825577585,98.01627167863485
692.524412292978,682.4772273442073,64.5507254435998,94.29541378842123
693.9941304986489,684.8138881527944,58.00116622690708,88.98345225027978
700.3980357932603,690.6161520939695,48.4776105671002,84.9814843867835
701.2999235552243,695.5001441561238,45.20454687650814,79.84106871355038
704.6292887342817,699.3869095047417,41.53476652398081,81.11405492865559
705.8377316178533,704.1340189521497,40.846342757427095,80.87826397192445
707.2160967944458,705.5992285725101,42.19907367218241,79.14382245914072
707.9176475790915,708.718040818557,42.248658321390295,79.09152376074354
709.3770531185401,710.6260662691493,42.0998981864395,84.32566190404856
709.0604688668856,711.9653805636426,42.37221254480282,83.9634279547493
708.4737132308893,713.8858283156834,42.77105435611529,82.94347374090462
710.7100307141394,715.6315320210422,41.48825822484295,81.00308050460137
711.8350220462903,713.8788879055755,39.45780426197062,85.61961795316282
711.6380654802645,715.5950289733156,40.044270140236726,86.97753031736676
711.6652398932727,717.6052984499574,41.07931859333661,85.13309365454973
711.1140819655327,719.7172563835832,41.50380302813062,85.92435759831062
711.1241581579196,720.1241487175932,41.78663816949121,84.80482274889229
709.7719656776341,723.1536248015367,43.062842908357375,83.98911261633704
711.4420026009642,723.2891300327856,41.97036243908736,84.94592587810402
710.9312652209559,725.0554742982365,43.18623578813985,85.98132803917105
710.0890157808806,726.8544901354155,43.920497292621086,88.43988558958199
710.3398047682106,727.140548929184,43.913256607733715,91.56110276140907
709.725361468833,726.929592733581,44.638682942658875,94.91426254060022
708.6720475604678,732.6420208928204,47.085279652366864,96.02749758814876
709.8231377925106,730.3120031534544,46.286760564221396,97.03904342890702
710.1909097133394,733.0068859531463,45.92943376822231,105.07406779865707
710.6920838855644,737.0955786065481,45.54452868070134,102.67874249884892
710.5068889572726,735.7569701188265,46.448884106134265,102.57086321904897
710.9873609523213,739.2762610738814,46.67812135726639,106.29919695695564
713.3214331374353,744.6690703417626,46.29244504885135,100.251787562961
710.3798826999338,746.0583139008071,48.1269417070055,94.23991259854306
713.5592819843421,748.3799337822712,44.81055682292981,96.43372517526505
713.7157008727415,750.0130572892905,45.42199531552471,93.22554835492875
714.4021111850583,750.7916857514507,43.970646196279,91.24326205554826
714.3406901378421,751.0796310116885,44.0921606613321,92.32168571686684
714.5957948828468,752.5356040788072,43.99122097439353,88.71502705945338
713.9788760255626,752.5450122293017,44.605103241490056,89.71044809886558
714.3192149125684,752.8242267951048,44.211580114882295,90.48234586466238
714.2615476367052,750.6854910322675,43.80502274858095,91.45264990037683
715.0080799130118,753.4682592502642,46.0635058942231,93.34587356241092
712.9549437301359,752.0587221954476,47.120746467112575,93.88436504083819
714.4189865176347,751.6028168095771,45.36057974341546,92.78967347493143
714.9078161912458,752.8548590319247,44.889872053772145,93.05932088494606
714.5233279549703,750.0064137595095,45.762115806403465,94.87686473248561
715.9393511965242,751.2096911102951,44.86005639611224,92.53746471970743
712.9873881746342,748.7576600808858,46.56147944874703,91.70805500181011
714.3803638185622,746.7746337476616,46.00904807859721,91.61518502842918
715.5865281222054,745.1525900336213,44.62569352534628,92.3683729311258
713.4446082490929,744.6813202740439,44.98325552748926,89.90686852854307
713.0508693691903,740.7934109323049,44.686364777461776,86.58768085555411
714.1335009013355,741.1556912651489,42.43817121796671,89.02327614066067
