547.5,389.5,62,166
549.1016230681627,393.211648731863,64.1079060702163,161.2106766885622
547.7737533175183,391.3887167702127,63.73687027378798,159.5075189405788
551.2798881767001,395.70760756686093,64.26102721084203,156.60777900565515
545.9741719536136,391.80198359773425,65.34927019548878,155.28191235822123
549.1463717508913,399.6984456147316,68.49016999443562,151.5240455252774
544.7667822441165,395.2807900839281,67.18658391190928,151.2194902907453
549.4160998950088,401.02613685066297,67.41385712171962,149.11187799267697
543.9024635074943,395.8254222081704,66.96124940667913,149.50067394727512
547.6818360665479,404.8934666340842,67.60177079306376,148.01695410122048
545.0779450997397,399.7543298677967,65.6297718323918,150.5316441959909
549.0583311433617,405.62233364761994,65.17603077408789,150.56694681008022
540.6500625096605,399.3974951046212,66.38475937707946,148.92079066004885
545.1759398274756,408.5777135197981,68.69667969409655,147.95446210597208
540.0302945752421,399.4941250903493,68.55765903578931,148.79001564103194
545.2691018351173,402.09626099114837,67.37015993997869,149.87519763986126
541.8418502750623,394.78813372256354,67.50451003767462,151.36992600781647
547.838205746225,396.5395096086115,67.07710058987186,153.3733913823326
553.1670871457992,391.923397145252,66.78158246249566,155.82712162280637
557.4249088078718,396.9015730523711,68.74987892715296,153.42190615481042
560.6860671023436,400.85353512219115,71.78142465804028,151.82579179677572
550.8137921315837,391.1620026896565,73.85241555670137,149.77855737128013
563.2219384625347,429.2064078870206,74.70182170521156,149.2950237545464
574.7538717094227,427.1241812835467,75.15088496504832,149.16273974642655
560.0882509252881,396.7726707817211,76.85139478708975,148.2281969117472
545.3705898335022,444.4686345689577,75.68346461694752,148.52759378754732
556.8415506634925,444.39489568198775,74.65008372533336,148.7929834940186
567.7156215547601,444.7984149963637,72.83751440282296,149.19716418961207
587.1036222602366,395.2092603704951,74.09301472132465,149.05975873480932
602.1942943313555,400.81529019520656,74.30189355730025,148.97550803378869
613.6810490463603,408.0682480313458,73.07924712846817,149.45080026330456
624.5288775157793,413.36536934986117,72.63694952022206,149.62266779127606
630.9103904014396,418.3624043392461,71.21024249337556,150.244203886868
643.3352123522654,418.82612993547076,70.56141181645744,150.47566102372028
650.9379592360176,460.96795618262536,69.26173271219342,151.10454252475353
657.7546070700793,415.8386667395956,70.29086102305018,150.61641143878478
666.7542436720598,382.39279366221535,72.66244129216479,149.18977406067378
676.5382415889572,426.7114648095102,72.56598769924986,149.23884434026297
655.8176103410692,428.6466697476035,71.97324672028589,149.34396653233475
666.1490262752545,435.02692981296383,71.21310920232786,149.48704483368195
682.2781696164942,392.1007206799028,72.15500094574688,149.55771661427292
691.6508648419872,397.9795186215206,73.29904788901926,148.9772223609187
700.9029511555751,401.896442506582,73.89207924549488,148.7097760382259
711.3254190007192,406.01405900722114,74.24927616345178,148.50809111812526
692.5551088162177,409.7730265869856,74.16373752297885,148.55719522691936
703.3680769421561,412.71493245204465,71.58085832480496,149.32410275016292
714.3586114592317,416.8955697020044,72.30065893273238,148.98749086313714
724.4248558504536,421.37666871547515,70.25279934926385,149.6898124020137
735.7003018861287,429.15983550615664,69.26508642158214,150.0371598181173
719.3618049976258,386.65454487004587,68.62743329283977,150.21097876749818
730.4248426231798,430.3969615895367,66.25624253565309,151.34510363099238
741.089003983458,436.1514274895593,63.62282270929865,152.56200464254516
752.2448428623206,440.2312183220279,61.82970301576487,153.46732820429892
765.2624785580492,399.63644384978033,60.626206780940166,153.7805994363396
770.6412772506347,402.92713493728314,60.715242202252476,153.73930754975473
775.8704395082277,408.44232791868876,60.0447902169761,154.05226583401415
783.4555877585616,413.89811424192345,57.291513958142936,155.07618894022616
789.4992825701758,416.10298064282927,56.22235816727549,155.59269194923758
793.4579884845665,419.36649812133385,52.85410825900074,156.9980146428981
795.4824819962771,423.3428750421889,50.10751039028197,158.14731781696875
796.4810393301079,430.3597309041668,48.24639607250676,159.088451654871
803.9226862240383,435.96781551801166,44.75047485699685,160.5214473129002
711.766235098213,535.3333970445092,46.86706941327579,159.5098447770227
716.5879590600249,537.5550388899292,43.30556213420398,161.15180558401008
727.4261199387282,483.8985334720992,42.72904092765197,161.50815874099933
734.2377974771326,490.0651686421226,41.61206430715478,162.0287340850531
741.5311266487477,494.89972188742377,40.7192413701824,162.4522627569995
747.0828592464862,503.0536231993814,39.236051641527105,163.19669731840276
750.3035110883443,507.80873279719606,38.08459433168311,163.76398792384543
753.9210340878055,511.85295303587753,36.565852448499214,164.55724227633223
758.0262689283715,517.5329561974219,34.78713515330852,165.55104707960746
761.7588526607346,521.1452203585886,33.7423216298463,166.25974047895363
764.6147023182381,526.2432418526118,32.72492178237252,166.83030667996474
771.1714085975327,528.5600223926575,30.976820310180077,167.96401921951932
775.8294981753278,533.1591788709438,29.655723390685836,168.79090354334113
782.420969060222,536.5275841546708,28.067672727906256,169.80515189112134
786.0602894952123,539.3992623913999,26.63675355249591,170.8196905024724
792.8436424685395,541.9742431294229,25.355636606073826,171.73228961663173
768.7978320872726,543.0443460851627,24.994878277902465,171.98614500075956
773.6147215783867,546.5287227228284,24.122616992859207,172.6017182673146
778.6495848118285,547.4932240351199,23.14205734265896,173.30779999261267
780.02624993482,550.5614989219657,22.498493741181985,173.77397419957686
785.3103087041364,550.5269553140978,21.67077418589558,174.4002452904634
791.459591653581,552.8155258826866,21.14503256410264,174.7642545728644
795.014282534098,556.0372692584184,20.573920805296694,175.17094649114253
770.2781447829891,555.5309460630828,20.118981492630972,175.52640736510475
777.3937447448512,556.4001657030819,19.625602257651646,175.8677804084624
782.9567665333477,557.397884907851,19.316650762917153,176.09398729865615
789.3275736907967,561.0319059108499,18.752703141969008,176.50623062498258
794.368082631818,563.8803278065125,18.310274396622592,176.82297592485244
797.6491360749061,566.9779823522358,18.081126979416865,177.00121388777904
802.5026409070211,570.8786781746346,17.641669601575693,177.32215825634665
805.7068313591878,575.1449007105364,17.431159527522095,177.4775734866799
811.3990991174022,579.3699938304758,17.271218673637765,177.5953105130471
812.1505723674215,582.660990766157,16.991729310936705,177.78815332167989
813.2134494118376,587.845628431337,16.78652817868964,177.93813661354974
818.8618472074079,590.1534304010905,16.606589611775284,178.07496045822882
821.9147590014368,594.1367040837781,16.44119809529353,178.1983852001181
827.7202700428421,596.0990781932557,16.22356297652794,178.36879606909423
830.1899123004307,599.2983159428676,16.020607207053473,178.52125049738046
832.2281844672921,606.0514533414013,15.921233880816017,178.59441201929494
835.7109066296471,612.0268960491486,15.853984558251586,178.64352758166288
839.5540056316826,615.7926892635572,15.68698899221625,178.76292202709257
844.2022368615843,619.8485157544218,15.574300734422476,178.84467427800175
850.7819399161434,623.1383292306571,15.450358716055767,178.93318310886488
857.3154489686251,626.9630910736503,15.382016880461846,178.98334259432872
863.0272194544021,630.0588546177825,15.332945729957121,179.01507839855435
870.4390931182733,635.5962280161483,15.223290794795558,179.08439657999182
876.1856503610994,641.3998363989047,15.064215681649836,179.21063830339446
877.9590645640418,647.2431773901664,14.96272606088722,179.28482177970957
891.9024006766592,651.9455168694506,14.934893720869537,179.30500193404748
900.5408355956798,659.7311559295728,14.883605048654715,179.34295017603313
906.8666782005497,662.9035051751388,14.785203387737855,179.41991247902055
914.3484134066207,666.2232458028368,14.640829604224384,179.53092653393892
919.0111802182163,670.2268563036087,14.53683560816425,179.61203110973486
926.7929858177849,673.5837492061503,14.402054761171385,179.7404350956677
929.8179911053979,680.247405957611,14.282572003389824,179.83209485041706
935.4003429766399,686.363446473214,14.194138794783218,179.90883516105828
944.974477359706,690.133593577566,14.097262911784075,179.98569425784257
948.2151560711626,693.7165465263406,14.027857126407584,180.03564651535126
952.8589170301102,699.4281605330905,13.997682202942242,180.05801801659382
956.130815913434,705.344853521035,13.923771281279885,180.11415929233425
957.2378571264886,711.0479143922718,13.74491117730879,180.25092538946305
961.1805372324078,714.9274903958294,13.6362192467655,180.3383262985872
966.2064786995634,716.8163011164586,13.559525466167669,180.4096278100979
969.132867529014,720.9959064969235,13.443091240651045,180.50106073237166
971.4780166236584,724.5598275223366,13.387478491244384,180.54093672987096
973.3570775736974,726.4671553551148,13.299178884581584,180.61040331003773
979.3048352470809,730.7363840664602,13.19915264056236,180.69623721925404
982.1442337694258,730.6120382702272,13.10293312369858,180.77859532407987
984.8601260920435,732.4959900863481,12.969638561782855,180.8877570686092
985.1037781466886,735.8957440584056,12.951997070278637,180.9017948158297
990.2382612114146,740.5041875893794,12.868143140862033,180.96673810063965
996.745685592544,743.7320941542064,12.807638656453427,181.0148379815261
1002.8841897900925,751.8098458161485,12.716488804567703,181.09294205910706
1007.1736640834891,757.3611745396793,12.608282992363607,181.17665440336805
1009.8115829783585,756.5216629418512,12.568436957886846,181.21176669964115
1012.3274383288668,759.3258883124208,12.539217825293935,181.23586697976805
1012.082071645687,762.6546829872473,12.503795991372405,181.26326259005293
1014.6614819288562,769.1695731157838,12.461330738690332,181.29639210096198
1017.1525794964923,774.906049763579,12.361129143421493,181.37550863996424
1018.8327664414887,780.6082936051838,12.25532890759227,181.4639200678659
1022.198952450103,785.4099142476855,12.18065939057451,181.52397727928144
1030.4135631090483,792.8220698832693,12.120952464110564,181.56659011026807
1038.0237344552515,798.0329837563695,12.073154721360098,181.607305605206
1043.505132229275,802.9597913002963,12.026948213432272,181.64590975130068
1044.0169925796956,809.6591596101446,11.95564006838832,181.7069902870892
1043.9832366855624,818.2459409259734,11.936607707969795,181.72194680391752
1045.0580488127093,826.2949808396522,11.86149549520807,181.77866876163185
1045.346238665174,831.5233270246242,11.80421679803191,181.8258926149683
1046.9467643023825,838.8595953094622,11.771439297370167,181.8514783971021
1053.1513251393785,841.2118530466333,11.698650843900678,181.9162164013096
1055.071005453505,847.4203494979572,11.648158836328028,181.95437636769427
1058.7838561374188,853.9739239477695,11.612874614066097,181.98359863294758
1060.4601147943054,859.4694253517736,11.562026530733007,182.02327012598977
1061.7964627854997,863.4969756164141,11.549642654341081,182.0329001232105
1063.098380006466,868.2417119787672,11.50073365029063,182.07790862632015
1065.845247730152,871.6818137529013,11.466800508725216,182.10922319117103
1068.6179181403422,875.770709072392,11.436334910554438,182.139622570718
1072.4676509319488,879.4130962997191,11.400986444330927,182.1699576908595
1073.0078554027882,885.3842986827648,11.373417821452087,182.19349370598027
1079.0250630438486,889.9990272933184,11.356825952312619,182.2077293855805
1081.8025742730003,895.2847484507328,11.348882917444469,182.21440722586567
1085.2683735476926,897.4167298157918,11.335029483839085,182.22655041089874
1087.483552923938,901.3582630221313,11.323180261326906,182.23661742228663
1091.0371112444686,903.8118870371114,11.308755338448648,182.2484880673419
1092.714219162667,904.8790943052077,11.296302720003427,182.2592990637213
1093.6235242186208,906.3230371936467,11.270068583958325,182.28103149478017
1095.4590842339937,906.4759114938145,11.264977656370759,182.28541418384512
1101.045118079978,909.5610638829002,11.250884935503445,182.29798199136755
1104.2067058223272,910.563423186244,11.176876417686474,182.36294706360863
1106.979257871341,911.200854369232,11.102382196678434,182.42599420012573
1109.1352967356906,912.4775568063209,11.069595867869749,182.4520070693864
1110.6689425328348,912.261627046994,11.054028343800718,182.466394787994
1109.5964624315247,912.9949603929147,11.042346846350911,182.47608649407837
1110.1105326599968,915.374559855957,11.014085611416943,182.50024005846143
1110.453675433689,915.6994096224064,11.004056230683927,182.50917353300684
1114.4297900837307,917.7964509619042,10.97009286699338,182.53915883052403
1115.658905975497,918.8099281025297,10.933091050898993,182.5709794332738
1116.8837708269455,920.2160406070236,10.89390630275612,182.6033777160828
1114.8757842356017,920.4870286386531,10.868350719566553,182.6241534170634
1114.669814031014,921.1795170762857,10.857651044896832,182.6328523997956
1116.594702824678,921.7999799455595,10.847497832100538,182.6411823389344
1120.448104450598,923.5660652512516,10.821785603236977,182.66296055776732
1123.9188194038509,924.2191537444627,10.80342135541623,182.6785057556044
1125.4937816961285,923.9875385030521,10.788628848006683,182.69086105768824
1124.312476891869,924.2175347846448,10.779430656066136,182.69875511687107
1121.6587211650829,926.1367194390058,10.775699539057772,182.7020698857074
1125.6684172771847,926.8989391561296,10.760456454433019,182.71518621673707
1127.5640558733057,928.0250498613378,10.75064210115829,182.72319832119518
1129.1395283181532,928.6297816212204,10.742193929334602,182.73023787450768
1131.439383591981,932.351393744244,10.734303503868558,182.7367286216703
1133.3915183032764,932.2161854917042,10.72255708860606,182.7462415572526
1134.29742318448,933.3163345667086,10.700802888501528,182.76373255043765
1137.7557228555588,934.7919631633795,10.674680832348471,182.7853216541835
1141.704818055152,933.5809376875077,10.660117480913732,182.79656903082298
1145.8837811075282,935.7822103183846,10.641872132324087,182.81158439290905
1148.1804700380892,938.3754521315595,10.619678922160515,182.82875850606152
1150.8409619025877,939.9094547495046,10.595019042788675,182.84897209444293
1155.0261376973044,938.8460045246068,10.57660961684599,182.86341305742684
1160.8164784588064,941.0230887951388,10.528030341190963,182.90269536411233
1167.0203628454287,940.820530118598,10.488836127869568,182.9333084809888
1172.3517201445438,941.6680507285655,10.455070761863205,182.95779575986546
1175.7386283311678,943.563676059304,10.415362480158995,182.98689441875376
1181.234516464495,945.0266023626093,10.343773484440135,183.0388323149072
1184.2575536037755,943.7880093065892,10.301651098928872,183.06814099988466
1190.5189265722054,943.8745248261064,10.2604549523872,183.09822954440332
1199.7208451197755,945.1686285140474,10.149124536055186,183.1749399245131
1204.6276796760267,947.4756407568518,10.090257699047278,183.2160333761307
1210.6124598527688,950.0544544758328,10.016598989781658,183.2646533737267
1218.4761749298866,952.1532768844181,10,183.3380072312833
1226.635509220615,952.2256672382296,10,183.39826484352312
1237.2745054264897,952.6728013663552,10,183.51721256137384
1248.0830208386867,951.5012266746714,10,183.60806475059604
1260.1454950283169,949.7102896294153,10,183.65899354650693
1272.4855903595412,947.4452076057896,10,183.69943197216202
1284.1989523852333,942.0273290816181,10,183.75265147371044
1294.2306063405429,939.6325925979631,10,183.78304715235674
1306.5204036034004,935.4790923119842,10,183.79032235079742
1317.0041713104697,933.413802002823,10,183.79169538754488
1326.8435913081735,932.0257570122367,10,183.79272750240847
1343.01464718069,931.0760770618464,10,183.7932666992411
1350.3051498183404,931.6228409058878,10,183.79356050753728
1355.8731948696793,933.4405606785468,10,183.79380936187022
1361.545873778699,937.2368685939082,10,183.79434267049422
1372.7114383140904,935.7453492243403,10,183.7967785064526
1381.863484616164,935.3014156927067,10,183.79839678699386
1400.864117558814,933.9799368554196,10,183.79851847464383
1410.6254630522753,934.7979932973474,10,183.79904453709432
1421.5871746141736,934.0802360363894,10,183.7994744908901
1425.8447768571991,932.310934369177,10,183.80004863563784
1433.3062426628312,933.9164248324968,10,183.8005260318184
1445.3754042931935,934.0606060443242,10,183.8009392406956
1455.6740960379998,930.8655673456278,10,183.80124677669085
1472.1231224559288,927.8491480117891,10,183.8018372769594
1484.9103059454583,927.4739842191655,10,183.80212376455952
1493.2641523666714,932.4731785389773,10,183.80223697909585
1499.1341007432677,932.7818657399615,10,183.80397162169416
1503.3073969337802,934.2273381289035,10,183.80749318945792
1509.0341269009566,935.1864965142129,10,183.80906546835382
1513.1293955418903,935.676601745643,10,183.81146264012662
1523.2507087563974,933.4876876675438,10,183.812346662329
1530.055321253308,930.1660317679,10,183.81564221378835
1538.5321003972408,925.819739069023,10,183.81605756495586
1543.6775355844136,925.465717558478,10,183.8169146814419
1550.9696358006709,927.1344138539099,10,183.8177303089813
1560.911341520475,925.6685547774026,10,183.8183364749209
1568.6376220307432,924.1467623815978,10,183.81892235697873
1575.4104302802064,925.8688040186761,10,183.8200261737147
1581.5921491471117,927.104746477535,10,183.82110355669
1586.682149296718,925.0582070029299,10,183.82161735979653
1591.6097442145249,924.4593707911989,10,183.82264361709045
1599.7535887333715,922.9913520362629,10,183.8230321775382
1602.661054676761,922.4125035893796,10,183.82404964052083
1608.3023817501592,924.7147487828636,10,183.82792081780553
1613.1476195810073,923.73876916322,10,183.8304030011595
1621.676846481162,922.4583448037984,10,183.83156723551326
1629.953418160097,919.0939907956277,10,183.83402461470078
1636.3290983267389,921.5379713356587,10,183.83473671474098
1644.275968325845,920.9383786439035,10,183.8387689043184
1653.4443531191102,920.2633555871637,10,183.84224862212014
1657.5842109052667,922.4448990342457,10,183.8462267601238
1661.668417743545,924.1413299100675,10,183.8533291427933
1667.185637320984,923.982929709424,10,183.85751357512504
1671.6935306276853,927.7029439704771,10,183.85985385109961
1675.5855044062318,926.3128068210863,10,183.86262357851857
1681.5172347724026,926.1868384110096,10,183.86516799418843
1686.0054496216521,925.9338359791344,10,183.86905058816598
1692.7487603499137,925.7217817765644,10,183.87175574884685
1695.9202580523413,927.4016224898209,10,183.8745182401239
1697.799364495176,925.8005709115243,10,183.87549926501947
1701.6570500586347,926.4660257969913,10,183.8791508108228
1704.7042033525895,928.1107262019568,10,183.88291213485957
1707.9561910406644,928.9431023523476,10,183.88576494541596
1714.3316810877568,930.4506873804161,10,183.89314436095427
1719.3393545352455,933.3290128741473,10,183.9010684413969
1724.0205168060008,934.1040024143081,10,183.9098890200097
1732.179389812135,932.4327706177402,10,183.91250612704502
1739.4660773700891,932.3501124770384,10,183.92490931137291
1744.5723498215025,932.5873735873027,10,183.92682542128225
1752.02153537078,933.3213137687662,10,183.93263277915455
1756.3202520398754,935.9302476302181,10,183.94777119898544
1762.6172034978408,935.832386638993,10,183.95458310163107
1769.443060001772,936.1683002628572,10,183.96490696505006
1775.7335112366236,938.9102538593702,10,183.98810731612585
1780.528109057614,939.6627647387479,10,183.99803580976402
1783.335775568916,940.6297708445034,10,184.00197463439565
1788.7335960402436,940.621319786699,10,184.0117203858588
1795.4229300744385,936.4299216652082,10,184.027016677322
1802.7834465222613,933.8121337602954,10,184.05561726832673
1807.501751848836,931.2919132602522,10,184.06182455691047
1815.2776889922657,930.2679498199665,10,184.07039983027076
1819.452466170537,928.3437204263677,10,184.07573152781353
1831.616761322182,925.6196608411378,10,184.08947725075183
1839.9078644729227,924.0394803887177,10,184.0965011105308
1845.6668308706858,922.2704640205542,10,184.10019144784852
1852.6656575461664,921.6917474893626,10,184.1264881639078
1859.3372187918244,920.2800878883044,10,184.15124882475016
1865.2186099667188,921.2238712048375,10,184.1682595498342
1873.00443557747,920.8752284977154,10,184.1958106493188
1877.1524728541067,921.2834872970636,10,184.24203888392083
1880.7825932178018,921.8226393797928,10,184.2787469487053
1887.1131760291576,921.8767340891,10,184.33714481467314
1891.5424879422746,922.2974154264359,10,184.3767403974896
1893.1661945591195,923.4580936138326,10,184.39057473658002
1897.3655595935786,923.2901355596197,10,184.44618179385517
1902.6178057478917,922.8797487942928,10,184.47549937743287
1906.7250883193128,924.2295300732675,10,184.50245853912037
1909.620588608947,928.381819660614,10,184.5118496517205
1912.5965972093318,928.9161062373599,10,184.51858302899095
1915.0,930.3562037190776,10,184.52476384775971
1915.0,931.0472284307804,10,184.5302537317797
1915.0,931.56337919597,10,184.54247351218712
1915.0,932.9451869329358,10,184.5511111696907
1915.0,934.1489113826451,10,184.56091001456534
1915.0,936.055518139322,10,184.5713937795413
1915.0,936.5740724295872,10,184.58022238201377
1915.0,937.0249311287799,10,184.5910593897131
1915.0,937.4407362193064,10,184.5973738989012
1915.0,938.3624988064925,10,184.6040946440528
1915.0,937.0035255073751,10,184.6170160040788
1915.0,934.5998821262269,10,184.62927058738788
1915.0,935.4275367441846,10,184.63608613245563
1915.0,935.0679381396209,10,184.6403955286062
1915.0,935.3143144104242,10,184.64706468943984
1915.0,936.5549215672843,10,184.651243401394
1915.0,938.7642040194428,10,184.65690324999687
1915.0,940.1768767355951,10,184.6644739062002
1915.0,941.3674107377941,10,184.66885927189756
1915.0,941.7743968525577,10,184.67271464038473
1915.0,943.8955863446115,10,184.67742681594393
1915.0,945.1453588176245,10,184.68655183800712
1915.0,945.8898103280817,10,184.70097305444688
1915.0,946.6754513706076,10,184.71339407978076
1915.0,947.3439766744261,10,184.7309319080237
1915.0,947.7436430059199,10,184.7521369810516
1915.0,948.1374645424775,10,184.76069332717165
1915.0,948.9569338863615,10,184.7802221719887
1915.0,950.4159687604624,10,184.79885484756596
1915.0,949.1993985479844,10,184.8098025257205
1915.0,948.6313685380094,10,184.82084523992583
1915.0,948.0220369487871,10,184.82945596669865
1915.0,948.858430602581,10,184.83853897727994
1915.0,948.9233729346739,10,184.84662766916222
1915.0,949.6423817364412,10,184.85749332239266
1915.0,948.900759392415,10,184.86894942424954
1915.0,948.001041177915,10,184.87888578398665
1915.0,947.2804767207109,10,184.89051577663548
1915.0,947.1599491058037,10,184.89778212320152
1915.0,947.0326334366771,10,184.90782820258744
1915.0,946.7483885953468,10,184.91989126680434
1915.0,944.5159347133334,10,184.92820011558632
1915.0,946.1492259564715,10,184.93492081790887
1915.0,945.7503445407415,10,184.94102265009235
1915.0,945.1629356297113,10,184.94671697435822
1915.0,944.6233453361386,10,184.95412788272483
1915.0,945.0073182771226,10,184.95643107477943
1915.0,944.8044665136013,10,184.96430966216715
1915.0,943.4214544819748,10,184.96830980066102
1915.0,943.4623650648496,10,184.97701960150377
1915.0,942.8391304389461,10,184.9819601590026
1915.0,938.8494204027213,10,184.98930868883818
1915.0,937.4853071963174,10,184.99534460998365
1915.0,936.8280434124714,10,185.00263374096886
1915.0,936.8902609415447,10,185.00764795958224
1915.0,937.1408886235351,10,185.0123828289053
1915.0,937.2036571395859,10,185.01869887797204
1915.0,937.5435706645964,10,185.0248141963592
1915.0,935.596693617564,10,185.02846265385386
1915.0,935.4160977236614,10,185.03213372948468
1915.0,937.9433927299428,10,185.03666002878336
1915.0,936.9663031408325,10,185.04676061088597
1915.0,938.0672899876083,10,185.05589788135055
1915.0,940.5884889800952,10,185.06180064411316
1915.0,942.398946708689,10,185.06611412066826
1915.0,942.2257615091283,10,185.07370505628174
1915.0,939.1053314964647,10,185.08387681440024
1915.0,935.7301518541396,10,185.09457828964244
1914.602126470293,930.8941087867477,10,185.10653078366784
1915.0,929.4700491831788,10,185.11849004942994
1915.0,927.2789658153149,10,185.12805744729954
1915.0,925.1412190267819,10,185.13630554262028
1915.0,924.2234012455241,10,185.14768589583835
1915.0,922.247521226874,10,185.15554101355406
1915.0,922.3337645774715,10,185.1634364760202
1915.0,922.9358718294396,10,185.17310113153826
1915.0,924.8360667573816,10,185.18038898459793
1915.0,924.5900530957475,10,185.1851450621843
1915.0,924.2252131235812,10,185.1886738077663
1915.0,923.4237009408631,10,185.20048548669956
1915.0,922.5636118000192,10,185.2112451099842
1915.0,924.2740036853625,10,185.21815902455734
1915.0,922.5155100935117,10,185.2259724764281
1915.0,922.5195371235113,10,185.2345092888613
1915.0,920.9593950804777,10,185.2442971657249
1915.0,919.8639800319702,10,185.25360074657686
1915.0,920.5368631879398,10,185.26250865166878
1914.5639151390046,920.8549676436076,10,185.26922641948562
1915.0,920.6448089645583,10,185.28218847759987
1915.0,919.4982701762198,10,185.2948875055026
1915.0,920.0991827200437,10,185.29965228240823
1915.0,918.7224374707288,10,185.31170975976352
1914.8391582210413,918.594089540608,10,185.31832496355497
1915.0,917.4638051147671,10,185.32789464480132
1914.8610294878808,920.4821049493413,10,185.33238602507512
1915.0,919.9162113512615,10,185.34677417857054
1915.0,921.3703735257739,10,185.35415771259667
1915.0,920.2168170652385,10,185.36471191410058
1915.0,920.5233309446803,10,185.37420311556875
1915.0,919.5597082031207,10,185.3879379087241
1915.0,919.0766407435759,10,185.39576795063513
1915.0,916.9786627352014,10,185.41320858390824
1915.0,914.681646582553,10,185.43064018071715
1915.0,914.0348591032224,10,185.43866082282693
1914.8106450472396,913.957357621429,10,185.44693677985603
1915.0,913.127843840155,10,185.45417103568627
1914.8688326285785,912.581174316102,10,185.46388145800864
1915.0,911.6567581963445,10,185.47641829896548
1915.0,910.9359594577068,10,185.49143784083407
1915.0,911.0833415679953,10,185.50706925062264
1914.7858379849251,912.8093230443221,10,185.5158502726217
1915.0,913.6823156566661,10,185.52801084592448
1915.0,913.3988126347847,10,185.54347304204478
1914.2756140268364,912.6174990039264,10,185.56090101910868
1913.5211302407265,913.4577547435994,10,185.57248623204075
1915.0,913.8552715032147,10,185.58951814083144
1915.0,913.7301363487127,10,185.61129599831395
1915.0,913.6134130758373,10,185.64241423451574
1915.0,913.4730103090976,10,185.6602930569339
1915.0,915.2803953883608,10,185.67324625440054
1915.0,915.4571985418537,10,185.68737352695862
1915.0,915.2571132852523,10,185.70832403586886
1915.0,914.6153540018872,10,185.73002229027293
1914.035384756085,914.3331406041552,10,185.74301372537556
1914.7703815873394,914.5266454598157,10,185.75535625023593
1914.811715803668,915.6565492990269,10,185.76672899070812
1915.0,915.0363890625472,10,185.780761626077
1915.0,914.4720210195399,10,185.8014308222798
1915.0,913.9286363390877,10,185.83238375923108
1915.0,914.1222673819213,10,185.85461663608447
1915.0,913.4519525719724,10,185.89128666968597
1914.8989791186045,912.6361457421906,10,185.90162401663173
1915.0,913.0546224937543,10,185.91097802146706
1914.6435161669226,911.9509182729703,10,185.92244268604003
1915.0,912.2430327045582,10,185.93320062765102
1915.0,912.3941354825492,10,185.9456584258864
1915.0,912.3472879600843,10,185.96315980451254
1915.0,913.1825635128006,10,185.98109069412658
1915.0,914.1163693178711,10,185.99666845490876
1914.8802623711529,914.1480636548162,10,186.00991354681443
1915.0,914.6763591692117,10,186.02313024695255
1915.0,915.3812219419137,10,186.0407011019757
1915.0,914.4663738170873,10,186.0649016221258
1915.0,913.9664679857539,10,186.08413453297706
1915.0,913.4468786712519,10,186.0960240014456
1915.0,913.807019766878,10,186.1085840787541
1914.7629130611208,915.0512335917795,10,186.11480893748043
1915.0,914.881076192833,10,186.13047120441672
1915.0,915.393336176864,10,186.14377239310892
1915.0,914.0114658077401,10,186.1611420017641
1915.0,913.3371299734324,10,186.19257383756263
1915.0,913.4867054523806,10,186.20948074333603
1914.6640787884073,913.1527560814188,10,186.2283808208475
1915.0,913.3395359527176,10,186.257368085556
1915.0,912.9457798788316,10,186.27999648772644
1915.0,912.7601641431967,10,186.30771446768748
1915.0,912.7406024926943,10,186.32339282591158
1915.0,912.6054395028477,10,186.33654207907185
1915.0,912.3739336164782,10,186.3546054808631
1915.0,912.5727207782126,10,186.3667646718
1915.0,913.1162145863236,10,186.38696519047022
1915.0,912.4954885769426,10,186.40581895847467
1914.8413245595336,913.3537887249477,10,186.4224037795542
1914.8323946109028,913.4617245849929,10,186.4343353653267
1914.2287440195164,914.5097024117708,10,186.44319895822957
1914.078880486837,912.8543721759581,10,186.45405697583234
1913.3506963158022,911.4240374826721,10,186.47446328423524
1913.9310182221109,911.9155807268994,10,186.48835061646807
1914.6216327800187,911.928065512511,10,186.49858516531117
1915.0,911.5242978069836,10,186.51431475532584
1915.0,912.3194788570358,10,186.53058676240965
1915.0,912.0885076070051,10,186.5441051703645
1915.0,911.646689409973,10,186.56464421238474
1915.0,912.921733971735,10,186.57462147870962
1915.0,913.2255315685136,10,186.5918335642278
1915.0,913.9588233320401,10,186.60587737131803
1915.0,914.1373204499592,10,186.63131985999027
1915.0,913.7142472914957,10,186.65104107356953
1915.0,914.3952016436791,10,186.6671131874747
1915.0,912.8679533566515,10,186.69439883080963
1915.0,912.6550328407866,10,186.71073609340283
1915.0,911.6723962678911,10,186.74178216708472
1915.0,911.5252288963821,10,186.76451126922248
1915.0,911.0284985024726,10,186.7778705740352
1915.0,910.3751061983558,10,186.79756995321466
1914.5667171544578,911.5850352966663,10,186.80675957758007
1915.0,911.3234537275977,10,186.83302524056944
1915.0,911.07141570781,10,186.85093624491898
1915.0,911.3005543135915,10,186.8694955548636
1915.0,910.784342872307,10,186.88840538182657
1915.0,908.5068024767503,10,186.91257481829174
1915.0,909.7805871584225,10,186.92679973777925
1914.6263107432785,911.4559832170403,10,186.94064836001493
1915.0,910.2657340755034,10,186.95925778681837
1915.0,909.1279666609538,10,186.97522587964326
1915.0,908.5359211868573,10,186.9932411627363
1915.0,910.1594587750375,10,187.0122291743158
1915.0,910.219084389117,10,187.02792058762543
1915.0,910.3582704646624,10,187.05305011431025
1915.0,912.3163276088393,10,187.06678648998053
1915.0,911.9015316400407,10,187.08798549964402
1915.0,912.3553607710118,10,187.10521261132115
1915.0,912.4013769311075,10,187.11912529762077
1915.0,912.2354419469184,10,187.13703165655286
1915.0,912.1907029376333,10,187.16236136679353
1915.0,912.1557688004885,10,187.17508893476526
1914.588323013301,911.8558785896047,10,187.18852661560325
1915.0,911.1596277229539,10,187.20734742078167
1915.0,910.2971235072047,10,187.2270368310631
1915.0,910.0201944469491,10,187.24511480227852
1915.0,910.5976006957744,10,187.2630853785955
1915.0,910.0930207693009,10,187.28173825919293
1914.459702715823,909.4747131531911,10,187.29408198505553
1914.9235151917464,910.3399172570205,10,187.31332477181715
1914.7783545576035,911.1660998294786,10,187.32971390849318
1914.9549219607015,911.9882406663379,10,187.33987595028188
1913.9288310693678,911.9466076729644,10,187.353326939215
1913.7577931225117,912.5693257376843,10,187.36811801779697
1914.2468149722915,910.799656879198,10,187.38360670757666
1915.0,910.6186760252792,10,187.4007720613808
1915.0,909.4188894989471,10,187.42235340268493
1915.0,910.1462210491916,10,187.4420714328993
1915.0,910.9248918415918,10,187.46401862190757
1915.0,911.3502502683843,10,187.48898115168424
1915.0,912.9495832821879,10,187.50521158259653
1915.0,913.3380457468669,10,187.52482753828772
1915.0,913.4880505131486,10,187.5529567989658
1915.0,913.3098087844772,10,187.56903198615092
1915.0,912.2627221127224,10,187.58384489229934
1915.0,913.4433590630694,10,187.60414727525009
1915.0,912.2914961910825,10,187.6367821007453
1915.0,911.1505399860964,10,187.6749323770189
1915.0,910.0824586110905,10,187.6981055095813
1915.0,910.3501355380773,10,187.71676084260343
1915.0,910.2552806249013,10,187.73505776715737
1915.0,910.9472705669955,10,187.74902245040383
1915.0,911.770673308186,10,187.76707997007597
1914.6466461019113,910.5693333075237,10,187.7854012251247
1914.8468014107448,909.3722648836762,10,187.8028085453328
1915.0,909.0035394150005,10,187.8248294960753
1914.159150389522,909.3014709440743,10,187.85152939920556
1915.0,908.8809974168975,10,187.86803482997522
1914.9714895855682,910.6272302622666,10,187.88235011436177
1914.969939189634,910.5445594907377,10,187.89799349657486
1915.0,911.9996390846354,10,187.9134543539478
1915.0,910.8141393845295,10,187.93317416744003
1915.0,910.1805538981721,10,187.94857662972808
1915.0,909.2193123507104,10,187.96873210302647
1915.0,909.4824915114552,10,187.98251221582845
1915.0,909.1685128239844,10,188.00216052885008
1915.0,907.9049284059213,10,188.0208007046945
1914.487272404376,907.4757760459577,10,188.04312901095255
1913.559292193511,910.6818681265393,10,188.05746698898236
1913.7222928126796,910.6324696911608,10,188.08059050477033
1914.663711821145,908.8153789554548,10,188.1077303878927
1915.0,908.1979692789713,10,188.13341235279145
1915.0,908.1273268890758,10,188.14953440686165
1915.0,908.4607559515285,10,188.1650223071217
1915.0,907.6730012601824,10,188.1843366592278
1915.0,907.3266424800883,10,188.20077063081484
1915.0,908.4556330903692,10,188.21878705238794
1915.0,908.2949676560431,10,188.24826839871437
1915.0,909.407842319031,10,188.26308943087923
1915.0,909.9520127902846,10,188.2717890309048
1915.0,908.523535161714,10,188.28923357503672
1915.0,908.1542159268281,10,188.29709187206714
1915.0,907.610643122602,10,188.31466951044703
1915.0,906.6637092564281,10,188.32844863334353
1915.0,907.2705982310713,10,188.34833863408846
1914.588460551334,910.9878435825062,10,188.35929966357025
1915.0,910.4264274504714,10,188.3754203042691
1915.0,911.1067781100759,10,188.38808650574333
1915.0,912.2251728901692,10,188.3973946625811
1915.0,913.6634204118759,10,188.4155690434137
1915.0,914.0557886480246,10,188.43449631538348
1915.0,914.1456115340052,10,188.4488240121287
1915.0,913.5312202522036,10,188.4639973567624
1915.0,912.6528280212029,10,188.48575868881954
1915.0,911.77285854738,10,188.50213958736478
1915.0,911.3652091590877,10,188.5144138672323
1915.0,910.9633766823144,10,188.52629730895737
1913.6810064525193,909.5740885539383,10,188.53918162573703
1912.7927370412829,908.5860272691835,10,188.55173437235788
1913.1923864123987,907.160478190135,10,188.56784327630388
1912.6594554932967,906.8483935724637,10,188.5772893358245
1913.5843905695563,907.451610036085,10,188.5988145558364
1915.0,907.9992119531337,10,188.62293791982924
1915.0,908.1849279430947,10,188.63967227399016
1915.0,907.5214439960675,10,188.6531234039787
1915.0,908.0545452435139,10,188.67059157386308
1915.0,907.3646289872363,10,188.68180840086004
1915.0,908.382091236379,10,188.69584228169558
1915.0,909.6128779064625,10,188.70506472384355
1915.0,909.2211408904468,10,188.7161590151064
1915.0,908.4971796567402,10,188.72932976816168
1915.0,907.8264921629736,10,188.7463111925582
1915.0,908.3554925270545,10,188.762877279188
1915.0,909.3823369453395,10,188.78050256353913
1915.0,909.9180187063871,10,188.80065239133606
1915.0,909.1203116216765,10,188.8175599328529
1915.0,910.282274009058,10,188.8284455715532
1915.0,908.2193302455548,10,188.84943432422227
1915.0,908.2413283103787,10,188.86546519585468
1915.0,907.9841157572148,10,188.8866721322128
1915.0,906.8610958699024,10,188.90112811011804
1915.0,905.2347416866565,10,188.93073769312193
1915.0,905.8540504271432,10,188.95897323856852
1915.0,907.0870828599703,10,188.97289356173027
1915.0,908.6319648487753,10,188.98918561359443
1915.0,908.7390083011692,10,189.00762995702178
1915.0,908.7339345650429,10,189.02843389130348
1914.6762904351037,908.8875130890709,10,189.0411740400286
1914.6762263577048,908.8238623342327,10,189.0514595396387
1915.0,908.4738864664569,10,189.07852208279297
1915.0,907.8550477173723,10,189.09940427305358
1915.0,908.0050331344601,10,189.12064860855796
1915.0,907.2495225030046,10,189.13764919341523
1915.0,907.2052013779457,10,189.16539992955342
1915.0,907.4306508480852,10,189.18513569634763
1915.0,906.7762422393001,10,189.20048590819994
1915.0,906.7259640355337,10,189.21443848698348
1915.0,907.2955129880592,10,189.23935046176192
1915.0,905.9926349087673,10,189.25625908508448
1915.0,903.686616213248,10,189.27009579222042
1915.0,903.55493369175,10,189.28572805742172
1914.8219675868106,906.9125293235464,10,189.29692330976619
1915.0,908.4382143837137,10,189.30963576374367
1915.0,908.2579326018927,10,189.3263905909239
1915.0,908.6258534723898,10,189.34138383204706
1915.0,910.3192999472019,10,189.3589605739602
1915.0,912.0661934390412,10,189.37088509086541
1915.0,912.6788689835289,10,189.38488154470272
1915.0,912.1966815036046,10,189.39527612517816
1915.0,912.0200001046313,10,189.40798162976208
1915.0,912.7337497344041,10,189.41801185407286
1915.0,912.304627248059,10,189.43563036536816
1915.0,911.6045270805529,10,189.4512122870511
1915.0,909.644930888531,10,189.47771163065582
1915.0,909.164113508572,10,189.4944701902938
1915.0,910.4701841744563,10,189.51976836229443
1914.6017651694701,912.0816453421319,10,189.5404220231495
1915.0,910.9546859257028,10,189.5556725240255
1915.0,909.3427103209339,10,189.57602564572852
1915.0,908.4262260609089,10,189.59089041012967
1915.0,907.77452709466,10,189.6080912033387
1915.0,907.5834562174439,10,189.62631555114663
1915.0,907.3259360162928,10,189.6396533036413
1915.0,908.2353173013274,10,189.65470276988555
1915.0,909.5896294113425,10,189.66554898422007
1915.0,911.1314828124175,10,189.6769052083175
1915.0,911.9316927084973,10,189.6873770834663
1915.0,911.4403546997651,10,189.7069206546693
1915.0,910.2712080757412,10,189.71539478186338
1915.0,910.5792441912454,10,189.73120155036708
1914.2331530257427,911.3913565929053,10,189.74131105638907
1915.0,912.6909818146299,10,189.74983719962555
1915.0,912.2820909574447,10,189.7681456459583
1915.0,911.4193901817108,10,189.79330679213356
1915.0,911.475864141333,10,189.81524398526537
1915.0,912.0750736336099,10,189.82849783852555
1915.0,911.1066438354027,10,189.84334441249044
1915.0,910.8417871320021,10,189.85762711631315
1915.0,909.9418370890351,10,189.8688932922156
1915.0,909.3543415820853,10,189.89388336763665
1915.0,909.3654855252701,10,189.91842728661814
1915.0,908.4520662218525,10,189.93025523348751
1915.0,907.3960599702203,10,189.95073507837506
1915.0,908.0477797465693,10,189.96506287430904
1915.0,907.3700941762758,10,189.98019685271157
1915.0,906.54072851089,10,190.00355809014277
1915.0,906.5642110007169,10,190.02393295937048
1914.959866799288,907.5398599566624,10,190.04017057778944
1915.0,908.3267274617317,10,190.04878499771843
1915.0,909.1474728641854,10,190.06223736021354
1915.0,909.0250095570872,10,190.0802296660747
1915.0,909.2224874294777,10,190.09715962309315
1915.0,910.0522627196735,10,190.1113939219532
1915.0,909.0424268627238,10,190.13260284634785
1915.0,909.8336580096219,10,190.14132801719924
1915.0,910.6904639563735,10,190.1545568619644
1915.0,909.3625104031373,10,190.16785168303295
1915.0,908.9523154796475,10,190.18040955290013
1915.0,908.9299690253705,10,190.19718116520843
1915.0,908.6682940499235,10,190.21658586346481
1915.0,908.7497181570737,10,190.23170272836018
1915.0,908.8430175552731,10,190.24580062557928
1915.0,909.1853483518312,10,190.26210010691992
1915.0,909.2985667655848,10,190.2829721795759
1915.0,909.0854074610929,10,190.3002227847237
1914.9717508522924,909.1134502123316,10,190.31472254329253
1914.8654410466672,909.7473890461523,10,190.3312345347778
1915.0,909.2697962937991,10,190.34736262882606
1915.0,909.148927972766,10,190.3598945881482
1915.0,907.9100269233635,10,190.36752914140175
1915.0,907.9345359456216,10,190.38071391273488
1915.0,907.8232684977556,10,190.39448465779788
1915.0,908.142780254728,10,190.4062734488525
1915.0,908.4567713272113,10,190.42105626350542
1915.0,907.1912910555827,10,190.43813194191864
1915.0,907.0169536458319,10,190.45566521684583
1915.0,907.0687906763645,10,190.46993346245068
1915.0,907.6353418776528,10,190.48952585591582
1914.7221157363388,908.8927315988964,10,190.50498547947427
1915.0,908.8057344088747,10,190.51864193424058
1915.0,908.4684579016208,10,190.53774192719808
1915.0,907.4857841097282,10,190.5541048034121
1915.0,907.054050179679,10,190.57025926855027
1915.0,906.8732175277246,10,190.58111810317732
1915.0,906.3821180737197,10,190.6014186512437
1915.0,905.7818369371429,10,190.61638702610756
1915.0,905.4550341540099,10,190.6307912977678
1915.0,903.1755212548392,10,190.6498216118763
1915.0,904.1264309313287,10,190.66307518952053
1915.0,905.6231663909246,10,190.67504436364345
1915.0,906.7684746597668,10,190.68872962488854
1915.0,906.9355470252294,10,190.69994087393997
1915.0,907.4955264271813,10,190.7194602944061
1915.0,906.5471923986277,10,190.737943447558
1914.8025574677665,906.6193720329641,10,190.74965595365552
1914.3623355863117,907.9575299761207,10,190.76369019179435
1915.0,907.7330920355718,10,190.7756850938729
1915.0,907.461335560472,10,190.7900251584116
1915.0,907.5114887074895,10,190.81185907418254
1915.0,908.5251294765337,10,190.83095464458177
1914.876343549759,908.3387945269067,10,190.84608358229463
1915.0,908.5577097323871,10,190.86177056240035
1915.0,908.9586716705961,10,190.873794149097
1915.0,908.5630660466852,10,190.88996259879772
1915.0,908.9836287429741,10,190.91084868458609
1915.0,909.1593280271683,10,190.93121490651473
1914.6077633013658,908.4637748264859,10,190.9491695195912
1915.0,907.8237038923804,10,190.96595420099624
1915.0,906.7400333297403,10,190.9832092661958
1915.0,906.3203081441661,10,191.0019594726267
1915.0,906.7117411081862,10,191.01648241959376
1915.0,905.5418633474492,10,191.04208758390138
1915.0,905.1258384027253,10,191.05856322856536
1915.0,903.438167673364,10,191.07451167646633
1915.0,901.5809889265225,10,191.10631869074928
1915.0,901.9421711045749,10,191.12616976370745
1915.0,903.592011454914,10,191.13851905857135
1915.0,903.8337633253657,10,191.15020469526988
1915.0,903.8771729838296,10,191.17136688360824
1915.0,904.4501799991591,10,191.18679067847194
1915.0,904.8237724831878,10,191.20157752634222
1915.0,905.5141209998824,10,191.22352076951498
1914.829799804267,906.0238626274648,10,191.2390217853272
1915.0,907.6817268368924,10,191.25382810475034
1915.0,907.7712515296871,10,191.26676639101004
1915.0,907.3425159686934,10,191.27739860617203
1915.0,907.9884603136218,10,191.2840384381828
1914.3442640155238,908.1797654980918,10,191.29098723994656
1914.7821737920106,909.7168137247568,10,191.3003871471382
1915.0,911.6770070645937,10,191.30842131638047
1915.0,911.3974167244598,10,191.32018759264918
1915.0,908.8303782285827,10,191.33959000964106
1915.0,908.0880990052752,10,191.35310925905088
1915.0,908.3883275534076,10,191.3653200604754
1915.0,908.6066804379595,10,191.3760238757174
1915.0,907.4295921687096,10,191.38611493077022
1915.0,907.4440598140775,10,191.40108902853882
1915.0,907.8608013364255,10,191.41189385118898
1915.0,908.0102614610049,10,191.42298112489257
1914.7099303974742,907.0417635180536,10,191.43331372995647
1915.0,905.8258030733851,10,191.4404952902408
1915.0,906.6207030124745,10,191.4510265299169
1915.0,906.9004447735499,10,191.46646617494574
1915.0,906.3188191537006,10,191.48512359219842
1915.0,906.5491070324902,10,191.50235680507066
1915.0,905.7992188725425,10,191.5163633844974
1915.0,907.1822718325433,10,191.5402617766017
1915.0,907.7728713612127,10,191.5557567607603
1915.0,907.8381626988111,10,191.57115044740536
1915.0,907.5581867850773,10,191.58702616137353
1915.0,907.9229473008572,10,191.59862284694975
1915.0,907.7108776601576,10,191.60872552035462
1915.0,908.6014842623529,10,191.62054002873128
1915.0,908.3290524701963,10,191.63072509327353
1915.0,907.6601092571583,10,191.6424857170446
1915.0,907.9456141789161,10,191.65501988052196
1915.0,906.0086033978739,10,191.67745723825766
1915.0,904.1636204965249,10,191.70484970364302
1915.0,904.3851600283368,10,191.72095907364883
1915.0,904.6946658085561,10,191.73781787764227
1915.0,905.5908788142799,10,191.75420762476767
1915.0,904.2679588114565,10,191.77226341957257
1915.0,904.1783264813776,10,191.79036762271363
1914.6721042430831,904.9774434641823,10,191.8019523053083
1914.1348800068115,906.0756044366988,10,191.8129958320941
1915.0,906.9410511968277,10,191.83377270325042
1915.0,905.6637340321288,10,191.84906379518395
1915.0,906.4038124214005,10,191.86307247224426
1915.0,906.90434329039,10,191.88357319601826
1915.0,906.6501003317857,10,191.8951519491282
1915.0,906.9326502795482,10,191.91811835464222
1915.0,907.1076164980445,10,191.93077015644002
1915.0,908.801492594033,10,191.94184167747193
1915.0,909.4625649729911,10,191.95320532233373
1915.0,908.9609094673665,10,191.96808779184906
1915.0,908.2667732781221,10,191.97953882143378
1915.0,908.3741480127156,10,191.99054395039335
1914.7327201328033,906.8039606778816,10,191.99834267654467
1914.9481489436291,905.5579312276435,10,192.00732045997282
1915.0,904.3529975794519,10,192.0206729874667
1914.6281787833364,905.1395473548544,10,192.03045461402587
1915.0,905.5519878785828,10,192.03714783327274
1915.0,905.2834058663425,10,192.04891848340566
1915.0,904.7246641844798,10,192.05620478771084
1915.0,905.308106653654,10,192.06474971874803
1915.0,905.5500853912092,10,192.07463244878505
1915.0,905.1337147410176,10,192.08915903200736
1915.0,903.430296869035,10,192.10575420071424
1915.0,902.3162900830954,10,192.11934601271258
1915.0,901.88140478432,10,192.1322871176538
1914.3331332744526,900.5387950277922,10,192.15237048274227
1914.8504643206313,901.7805360833148,10,192.16653813857744
1914.8428528836048,903.8694253045569,10,192.17545123327588
1915.0,903.9057889798528,10,192.1865074928945
1914.6121372772413,904.1983560695411,10,192.19694412021644
1915.0,904.9169190373904,10,192.20993300948908
1915.0,904.0084601735216,10,192.22430978817033
1914.5453180672482,904.2336246249297,10,192.23601065427036
1915.0,905.2315525210147,10,192.25379212880742
1915.0,904.4500508944632,10,192.26931161193704
1915.0,904.3104814373181,10,192.2832637244591
1915.0,905.1569300305671,10,192.29626360854095
1915.0,903.6859831006915,10,192.31709031658315
1915.0,904.4067150328763,10,192.3317544676787
1915.0,904.5461837238138,10,192.3416412383086
1915.0,905.3382401030482,10,192.3546064702702
1915.0,904.8617988092034,10,192.36592117740292
1915.0,906.0404759374605,10,192.3744984872089
1915.0,905.6768188251425,10,192.38832471463314
1915.0,905.0629902360791,10,192.40249742257402
1915.0,904.3134123214353,10,192.4202004736555
1915.0,904.038542443866,10,192.43715201483255
1915.0,903.820369971067,10,192.44707101405055
1915.0,903.958636306969,10,192.46275793086392
1915.0,903.8190602335033,10,192.4788329197264
1915.0,904.6115544217936,10,192.48931472537674
1915.0,905.8934634404574,10,192.5072914902661
1915.0,905.9194485322196,10,192.52689046603734
1915.0,906.2885756237235,10,192.54921974614473
1914.607860024471,903.864550599212,10,192.56328279692613
1915.0,904.836172122554,10,192.57944345050538
1915.0,904.9815859520295,10,192.59582878549526
1915.0,905.5284481631978,10,192.6115718449185
1915.0,905.4776339306236,10,192.6273721200081
1915.0,907.3493114268124,10,192.64234673913904
1915.0,905.6795706311192,10,192.65732332358047
1913.9916315923833,905.7633635601957,10,192.6632356278955
1915.0,904.2029310033944,10,192.67107678033992
1914.6577413198243,903.6161919224916,10,192.6788864381705
1915.0,902.6783607050763,10,192.68787032352975
1914.658061581016,901.9439272484789,10,192.7000260930229
1914.3732158596101,903.6626357763027,10,192.70846612592914
1913.6001910717225,905.1574784805131,10,192.72026125954514
1914.041590411978,905.7563552487659,10,192.73448059752133
1915.0,905.4924432693197,10,192.74990198050477
1915.0,904.9520022015063,10,192.7649449158121
1914.471500179551,904.9940653249155,10,192.77740973558454
1914.2563240061409,904.6328107799441,10,192.78749674973275
1913.967367716491,904.9464717389179,10,192.79647461213594
1914.602639973392,904.9044542879479,10,192.8150943289275
1914.4434161867125,905.0497311774815,10,192.8254555063864
1914.82971850899,902.6164580875308,10,192.84216506980405
1915.0,901.9472535314541,10,192.85828888111152
1915.0,900.3039164557341,10,192.87500782731306
1915.0,901.692995867547,10,192.8859775106429
1915.0,902.5668510801592,10,192.89755356386812
1914.6942874481538,903.5651305795576,10,192.9103606824385
1914.549441295753,904.9336858156003,10,192.9201530575528
1915.0,904.1293836595726,10,192.93773085174286
1914.357593843302,904.6563062165064,10,192.95252397204575
1913.6950458224096,904.8296481922706,10,192.96432000396172
1913.9998439484352,905.4695802683239,10,192.9742861162031
1915.0,906.3336351161762,10,192.98939057594308
1915.0,905.4356314155228,10,193.01107786773284
1914.8685778095098,903.9532494854773,10,193.02104152086028
1915.0,904.675023852009,10,193.02912841238583
1915.0,904.3202452132631,10,193.03960117556747
1915.0,903.636506288961,10,193.04787342470402
1914.9020094102507,902.9849146425845,10,193.05946898968696
1915.0,903.7172502480605,10,193.07377069567482
1914.7159668365964,904.2607841940091,10,193.08398065716108
1915.0,903.921394764504,10,193.09493177727833
1914.8793560395227,903.2809299574146,10,193.10345559678396
1915.0,904.3118937261694,10,193.1138353112349
1914.1533082815067,906.5651512918103,10,193.1218330214676
1915.0,906.0922634323707,10,193.13544538042535
1915.0,904.8898301393881,10,193.1484022905443
1915.0,905.3230308318028,10,193.1597707817229
1914.874062105394,906.8566619548618,10,193.16634096648926
1915.0,907.9583006338146,10,193.1732777789023
1915.0,908.5597675809233,10,193.1852546320369
1915.0,908.5622888692759,10,193.19329768298647
1915.0,907.4294697489833,10,193.20647605264682
1915.0,905.9723395403031,10,193.21793841368012
1915.0,904.5326780259052,10,193.22978585941897
1915.0,905.9430944415642,10,193.23716241249298
1915.0,906.5645003975641,10,193.24608748712473
1915.0,907.47928898997,10,193.25938523365326
1915.0,908.8342467187198,10,193.27012031217276
1915.0,910.5876920139259,10,193.27859973847072
1914.4073356588335,909.982926630513,10,193.28966674914378
1915.0,909.9779151658552,10,193.29863227630582
1915.0,909.5974756687722,10,193.30792774186213
1915.0,909.0939107351683,10,193.3169136309281
1914.573544296527,908.0821279087768,10,193.32805710912902
1914.6645466405025,909.7718396944724,10,193.3386003245954
1914.457432681061,909.3720937409993,10,193.34798436931396
1914.6799361563699,908.659309678529,10,193.3562602586455
1914.2234945613673,908.3404713167798,10,193.36203068015107
1915.0,908.3457876738445,10,193.37056864928414
1915.0,907.3971997349404,10,193.3849059352631
1915.0,906.5431935450748,10,193.40162394605315
1915.0,906.06255118007,10,193.41132619086892
1915.0,905.6387639542874,10,193.42179077310425
1914.2508371681056,904.9159051960946,10,193.43256867000915
1915.0,904.7359087365426,10,193.4498055253346
1915.0,904.992238521974,10,193.4624881732412
1915.0,904.7144529793261,10,193.4789712533832
1914.8589763368893,904.8000278141539,10,193.49728973923405
1915.0,905.1865735613746,10,193.5157130424122
1915.0,904.5114601357512,10,193.53511941146715
1915.0,905.1865725684224,10,193.5553465333529
1915.0,905.223131034164,10,193.56891576307336
1915.0,905.0547481608367,10,193.58464248725684
1915.0,904.8532117485486,10,193.60093526589557
1915.0,903.8744668922013,10,193.61726713303062
1915.0,904.418346185018,10,193.6269117456844
1915.0,905.2215004712805,10,193.6382643016408
1914.525805324015,904.4074490868435,10,193.6494153647087
1914.4834255528394,905.9087528831217,10,193.6550726579625
1915.0,906.4953099138229,10,193.662476220131
1915.0,906.4684208735362,10,193.67302008902183
1914.9319073306988,906.6044796866231,10,193.6784824749776
1914.0101804896012,906.987085855452,10,193.6844247073863
1911.9021198254056,905.388846229854,10,193.69137236162263
1913.1062096249143,906.5410727779131,10,193.70225099106221
1913.8555901785473,905.7011914797905,10,193.71370155946934
1913.5032691685142,906.0054979336,10,193.72069600845018
1913.350667552996,904.3448599770861,10,193.72515341496398
1914.3496340523054,905.6066930579912,10,193.73504474586954
1913.91271237359,905.1341391017077,10,193.74045779572896
1912.9382367718833,904.8345785497829,10,193.74494454801652
1914.3857546659963,903.8200830072818,10,193.74959444618773
1914.1141912094681,905.1624880564652,10,193.7528004387057
1914.2143260985295,906.3291739116114,10,193.75570553617501
1915.0,905.0090937951544,10,193.76184084307005
1914.08273555663,905.1826682874951,10,193.76363583781048
1913.9348062099916,903.9187978039565,10,193.76699055639517
1914.0524621549805,904.9634150042917,10,193.76926443686529
1914.662873523352,906.1460170510173,10,193.7707203025823
1914.3933040260415,908.792421226776,10,193.77190636796738
1915.0,912.1908022595884,10,193.77414244035367
1915.0,913.2184216155333,10,193.77556289501146
1913.6780114366475,913.14348996228,10,193.779187489124
1913.2684671235534,917.3759434221508,10,193.78259249751184
1911.3929342567453,919.7163116355935,10,193.78567285956723
1908.9806330705942,923.0644769908822,10,193.78750532648962
1908.7057642412985,925.6417461530526,10,193.7898253083028
1910.510996594768,926.9269197267965,10,193.79397476882679
1911.2687368034158,927.0075953526167,10,193.79646809798308
1912.6521876636227,928.0835190559935,10,193.80288402225466
1912.1912199627027,926.8362954577545,10,193.80714617227235
1913.8802671487251,925.3430181481845,10,193.81458878077606
1914.3587624493452,925.6620980283438,10,193.81675779317905
1914.1940148494032,924.2893584941227,10,193.82180943781424
1915.0,922.25264323164,10,193.8275865438026
1915.0,923.6250311616013,10,193.82980597056184
1914.0256772437565,923.8518630430652,10,193.83281928430523
1913.5657311869566,923.4452884007369,10,193.8352061945032
1913.100091092903,924.264705802243,10,193.8365712449011
1915.0,926.1102114531002,10,193.84023332617278
1915.0,928.2986636646393,10,193.8434280037539
1915.0,929.4826723581314,10,193.84593560323808
1915.0,929.9147548692645,10,193.8515185167945
1915.0,927.0638804304294,10,193.8604606951545
1915.0,927.4426822358955,10,193.86982822289244
1915.0,926.4587740472263,10,193.87591399551542
1915.0,925.682673981957,10,193.8845155000162
1915.0,924.678331109758,10,193.8938362602067
1915.0,921.0356671165645,10,193.9030938561127
1915.0,920.4826448067599,10,193.9060284069703
1915.0,917.7617697879481,10,193.91418260773335
1915.0,917.1305361473052,10,193.9171308806718
1915.0,915.9076624890623,10,193.922615335059
1914.5311862457245,916.1469299251621,10,193.92536450008117
1914.019001339692,914.5588367724715,10,193.92954159929351
1912.269167687926,913.606301060663,10,193.93521850950086
1911.456467529434,914.0396189998121,10,193.93895242945464
1911.6762152940978,914.2355754750831,10,193.94421694249382
1911.6005274792992,917.4525076933712,10,193.95251569563257
1912.220948250237,917.5791441335774,10,193.95983834825947
1913.8759243486224,917.1441202941269,10,193.96702551994326
1913.7765838847372,916.510535544136,10,193.97232451357067
1913.0592824507303,916.7764846050484,10,193.97855284605646
1913.07560587112,921.5793257112038,10,193.98138819180608
1913.5656377456933,924.1879754291901,10,193.98419774541847
1913.1241498032214,927.5924105046369,10,193.98596993179885
1914.7244867036047,926.063886645267,10,193.99128870574978
1914.0090673278846,928.3096761140821,10,193.99477997402073
1913.8455361155159,930.9827631311102,10,193.99637518666586
1914.909410391554,933.429019441991,10,193.99832957043577
1915.0,936.7964676381437,10,193.99964179630442
1915.0,939.2057300613731,10,194.0022548052694
1915.0,940.6978437060669,10,194.0071424278306
1915.0,943.0159236310539,10,194.01304430731915
1915.0,944.3829706383084,10,194.01505217542748
1915.0,945.5872966813672,10,194.01956902011617
1915.0,945.0625518958102,10,194.02498681944135
1915.0,944.1049695923626,10,194.02855941282655
1915.0,945.9795547439672,10,194.03457220856563
1915.0,947.7926230503732,10,194.03946013252943
1915.0,948.4917200004083,10,194.04452519390998
1915.0,948.6801356376025,10,194.05019233219772
1915.0,948.9784016915788,10,194.0561536137026
1915.0,949.3577812339631,10,194.06059565177344
1915.0,947.259719711432,10,194.0660698398135
1915.0,944.6971424942359,10,194.07672766983993
1915.0,943.694444993836,10,194.08078287356386
1915.0,943.8372901191683,10,194.083695636219
1915.0,944.7863841799494,10,194.08838796400153
1915.0,945.8964323223123,10,194.08998619186855
1915.0,945.828533276298,10,194.09324540384034
1915.0,946.5159209276761,10,194.09809082492916
1915.0,946.3234195238533,10,194.1017232307994
1915.0,946.4874736804788,10,194.1045538525142
1915.0,947.5273423670856,10,194.10792902936512
1915.0,945.0160049087825,10,194.11495962617866
1915.0,944.6432860372828,10,194.1198336358886
1915.0,945.0668925330314,10,194.12198821170418
1915.0,946.247179731711,10,194.1255556457877
1915.0,946.6969968091717,10,194.12996968170648
1915.0,946.6585046599686,10,194.13228815575272
1915.0,945.73178211635,10,194.13908538814684
1915.0,944.5354470058877,10,194.14629675661962
1915.0,944.3259626376322,10,194.1492628547619
1915.0,944.4426773396864,10,194.15303032796405
1915.0,944.743065962553,10,194.15772347840525
1915.0,944.5046352602662,10,194.16527299141902
1915.0,944.9768943791735,10,194.16811490889077
1915.0,945.0257920693721,10,194.17144650071901
1915.0,945.6189774072127,10,194.17307934558684
1915.0,944.2885504662128,10,194.17778222230496
1915.0,943.7487978349665,10,194.18260793994415
1915.0,944.6709065381142,10,194.18748438320566
1915.0,943.4489871082402,10,194.19586304364867
1915.0,943.8565814732383,10,194.1997161480713
1915.0,943.9941414561792,10,194.2036295087097
1915.0,944.6023886776533,10,194.20757552036662
1915.0,945.0856569516752,10,194.21205347595142
1915.0,945.8018261080437,10,194.21711793088548
1915.0,947.4484351199734,10,194.225976608999
1915.0,945.5779183243192,10,194.2292415180567
1915.0,945.2442954602695,10,194.23148076256302
1915.0,945.8544874733172,10,194.235290680254
1915.0,946.656923253669,10,194.23698859739937
1915.0,945.5739355182272,10,194.2492649036625
1915.0,944.3479004509852,10,194.25305744120814
1915.0,942.4941180564576,10,194.25547735746608
1915.0,942.2116899920959,10,194.25808855084466
1915.0,942.266999022524,10,194.26027132394165
1915.0,942.235594904847,10,194.2627250102788
1915.0,942.8916839370187,10,194.26485898893785
1915.0,943.7765746678266,10,194.26700574961825
1915.0,943.6151278801183,10,194.2696956387841
1915.0,942.8595370500567,10,194.27052210776324
1915.0,943.5220549781311,10,194.27206971259275
1914.8814198147975,942.1615889123394,10,194.27379511823924
1915.0,942.872173542897,10,194.27774642736972
1915.0,943.6228300531682,10,194.27980397741118
1915.0,944.2631990454825,10,194.2826859765736
1915.0,945.6309353572389,10,194.28461868141744
1915.0,945.8568187852725,10,194.28869046190803
1915.0,944.5265844475161,10,194.29226872803105
1915.0,940.4062780222704,10,194.29506554869957
1915.0,941.9895314081666,10,194.29833816511464
1915.0,941.9390700072297,10,194.30347142469512
1914.2989556799464,940.267830083322,10,194.30535040465298
1913.1537313033602,939.6306921905428,10,194.30792144074334
1912.5290060269447,939.8942876072567,10,194.3106149824107
1913.150803565472,940.3342744079044,10,194.31609737594013
1912.732574848161,939.7169096825364,10,194.32205368941922
1913.5089794749592,938.5005092073457,10,194.32916120374693
1915.0,935.5432794892677,10,194.33809869118477
1914.6075720104845,937.0178120082478,10,194.3404904839303
1915.0,935.2915184075375,10,194.34924309149892
1915.0,932.2804875875935,10,194.35420933954236
1915.0,933.4198710191317,10,194.35623421112305
1915.0,934.2130512409384,10,194.35816122862101
1915.0,934.0414209071589,10,194.3620693098892
1915.0,933.9038085657938,10,194.36800484144283
1915.0,934.8982739531687,10,194.37231054127693
1914.1228527937963,932.4498342565746,10,194.37553033572192
1914.2825990327044,932.3470499073574,10,194.37833850291142
1915.0,933.0313448401755,10,194.38216999268107
1915.0,933.5348675438152,10,194.38742514418763
1914.9837981836627,934.6035213665294,10,194.38983116669058
1915.0,933.5535785376487,10,194.39597109172792
1914.8189783000444,934.1172626191254,10,194.39907213011358
1912.3855520245643,938.3771794441124,10,194.39958660337814
1913.520155740511,939.7154449312358,10,194.4008880701429
1914.7737974569284,940.1236369969762,10,194.40573712661913
1915.0,940.309674062084,10,194.40896197033817
1915.0,940.9516486626017,10,194.41161371803855
1915.0,939.8265198052387,10,194.41556017196322
1914.4869468793268,941.2151306420376,10,194.41763150610123
1915.0,941.8786210655859,10,194.42081528539643
1915.0,943.5576121522213,10,194.42556458476375
1915.0,943.1959859476806,10,194.42882604423312
1915.0,943.4008545543393,10,194.43523473261223
1914.8017579996717,944.104828145945,10,194.43965972955124
1914.8980887704786,944.691187183011,10,194.4431777987932
1910.848040179747,951.8193411212593,10,194.4437337086231
1908.7270724970545,953.7388645031238,10,194.44615432342064
1910.7674055679108,955.5323743580004,10,194.44817364574143
1913.2342078231195,955.5143180609308,10,194.45250900686622
1915.0,953.4534225210657,10,194.46183138815604
1915.0,952.4888083567979,10,194.47087325122695
1915.0,952.0022717288714,10,194.47782091529407
1915.0,950.1123609468602,10,194.4924796634337
1915.0,948.969464092818,10,194.49941282726238
1915.0,948.3475509706229,10,194.5071992914444
1915.0,948.7306428722011,10,194.51272057075667
1915.0,949.8037304674848,10,194.51910228556858
1915.0,947.6802225257774,10,194.52954843550313
1915.0,946.3171206350224,10,194.53883843000207
1915.0,947.5506472249085,10,194.54477781877733
1915.0,948.395939558874,10,194.55344958378151
1915.0,946.4668249866562,10,194.56354596572166
1915.0,946.1066151049133,10,194.57199108433144
1915.0,947.1718883510855,10,194.57794781936394
1915.0,947.6352851664612,10,194.58672068807297
1915.0,948.6040192628186,10,194.59953664531028
1915.0,948.9764677949515,10,194.61119474398186
1915.0,950.6502099565386,10,194.616838532863
1915.0,951.0804321265219,10,194.63340993331687
1915.0,950.1327689274963,10,194.64505286136875
1915.0,948.9653132246513,10,194.65818594161885
1915.0,947.1614006039041,10,194.67312264287398
1915.0,943.076504166053,10,194.69034188020095
1915.0,939.1587253928789,10,194.7079716138776
1915.0,936.494689095452,10,194.72150431273042
1915.0,935.4522233516665,10,194.7337197093537
1915.0,933.652565095138,10,194.74332571255889
1915.0,932.8022411585056,10,194.7533218443612
1915.0,931.5768896649708,10,194.75960968855003
1915.0,930.1741682021017,10,194.77449307648234
1915.0,926.1100760679689,10,194.77973879479882
1915.0,923.0587372346198,10,194.7826446694077
1915.0,922.2384932934211,10,194.78963956809505
1915.0,920.0564449643699,10,194.79808236961293
1915.0,917.1977076016852,10,194.80559286790682
1915.0,912.9744171878216,10,194.8168711718956
1914.253353118881,910.9838852336097,10,194.82464683678282
1912.8470731508773,907.2207333542473,10,194.8341544425079
1911.6158527655505,903.0057616915498,10,194.84567217222988
1911.2946792697112,904.3592289168203,10,194.86362220157062
1910.7878310107149,902.9660356878838,10,194.87553394223352
1913.1287619913985,900.065677194513,10,194.90488588294158
1914.7673005843742,898.8330431690819,10,194.9226172573121
1915.0,896.2640343614314,10,194.94904051398905
1915.0,894.7484726788216,10,194.96821100695743
1915.0,891.525641234455,10,194.9980298907418
1914.9048201520488,890.2053428494447,10,195.01575997033325
1914.0128207823864,890.5365117941898,10,195.03596531009075
1913.2032150603034,891.2690939973938,10,195.05230347472968
1910.851088824231,892.4557858833787,10,195.0639148272397
1910.7415189140322,891.3453158685298,10,195.09563337478363
1910.6093016579282,891.5455926762015,10,195.11631679050893
1911.1509617300517,891.9889725282065,10,195.1373106846366
1910.066818940648,889.7170838179765,10,195.14248425201944
1910.744521030161,887.5488434598489,10,195.15294417670117
1911.6233090515318,885.1084696904534,10,195.16634570908585
1911.9605815855964,883.3884341060046,10,195.19154931262077
1911.6242230308803,884.4437735899048,10,195.21022267482184
1911.8138639743574,885.6073721176593,10,195.23815639996388
1913.815398720145,884.7676266445621,10,195.2730846005084
1912.4788039250652,889.2214310867179,10,195.29224020468502
1913.5059037665999,887.0495420523107,10,195.30843442659696
1915.0,885.3978857642306,10,195.32881250576057
1914.393060037986,880.042409753731,10,195.34940090380795
1915.0,877.4949233980298,10,195.36761750447204
1915.0,877.6941690388502,10,195.37303821842406
1915.0,877.4624071126445,10,195.37862632196897
1915.0,875.2748678052648,10,195.38524298837282
1915.0,876.2136561031111,10,195.39029472047997
1915.0,878.1451505214241,10,195.40091941607625
1915.0,877.056381840027,10,195.42571827136288
1915.0,879.021070580268,10,195.4367114350181
1915.0,880.6146690029531,10,195.4479917702986
1915.0,884.3089192740015,10,195.46119133272697
1915.0,885.1539434169716,10,195.46930973360355
1915.0,887.4964211067532,10,195.47601210270577
1915.0,889.9007358249778,10,195.4798808819493
1915.0,890.9408194256819,10,195.484147378584
1915.0,894.4162566781495,10,195.48804296371134
1915.0,897.3768280740837,10,195.4910967890083
1915.0,898.8843729191336,10,195.49557364745556
1915.0,901.1897107130902,10,195.50202055119712
1914.9115219239734,903.1518917626464,10,195.50647500760937
1915.0,905.5519514737078,10,195.51043685824087
1915.0,908.6665841433118,10,195.51268221099116
1915.0,909.2354093626413,10,195.5158908153827
1915.0,913.4143324470465,10,195.5184302672801
1915.0,916.2572466260308,10,195.52135270569966
1915.0,919.6712337142155,10,195.52332316617978
1915.0,921.8493201797429,10,195.52558231530472
1915.0,924.2665050027717,10,195.52679795228065
1915.0,927.7552409716585,10,195.52873610287202
1915.0,930.2425231583221,10,195.53176014756602
1915.0,932.2319433726567,10,195.53562697091706
1915.0,934.0537111214941,10,195.53876340008114
1915.0,934.2264939135915,10,195.5433042300922
1915.0,935.2059016896369,10,195.54795848058848
1915.0,935.6654383227287,10,195.55325043180156
1915.0,937.622268266756,10,195.5582633188819
1915.0,938.8903067834418,10,195.56404458542943
1915.0,940.0438204451209,10,195.57035417115628
1915.0,940.3027669393952,10,195.57893903742462
1915.0,938.7052120549054,10,195.58714976393495
1915.0,940.680483499092,10,195.5927396684186
1915.0,941.8739383893713,10,195.59776377105769
1915.0,943.8581819312953,10,195.6054575885646
1915.0,942.8571911194749,10,195.616983885891
1915.0,943.6934401320208,10,195.62333692070231
1915.0,944.8667000211759,10,195.62974612697667
1915.0,946.6648113397223,10,195.63766095221027
1915.0,947.6331921011017,10,195.64555783819694
1915.0,947.3394014000106,10,195.65599581801618
1915.0,948.7698075384897,10,195.6643190576597
1915.0,949.5401774393815,10,195.67727728871623
1915.0,951.9154184069905,10,195.68773546838327
1915.0,949.7166073797051,10,195.70104182408946
1915.0,950.1980996672468,10,195.71084879443399
1915.0,950.4397257408856,10,195.71920329990888
1915.0,951.7252406318141,10,195.7270902994791
1915.0,952.6625493297341,10,195.73794973350212
1915.0,953.1024226014434,10,195.74880227765945
1915.0,953.3849360228057,10,195.75821169910066
1915.0,951.0162014593341,10,195.76619562576846
1915.0,947.0560880232713,10,195.77739428964153
1915.0,945.9658045951953,10,195.7842992043611
1915.0,945.5318698597621,10,195.79140112524968
1915.0,943.4867651570086,10,195.79814737571706
1915.0,945.0683786078722,10,195.80152693486008
1915.0,947.5765759416197,10,195.80382963729335
1915.0,944.3561089632868,10,195.8087157586307
1915.0,942.2956035028013,10,195.81632957108988
1915.0,941.0076106822114,10,195.82234247997255
1915.0,940.4742701453451,10,195.8254125381068
1915.0,939.2044428610791,10,195.82884509683478
1915.0,938.4151743340569,10,195.83502059147935
1915.0,937.3094595407636,10,195.83890749332892
1915.0,936.9910364861925,10,195.8460464244174
1915.0,937.0033965829293,10,195.8542305613592
1915.0,936.0522007027822,10,195.8583596808751
1915.0,934.6404687249453,10,195.8667507005516
1915.0,934.1014970139602,10,195.8724620077292
1915.0,934.6022388443324,10,195.87812880030037
1913.156609189999,934.8321256828629,10,195.88077407459298
1912.0377611848976,935.1556166956663,10,195.88635819870547
1913.2520264566538,937.2684712521669,10,195.89324760240032
1915.0,939.5373592854527,10,195.89919103701658
1915.0,936.707421525895,10,195.90714018183039
1915.0,935.3611738777594,10,195.91413428412142
1915.0,934.9699863121463,10,195.91950992288298
1915.0,937.4393314785959,10,195.92558869397632
1915.0,940.2899595993601,10,195.92902087679968
1915.0,940.4525878391821,10,195.93559699470413
1915.0,939.1883930200173,10,195.9432677196158
1915.0,940.487740824365,10,195.9502862338329
1915.0,941.8030783104136,10,195.9549761922471
1915.0,941.1804515570839,10,195.9609351330014
1915.0,940.5958513369401,10,195.97016384995132
1915.0,940.8843767323356,10,195.97978730782833
1915.0,944.32010450798,10,195.98309017719393
1915.0,945.544397452762,10,195.98980476302134
1915.0,945.3799966093962,10,195.99749957602697
