755.5,284.5,201,637
757.0699260949609,292.28865118829845,192.34030956925392,629.5953569210983
761.3687358787562,297.58046459864727,186.69992805919873,613.2592543270175
767.3154298933327,299.2447331083318,181.24151086357185,615.7603448895326
761.7405943536849,301.41569249020955,181.79669366508423,602.8863449865781
762.2224743465339,300.2192361174666,181.2467499216705,603.4428135663729
763.0214011761318,298.87473449557103,180.30081629204312,605.927191838523
759.947538665464,302.24688146574806,182.13371259145688,599.9352684259773
764.1626226894595,307.9733606724965,180.52905419164986,589.652258968872
759.6566350023936,309.36665805398536,181.80835238457092,581.3015514507726
759.4640314797648,308.74399194522357,182.55768307476797,574.1758275971968
758.9480485823233,310.66715328506984,182.694967571202,571.6893200430213
759.325474696166,307.0871713865038,179.92536517019587,576.7586861465048
758.4270171376503,309.9325351531169,182.04768155421613,574.7886195545984
759.0822785512446,311.5879339521017,181.74941704082846,574.6430090453725
758.03534010855,309.3843193813898,183.85210520044956,570.3133732035978
758.2547055232067,307.5878237499967,183.72330825813125,578.1664082749328
757.4130742999223,308.78704993813653,184.03290058639828,583.8777378174332
760.9577712946094,304.78978706767475,181.7885125836367,595.7761151422922
760.2690796234017,303.96186836761257,183.16336638809702,598.3903726993802
760.3283350576318,306.3574027902184,183.78081200852517,591.1395131187247
760.8082322245291,304.2341499142841,181.7936802990434,595.1731182615194
759.6618328731989,304.56433531580336,184.14594124948624,590.5903826295688
758.6513350278201,303.30020425781254,182.82568725902678,591.6643571221214
762.790549069239,303.35333437081476,179.22736053565757,596.5107014544756
761.1056121193446,301.9574512587261,179.88987002521304,603.7262364120847
762.178357159279,305.9599505314211,179.5968911770469,594.9393630573509
755.884418907457,310.2912417913371,187.6119825605877,579.2944937704827
759.089234889173,303.3097248897764,182.4250046232357,590.134352003433
759.0639791934091,304.9689026738561,182.96631262217943,589.9674669683988
758.770060224121,305.1567055187143,181.1682366533526,588.2262865494278
758.593659125026,302.26940044111893,182.48418113841532,589.9561116188677
758.8119060794037,303.83106818269044,180.65963295745559,597.3298008019523
758.9502794108472,301.19192694406956,178.61072841475698,597.810541726958
761.0988642960209,303.518640247122,176.1381684552871,595.6107369583556
758.7138397353041,302.5610121054564,179.21008338096098,595.5473590561477
755.8860605935685,305.1359870213024,183.11793262257115,590.8462596253287
756.061955912916,303.18846250009176,183.8770563296075,588.1078379492019
755.1121414883814,307.39170245724637,184.4767952928046,587.7851528977636
754.8840994184212,308.91606824147146,185.71966144199928,588.4883203745716
752.9168478094255,309.0480456722881,184.95323116655584,584.1068165604394
759.5572514446544,307.1125123299884,178.42609584606396,583.7006060125849
755.10057950914,308.4517861251853,183.2311641737704,584.1319241618066
755.545874978096,302.589490828748,184.53172251977588,588.103809988746
757.2442715476982,298.3944360503032,180.51836491474185,597.7885425079502
759.2010189808368,299.4548063324937,181.29608188755586,604.4739226199961
761.2053857868851,300.9339853105618,181.2697775803412,595.1529244912373
759.9997430655671,299.3837106129116,184.6617751884745,586.0248023122922
761.0617180327664,298.87636586282264,185.1654753061727,586.8140644683475
762.7255129607797,299.4593023625154,184.05648080070847,580.3603531966384
762.3839493164777,299.5966109608232,186.6471343870767,585.757144255519
763.3913246528308,298.5527397566831,186.47005922988225,582.3900033698828
764.122516369254,297.41401118013516,184.53777757986455,585.9636418196112
765.341485503978,297.4061521573064,184.32174336874587,586.4969926676064
770.0634794346399,296.2147098898407,181.41356629690924,599.0416450671496
768.466312370508,293.0956774527911,182.67228582845937,590.1891125130536
770.3317272682109,297.0299762200659,182.2980611455722,596.3024638811323
770.0082024243284,296.5403277269304,183.7568595760814,592.1363756189965
772.6162802012235,298.0233576047274,184.25168004465345,597.7407145935388
768.2084407424719,298.8696834869311,189.18528618367168,588.5776272811752
771.5720166213779,298.4830844141907,187.67544469759417,596.9161053840247
770.1178206885152,297.7567985455492,189.6390021262851,598.0556661606605
772.5898519037473,296.4252611263023,188.87119897558262,606.5509250160972
766.8300374157577,294.9811246481891,193.52468967395717,598.3473691503478
766.4772758711489,297.5833702407868,197.53114061390315,610.0589489427128
762.9608988091802,300.5071697787427,206.55927928451763,603.4880112421112
757.255459714599,307.3029689334316,218.35884681863143,602.0683081137346
757.3857966197979,299.65088056345303,225.1626017112721,613.2327915460573
749.6918234930453,302.1085008049995,243.23509217614605,607.6533543965618
750.6662706801004,298.159548526402,241.81805755405918,615.8143677561684
754.5343993442754,297.9035196682433,235.4631411208962,619.7616008491535
754.6554824251195,297.9932505108021,233.83520013655402,590.2055953006598
756.287446198228,303.3731552388375,226.1494981883116,581.4486979187102
773.6612115102718,307.12770068513083,206.33010729293724,577.233136860746
787.4452080251147,311.1955945144774,191.90270804446322,572.9839017646059
790.7631044702958,310.7930606622192,192.8077366280093,553.47763163443
785.4587242318934,313.4000206313764,189.8498982098918,555.3017879960555
796.3917043809506,311.8267656974766,187.18495913929317,554.2304120436279
791.2846789390396,311.091459535784,193.65977457094823,553.8709192444535
800.8713671400438,311.94198625696134,197.6299681647385,551.3038905084303
791.022376592042,310.7684634901981,209.50993020260722,553.3696899837464
784.9665499792496,311.1142197564835,215.10651704140884,562.9801788310904
792.2013310037406,303.0283204525251,207.48569781160808,581.3460043937405
787.4068929340638,299.43423625567266,213.052888054236,583.8233771276648
785.1097007528575,296.32959307291117,211.86164815252056,606.1776515781205
788.7189720580236,282.59316138425567,204.64292035442423,638.5091741681332
790.6321094793057,270.86454859750506,196.94487631226085,657.9315116497935
795.7876732122722,263.4006460140753,190.012787134343,669.4422979147487
795.4784152171701,255.29338224280787,184.5122904281215,690.8038784704995
794.8295069235693,249.53172806779264,185.94496209954886,696.9184109856217
793.2203601220087,249.6571106379356,188.17614063148437,697.8974453395504
792.315306832105,241.5203868366334,185.81540171916487,715.9388477909868
797.6220624369887,243.15436494352582,179.24814884511852,725.3555192348892
795.4542045123428,229.22407015565273,177.13825615607743,744.1891787938735
797.8861204881283,240.46099352851388,176.09294972623601,743.632939965876
791.2228086649858,218.92527093979197,179.19469865703607,762.4527425362812
790.4690593235684,238.39632723121247,180.39488384070876,767.1194562679386
786.5279979117773,214.12322522804152,182.575900853846,764.3656735646214
793.2014475024447,232.53834866496663,180.58266684952767,765.4085775672133
788.9438495164944,228.35816228482514,182.77769616359663,757.1374291799438
790.8768914032423,239.03996103504778,180.30398674276665,755.5168346639209
784.827909972983,232.30793614201167,184.8680016041058,740.4355510514478
786.0359267532322,248.50560729832023,185.59456762052776,733.5778268837239
780.7560948904578,248.0507891533884,190.20031925811668,724.9109862169229
785.3684644749258,256.30095039590464,186.029935599858,730.2479485011332
780.5130912513857,260.71934974611736,192.97954280238798,718.3453084389098
775.0426054117693,270.0845404636062,202.50767870231942,694.3639471801579
778.4159024283731,292.3877851863947,202.86466595863124,695.9820574044829
768.996445684152,289.6704578919975,210.17132005482424,675.7928971035304
777.1464037019535,299.1302417491087,205.84112023148003,669.6132241991625
770.8920981669239,312.385061380486,211.41051094158468,670.6631683744525
767.2617705784795,310.07497070080524,214.56855762697043,657.9662819208454
769.9723915471195,322.69300758549514,212.17621048852357,665.823757364381
773.209014987329,321.84097453200627,205.61531240190615,674.6735225324537
779.4635340168634,330.61005829411,206.08742246701166,679.0219784887313
775.3714477627909,329.3051418862515,200.9896898458386,676.7006922456471
773.2863276002388,337.2736716774277,197.66353184519383,680.530102657197
769.9873232820268,338.72214915384507,193.34906149420266,694.3206401437367
763.6896829959794,339.4783888451909,192.5161816771863,690.8674040819992
776.752147702758,336.8948492804002,182.5534899977759,699.8127714746781
765.6489661385539,336.390468560457,182.0960185769042,706.9937929291567
771.5834586107047,326.9228098152608,171.91475995434672,713.0534005105445
765.7245499350614,323.0357680231747,174.44993893616555,702.6305243111944
776.4019049633099,327.82967564502985,173.08488537378554,697.6717337453993
765.3908129195877,331.07456566458666,181.50899997953744,693.9164353270105
762.5706111252574,329.1312009011694,180.50669948772995,682.9994305278184
772.0516981491386,335.1600009425189,175.376168894677,681.7099315628486
761.2616606126153,339.821515827279,184.27843214874162,653.500117040455
770.3501894174742,349.5664498973304,181.9249475629062,650.7889241846457
765.1341855465629,351.43184694728893,177.9493215193611,641.5538921902837
772.8507200497618,356.91746055346954,176.23741768012871,638.4970754501991
765.7028260999792,355.4960491405846,179.0491624946289,615.0684213313253
772.2361424646276,365.89031311351044,175.77080084951263,610.0436437928735
775.6619669919799,374.6594837808715,173.7018291826522,608.5942913917861
772.1482406135137,381.32127041492356,179.22165244415402,611.125899494856
773.1402064605112,382.95970266598533,179.41717040073382,630.4337127345618
774.8100693809916,390.8001933816886,183.14139717322797,648.3410460521422
768.3229138658546,392.49472644629225,189.04302215090866,658.9535133850379
769.167132731469,395.30932472931727,194.4385604580441,661.2848430685367
767.9075132013023,401.20884552473035,208.01138425618373,657.9990172634123
767.8913648809665,399.14638428296297,232.17940048272152,653.7846974774665
763.6248588635988,394.714957161611,245.13237418108167,663.2056493578646
756.1975284865359,390.2428275965517,257.21588845231844,674.300415230743
745.3081022557841,380.33083238193757,273.50152078450316,675.9807991548045
743.0586640109699,372.29472031557634,280.8794001328426,674.0997180993188
741.7019966926562,370.47855084660284,265.80532555670607,687.9481485543297
751.1769393419121,361.45196693792275,260.9805760995166,679.7285195655188
753.2940136991247,355.1234351763683,253.3097628732472,669.5840144428676
761.4336951395477,361.618173695373,241.99813386188072,663.1048711465314
771.6714428929594,356.3068951061605,225.75758188354712,660.1149011477235
777.8872765567448,353.16971104010133,213.1022697803761,661.6353614816558
780.0856066165306,354.96511993073364,204.80424574947773,649.909811957647
790.2925910222866,352.3596465569537,192.10723151431046,650.4844634578973
797.9609425694714,350.60967300990376,185.39859589486662,644.7126370148553
806.5888430094739,347.0867147036838,179.038668456307,631.8621079607524
807.4603000436149,350.29192197485656,178.23618774889135,611.4599011071875
812.2283131495086,362.49804422633645,175.60789657264533,591.0818410185134
817.0096267200765,371.4827897298114,171.73362847622582,572.1098872076644
822.2029190522902,377.0194075614988,169.66208363950773,558.0652945034748
826.8852928958675,380.27330023866875,165.11010328236463,549.8731954189852
831.1659757635316,388.2356886389648,161.94294767391233,539.2793669886119
833.0626560878812,390.1862148625156,162.017704450464,506.93117930654284
840.6133371681426,393.6315754537996,157.00521125682837,490.91148576977014
847.6777107253292,396.9709379869756,154.02729503300446,477.74633931045446
850.8794831028476,403.7376742656881,151.82967566505766,474.317594676717
854.315038787942,401.12450950577863,151.5836008481437,461.0932259731253
856.3962693460533,398.81978403782966,154.1586697810319,449.5509309626345
857.8506078457622,396.1139700205111,157.91674205520914,445.5030640604858
854.169060364152,395.1625671791448,164.98889834121042,438.64767909125237
850.7303655815887,402.7560683904798,173.86518102212102,430.98159788589476
838.0904789929391,404.883093310134,175.69492787657785,425.8367374620372
829.0148385218267,428.0607648624566,167.4632648750205,438.65566270512136
830.0091556919949,456.9816276194517,161.04710835551117,443.299310464747
811.7123055117424,453.5306306698826,164.1695938501348,426.9136188729858
841.452381721831,520.4989603371664,154.73666903274335,431.5282514149302
841.9475935319596,521.1638269408645,156.88252199654497,420.5256512025635
869.030576312409,561.3942776371582,146.0186969180192,418.42723157757644
887.9488428314079,564.6204430853704,136.1027613462123,416.4705511318044
882.3006431610462,570.5779737116654,134.15437762458146,398.4723055578189
891.8442872927687,577.7230164599345,128.23755046427647,389.45030221449457
902.6033990324248,573.096882420261,123.17490158594234,374.93852539500097
909.2976818152081,569.3597398532676,122.31061740167854,358.5949536901767
906.3711250113464,574.224248155076,120.06977951757523,345.60511375254737
913.920219224549,575.642735989956,121.21820212446707,326.9744914292331
924.2981323626005,582.1048599510292,117.95083949768703,322.38075446036873
915.3500939322734,580.9390045787063,114.76500242689511,311.8083148664505
923.7421350052452,593.3047972600731,112.71272768708138,305.08763319961594
924.1367125747894,590.4454735487996,111.81551837345476,302.9086956738206
931.4756477023477,583.501855389364,111.98622789202268,292.8716388924243
928.2395517909974,599.2695805353942,108.81655954811058,287.6881673569037
940.0049359252562,597.5340928741011,107.18329433088006,286.89385387168073
932.5929495862586,605.99777091039,104.45277428339273,286.80915694787717
938.3852894807462,607.7351296010545,104.32883099486834,283.46347032213174
935.9206276057978,616.8363659298751,100.68591032238182,280.56083825995944
944.4720123007933,605.7325328393035,99.7140480426745,272.50395327073636
947.4456516910689,615.1308824272514,98.41169809305512,270.00948932395966
945.947962241139,606.4516247875533,96.60508216689823,263.13936694169735
943.6991135178059,618.0568458619705,96.1576485203664,257.1310480956572
943.1067333018683,630.2500375767484,95.7021568972364,255.37259345935297
935.9441287852137,620.8385797486078,91.55799610339487,252.16645074482412
945.9903475842216,625.7201826577862,91.62203178812021,241.60555786099707
940.3612678317671,622.0799369268373,88.32582769789936,235.14757374950437
943.7294536479556,619.8730308998175,84.91959316980044,228.99375779141081
945.4645421690996,608.7839363224473,82.75043834292615,222.20594884273189
945.8041948424326,596.1599578039475,79.73113174545367,218.23209668712298
952.653968227929,598.8620539855082,78.70269518085843,214.42113448536466
959.7339288049794,605.8293544875767,76.17708498441509,213.57286348492818
960.1215052678539,603.5581007536217,70.6157558983405,213.45374203324485
964.9453089017409,589.855688990263,70.28180023156457,209.299036039665
962.8050183493358,580.8906128908641,69.9100508156634,204.70405165727277
964.0644774906334,592.8247056067596,70.8476140892239,202.088073253802
974.9857192306881,612.0318362186299,67.75283629754315,200.67847222731368
974.3894708700037,575.108569532623,66.7922197826851,194.08167208761057
973.0639291562651,581.9356525878857,65.07583423152137,191.67224800539478
970.2739467225406,551.9401485122945,65.67879613444072,190.50072751857596
981.0478349101728,610.232199148922,65.0420119748225,190.3538816240862
980.7149311467316,613.415766044197,61.18929404698667,188.2561308319911
982.6747004504577,605.368969462693,57.55026174207769,187.5347461244801
985.8304919707166,592.3585691866456,58.03520961755554,182.76961534260178
987.6458524980387,606.6822051686745,56.771999946105865,179.16359311159766
988.832038029637,613.0965494875484,55.28828425638302,176.78184696025227
996.8409372785089,596.7428010448681,56.66258776253074,173.19390344007607
994.530149318875,615.3738984591262,56.39853967591872,169.11601535155634
995.8850405615104,604.7427276858414,54.31519246371009,166.93632832215545
998.387641663087,598.7020694996243,51.58970196060649,165.2831681519475
999.7634990986952,613.057428796926,50.785622828206485,161.58527614780112
1001.5731028162043,605.8798952373074,51.629992432082894,156.84426606887655
1003.3810508250303,625.3841994203614,51.85400566947864,151.79599022844354
1001.6100188762233,623.9800242084236,51.76069326409768,150.94345414088173
1007.659512330954,611.4808850681336,51.90842097914016,148.5696375549893
1003.5638274150375,646.5624416454402,52.87759451852314,149.4889479574925
1012.4053551997536,618.4151483921265,54.060100440037374,147.91622040663037
1009.7745460382296,621.7702928887976,55.011544923205804,146.16437765153563
1015.7403649886833,636.7232523360973,54.54461508454595,142.76311499530243
1018.8056606513372,632.8124012893063,51.95916952965653,140.57083361173247
1019.6090336826855,671.3270875397723,51.96354715040063,140.32100215742707
1018.9185058433344,629.3766970140961,52.637057498176745,136.61317179483314
1026.6442021916878,638.2288717018976,51.97414122266792,134.89368895551289
1026.0939172410503,647.4663238721395,52.30152924316725,133.47859215958323
1023.2570647216984,651.6619838502814,52.805844458348595,132.23386118047867
1032.6605758102496,651.7007566658232,53.89350826960062,130.11712664327408
1032.0694126282249,650.8290847945307,54.16232009063369,129.25194673379247
1039.6049067188603,655.59391283333,54.7324440923098,128.62264626595788
1029.3095459839517,646.6410116402809,55.082916324001204,125.73534938659323
1037.6880080315673,678.5755964018707,54.347582097649635,126.26696707398911
1045.6602278825355,682.2839643901043,54.90520332993917,125.55805546101939
1040.3535924061398,669.8297881494841,55.44576370141745,124.37789521460877
1036.6421065574814,673.9277241929275,55.91608096415943,123.58278180350185
1046.4437822103514,681.8587117158037,56.22020813324608,123.14822215573257
1044.7561098842432,663.0776876292725,55.34217968254349,122.74294854807107
1043.150709755479,667.0585044486314,54.942609544681254,122.31744926860117
1047.9742170039335,697.696942128256,55.7272938629992,121.95091415853172
1057.896341011123,675.4434402419581,56.20324717802117,121.3686894112611
1047.9327097817318,710.9741398031135,56.30683067314563,121.73816747797039
1058.9195992915581,680.857104300673,56.86095956626985,121.63786834385589
1051.2018556018654,681.5941791211498,57.162965357076644,120.99033061073723
1060.8765581406171,724.0924145702115,57.307967936911844,121.20858095222894
1068.8852917148176,738.491061523764,57.40356589688903,121.26716251085216
1054.761791646272,681.9430735077191,58.627388927516854,120.60895853353995
1067.175781629213,746.6650948152114,58.83386704130358,120.63099238838474
1058.585520837096,697.2627474159233,59.332692553812095,120.77479495821017
1070.185892127245,680.6794375182984,59.53887582653836,120.49613292621464
1079.0842621774216,747.3329230911216,59.53881229663588,120.78774810611712
1071.1622007509561,722.9171386417523,59.4892892272665,120.77414950932692
1081.0986687242482,695.7525883443647,59.76740058005517,120.49184095097503
1069.0449044179738,682.063050736237,59.91333879102735,120.20073174016058
1079.3048324183396,744.3488263933775,59.95198135526485,120.47018999535828
1071.8947978682058,688.1369337569263,60.553470306974404,122.62855619177742
1082.3203207298466,663.7807152798516,60.84162010560629,122.53437236845627
1077.579231522319,664.3542435362829,58.992774547926075,124.63232320685245
1080.7010329734526,658.0388933521713,54.7522649441227,125.7772592770763
1080.3650633619934,656.1951873079119,53.42690454030075,125.07730739633189
1081.014319782416,651.8597480307942,51.880273927158484,123.1892691861868
1078.8156681192054,658.2517407368633,52.42038826594238,122.71066849764935
1086.3906452901192,697.5456022563715,52.73991085882156,122.49978814469165
1093.2057023831594,655.1738783491994,53.185428309757505,122.1212125652187
1084.6743365877414,724.4579286526292,53.32463946110062,122.46007662867525
1093.4754952810274,679.0071996251194,53.73486810426158,122.23142703386614
1102.5586857511896,659.7106456755062,54.061520723500294,121.85060509148295
1098.7195825783836,692.3456980475288,53.112639299858316,122.15680918394355
1104.415000311179,699.9297122904651,53.26560632227017,121.95997738147506
1111.0997551070275,705.6966676787116,53.77353584606104,121.28448415142897
1100.0107415296777,662.7039923100352,54.83471288491838,121.07958286719803
1111.0670126101975,719.7928321435589,55.14109105452048,120.87961808413829
1103.0557011558533,685.6042865744836,55.448707714636015,121.13226474416382
1112.3687493605653,660.9823126153725,55.76254508800529,120.76601694627989
1106.208154002914,710.714581829574,55.88970199487099,121.86357004620614
1117.488830002499,669.5502313457602,55.994583845901346,121.81039870441059
1110.6468099660788,723.8714378627574,56.36653238365562,122.05710152434641
1119.5830785181656,696.3191623223313,56.170190740912126,121.7850781618574
1109.6220720195006,731.3862010800119,56.39306856795562,122.15800416521887
1122.307095752168,693.725433214597,56.45375391345548,122.51982053892654
1130.481922702137,701.4893191889846,56.41319699118943,122.5742725407851
1119.7452703827937,688.5512940205855,56.804947877897355,122.00902932356877
1126.463480536188,687.9659646784778,55.51113300170517,123.63473122839065
1118.931532414897,667.5535983588502,55.823192248582515,123.21154085427528
1127.0248869436252,714.9136986573506,54.866864192938024,125.25054425970916
1133.873040080946,693.0004286909802,54.49779881146678,124.97283082461996
1128.1435922171213,699.700671279384,53.94822538225082,125.02700043280478
1136.1542329547556,704.4040869588595,54.4562701176647,124.364065908524
1127.0484155847064,740.0615552137525,54.54617634606008,124.48766222561112
1135.2844230892638,697.2610175905281,54.84634524098365,124.7640448583222
1129.7938195487372,698.2886512631418,54.34416113681113,124.25754335919983
1134.9905052967406,705.6607473702534,53.21802357384347,123.28592160010595
1142.0757515750554,732.3557830907986,53.89727120532938,123.92602283610867
1130.8150096745346,704.7255048725854,54.528445502664205,123.10774255795502
1133.076805193576,702.5202343174282,52.21082160493138,121.64770678021844
1136.24029415005,716.1437971640557,49.10503991318887,122.4989756609037
1140.6947770861655,730.9152797870408,48.83348538833272,123.49080487783789
1133.0864470197473,711.3848977558808,49.649526528202436,122.08172336284186
1139.521963354682,725.0166206248803,50.33375158856689,121.15860495017402
1139.2305229659833,716.5030189671511,48.08946959827195,120.52654767410542
1146.0119992160185,717.4764907990435,48.503665476512495,118.7729032541013
1137.602247972902,738.6628247266424,48.7198777887462,119.45898831546316
1139.6851906192887,712.6046141123559,48.43651946807793,118.77972280700392
1139.8349859997431,717.2909454860215,48.53652425446249,117.84965158228191
1135.8641919052975,743.9805471470563,49.38473254477981,116.96135832548349
1142.8038281142817,722.0770797228424,49.7793931931798,116.53768044508912
1151.4643345583618,701.4986314913682,49.84234524755977,116.46651137073765
1156.3684506524382,748.3169115992589,50.47371269801738,115.94087826929713
1143.2092886509365,723.0083209060311,51.51203788735974,114.48023113789266
1144.496295775744,735.9732696277784,51.45818087352456,113.32188425366932
1150.1466829579488,718.192506118838,52.11904761771432,112.46623998748956
1142.5096294048403,743.7444943046256,51.83947783757023,112.68851916468917
1149.7289370472558,750.210781359693,52.29167775570411,112.14913218418042
1146.9792998695102,720.7204319018739,52.135522378461665,111.63128703755979
1140.676266444358,748.8247806060143,52.37271233973439,111.6885276076132
1147.826097700096,720.858469096379,53.062495927478324,110.76065094999828
1145.8896336744394,730.5119430995957,52.7961493427845,108.6383131421401
1144.9905942674798,738.5316066326029,52.797352128889024,107.99813473617124
1150.0343089823784,742.3426665152681,52.646888795422626,107.66145206952328
1144.9411479652103,720.9808630094298,51.96613924693406,108.489994312002
1149.9199691694855,722.4540112603512,51.78118797076214,108.65713379327524
1146.8604944385593,742.2437685136476,50.880631962722276,108.75748648851106
1153.808488312963,728.031067173536,51.53223094107493,107.73265890543044
1146.9644979810694,751.8453942387765,51.75100313559541,107.59977141253229
1143.6767297976799,744.8652982155132,50.04497767810383,106.35383935548498
1150.0341962331697,747.5825594440905,51.05706194136881,104.85661599821049
1156.1558691408009,728.5723887321863,51.5749193176278,104.27224505418772
1153.4591201457788,740.1954836307061,50.99624054949777,104.1294581075766
1148.8707051351098,744.2607633567839,51.21154671149611,103.80948200691924
1153.5737620433738,744.4528091643654,49.8667594743881,104.8495184855108
1154.5160453048998,738.999955466946,48.51036140417578,103.99692618348605
1157.4169108823314,746.7013723118835,48.19930328271565,102.35516410774713
1152.6810425473632,737.3624669182807,47.675784591565254,101.18298656821023
1158.4848976537087,761.2095861432532,48.211584017454165,101.99428501055735
1152.7521855458972,748.8585554205055,48.324452648938184,99.7876020586245
1156.375517522213,759.5745847445289,48.48503583397311,100.54217398828555
1149.3697171631416,751.3646626754667,48.84662119605244,99.22410309308967
1153.30991647074,752.8531296742404,49.13428649785365,97.55886284114412
1147.3545316384236,755.5107538984461,49.74998696924372,96.17776823505012
1154.0771985592532,755.6022218039725,51.03818673019915,95.183719245838
