860.5,349.5,39,101
856.0845976270879,353.4037292297971,47.29993116304643,94.2643104850442
853.7107894252806,355.43747332779566,52.34628350714109,92.73476529401543
852.0197932337776,357.3698815949009,56.459395457724916,90.61678691682141
847.4700794891816,356.20548423863977,60.98537346868639,89.81077308154254
851.4693188991985,355.1047014905208,57.50847045279073,96.0373683946724
847.1059427128683,359.49381280546464,66.48905940512219,88.73324281311436
845.0817530501627,362.66288893742984,71.10420011303519,86.15993602301303
839.1231002289959,361.82115166174066,78.81252320818732,80.90307885855904
839.1491136512847,365.2622207543204,83.37876354953372,81.85583671584386
839.2939333193282,364.00203866902064,84.62177811457856,84.5408764359385
833.3731097399667,362.91930191193165,90.16270460117985,81.15403745049332
834.8658244268767,366.84037822146706,95.07577312756784,82.82042711981629
830.8527332480186,362.4988375353573,96.66464123672472,82.96911385570652
834.112808944714,365.30350283604474,96.5778915992867,86.86067232428489
834.1829639529378,366.9948047422619,97.9862793829186,85.48417888788958
830.7662406604724,362.3259995515702,97.90100821117375,85.24425684009846
836.7873221050858,364.5278630846194,94.45725773044926,91.79440116061701
834.6927206812422,359.3251253655737,93.20027396377543,94.0857424459462
840.4405473556963,360.0222445090209,88.9425527535085,101.38293399220338
834.8256517255749,357.9922854451195,93.0640902756441,97.92631665044851
840.3549158014333,359.51143537097965,87.12388354995504,105.74478933851466
836.7084350935602,359.5446610384305,94.65757243083164,97.43063036573972
838.9533876363445,362.87809238414764,93.27731464982631,100.2313877035387
834.1416696527132,358.7647231379557,94.35513800343118,100.25924390565677
839.9106552714165,360.4914925495104,91.2093267752224,106.6110880155079
833.6114129648126,357.3706837576257,94.38052222922042,104.59033923955712
837.5320642060393,360.17180567297953,94.60322342748775,109.24641397099612
839.7368028040029,358.75748778393194,90.26552913710228,114.97642288253171
830.4093574642728,357.9444123740063,97.48648444941615,106.44934607173825
832.9881084013705,362.3325794102379,101.54587851025137,106.55701200913528
834.8370381170347,362.30586650317514,100.23665792148071,108.26763797774515
822.2672082214111,361.4219090242839,109.72047924520942,100.58354510809266
827.7591790380112,365.484615128157,111.03534722013765,103.93564889813103
824.4109684608397,359.14200796195604,106.61311948324362,107.76714629752723
827.9016070981161,366.062177484618,111.90584398292678,106.91364750241377
825.06381901673,357.2976525129726,104.59719674129376,113.1162979252624
830.9168092625855,363.5801795414642,105.72927704190128,114.34584413074786
824.563627316051,358.6124576848752,106.60524480944517,108.84402695875772
829.2300872559974,362.57014296458823,105.32398393170635,114.8682494737806
827.6463118950767,355.4324203152466,100.38595787235029,119.2230489605378
830.1346064195246,363.72929167863316,107.70759103024693,116.20951109359198
825.2104356582763,357.57438891682347,105.1289640596168,119.83061767300714
827.2445976463182,364.8769351949595,110.38783749096712,118.95914458936335
823.7298514186306,357.08472032032637,106.7600598950727,121.85794521108102
829.3891162407268,361.23366185482087,106.8090029559183,126.4051859859897
821.6269336038573,358.0788189252383,110.46203815962289,123.09481811111895
824.8613168845576,365.02669722706054,116.08673736488836,122.45763724632933
817.2364213491921,360.7926207396971,120.16902657603808,118.15903243316828
818.9047128846778,368.3207137291629,126.07546130541179,118.13025795421275
811.9853713801898,362.0493976506668,127.96892998540487,114.62436297772592
812.2510609116798,371.6213361728475,137.0084695721858,110.37313492935277
820.4427091504361,368.3406764192118,126.64471189603506,119.00319000234322
813.2964932171142,362.67515983694125,128.4912219407954,116.22809110828578
819.610158546649,366.63694005616793,125.28612415794157,122.64848659603955
814.7608702796214,360.4035282239512,123.70954819968179,126.71705563719847
814.4376303276418,370.3021416866188,135.82266098311453,119.08435330231976
806.116258600752,365.89878873896237,140.59851077604873,115.11220436399987
808.9471747150192,371.71744986680807,144.43890037754474,117.85630915045229
806.8231097562815,363.02127659620425,136.0820869322616,126.45338086237575
813.5130643336454,365.98735762671686,137.25915571623105,133.1597606790467
803.2401586297849,361.7848710569234,141.40700234451504,130.32382695797304
805.4720832140035,370.6723049403837,148.04446029998263,128.77255425706454
798.9336613855037,362.4525852165991,145.16274732979934,130.83730930771313
800.3594641884465,368.9724830766695,147.93266292147644,132.82667106205255
806.913292223902,368.0422080636789,141.8984863064324,139.18411264943808
793.408848484469,362.5235272350917,152.64754168919725,126.5616969981642
797.4650454734992,371.2272607254866,154.35611443122013,130.29891855748568
792.09644177163,363.8954247550243,150.72011019415243,135.41137055973527
793.6265696607182,370.97027654189947,157.29898197341512,132.6708569477411
800.168635308053,365.04333922226897,152.68247833479504,142.42998639678274
789.6751991002634,366.9532614176693,150.3528570963396,148.3766272562213
793.202900973301,363.4879778942169,155.47896039484215,144.1011519490067
794.8330961270486,370.00890097158936,155.73146649808288,149.36512920666684
782.9935303980071,360.5837589211827,158.6427129799782,144.65183511867912
789.0084380607744,369.5238965214936,164.1047763080531,144.44300461782544
787.8177506258153,364.3504315744428,165.64394648462817,147.60466498540725
787.3615868396821,369.7859004265825,163.1953085862275,154.91487504526404
770.0591992432295,360.23147316204694,169.76466903163913,151.22837844754054
771.490407301224,366.5246488400993,176.03108710076526,149.90831722936687
753.4958082083233,365.72626753212285,180.6573307836116,149.47425911574896
760.8549238052624,367.1592526822051,183.09095647540514,153.32246591091103
767.477104930948,360.4928445471471,183.98751983418683,156.79953173569294
771.5736124148658,372.2060822908901,191.04776702808826,157.2763291404736
746.6036704199121,362.99887382755514,195.90624658961238,157.76823227980503
764.0402562622521,372.24085007263835,199.0792580349741,162.1559040994634
744.0017627524933,364.16548861844507,205.26736876997464,161.19342532488182
750.4371807445522,371.4659804662817,210.8427819772342,161.27970578660572
753.0851404045254,376.3476507874571,216.93407205619428,161.1747838238091
753.3694670438398,379.9006507789861,221.30775570844048,162.00897514547498
757.0776000493638,369.9036808013914,215.77283625347417,169.92163557332432
713.8249544123742,359.2524168256326,218.54154258433334,170.52506232449554
735.8876594606639,370.71553487399217,222.85445945886264,171.68780649865153
714.1674607029036,360.2579765819668,229.15823902004507,170.37436762653084
738.1072776336019,375.884385081976,235.28219037456466,169.50182117511395
706.85661884412,364.01351126165,235.36988318548237,173.02106461814202
735.2849933241383,377.0366936597499,233.22845487653663,179.6993290366697
736.9330369259877,375.10437776862494,237.3918272985809,179.74017799387263
711.6938983110947,364.38861705169734,239.03054708936497,182.181838052464
730.0759879662078,374.19320251369584,240.52170055858267,185.17139218850454
705.3122245576988,360.556803170738,245.3915698682456,183.5525899147436
719.3306521021764,373.63213540774245,249.98357743863153,184.22242498380584
691.4073945558177,360.33903706523984,254.54919609193394,182.74756562367787
715.2523395433151,375.3054317730233,254.93833734898232,187.0567280403809
673.382620334036,356.3742037835082,256.73312775763515,187.61857849411717
697.3105680735482,370.9437383057807,258.4176172383015,189.84681611863965
703.0425929925134,377.0208783724312,260.1497953666251,192.19184168980675
674.8126780688779,360.2461429365811,264.15607640803626,190.81055705385063
689.1612904977378,370.6525900029079,262.0833645942973,196.42769019829194
702.9017787220793,375.2255163387035,263.9092833683217,199.76714173291566
666.4343966219029,356.1608139956781,265.8315880137268,200.71814930152507
680.2336767314985,366.22606987008146,270.52229359957863,200.9411884095756
655.6642919750279,350.2246470634962,270.9769952134283,202.05833777831631
676.9873949468657,367.54663156947436,275.38112198021264,201.42975712294876
689.1265930487558,373.2088196826895,274.84042907632494,206.63979842561224
644.4291478137686,351.32182609605815,277.3936352484603,206.28786325990734
667.3287475168347,363.7044699998537,278.4821652997156,208.22544399522508
672.2468071584196,369.0694893818165,278.82286790722674,212.5413966160511
681.904020703794,369.0670635893563,282.30915975909863,214.33387896793718
646.6712459643707,364.30657963347807,285.0230620048851,216.5885832464994
663.498369447148,369.7165283366893,284.63656252314985,220.56554507358248
667.4794620403115,370.0339690618189,288.1214005492833,221.98376408122496
640.1395498390561,349.0457331389768,288.65501122440975,222.81338790829614
672.6620200546126,370.92674260050046,290.3769594631877,224.97754160376047
636.8494939567132,349.40803918374894,293.6497816356534,224.05864049262712
662.0197932704419,368.52759621594237,297.71995993146237,223.70300610335585
673.6571396492993,373.7260225064162,301.62918684852974,225.34777013977703
634.2001737478631,354.045661794852,303.8688920849019,225.61476466361609
656.4327368954147,370.1458248979983,304.2553347331604,230.19327408520078
660.3795597005135,371.3126508642971,306.2699496759102,232.57830512561878
626.8810150603678,354.11272783461766,308.0359726405923,234.1352774504033
649.551973834191,368.8824465072611,310.81855330441704,235.9662257810556
660.4649251297186,373.1985060119354,313.7453538732477,238.52460877113893
664.4374243547475,375.13628683084755,320.3163722235212,239.11584611445585
623.0437015640952,354.86023211523366,320.10789416582566,240.23081522254182
653.5128401348198,373.20262215249113,320.0203945912439,245.30171548319373
616.3726023371826,352.22924101727926,324.1106851460529,244.52774706384918
640.5948246072712,369.54610251378955,325.83864260040076,246.34448289884207
646.6501760182798,373.2481548973722,328.5228236954551,249.68153380764053
600.2972704469055,354.28062603741347,335.58303934075826,246.1113642110663
630.3665117168671,374.1664000704974,337.8625482199461,250.5875645843553
640.7950763891342,376.57101354515277,335.8633789703278,258.56070801675014
603.1056813405521,350.92091938739435,338.66104815236974,257.9222845159708
631.7978666873055,368.55565301984063,344.72129649896556,258.11559342021957
643.423355417294,376.77175805030697,349.60975222483097,260.74626750262064
579.9443562792915,350.9062231388191,353.83597252043353,259.9958691393531
602.8458331197112,362.82481712086485,356.24600618617933,262.8739528801321
619.1541234395116,373.05928485388097,357.25897015627174,267.07519000590605
629.5425779285861,374.7334925722762,361.1367385674335,270.19558328474193
645.7750414623758,373.82435450330445,367.05689878487385,274.2274299834333
642.3499841818323,376.874944197001,371.41920966924636,277.94893883374016
579.5514446148934,346.4597263902007,373.6186533479578,277.5555573373427
613.5414277276841,372.08998218862564,374.5398551274677,281.47323424276647
624.4739609450294,379.71010501319876,381.2100269248831,284.11589332308847
577.3874037062155,345.98287470837965,383.83377558498626,284.4939642770092
609.84314233604,370.3139761710929,384.6318759416866,289.8534259312467
623.9843428356241,379.5693350411532,388.1541603700206,293.3892457992395
575.9306078650386,344.8453992621711,389.56627041073574,293.64625409087745
603.4398086832705,364.343682359529,394.5783168645565,296.0715077308603
604.0212797453229,372.60719570811193,399.20969291438604,299.123666386945
591.0860441327072,344.745035974199,403.001741005287,300.35967412735226
612.064937931715,373.0357939360691,406.5565370697107,304.46216496801185
591.8876819603793,345.39373449908726,410.7566595974102,305.28400180385137
596.6190294698584,366.9921313146195,412.7729392982653,310.88449769757005
592.4840842982533,370.2488372137535,415.403065803202,315.36457725006477
587.9706086053516,342.2570903938091,419.37613182288794,316.88269258876005
601.4179325034698,368.30305344310807,425.13790104828854,320.58952854128734
584.0557520366817,373.7699560127864,426.16705132452694,325.6760308694671
598.2494947278894,386.2980878166702,428.39363634893874,334.3591787465025
592.4721404813006,355.0728278501563,433.98603536600444,334.77152740154656
597.1350984764065,366.9906689260987,437.57016372728043,340.6781349192557
598.7123772460591,373.13375606305976,446.3596257334674,344.9995699140915
547.5788804505959,341.4168587581004,451.1703753471643,344.9476120119303
568.7943188163538,367.96947044515895,455.99084276918023,349.1720035574998
503.81252876614536,333.6824271117743,455.70194126526565,351.9679276236153
535.563232494191,359.07151723452404,462.8645163676696,354.7439202865006
544.8395787601746,365.5662550769714,461.7940526666804,361.4766037585089
536.055821764309,370.10581354397425,464.35349058492017,367.14096509799447
531.7920107730926,342.5058749876363,472.5327005265365,365.9298311524199
562.9201587592165,369.5836053891023,474.45996091983716,370.3079409874168
556.9051426703297,346.5671461734104,473.9331989287008,374.3479579333202
565.7569108548828,366.8563679057934,469.9798395507187,382.19929614869744
555.4099347886229,340.4131644210363,471.19566379912646,385.26829898513
566.4029331897814,367.64363842088056,475.5187408211917,389.6653253477972
502.4840874248015,338.8739722655481,479.91643994483474,391.14552041045727
549.292138147066,368.23578349289346,480.21871728842837,400.16890419881366
561.2332013745747,373.20737660203713,490.1342539685396,404.7055058973972
487.6154563080423,346.67451785552703,498.221539625524,405.3217339326491
532.6932016485227,368.15654148796966,501.7152572885097,415.1795282461337
464.2157593690806,337.86951230273587,508.2692804231119,415.25153274072983
510.4683823377565,353.61571935122635,513.0349096604067,421.49109886004555
535.4608427858066,368.6979683221083,515.3532107494283,427.2848452443905
546.8541906023628,377.75768859107916,523.1244210226671,430.92548577921775
479.5679503152186,350.2055721216651,527.9070760238333,430.58358972922065
497.6796090726983,363.11685058739045,533.9526304348703,434.5023761060547
426.3856736299116,335.26182849423236,534.8930589053828,436.679754253499
480.1725016297663,356.82310996014513,539.2588183502955,440.42643757764233
507.4958648770302,376.7327062745927,547.4762294631367,443.78020564712693
443.1885647741586,345.9235695990241,553.9853749338407,441.40555955717116
493.6677383720809,359.1614507254011,555.0068641142997,448.32219148848117
421.0743582478863,323.72196188810705,562.0665349696691,446.408722713668
460.8195352592386,353.0567895923261,565.7854103703266,452.0895940926288
496.9477061572564,363.21237790091106,565.8461939796356,459.0162237013685
425.64134649005973,333.66474417563387,563.811110242425,459.5655888497687
497.6055723758408,361.60136427761347,573.0881556066629,460.1981669010286
412.459487031231,328.6819675744252,575.3836834000513,456.9564567768149
446.76771979508777,356.16983268565144,576.7371118148689,463.43691978106824
473.1337665601572,343.1764435677736,579.553161174431,463.3031002598873
498.7424905440755,367.56994503359823,582.7312415633319,468.038130392522
428.55433109415094,332.6524964349029,588.4528116190736,466.60083779515054
497.40116877956007,359.01664302437723,585.0068990475625,471.53591658922204
439.0622371488641,336.70496395199916,586.1019566677936,471.19486037743735
469.36215936670027,364.66333842833967,590.4383008509686,473.97536560773773
398.80666344084017,340.63345071388306,588.7520666814618,475.87027875936826
470.5728705290621,362.85380474798114,586.8545672540448,481.820700236259
391.4669283904056,331.81273061681395,594.9420629334894,476.30047975750114
473.93865536721205,360.61176241470685,593.0176870447201,481.0536212626227
398.67758413434274,324.27363884010094,591.7971416704765,482.39725326399076
442.191962266473,342.11794672382746,595.9418067034748,486.35854988846046
474.01699289286773,358.8975449031147,597.8125246510197,488.69532668688146
385.7786775483131,321.2608356157476,600.8820074038365,482.3153896162365
423.98531420087005,346.0356083416109,602.6363973264516,485.1260169361646
469.6059164182048,362.77655981773484,596.2411189020137,494.1695370784329
393.1896877685005,325.6201023520755,606.2131792077804,484.7893591023467
431.70372913692637,346.0628679438637,606.0304974041547,490.96312520060724
421.81773139113227,328.1508439561619,609.1021353418812,486.6600439883814
331.8743155896905,340.59790077682953,616.2988507202975,486.2267475652907
393.9474804352804,357.8358855591779,620.2661597059399,487.1273827456551
419.1908310309914,329.0420379921118,616.6082210796499,486.467738364722
340.9927380526501,340.798110719142,624.0763275975391,487.61795164908165
388.69261107240374,348.4504590790945,623.3746594824835,491.1954646503615
424.96486375986484,329.5403966845824,622.2510316509414,494.1427081849339
341.0614732352493,335.9865344973217,630.4408880690437,494.3418167850638
412.11560277601666,343.8009386332148,614.791304637919,506.5376455927857
415.0940498052264,331.70484482582356,630.6500886229596,492.03434223498306
358.59627480369045,347.53533090342,624.4651752398454,499.14243787508127
386.39688556178544,321.71042362899584,627.2317252281566,496.8167675832083
411.1531635281633,341.04023573972876,628.9553113986497,501.60554232963966
421.6394660504885,328.7276174937368,638.0646850075004,494.23811561920286
331.6583262676035,345.72788009953945,634.221597404622,500.6467144786136
418.88342217432046,333.4390328038942,623.3117837965831,498.86921382994586
354.71864948976474,343.95527614127457,631.1278649839496,495.01633401828923
395.9311394490595,328.71767098986174,623.6535661901726,497.65092316800974
408.193680649056,343.24205651353174,629.7878654138433,499.9784027324125
413.95780836341345,332.3207383368623,629.9616612057624,498.76908907612346
423.54132005980426,354.9275068607234,634.6620142907574,498.51101037689267
342.47796395355954,331.645751550815,635.3418138714699,496.36239067692776
394.0012119087901,333.92578047013865,625.8206783730079,503.7079633059436
345.0401597990537,339.47544492170863,628.7545025437927,501.83491024178954
408.0131281614417,316.13218229357324,616.6785143018526,506.3672563042512
434.6709993628812,345.53893571973407,621.7531796379386,506.59714578351134
364.7248684198273,361.3651894973313,627.418646745044,506.83004524692376
400.7448340865865,324.35428351994267,623.390172741289,503.73947939424323
337.0969561637349,336.4287977545355,628.230058159737,502.84119453263617
396.08301514343304,347.599682610096,620.4831429091264,507.4864084428509
410.5788096838336,362.09974138283644,624.2977645038266,508.4046413999169
415.56638651990005,336.23944807761205,630.8942922658729,498.26755487695516
343.24092373793115,348.3174055185224,633.8929665876998,502.08400042090034
405.76433489983714,368.1835131049076,625.3758266446879,509.383747262773
392.2237007759734,342.3099492334913,629.9679520048342,497.44328854829234
402.20863886744,355.3256496197381,635.6826127413927,497.7424139183947
338.8790778052984,358.1896604637275,640.2064905416491,496.7882948387753
386.15287499326627,374.62262668604217,632.5773220519242,503.79654486988466
395.03034778586937,353.8949179094617,637.8131007678062,497.1159406498957
344.52016493600934,360.9690756111178,628.8934123825945,504.35594423513203
411.0480889378023,369.72273919091595,614.9247193461108,511.9142019254141
401.95956922227185,349.73837807040474,622.2600431596347,498.6847342497248
433.86766508407163,374.22566738123317,627.5032756919054,498.11746355023456
334.8448605906663,342.09147542413064,628.5836395309424,492.04191269320205
370.4002932037742,387.8530875242086,618.9669311747576,497.7940506814221
361.56085138492335,353.45674466955563,616.2906634935534,490.34061521979197
396.7455156306427,396.217862455554,609.3032488065163,496.641096192728
381.1228806879852,363.44462223293704,615.3574957428226,484.45781143376263
415.5396339527888,381.58912498030656,601.1614828572988,495.72437906429997
328.2346243821246,352.42421458278,605.3981511149714,487.26552122131847
377.4807804818749,394.32181122356155,601.2877066483237,490.51060266383956
393.4574898725408,368.7265933961547,597.8532467097486,484.97018797106153
337.61146632508206,387.38576077708507,595.6026226627195,485.9540085965715
353.27466357990374,371.7686320549095,597.2863566769274,477.13920828111196
382.4249922509929,396.3773475163228,585.4619378397872,482.90914066701237
383.14129142960945,374.6334379924374,587.9012299606671,471.35289868635226
408.1100692695485,419.00634252144744,580.9629425601004,477.7700780632371
324.6121778310023,389.454945588232,594.2829073681964,464.932301686553
359.91239708100386,422.42125899230393,588.8039691559959,468.5966178551041
364.01726067894094,398.5828440892361,588.9667646489288,462.35182797981855
362.96426854242486,406.7862773809396,587.9983033298031,462.80744565955064
302.84550549576386,407.35748485808404,591.8709130372833,461.8650055582191
325.21101653258967,416.5910192932525,589.8657140409531,464.872711147431
351.82385342259954,413.9633396285859,589.8044026790387,466.71033435660047
388.22815853460236,397.2045296798451,585.6699160879757,467.7283370374828
393.1123012831981,433.34366755353903,585.3845144477234,469.1775609478061
397.372671960561,422.9581002978612,573.0156879113665,472.08154648977677
334.09803119765223,429.0980439082964,573.0971945830917,470.7108928161092
368.17578998766805,433.6414548793572,578.510035355074,468.7358596406354
386.8507981182641,413.98239588901026,571.9666909054414,463.23344000898095
305.8678507810563,439.94971918138026,577.4020751239482,459.8315746778431
353.9030460813182,418.1707681924183,576.6773805699903,452.47444583823324
376.657455872187,446.0634008526716,573.1310768030354,454.410897690493
399.27791785864633,455.9827709547457,575.2547267991818,456.1913479779106
409.22698373955757,441.02075771231796,574.7780887159163,449.9624056390078
346.8715710178287,451.4016369830358,567.746830457844,456.754062216328
377.3773791945174,454.34355957839443,570.1666365667274,456.58609859939116
377.3293030020907,462.12422398318506,573.1022434910285,455.06662846405084
365.56609730475753,446.6992785671449,577.8426108900773,453.43712033157294
299.49790916768916,454.0311507838888,582.2868911084602,451.4111470928739
347.2045093489093,466.5248056404742,571.2596256023265,457.3383489765662
383.38213318387443,449.8357636726739,570.2900450117468,459.32725308198786
312.278173180169,462.35764411101815,575.7696879257117,456.823929171995
383.4943232572746,479.5916901775978,567.4916075239344,466.2004736107888
319.47309064125136,439.63383561000785,575.3722088990887,455.96766511633155
380.74310893362565,473.7724242580729,570.0727384026902,460.73646443059556
359.39497645395284,453.57851270521627,573.2918431834337,452.0660626319665
398.2155389139014,478.6855806712164,565.2161211352087,459.2198827423655
386.9474292048868,457.1046072222769,567.1487092189113,453.6926835486032
412.46789489214035,485.6286463402958,559.9732544125224,460.27301473873956
350.01634425324187,452.8866549355267,559.9170399484185,454.125682814701
389.8580996177941,475.69713560967955,563.2602202423036,452.5359518987173
412.1657621735568,460.08161103782527,558.7418865342272,450.7486876637631
436.4322436045384,487.43134517594126,538.3039350040407,462.73815087161796
444.7483224336334,475.7470391377638,544.552162704808,452.4090263232205
376.65339239865045,463.9613534993664,548.1479752928012,448.2648150599698
436.3234719875802,493.58478676626805,539.6864474619015,452.75223367998166
384.1130243506952,473.76196724454314,547.9583913588637,441.5260282599136
421.414654917349,500.07947805855457,545.5263704540557,443.374832231235
410.50355451728416,480.28079852799857,542.261280175978,443.00348197245364
455.9912985424328,511.6300788869996,535.7232316633026,449.7789565924991
449.77597418771495,491.0691395714035,540.0755027403461,445.2289043706146
485.0078908603544,508.9938939815027,523.5564442921578,458.2172236576563
414.6692852915821,486.24324336622226,530.2372709934596,450.2665648704499
428.8589577952299,499.8273198992978,526.9755342703495,453.7400929859068
410.23259992418,486.881557793106,536.4308187585152,440.47332501758916
419.21938967716096,513.1711703850353,530.4377004340347,444.48781372773453
428.1072441994135,490.7233846352849,531.0163948706646,441.74487804828885
439.20432537401445,503.9127308102946,527.1756726334698,441.9320313713366
445.87325858354114,489.91666807759395,520.1781422433656,445.67371797207784
467.5540534425102,517.7319648792925,514.3794829644104,452.7407851134197
473.72811035507266,500.02598837657393,517.5480531708902,452.8258168867136
486.69777056295976,527.0063246855988,517.3949340224616,454.0647509378655
426.07692511319703,496.5578414878034,522.3622202471674,449.34564343192085
457.2048968958386,524.5380700280859,519.6664507165613,450.88783399511453
457.0909209190095,505.89885122004256,526.4390555713912,451.01230406953744
491.0557778532686,542.7617878745635,522.9057937229014,456.7591249575564
424.49176178542285,515.3069397005249,526.3520115325592,460.239589449299
441.08972768626813,532.6381912887848,530.014590374476,460.0994791117413
498.0158775426945,535.356828043522,523.0127203431011,472.2319221306809
440.4102871312971,497.75767047787514,525.4565967307217,473.91543100024785
477.93048794217316,542.8785582999343,532.0653183858715,470.2209776265868
417.8732339593561,498.2228224556694,533.0475035877088,472.1211414729326
433.34210343858683,518.4696845647281,536.1906182248758,471.9846471349882
438.04102505056784,500.9858922599645,537.6297608527651,471.46351234804354
455.5706519268432,514.29356246343,539.9679032682136,474.673807819782
415.70701783405116,493.2437702710448,543.8720792771965,472.9039488671456
435.9451535460571,512.456566161835,546.7164822374325,472.2841431185873
444.18488842509083,499.3352378403726,544.0768425270522,474.79837489881663
395.9555435549164,491.2161247195685,543.6488159102737,477.04571660531684
443.6101268422406,541.7181477650246,548.7762631558772,475.17549776743476
429.6226610613288,507.5431004580757,550.5050042247531,471.7493732072936
443.40894544872697,529.4632386654047,548.4448146535135,476.7476242373452
442.0286504360214,505.0332939229953,545.8286674755695,481.0559502545925
435.0383078339623,520.3763148657472,543.6744105219051,483.5261006452289
471.04361064055837,536.389152538313,543.3116270594068,487.95194626957357
413.4000613900241,507.30561744647775,542.3517911621509,487.6718268123843
437.7775199581945,524.7621595421166,545.5242074637727,489.58098018591954
442.06397644857356,503.5272182085014,554.063616980268,487.8880805774104
431.3577693624649,487.3335089667572,550.1794656794158,490.17440671987885
437.18543522954735,513.6085712980309,553.3829582576343,490.44449222062127
428.25794490939285,487.6200968865969,548.8684715983853,489.1313920502057
443.7494218827555,514.9025512824261,550.7591122339051,491.559695053295
439.24821492151375,479.7175676641671,543.3683230418137,494.0091561236633
435.6058048347846,526.0568243278722,550.6760079568072,486.900442749766
440.3882874909815,497.9610284322584,545.9496570948193,490.7068870878792
395.64740991943916,514.4030466114233,548.6528997505427,491.3831861022029
427.8449445470357,489.7416876404777,546.3926608927965,497.6467995284757
435.79565798847665,528.8302803483856,551.9327945782735,493.3460505950936
451.0914180977293,501.05479045128317,550.2698657433218,493.016298779217
388.8661022602079,474.73892682760885,546.1521442971131,497.70513760027427
409.86875767247363,509.57513273993095,549.5275542197546,492.980863540527
429.7263938751398,516.5838343221325,550.9852207747808,498.0340380619798
435.97836081613684,480.56294052363955,555.2223042081848,497.845917204214
447.9856557581869,514.9464108816594,557.5780474254138,497.8366614360978
440.8988041167656,486.5101218954613,552.6031729067296,500.47605092648644
444.50939602565785,502.1516004466688,555.0957764573544,502.80597672569996
439.6912495025532,473.5701310629684,557.9215914088672,499.80813576601065
447.45892134332456,510.3133683094992,558.6193642680765,501.2017839452949
397.26205762309166,480.66885024792816,557.188475134353,499.4915420368365
414.7089490367008,515.3982041638635,560.2030502442276,499.4577289186701
424.0575764981868,482.1655660368064,559.7781346059376,502.06787440089954
442.5137992107404,523.1163146275775,564.2384388613517,499.5054145089323
447.56023934695753,496.6781899073188,563.8050552506191,502.99644293099004
441.93535615751824,520.3477066649111,563.1603649652994,506.1196773675059
442.56608499135484,473.9568678880195,555.2298044894328,509.75069005809473
442.83339274572916,505.30157405354026,556.0384124722937,509.1326267011908
448.4232989478069,478.81367403244434,552.4184176640041,511.89408915879187
394.36911876644353,500.42047144674183,555.3514884051376,512.0792395409422
414.6951600079319,523.8164333538589,560.5921457507052,512.2062904217604
442.7908687277289,487.8811528478543,561.7421446320242,513.0948713654232
443.7508688773974,527.1691424054884,569.1080566929346,509.01040516039893
449.1679230482939,546.2613259751797,576.674704259739,507.12521900379943
464.63042535921335,561.0753746063292,584.0702050599576,504.94466286211315
394.2922496356772,502.1630949197488,580.6797662578481,508.81824273160464
412.5480162969578,512.2190379502865,581.8489648911413,513.9706919426505
434.49052857644136,537.4444928079606,587.3342536039055,512.6192353178544
443.7062389705891,554.6916631138918,594.595673692593,510.3382729227035
470.7621903414269,572.8528078381025,602.6936844916669,507.4997485021838
476.42521706730895,569.9827060766864,606.8663291447183,506.48589125116206
401.0272623321947,563.4399443037364,608.0149397793791,507.2605930330109
438.1331833862773,562.2455179121307,610.9857455345316,506.7998066115158
471.05580363613853,566.3363318837563,615.249504809369,505.83383746094887
476.222174937817,554.1785402697312,616.6687644747032,506.8268371190687
395.8523998509626,553.1734152929437,615.8663794774935,508.7813372214082
426.99453382703365,562.7798078695104,621.9898141494051,507.75304551451086
458.8050311049784,569.8725229497471,625.6596981474231,506.3372139437172
463.66767737710535,552.7272731885912,624.6030621186147,510.42744409680324
472.9713391875763,569.8618270504821,629.0694806697277,508.5786656799079
463.1857140073136,555.5326361176853,628.0466082827701,512.1347570965189
464.1728824775417,559.2331039633287,633.2323301572727,511.4819009883927
390.40730509256406,570.0195669272136,634.8356544752104,510.7899763236236
423.8244806226691,563.0037367121755,638.0188060996217,513.2457316256045
455.20415817483035,563.2449034682672,638.4169436091306,513.906642177477
467.5406758155577,564.1876920972074,641.2501066997903,514.4162306950459
462.5997795633091,562.4187224767459,643.6814317328001,515.2279884453274
465.71872656757034,551.7214942929515,646.4334837172694,517.2179821015046
494.75798924124774,653.6884208398073,647.3560431411181,530.6921542483284
392.64158705799025,592.2000291960037,648.5070723287836,535.2988512678934
418.6807235895372,546.4318386631641,647.7345203910455,539.7250630558417
475.3367119644613,647.8372480028788,647.0526826441151,552.7843809845372
486.050481673837,606.5070215810447,653.8248739828086,556.0640206890788
469.8117712292529,586.1073585095498,658.5647692282859,556.8574259250948
486.96769904612773,568.5274219145737,662.5320661698773,557.993104123168
388.76407023193156,558.3554718545327,662.4559182473511,558.002755901079
430.6109673383835,541.7144551301634,664.9850132547535,558.5021977796832
471.58926251811334,662.7021967286757,665.2342786841415,572.6160689215828
494.51773790389655,610.2578558591174,669.5204398756423,581.0091812673862
562.9068634648286,783.5966217579273,669.5150602029722,592.3544350673957
614.8204323443723,781.9763770663997,671.1743769894297,596.0472458672007
670.5203931739915,780.3023300343581,673.3689364545401,599.3953399312838
957.8762505349684,778.7802940706486,675.8912541047272,602.4394118587028
1084.068554839686,776.8255093568104,678.6953065047136,606.3489812863793
1187.370380865589,773.651130210472,679.2651265391455,612.6977395790559
1270.4493729672877,769.3433027238914,681.0953140172688,621.3133945522171
1340.61695473812,764.3012924476585,685.8534467957066,631.397415104683
1246.8408923088305,759.6441646123662,689.463022538946,640.7116707752676
1324.6811828213185,754.9136769850052,694.3681213929458,650.1726460299897
1228.1070213581859,749.9954922412315,697.9217691132557,660.0090155175369
1304.3584369624207,745.3367903862146,703.2815874709655,669.3264192275708
1210.3738356755428,740.745647342963,707.3699589018064,678.508705314074
1132.5529859744556,737.2160597084103,711.179654748475,685.5678805831795
1074.705081410611,734.4173278856022,716.6010971317871,691.1653442287958
1173.2083190695841,730.499752963628,719.2474425398924,699.000494072744
1261.7249286448953,725.8115574136532,725.2448183376968,708.3768851726936
1340.5208253363944,719.5374994151771,732.8640782836408,720.9250011696458
1443.1474184045046,713.9295927072856,744.24827090126,732.140814585429
1320.8234990111641,707.5938411114923,753.8235617569413,744.8123177770152
1431.8800680594222,702.1615292905924,764.3296167475609,755.6769414188151
1318.8437339984198,696.2533193780754,773.9496078383497,767.4933612438492
1427.1262027129458,690.629321565293,786.3715226575532,778.741356869414
1305.4882407234566,684.5160231219538,795.9764869896882,790.9679537560922
1182.234512463509,679.2876625001396,803.4953929754736,801.4246749997208
1279.1942225116693,673.5367381124527,812.5463795188248,812.9265237750948
1397.14985209615,667.7242996811535,824.5306769581966,824.5514006376928
1268.0404958818804,661.4653792957324,835.8742491971436,837.069241408535
1388.2279806252825,655.8955080306489,847.9756689204136,848.2089839387021
1254.2322073585,649.6218420952382,859.0393945591618,860.7563158095236
1119.9550484337612,643.9551324321192,869.0706818613135,872.0897351357615
1229.8310826989573,637.6660960448995,879.7838414968539,884.667807910201
1104.2023991707104,632.0867103718401,889.7197847046388,895.8265792563197
1217.587881414017,625.9095360606036,900.9955914180897,908.1809278787929
1068.8885876380052,620.9811684045025,911.9927098111839,918.0376631909951
1171.8697563323115,614.3102473876347,925.2889792813899,931.3795052247305
1033.0849957729104,609.1299271313123,937.6076834173047,941.7401457373752
1145.0038319707978,602.1940098230779,951.8122293073793,955.6119803538443
1001.7025396152837,596.6997327993743,964.5794505628893,966.6005344012515
1108.2645896455483,589.7730183789051,978.6366204125059,980.4539632421897
1257.3014248727425,582.9917832538245,996.305305158049,994.016433492351
1088.5299542216303,576.3339626301383,1014.7847647177939,1007.3320747397233
1225.919201194347,569.5571789025787,1033.9414660579193,1020.8856421948426
1232.4072524921703,569.2058688410914,1034.6482085704247,1021.5882623178172
1238.6451294396818,568.866125864283,1035.3308262478213,1022.267748271434
1244.7052340129483,568.5397789919944,1035.986797699029,1022.9204420160113
1251.4156853829004,568.2813479460738,1036.5052322014315,1023.4373041078526
1257.545209183606,567.9312633769026,1037.209814735624,1024.1374732461948
1263.6013170304655,567.6155568486042,1037.8447025753119,1024.7688863027915
1269.7760982920913,567.285154971016,1038.508941086101,1025.429690057968
1276.0383136624478,566.9121129365559,1039.2591654847408,1026.1757741268882
1281.8177682423225,566.5727326056468,1039.940811555079,1026.8545347887064
1288.4298084956195,566.3567426358707,1040.3740792007059,1027.2865147282587
1295.1148778610586,566.130059849906,1040.8285496405754,1027.739880300188
1302.1977912722955,565.9448702955752,1041.199411434997,1028.1102594088495
1309.9653632495674,565.8511270659369,1041.3858896771615,1028.2977458681262
1319.7661139127517,565.8057079788699,1041.475815806905,1028.3885840422602
1332.0473917295235,565.7671539019238,1041.552306909951,1028.4656921961523
1345.88787242556,565.7318006810244,1041.6230825267614,1028.5363986379512
1356.8038215375636,565.7047899671674,1041.67749803403,1028.5904200656653
1363.01231722058,565.7310301857713,1041.624534487293,1028.5379396284575
1367.7414305700254,565.7510591693876,1041.5842150226538,1028.4978816612247
1372.3876396452888,565.7847016675489,1041.5166827676235,1028.4305966649022
1377.1538393105136,565.8302593813914,1041.424642477682,1028.3394812372171
1382.4726037962157,565.939045841636,1041.2065704688034,1028.121908316728
1387.9341629518817,565.9953131623681,1041.0937746561833,1028.0093736752638
1394.5805519085002,566.0525837128879,1040.9793099306737,1027.8948325742242
1399.5852115418916,566.1276212409565,1040.8295769162166,1027.744757518087
1399.5814430942678,566.123832676712,1040.8371138114646,1027.752334646576
1399.5782826917696,566.1206556890531,1040.8434346164609,1027.7586886218937
1399.6023264426087,566.1447607229011,1040.7953471147825,1027.7104785541978
1399.566788133976,566.1090886473586,1040.866423732048,1027.7818227052828
1399.5250585080107,566.0672033101326,1040.9498829839786,1027.8655933797347
1399.4520094685686,565.9939645966678,1041.0959810628626,1028.0120708066645
1399.3997356722537,565.9415008807513,1041.2005286554927,1028.1169982384974
1399.351265882359,565.8928632338614,1041.297468235282,1028.2142735322773
1399.3325963578527,565.8741576623889,1041.3348072842944,1028.2516846752221
1399.2625642696767,565.8039313137652,1041.474871460647,1028.3921373724695
1399.2005165760008,565.7416609600493,1041.5989668479983,1028.5166780799013
1399.1606800312306,565.7017045990411,1041.678639937539,1028.5965908019177
1399.1474247251845,565.6883582651694,1041.705150549631,1028.6232834696611
1399.0857364549731,565.6264804653085,1041.8285270900537,1028.747039069383
1399.0065811666586,565.5470495381974,1041.9868376666825,1028.9059009236053
1398.9552149517572,565.4954690630386,1042.0895700964859,1029.0090618739227
1398.9117855083468,565.4518397838291,1042.176428983306,1029.0963204323418
1398.8803390846247,565.4202784864949,1042.2393218307504,1029.1594430270102
1398.8295152876713,565.3691659067475,1042.3409694246575,1029.261668186505
1398.7796392070368,565.3190860363441,1042.4407215859264,1029.3618279273119
1398.7148603002067,565.2541787058477,1042.5702793995865,1029.4916425883046
1398.6586190232956,565.1977673669802,1042.6827619534088,1029.6044652660396
1398.6075041430731,565.1465642803267,1042.7849917138535,1029.7068714393465
1398.5616824187205,565.1005234223912,1042.876635162559,1029.7989531552175
1398.5328268508179,565.0715628505153,1042.934346298364,1029.8568742989694
1398.4834893815182,565.0220615879997,1043.0330212369636,1029.9558768240006
1398.4354778004974,564.9738457307408,1043.1290443990051,1030.0523085385184
1398.3840357159759,564.9220408574224,1043.2319285680483,1030.1559182851552
1398.3461842653178,564.8841050450078,1043.3076314693644,1030.2317899099844
1398.319369542724,564.8572132627605,1043.3612609145518,1030.285573474479
1398.2459528534014,564.783615997156,1043.5080942931975,1030.432768005688
1398.2192663732048,564.7568621987647,1043.5614672535905,1030.4862756024706
1398.1740995434218,564.7116293263041,1043.6518009131564,1030.5767413473918
1398.1314842146212,564.6688164107713,1043.7370315707576,1030.6623671784573
1398.0660676026314,564.6031594684381,1043.8678647947374,1030.7936810631238
1397.9584091444458,564.4951703041775,1044.0831817111084,1031.009659391645
1397.8910039711532,564.4274693438865,1044.217992057694,1031.145061312227
1397.8406224128973,564.3769125296013,1044.3187551742053,1031.2461749407973
1397.8025340736185,564.3387080465561,1044.3949318527632,1031.3225839068878
1397.772333376242,564.3083381488992,1044.4553332475161,1031.3833237022016
1397.7409451667183,564.2767867815288,1044.5181096665633,1031.4464264369424
1397.697549575817,564.2332714964494,1044.6049008483658,1031.533457007101
1397.6838614052822,564.2195247454581,1044.6322771894359,1031.5609505090838
1397.6673264286137,564.2029135998692,1044.6653471427724,1031.5941728002615
1397.653646926905,564.1891578113875,1044.69270614619,1031.621684377225
1397.6118571026586,564.1471789873983,1044.7762857946827,1031.7056420252034
1397.5763234970427,564.1114997115683,1044.8473530059148,1031.7770005768634
1397.542304199806,564.0773416723409,1044.9153916003877,1031.8453166553181
1397.5122815243449,564.0471306896816,1044.97543695131,1031.9057386206368
1397.44442217625,563.9790339089167,1045.1111556474996,1032.0419321821666
1397.41019345342,563.9446537538123,1045.1796130931596,1032.1106924923754
1397.337017625647,563.871296147199,1045.3259647487062,1032.257407705602
1397.3117190906605,563.8458583753052,1045.3765618186792,1032.3082832493897
1397.2630423628939,563.7969995891046,1045.4739152742122,1032.4060008217907
1397.2353272237274,563.7691818707414,1045.5293455525455,1032.4616362585173
1397.189016651834,563.7226333504799,1045.621966696332,1032.5547332990402
1397.1599373374486,563.6933583516278,1045.6801253251028,1032.6132832967444
1397.095183577368,563.6283381845941,1045.8096328452636,1032.7433236308118
1397.0137137534844,563.5465326553738,1045.9725724930313,1032.9069346892525
1396.9549490504576,563.4874915530014,1046.0901018990849,1033.0250168939972
1396.877223347779,563.4095517653833,1046.2455533044422,1033.1808964692334
1396.824081221043,563.3561649977676,1046.3518375579145,1033.2876700044649
1396.7318453409916,563.2636665807449,1046.536309318017,1033.4726668385101
1396.6764225297584,563.2080689731496,1046.6471549404835,1033.5838620537008
1396.6069877139653,563.1383943532593,1046.7860245720697,1033.7232112934814
1396.5649315574613,563.0961887349456,1046.8701368850775,1033.8076225301088
1396.5228377155815,563.0539468557153,1046.954324568837,1033.8921062885695
1396.5113951869644,563.042449105764,1046.9772096260715,1033.915101788472
1396.4840175836305,563.0149211645428,1047.031964832739,1033.9701576709144
1396.411745493184,562.9425388902631,1047.1765090136319,1034.1149222194738
1396.3889384652807,562.9196740883193,1047.2221230694383,1034.1606518233614
1396.36698632648,562.8976420819192,1047.2660273470399,1034.2047158361615
1396.3502540911838,562.8808141338435,1047.2994918176323,1034.238371732313
1396.3418194692708,562.8723159139272,1047.316361061458,1034.2553681721456
1396.3091290945226,562.8394493877528,1047.381741810955,1034.3211012244944
1396.3071764255992,562.8374846387119,1047.3856471488014,1034.3250307225762
1396.3097407692676,562.8400673140949,1047.3805184614646,1034.3198653718102
1396.3227646546968,562.853149423191,1047.3544706906064,1034.293701153618
1396.3191275085646,562.8494929362919,1047.361744982871,1034.3010141274162
1396.2714327715057,562.8015412204338,1047.4571344569888,1034.3969175591324
1396.2392688296145,562.7691832177136,1047.521462340771,1034.4616335645728
1396.2014046886784,562.7311594544294,1047.5971906226434,1034.5376810911412
1396.1955850508375,562.7253035345383,1047.6088298983248,1034.5493929309234
1396.1928807400354,562.7225874626712,1047.6142385199291,1034.5548250746576
1396.1727334220332,562.7023242998437,1047.6545331559337,1034.5953514003127
1396.1438863246058,562.6732946386111,1047.7122273507882,1034.6534107227778
1396.1206442177042,562.649921799596,1047.7587115645915,1034.700156400808
1396.0846806145578,562.613722708995,1047.8306387708842,1034.77255458201
1396.0485767383525,562.5774098927667,1047.9028465232952,1034.8451802144666
1395.9877599956883,562.5164768949462,1048.0244800086234,1034.9670462101076
1395.9515330559025,562.4801128498508,1048.0969338881948,1035.0397743002984
1395.8754985889577,562.4040214966174,1048.2490028220848,1035.1919570067653
1395.8134832603955,562.3418159144717,1048.3730334792087,1035.3163681710566
1395.7308354689585,562.2589626951492,1048.5383290620828,1035.4820746097016
1395.685328727884,562.2132659654648,1048.629342544232,1035.5734680690705
1395.6080658550509,562.1357715094487,1048.7838682898985,1035.7284569811027
1395.575104019385,562.1026727713709,1048.8497919612298,1035.7946544572583
1395.5404573336014,562.0678047447844,1048.9190853327973,1035.8643905104311
1395.4950950807965,562.0222288884473,1049.0098098384067,1035.9555422231053
1395.4318165448442,561.9586695167696,1049.1363669103116,1036.0826609664607
1395.3734246383228,561.8999433947719,1049.2531507233546,1036.2001132104563
1395.3030024661173,561.8290472636334,1049.3939950677654,1036.3419054727333
1395.2233759541434,561.74898118012,1049.5532480917132,1036.50203763976
1395.1261085230199,561.6511802553505,1049.74778295396,1036.697639489299
1395.0030830238475,561.527866982333,1049.9938339523048,1036.944266035334
1394.8837252651895,561.4079239277277,1050.232549469621,1037.1841521445447
1394.7161024747147,561.240109681614,1050.5677950505708,1037.519780636772
1394.528103305368,561.0522329687784,1050.943793389264,1037.8955340624432
1394.309091028332,560.83282711395,1051.381817943336,1038.3343457721
1394.1361646375012,560.6597476189602,1051.7276707249973,1038.6805047620796
1393.9205675951355,560.4439266020689,1052.158864809729,1039.1121467958621
1393.7511753188212,560.2742975824058,1052.4976493623576,1039.4514048351884
1393.5588801966178,560.0819718678015,1052.8822396067646,1039.836056264397
1393.020668177162,559.5479254358835,1053.9586636456763,1040.904149128233
1392.5892134107821,559.1161585596172,1054.8215731784355,1041.7676828807655
1392.1006749631706,558.6280216953996,1055.7986500736586,1042.7439566092007
1391.6883179713468,558.2153093808621,1056.6233640573064,1043.5693812382758
1391.4710973104106,557.9980132733326,1057.057805379179,1044.0039734533348
1391.0970088669405,557.624683285144,1057.8059822661191,1044.750633429712
1390.8241229875066,557.3516891297472,1058.3517540249868,1045.2966217405055
1390.4522210737866,556.9814265825372,1059.0955578524267,1046.0371468349256
1390.1109817857982,556.64103901459,1059.7780364284038,1046.71792197082
1389.7923061396916,556.3233217569704,1060.4153877206168,1047.3533564860593
1389.56192460411,556.0932559781921,1060.8761507917802,1047.8134880436157
1389.2667527382046,555.7981109932678,1061.466494523591,1048.4037780134645
1388.9847809238827,555.5178463668466,1062.0304381522344,1048.9643072663068
1388.7953442382477,555.3284285321782,1062.4093115235048,1049.3431429356435
1388.6233319689763,555.1564775430865,1062.753336062047,1049.687044913827
1388.4621327348996,554.9950380812458,1063.075734530201,1050.0099238375085
1388.311973950806,554.8442357165429,1063.3760520983878,1050.3115285669141
1388.1199236435639,554.6519191502681,1063.7601527128722,1050.6961616994638
1388.0281022435215,554.5598128437093,1063.9437955129567,1050.8803743125814
1387.8804710247202,554.411257569169,1064.2390579505595,1051.177484861662
1387.683359094519,554.2137133508369,1064.6332818109622,1051.5725732983262
1387.5231014741273,554.052751248691,1064.9537970517454,1051.894497502618
1387.4017507029853,553.9313301897388,1065.1964985940294,1052.1373396205224
1387.3499343490466,553.8792826481722,1065.300131301907,1052.2414347036556
1387.2294534934874,553.7583182280832,1065.5410930130251,1052.4833635438335
1387.1317366882336,553.6603371956044,1065.7365266235329,1052.6793256087913
1387.088814184915,553.6170068562672,1065.8223716301702,1052.7659862874657
1387.0669239919903,553.5948624674323,1065.8661520160192,1052.8102750651353
1387.0559928021612,553.5838384327615,1065.8880143956776,1052.832323134477
1387.0135862282261,553.5411586528417,1065.9728275435477,1052.9176826943167
1386.9323153046412,553.4596202448469,1066.1353693907176,1053.0807595103063
1386.8842873123335,553.4113809242814,1066.2314253753327,1053.1772381514372
1386.854389201556,553.3812246218662,1066.291221596888,1053.2375507562676
1386.7844258996543,553.3108199838214,1066.4311482006917,1053.3783600323573
1386.7322233384143,553.2584714952052,1066.5355533231716,1053.4830570095896
1386.7119063377258,553.2380407761908,1066.5761873245483,1053.5239184476184
1386.658852948434,553.1845680753366,1066.6822941031319,1053.6308638493267
1386.6147852554716,553.1403686007864,1066.7704294890568,1053.7192627984273
1386.5137143038692,553.0386146057892,1066.972571392262,1053.9227707884215
1386.5096245148638,553.0345041632977,1066.9807509702725,1053.9309916734046
1386.4745663306728,552.9992251972601,1067.0508673386544,1054.0015496054798
1386.4034909126399,552.9278279054085,1067.1930181747202,1054.144344189183
1386.3224683695698,552.8463731260382,1067.3550632608606,1054.3072537479236
1386.2136281048952,552.7371425774814,1067.5727437902096,1054.525714845037
1386.1673444029948,552.6906667454055,1067.6653111940104,1054.618666509189
1386.1004359352914,552.6233819621239,1067.799128129417,1054.7532360757523
1385.9617249261478,552.4844127358673,1068.0765501477047,1055.0311745282654
1385.8691263195115,552.3916383772379,1068.2617473609769,1055.2167232455242
1385.822111598334,552.3443854545177,1068.355776803332,1055.3112290909646
1385.7634785221658,552.2856561971726,1068.4730429556682,1055.4286876056549
1385.6781097554979,552.2000714921318,1068.6437804890043,1055.5998570157365
1385.615563324607,552.1375895555244,1068.7688733507862,1055.7248208889512
1385.5131850867233,552.034858300086,1068.9736298265536,1055.930283399828
1385.386969067618,551.9084716059521,1069.2260618647638,1056.1830567880959
1385.2356994002314,551.7568663440793,1069.5286011995372,1056.4862673118414
1384.9930157096508,551.5143662922698,1070.0139685806985,1056.9712674154605
1384.7714432367738,551.2938135160674,1070.4571135264525,1057.4123729678652
1384.6025507411653,551.1244442324548,1070.7948985176695,1057.7511115350903
1384.4327005097948,550.954911200889,1071.1345989804106,1058.090177598222
1384.323313796251,550.8455462534421,1071.3533724074978,1058.3089074931158
1384.236304554223,550.7586882222421,1071.527390891554,1058.4826235555158
1384.194669376197,550.7168157713734,1071.610661247606,1058.5663684572532
1384.1920689233464,550.7141909298637,1071.6158621533073,1058.5716181402727
1384.201156501169,550.7233609156143,1071.597686997662,1058.5532781687714
1384.1836238038077,550.7056893968962,1071.6327523923844,1058.5886212062076
1384.1341782420382,550.6559419346793,1071.731643515924,1058.6881161306414
1384.121648439771,550.643286629966,1071.7567031204583,1058.713426740068
1384.116171744815,550.6377452237735,1071.76765651037,1058.724509552453
1384.1316562293573,550.6534378627375,1071.7366875412854,1058.693124274525
1384.154789844419,550.6768040190325,1071.6904203111621,1058.646391961935
1384.1394676043292,550.661316319819,1071.7210647913414,1058.677367360362
1384.0901729522845,550.611727236074,1071.819654095431,1058.776545527852
1384.073177347798,550.5945637491276,1071.853645304404,1058.8108725017448
1384.0597196664544,550.580988400394,1071.880560667091,1058.838023199212
1383.9446830197198,550.465573422959,1072.1106339605606,1059.068853154082
1383.8626224121047,550.3832980348753,1072.2747551757907,1059.2334039302493
1383.8118700304876,550.3321147503864,1072.3762599390247,1059.3357704992272
1383.7663653172317,550.2864255245686,1072.4672693655368,1059.4271489508628
1383.705315238051,550.224690980482,1072.5893695238979,1059.550618039036
1383.5791448209147,550.0979968002637,1072.8417103581708,1059.8040063994727
1383.5082254070321,550.0266258552123,1072.9835491859358,1059.9467482895755
1383.5189852324684,550.0375027893774,1072.962029535063,1059.9249944212452
1383.4113787173312,549.9293303015043,1073.1772425653376,1060.1413393969915
1383.3926490474628,549.9104897515824,1073.2147019050744,1060.1790204968352
1383.344184855323,549.8617665146945,1073.3116302893538,1060.276466970611
1383.3009027937983,549.8183730468699,1073.3981944124032,1060.3632539062603
