1220.5,926.5,85,152
1221.4335350761023,918.0586832288435,81.6727417522367,164.50592410912765
1219.7318007833867,909.8211062276955,81.23301300476398,174.10616076243147
1217.898522578887,901.0941490869398,80.3281346489532,182.47589141424194
1214.4343090386092,896.7046593043747,82.69274041833634,185.94444499758094
1209.6857543148662,890.4405857922428,82.06050095181028,192.3325049458961
1205.6704197453523,886.7698278042931,78.65304947593587,188.27088221954864
1203.7719198406546,880.9889777766844,73.87012056835357,193.9732421078005
1201.6352715904732,875.7142969811213,68.12692810257144,192.91101099958138
1199.9389952987806,872.4996302129001,63.22546656205071,190.10765541909248
1198.5480190053588,863.3907955155199,59.68710557732995,188.49631791715004
1192.7964192611332,867.0903758720287,60.28779714969373,182.19912521601026
1187.334013811857,863.0189188050645,63.06318170427055,169.1199475182599
1181.0708040434513,856.0390166528651,64.99609799046249,160.02617403967852
1175.21460909713,852.6974667526172,66.92302451462292,153.90144080582292
1170.0833918342178,846.1157847639112,68.6695178956168,152.8558160256951
1169.51341311474,844.7887495618952,67.82212855889644,154.6105782722028
1166.8157058091556,844.4869357131972,67.61380198254608,150.37108640523377
1163.776196487114,843.2517226320916,66.73935199859054,147.33083344632223
1159.2830363008716,832.2785206420938,66.15835471803054,157.7480505315974
1156.743329070794,822.4678327955214,62.03465788732117,161.68172952746815
1153.3696242960293,809.8640730449615,60.587830482125426,172.56398136964094
1148.87425444147,799.6070370828174,58.278357796955596,176.6190984959196
1141.7852984607948,801.4254147641246,58.84920042415264,169.05572499559182
1136.1862312475391,798.3393601671046,60.306727337842815,158.00429951680943
1135.3171973247927,802.3507461007532,58.51477151533189,148.9835318185182
1128.7897170197084,790.5730572231096,55.6056298874113,142.9869969142802
1125.5538874607669,789.2627916474744,56.29868395754602,139.7034033488855
1121.5178487608098,784.3272363502886,55.84908388245145,141.42014303626092
1116.906817460487,787.17336046027,54.41760612986976,132.9121480221016
1113.5792912343654,776.4036835126742,53.628446321814266,141.0184955412043
1113.5521895702968,772.414615209384,51.29995637312956,143.00451638470383
1108.5092193003832,766.0416543298796,52.675322646099104,146.09742835519677
1104.638736938271,762.7048633224574,53.22640558504381,141.6216533332165
1102.4479343908074,755.0821368973811,51.27730193485468,135.24036879309335
1098.218712637737,750.8051052407085,48.47300862422194,127.405034243481
1094.5689296569844,746.7005406286233,46.22098423870438,124.64198388767429
1090.4783451680523,744.3525255364069,46.12046292352704,126.27822903348049
1084.150108799884,741.3596507087468,47.05523232942946,128.96974137607302
1080.7083503590554,736.615805635399,45.383306177932944,132.86804455859672
1074.844193004467,734.7815643462162,47.662001470382776,130.1250839264555
1072.4653112934893,725.6994361440969,45.67713862938514,135.25163838010297
1069.051119913012,716.5067708280402,44.82868918658951,133.82033619661212
1063.4946746567548,714.5121844644873,46.22409453090367,122.32802270432335
1058.195905518387,708.392357801179,44.25678263879176,116.66471854336707
1053.7818745356267,713.4348879056696,45.27275677631201,112.95616124545897
1051.2762635337247,709.2607759974915,44.54751621398587,113.40083835106932
1045.9898789443687,710.6454692726188,43.24624115555497,113.88155649895957
1042.0430684411324,707.3253625007436,41.7855334952002,110.65564026853005
1038.8173561485764,712.3170937295007,40.089093788088874,107.14318147052114
1035.9465439203757,707.5289859749792,39.10535181943519,107.8009767535373
1032.1551180995216,707.0983425067913,40.14442456118466,102.12311082557078
1027.871910197189,701.8949519631069,41.61627151301994,101.24285356017707
1021.9385208116908,696.2436037293883,42.90289187149884,97.06265115345673
1018.293545919576,694.5536090665853,43.3911090093365,98.2520748995042
1014.0528522309502,691.2937579648742,45.284612805144846,93.54783507586961
1009.9924949721844,689.5942745362238,43.94974623046389,96.8214758013336
1006.6134094139195,689.1308862899549,43.327620933950925,92.58755816894677
1004.5753144780498,689.2178930182047,42.04458377612322,95.84548893322028
998.9765162133565,677.7735422925697,42.5107422544953,99.7494200319405
996.1717657819687,669.4064585753695,40.359226669897275,105.8781600800027
992.9491308677369,663.0210388998589,39.8473256708055,105.89069464087666
988.9392225271265,653.1971730406995,41.000168062929625,111.24518955660037
985.6874364556444,641.9394909433286,41.336705939537055,111.22721972897585
976.7405149498793,638.2859782440489,43.4314750658268,109.68596260502405
973.7495250237045,640.2798067418822,42.62114456275461,109.48158041484753
970.0335675142339,640.8301610066278,41.08318440822015,107.84977662342607
965.8887808201414,641.6765760479116,41.092519169065554,108.07307286626974
961.529023345163,639.5939236968903,42.765551906257016,101.81783237015983
960.1882795209883,639.3505245581598,41.299230401934935,104.1649182183028
956.3101955740456,632.7379178380689,39.938635191187004,105.96732815937077
953.1988015921374,631.9007350641018,40.05480466966088,107.06439189827232
951.6304524253438,632.262968293123,39.90090316475301,106.48541493265331
947.6461227410324,626.8854000844294,38.87858767655611,106.05870713483694
942.782702110668,624.1306985972446,38.297633810964925,103.7418346864994
939.8912070405781,625.22388416081,37.759633020182356,101.50103918171624
936.4170310158262,626.9010958028011,37.38624645910123,98.92170857823332
932.1169932071828,629.3225639835798,37.43200284755672,96.48116218254685
927.3080493165161,632.6609166176154,38.733555961167994,93.38354935635401
923.0680697609765,631.764259369871,39.29868485836699,91.45359061080771
957.9771810211516,704.8234440001279,43.39255150904546,93.85276882760459
957.1301011562524,703.1460516232645,44.29044575537482,102.86985889369053
953.6779154079884,700.9911463051842,46.393058306243006,106.7643393964205
948.781873555507,697.2978921665624,49.1580623146346,107.98279874583693
948.5570882922664,691.7510452176424,46.832212698800426,111.25226819595086
946.2089840255194,689.4064331884547,46.9686972354093,112.23669028487521
943.7660676865868,687.5414217716731,46.900579303219324,113.93548017022262
942.6215168381198,689.7422450336798,46.05794185915558,106.94460068416244
939.2714262269482,688.8198711975467,46.194139073659684,101.83519299071946
939.1236766643732,684.8285450650844,42.62803021600742,103.31992305725458
937.5132603844097,684.8497219060309,40.582122580379135,107.7510553446561
933.9644621184858,676.6988731974584,40.87020017620246,103.28448559830184
930.0165531942552,675.5100279603959,41.32531451812592,96.34110212107751
927.4970420120211,671.3154852406217,41.06020221210661,94.1638066601766
925.1115184086374,668.4390607400532,39.87102405822712,95.19890132666708
921.7139647565756,669.0838269544772,40.5104169658368,95.5413433279114
915.535292879485,665.8745703826751,43.414942222507754,96.55875588816562
911.1323761822571,667.6800257316195,45.677298166067914,96.54717378096939
906.9515100817479,666.4624433831199,49.13596128183161,96.60777891236515
905.3441181378674,663.3130429681557,46.6269982789628,95.86422649121003
897.3835334427839,661.2200682979264,51.18111228663043,91.74573445055448
896.594930426972,659.4668994024794,49.662099789673974,91.45558753770675
894.0492980960855,653.3617341842996,48.58335552026202,96.05160119411576
888.3287734600075,648.1195218961637,49.71879408909389,99.45734586830551
887.5658022231536,643.9478861342059,45.50223267427481,97.79554164060809
884.2990973713239,642.2348765191535,44.34172220965828,103.83542410107943
879.3465383329665,638.0847116227947,46.15959979687127,105.20253476164837
877.6655645887556,635.555794384045,45.30740074202966,108.9778195732375
876.882956677812,635.7670198268391,42.84617020795109,106.81521352960425
874.309920908542,625.1927551061805,39.74337504397285,104.6352596579197
871.0416306195514,633.7432402280311,37.69564674980404,99.64353725458956
867.7218851375633,634.9828722263196,36.58926633084048,95.29336844486953
863.197382993121,630.1961031015292,36.66913395050768,99.22757514930879
859.6619185110295,629.1071717130092,37.53230142910811,98.94782059911302
856.150178641501,627.9346104748357,38.04316716721945,96.23455285327113
852.4466448392294,628.2636931842695,38.10089720901162,98.43123010341509
846.8745343551768,625.2362349661205,38.45259544727429,95.69049134910736
843.3887954000028,624.4336088798059,38.06540041486692,95.71901908544424
840.2248131089658,624.7805004043821,38.960701481956455,93.54197444420392
831.6202988376893,627.2107623053759,45.15239564942888,93.92319705441746
829.0839821711961,623.655740363822,43.929878034332106,92.0732442149533
825.6197178005303,621.2025086471073,42.53431368047603,90.55149142591766
821.3357055012685,617.6862080970144,43.30417839013337,93.66737795902038
812.780788510253,617.8098949561956,47.874436015151005,89.99301284880839
810.3183572022608,615.5564648926915,46.823525366626605,87.52464555286005
808.9627624532083,612.7884252971261,44.6589421716573,88.89077790253575
804.9319379937026,612.4067109355218,44.566972927684056,91.39946329600879
802.6844552483448,609.9227919807383,43.704451901007644,92.96106727858233
799.210702287004,611.3942282706261,43.0858755608745,95.2416085929336
795.5886079490161,612.6440120550043,41.11896750994022,90.76297154653489
795.2783711039096,614.557032206723,36.93477784885087,92.63705376756882
792.1426617645801,615.1665676212189,35.55595139550077,90.62512226678419
788.5672326305954,614.3504695886071,37.792847106756895,86.26003316901787
784.2572798777932,611.8723300717447,37.51957164706953,83.59222257527665
780.1956393001575,624.6883682520971,38.88276362060467,83.57297740875448
774.0216717793542,606.0476639185139,38.25987656489204,85.70657885982705
776.7135106265861,629.188633500258,39.82889016822481,85.637867417571
765.0032075491335,608.8479447878503,38.96478191466534,87.05257050145438
762.1570700834595,605.9327688750732,38.83508525877646,85.32783460728953
757.2382623829919,613.9872607656094,39.599364908045,81.78104311398366
753.8950427213126,616.3011828361709,38.26964366374419,82.97132986519513
751.038482539549,612.9118240732837,38.04870919210772,80.74871083263996
749.448642584983,622.4380213477715,38.36319212724198,77.96010381027963
746.2884866287783,631.0288984306648,39.15311029751277,75.49359056877522
744.2370214481833,630.0524360356548,38.699730079418764,71.68272316947223
740.5501512371185,633.185634965009,38.428355198169506,67.71011675999858
735.6529066888206,631.2078374667524,38.73568060475972,63.33729050951004
730.2427621366471,629.0089560850892,37.88885176381416,61.98924034499895
726.9349246253469,634.1960838983449,37.98395034797916,60.745806432032715
718.6477011010471,632.0047472296708,37.82829311863617,59.645755452310695
710.709280217676,622.272360355449,38.01251078356521,59.12660097278611
709.5631269213791,611.6066519436764,36.7007901351232,59.67309336522672
707.642859210481,613.5426250193975,35.77157665281394,62.64471735909031
713.5537535927256,631.0827216286366,36.090036600762716,62.32067141430558
707.9656215487506,620.0403172243866,36.10267154837111,62.9131382956458
702.6584018272914,635.2528696141298,38.62322657490275,59.072071076878814
694.4223907350372,622.3366204095639,40.042836250740784,58.35594407160211
687.3983156463038,590.6234660988462,39.67789142550791,61.78368977984232
685.1684458994456,587.1725461445773,39.2590414553942,62.189001042599266
682.1941592361087,587.9229336054705,39.91129835898661,60.92491737118248
681.0468137280149,601.3328198400068,39.89448151359099,63.825851954786
673.8568819602887,602.3933370708113,38.546118366934245,68.55493791655871
672.4819357199157,594.9528537864354,36.710656806403804,74.84092701060166
670.9051678929332,588.7083255340891,35.73877258578438,79.03314736573526
663.6796621036137,576.3746752761585,36.58419984540488,84.47621163599882
662.6124988294987,580.4233621010192,38.36768173469199,91.21807462685256
654.521676825433,576.997057209806,39.75833087274344,96.98243695304353
656.4532389734968,580.4431217022524,40.08891745389536,98.68674112047229
652.0370219242571,579.8637895565811,41.06870402850741,95.03574891231173
649.8899369616887,586.4446493007616,40.0898748954479,95.66225254359895
649.288208694837,588.0828154709212,40.159129945032944,95.25030039570161
646.262224963547,590.7778994671431,38.821234054135445,94.29045365003311
646.5006716547803,589.3529391033677,37.117947032183494,90.1876971544987
643.570378285639,589.2596643035813,35.19596711540337,96.26208522689751
640.9825409632413,587.5634216746658,36.54591686452663,99.98164534637581
636.9297913025791,586.3238960991047,39.241483617794714,100.8085152335404
631.4964186583959,585.618554983956,40.3994330674153,99.67454897912974
629.5161009764425,585.9877313658171,40.96419903377578,100.33461269612454
627.0995259325615,584.7117911329899,41.12805470697169,99.70105667072367
623.5878154286464,588.0866216092853,40.82658356611151,99.6249277422912
620.8561410490195,589.6994755782591,41.15091123570346,98.70855383819327
621.5325456312197,593.3515274422703,41.11384629742536,99.98653930927333
616.6295980924376,593.7892745612813,39.92819214232608,100.79373112846383
613.3504494385069,594.8436068681036,42.26286204892046,101.40554255070802
605.5713052889457,594.9628942606864,46.19259871098768,101.32258820504583
602.3852697259352,593.9291616371024,46.54015709040786,99.36585905038531
598.9974785841537,593.2494773747554,47.587637836360315,97.41469016483936
596.1874721540444,592.8515470788769,48.70588220824641,98.20539766844378
593.1759614370657,593.7165136817996,48.52498873491742,96.75900409616499
591.5881565264259,593.6157707541644,46.54335842179491,95.62933953857326
592.4214502757605,598.2160232615429,45.127447020463705,90.43028879583775
592.5774825304004,601.2337037569744,42.96177221253008,88.56187269285253
591.5252819230176,602.517110253783,41.07244041545152,87.767597078689
591.1372557796202,603.5297741858865,40.49626226515342,89.57324435281078
590.9228932738661,602.9695456987962,38.494871802878095,91.94460141133823
588.8008326118103,602.4560063382715,38.34758543901467,94.64715284695087
584.7878903409436,601.7167047402319,38.24472743075423,94.79369536276528
582.4522020782914,599.4527899625193,38.45183372333186,96.47245518847953
580.2185594447117,600.0400985856213,37.71595749259858,98.69553243615483
577.1949600894582,602.4273035055134,38.561265412034686,101.77508750851554
575.3927808493692,602.8425301890647,39.044471540505796,101.39680435446027
570.9356983153474,604.7412171964451,39.743206390521124,100.5058287221702
568.2474557003433,610.5861319351362,41.27375612257171,97.936692222687
564.8902869664421,611.1781981672256,39.780841274087834,99.37652893389864
562.6684529972556,611.3602799516743,39.73311459340065,100.20377664532322
558.7668250705129,612.5341500318893,40.6647887724088,100.3482710860278
556.1209953666237,611.9781958820836,41.89557422638424,104.75670256718058
551.3560677672815,611.5086897649755,44.051544709140444,103.9262645503585
553.0141222531876,610.200381337392,42.87835329073285,106.17239338361435
552.412335928024,612.9651994445506,42.70799506740509,108.758720569367
552.0499172959611,611.0442822996893,42.014033669496676,110.51893617987486
548.8804571970026,609.5908703487147,43.44304657577299,110.06785722619088
551.1733785216354,615.4677738257452,40.294335476732954,108.79684539162758
550.181440013469,614.6061928485024,39.38648586558343,109.28323848038374
551.6048807919868,615.5969879417528,39.601368846810615,105.64280077640058
549.9534729814984,621.5566223612326,40.64588501709878,105.4055185440843
548.4811908490784,622.1042319345488,40.10002067201147,102.54559823202902
547.9424666312229,623.4508512823085,39.43582778846633,104.6442721288062
547.358518794476,626.5640918515182,39.016932190048244,107.5908689381954
546.9901197953405,625.8160507904947,38.24408576192367,106.02286182865586
547.568030385418,626.0337851357766,37.58383063114387,106.14789562449937
547.0889304444121,624.474162173612,37.36568306069883,107.17005313958742
545.3330465417938,624.2942517650152,36.657733895458904,106.95872576175235
542.8796245142801,626.2263592229488,37.04421225538633,105.72506743497752
541.956967294316,628.7073716510984,38.32458527115064,105.21285278357789
540.8712316575444,628.9473304167874,38.44548324128914,105.81912212146719
539.3689390725723,630.9122092128581,38.8058167919543,103.77078069275049
539.2982948100025,632.7613857257426,39.08400056879583,104.35289686960546
537.4651891340103,631.7522551405075,39.8564654620766,104.40797028165393
538.4856486830831,631.5524362721578,39.94274537877765,105.50830026438678
468.2231517054254,640.6592393745052,38.576998791216674,102.06826801418936
470.72782055014153,640.3023582527763,36.69496873459493,100.93521088786638
470.68856904190073,635.4882914746095,34.50943686063238,99.65409869842533
470.5059384295163,636.333303116449,33.70630172142028,103.38098042476182
471.49126563154704,639.2886383954916,33.02200817368411,101.91721298061469
470.12699448502025,639.5397817230813,33.01603891045019,95.34617274215181
468.77079754902473,641.1699043218919,32.62636932116314,94.16392047450994
470.1933472556854,639.4368277097439,31.372897843925223,94.7529007614824
470.32741606062797,637.9733475648505,30.784396099496618,93.71247277240761
468.81570473896534,636.8084164838153,30.488263250960767,96.0277105141796
469.7693536301619,637.7193474945416,30.072639044412526,95.77506992732086
469.6748407673572,634.8340510777557,29.692529058788125,95.38538163859945
469.9081731535882,632.7159305952345,29.078405358744682,93.87043113439012
469.524964926945,632.8279435261022,29.27145983490951,96.16000367456287
471.5479643165056,633.3186570085559,29.57364799346167,94.81822480069441
470.65079344017744,628.6224489606126,29.828305512658382,95.26914831954755
469.85125060299345,629.018471915871,29.69087235104851,94.9114118116729
471.5589685727379,628.4968101976327,28.51442654501941,95.74458310644067
471.5680237914763,624.4052270156053,28.13771932490636,97.51780760046168
471.12511946274543,622.0787855025128,27.777351563962114,97.93617097032902
471.6186958594974,624.8135134466335,28.118952446300803,98.72484773921525
474.21756251053563,623.9868106892122,28.05658170444687,97.33604967229765
476.79348860917895,627.3586862806084,27.467305508123903,94.05760216993119
480.930008317021,628.4588574645452,27.52287165462504,93.2612557079168
487.2315047152947,630.1762650110674,27.435683746641125,89.9372262567786
493.07938859476235,632.5339625905066,28.537167065408013,88.50182684681302
501.419462249719,627.8080494039091,28.592175514904113,90.56643205824774
510.6228630968868,625.8930883300702,29.44007398946772,87.76205731012384
524.5359576906308,623.7709196764171,29.509945902857325,86.08680285775894
538.9314198686732,627.8811469823034,29.252957805446016,83.41505242219628
549.3253654473032,627.8875675727264,29.43611738372053,84.73352084575917
565.2369795359192,630.6945355077653,29.371776807975557,78.251962495864
579.5687896764003,629.6537363544031,30.08189424072365,74.06420454355757
595.9254735768684,634.3390804952153,29.18287366556041,69.37890969693404
613.8360664702461,633.7024084864564,28.615521452714585,62.71296305929111
630.2549898949184,640.0922973432484,29.202250200840048,60.62168633487017
645.1195762069219,635.8760734438911,29.403424793450693,63.397020001493345
659.6099560946652,636.3977851647334,30.638774666547324,60.72312724369718
673.3594783280945,634.8166898391214,29.428816431177644,60.72652590044021
686.2072409379552,627.1790296732263,30.810062940125825,61.058592871185574
728.7034473841164,622.3811969603892,30.59713668026713,60.13048713216401
705.3883219692252,628.2238472691056,31.76824752685478,62.98861516332128
710.5060547008259,625.9998607459005,31.68480530679652,65.21928012340896
715.3211296681953,621.4843460811369,30.412801224349746,69.18673730932449
720.5182326189091,623.049524366074,28.772934304094555,72.41540604197236
724.1364537669165,623.9250909519219,28.130224229211645,75.00011155227605
728.5780541704853,628.5826497983419,29.744926813978612,73.07129771940242
736.3533057568919,609.1616326954581,33.01160492991351,76.02268503031729
731.4297023165667,625.244785447607,34.747256183874754,77.30489436021091
733.0482879243342,622.662963031569,37.91094061129136,76.08287416993393
733.0285671465274,627.7335069168023,39.52597187052695,73.94238411725121
737.3032973069552,615.6749251534297,40.289615273663664,79.9626971712313
736.3786473849519,623.9591252260013,41.92112489812479,79.75112680597357
742.5307878476162,612.8871474826786,37.89486011777633,85.64129533276682
741.6184842255757,618.9105316840398,38.21601458126454,84.49786967479267
746.5087619981009,617.2677488035388,34.98433035375004,85.79482003707855
748.8783202745426,618.2728858113014,33.38397868375951,83.91060911170717
749.0794777123941,625.9446691725285,32.0313155117827,80.02427164913402
754.6726603711194,631.3888779414817,29.164314460087162,76.7665689254028
755.7405588087191,632.7258550238081,28.983437924351684,72.91086646971003
755.7622763268288,641.5776439380184,30.822015016034335,67.67114498089825
756.7547754550593,639.6730787258588,31.377876350615008,69.22206550077195
757.212528984571,637.7618728740384,33.46704720813059,71.12965614390896
757.5105817908259,632.5341995053083,34.81213191757522,76.5780570900236
758.1397073236884,635.2218130416134,37.61578637948499,75.97180005245502
757.926820141265,633.2239547388924,39.49962747930478,78.88085960310836
758.2902863022384,636.9147215805806,41.10913319573944,74.01443592554213
758.4390082627642,638.071797293968,43.01325125652651,70.84715856764245
762.0915453017216,641.6070127047138,43.67080956827699,71.2334209608447
773.3264075745066,633.2448865774428,38.22980052449602,77.33419219093433
780.4940302764396,629.7605628841314,36.34751186984118,81.68310624621603
782.7339557089347,632.1619414922552,34.163657737230864,82.19383569737612
784.903461150873,632.1237678399172,33.54243266457137,81.51297886815435
789.9757420439829,632.4347452745553,31.50630257378844,82.57304855200803
792.1522594039972,630.6234532715781,31.123184477989568,81.93558562774435
794.6189629996775,633.6922706928228,30.78287925380009,79.28636087770069
795.6397801750425,639.1167196193128,31.84269866919488,75.66915871044395
798.2834461288857,639.6257245390287,32.689055923004304,75.22223721795594
799.5061310488146,639.8471314154276,33.20734373597243,74.67376603697846
802.171127182972,642.7350440967057,32.32683802071676,72.23416677438385
805.1707992173946,640.8872149453665,31.678623028860272,73.27697978532181
806.7445674979394,641.1431722136532,30.930201824174077,74.34380011695661
767.467345060601,631.0544275167287,32.26665416452997,74.42505051872337
804.955540566208,638.3262953981837,35.19896245121616,75.58400407452457
812.8472243966717,635.8788092324372,33.486141214271676,77.6471563033493
817.0738891866375,639.5700727906091,30.88982458220378,76.72057950251161
821.3116209696058,641.7914982035973,28.13883147520673,76.48713894096835
822.1061150748733,643.0940657102171,27.464995817476026,74.63789462542996
824.9568144013977,641.8930641687631,27.31587247829879,76.22408447304083
823.157149505267,642.5677089183393,29.255740185065974,76.1825358081502
826.5135471025527,640.6099262867766,28.482246533369484,75.63535622625297
824.9782051796698,644.2116221175484,30.79927309365154,74.50113343452202
774.9954099183907,636.1821130233855,32.272590430070046,74.47379089680526
828.0188478143131,644.9502188317824,35.541519436959966,73.20350814485272
831.8023032784754,640.9042931016754,35.35575709221321,74.46310328246629
831.1250055216072,646.4575738105177,38.985689179090556,72.49115232486099
834.0005176758527,640.9071964040645,36.07253006731015,73.27639689892632
834.6099087236398,645.5888748159839,36.3924487596875,71.2284691312386
837.1283024341789,642.3305372618343,36.32948012877393,72.47528804845368
839.6443883006359,640.5780488956259,35.378098127888165,75.01606453163825
842.217847483429,639.4610947210086,34.1947555854028,76.49071834781077
844.940997784648,640.9519345432128,32.3450362884054,76.06493488027536
849.4746702868177,637.7228887405162,29.583470940009676,76.66798714761435
854.6633055666713,636.6106780981436,27.216280087300504,78.47587245521271
856.5401196510749,638.6902543683301,26.693651021713322,77.13611411263516
860.7632811965126,637.7983130062565,25.814212234611247,79.24175819117123
860.7737024637113,637.1298366295476,27.742599659021373,79.56441286035394
862.0236932996655,638.6355157218399,29.33123611361185,77.7662609332389
863.2958222728935,640.7146363506183,33.43433921618691,76.30514592864742
863.3825798238825,639.7361885507652,34.715548609708996,75.09848223644309
865.2070758964337,639.6821167254172,35.93842266560981,75.54046693904257
865.8354347532971,643.2126236463985,39.26466288474004,73.41411585373166
865.4665272077712,642.623277977548,40.263235438430755,72.54677910017186
866.2114791477268,649.3103591552589,42.67439953690986,69.45799348197724
868.5940083194929,643.8901997759119,41.37700565037481,70.39614499253099
868.5177552999675,644.526118972642,40.10273711220824,70.68009765893503
873.4108518781821,638.8703536558266,37.45913584190142,74.81781913603257
873.8255134000408,639.9701259211752,37.10360045695761,75.50853304331612
877.9924514690638,637.1401215764306,35.98484302688194,77.4321231477752
881.7614610881573,634.492142062207,33.85933053812078,79.36756397453658
883.7867518879605,633.9332032940224,33.035565343221904,80.30527125103129
885.1389470018004,636.7126044670238,32.70638076491038,79.24547064938164
888.4643700134607,636.4533374364082,32.469825568443724,79.50904797021667
891.9588073019858,635.3212679414029,30.98809810294304,80.5780085574413
892.5406441816892,636.2011606157132,29.49055349652327,79.95083984091306
895.5436085082775,641.4943446519791,28.832385424737502,76.42233783076678
897.5263525812688,636.95609130676,28.40002810402106,75.85939159131684
898.8929275972356,636.0042776160461,28.409510463849617,75.66967774428181
898.9860573573997,640.5275179247772,29.040279551262415,73.49961884192825
897.9663731255744,648.0798390302582,30.512102963873122,69.08659540734016
898.379004404004,654.9893185648093,31.868084993658663,63.43036263049721
900.4153154690541,650.277001834881,31.348256348364078,62.92547500097909
898.9870848196316,656.2159602414723,32.08041152179344,59.565304506956906
900.6685559636213,663.4775809120131,33.17150624441176,56.24430798981263
906.5046774355703,644.3559865767351,31.109738600565805,59.485493622783984
911.6068188113559,636.2070717381999,28.808629893525314,61.863740285625056
914.5678079483947,638.9037236256045,27.384407184908387,63.09071392281167
916.4498466993019,641.8293769813474,27.474032431517017,61.536952017121166
918.8149907217978,636.5996807437526,27.650749785211183,59.819478212614875
920.1802870733559,641.0391946730241,27.957273827374706,57.55210536627288
921.5812346429464,647.2394058049357,27.676499505827458,53.481125422828846
923.8136752583353,647.7367492172838,28.125048831866373,52.421389565985606
923.7047287473076,648.0465290283245,28.94489131412069,50.01387384809348
925.2437850685179,647.4718841119542,29.05323546559257,49.74766214910693
922.6808604952031,653.3819501208521,30.157801532800192,47.39614741719036
926.7520320599245,645.3622860840284,29.63721460398604,47.84763095676452
926.6020932724924,649.4427112195599,29.162848225166208,45.41094024741604
927.5597233247049,652.7189179918936,30.113884363428078,42.39135660397814
928.189338898098,658.8734798916256,31.010059447009844,38.45546648521112
929.8372350571859,657.8572282476148,30.480105813127118,36.665663398776275
930.2263449953952,661.181413985594,30.66686839146402,34.52568829130982
930.7661770866039,662.6312291343023,30.539134117126963,33.69706206186608
932.2357970486934,660.7556388593194,29.950285045915525,32.34686750654954
932.9618273760522,659.7050842828141,29.481143397654503,32.13963240113149
933.0709360370108,657.6594875396198,27.861886752212236,32.790123544532264
934.1692314550759,658.2559270111852,27.72156081886522,32.28065055737029
935.2171178287997,661.3628726158781,28.269487436450277,30.201639659621776
933.6079966682071,661.7260800022742,28.869477303089695,28.925524699504482
933.8834329226304,663.1046027412972,29.207222066427484,27.868602937872936
934.1235121984129,658.1142863826099,27.036877654880684,29.512173171753297
933.373932354454,660.1122586274569,25.731435574722063,28.687593132903316
933.3345901033163,657.993519607206,23.915228751118843,29.943545183239735
933.4432512442608,655.8113272717146,21.280763837279416,31.286082818530794
933.6061022436909,652.7204744437946,19.01127996517869,33.01713024482771
934.0441119679875,656.5884361206425,18.690261369092624,31.60189292722179
933.4085046095156,656.7241307948199,18.074888380935505,30.21231949287089
933.2916631613086,656.6149570962169,17.37900618026147,30.298230368312996
932.9897371419727,656.3628958705432,16.26663559329642,29.10576211161017
932.3360210840375,657.6935046596438,15.392183618202154,28.745511154294526
932.8017268635379,659.8397631043465,16.809823628322082,27.44934339324194
930.5922967479464,659.0016527507797,16.67119720614232,27.603019961576358
931.1487041368215,655.6188251635949,15.39253162150579,28.399806555413896
930.7626125436038,656.4191916988187,15.164188683052016,28.008547304837684
927.9421411924352,656.7842894236434,14.64543943310053,28.62318406241241
