1039.5,362.5,130,112
1039.9314637929483,362.3065648399305,128.88846704446206,108.80693584227555
1039.6559043013465,363.06004893642586,126.20335922648646,106.76821010405315
1036.5485751285041,364.11064468377833,127.15776195241583,106.99555358279954
1033.3101956786013,365.15900006107915,128.52738191018568,105.32921650777502
1028.2640773267722,367.2389564413844,133.27674766921137,103.53919382705979
1026.5278900264054,366.6350395457442,132.3364353034269,105.88632897770596
1024.5264143203763,367.4549364239268,131.0243808270269,107.19653945745752
1020.7676402910188,366.2041136674926,134.24975755520563,108.3774789372827
1017.8118707991065,368.61338224537445,135.40826463575354,109.03957064965628
1015.4967229683699,367.4674936047069,133.66810826741798,110.5727130748622
1011.9369212169133,368.06190106845827,137.98884218811554,110.42083243168926
1007.6445896778877,370.3750732657771,140.69633359232083,109.0449375743906
1005.5198326026718,370.66978195868717,141.8715356474122,107.22706204909838
1004.4816828752538,369.81848315506966,136.70086153741855,111.11529265262463
999.032120218993,371.5911364170698,137.21982954961499,112.87070835297854
996.7290468136259,371.93235916604704,136.04818509397717,110.60046532835786
993.7508813298117,373.4214591041129,132.3395415937409,111.40049461003296
992.0546870499717,372.9666148860394,129.24456810873093,113.0482631747183
987.0005097445846,376.67465686337584,134.63232598999724,109.32414662107615
983.9993228432439,378.213266256228,137.68024840914876,108.60707443203663
982.0025449015798,377.8675596677525,135.18821592194456,109.34250859239245
977.6186556866014,379.34770785747514,138.820617338201,107.47120277008818
975.9758204789518,380.1437012419683,135.70631690896786,107.17770720410564
969.9601991625243,383.1913387936278,141.72757686732584,103.95174643158188
967.1478752056669,383.97357583723425,143.5257811934481,101.50874976798082
959.749249227984,388.3554024460793,150.16588732596043,96.40151245868265
958.8056400872514,389.56814104839776,151.5870325490793,96.2781231303305
950.7674099104594,395.1789004801094,156.56705145129513,88.6151127643898
946.7328947121158,397.14951966796116,157.68467287555342,87.8626569987149
945.2736371284429,398.8475136929477,154.76569804073355,87.21145945919436
945.3878572314663,396.8351508450545,153.86275947188494,88.09257210155934
953.6848845178575,390.9574348529854,145.76101778334098,92.85721111966146
952.7063627998997,393.2485634858553,141.72117663863114,93.5102760270712
934.1013772010386,400.12320408430594,145.0113702211644,91.18025337531103
925.0603264623605,405.0764049322021,149.22638245789284,88.70066942677252
917.3862568330486,406.40352072359974,151.8484192478968,89.81062231737525
906.0606785156784,414.265381492626,154.96489132459217,87.47162233116686
815.1074192660686,464.69206583812587,157.48287960777543,93.79125163095236
901.8069221741368,411.5617202389933,159.68792403673146,94.0889690077479
892.053636993376,416.5966534880324,164.73839829905654,90.5728865920038
806.1321871140784,472.9180966035002,167.88286462380734,97.23345873537801
893.2996708920338,417.35763201021064,170.2173278356723,92.94782135550778
883.6494697532692,423.293737951855,173.02661475483268,89.0513125080154
871.6542095422375,423.47597328177244,175.14960704709623,89.13444491743749
861.8192719025833,428.6870820990455,178.99376674461234,88.51817220315235
875.530227583582,427.12017993966583,176.45260513380612,89.43526100930077
859.7118172095941,429.93368745839547,175.65454730201708,90.81254025725208
856.019798907026,432.6317786847962,174.87705953896187,90.40761982722256
850.8644276304776,437.923147206714,174.1887273160919,89.91974890078208
817.6230799177443,448.8029834254311,178.50599479847475,93.1507609372042
848.3982302217448,434.4151279283295,180.4025634382175,90.6419878612565
826.8449200368574,439.69767911306155,181.28206186584126,93.57362056998124
807.1345602392781,451.58205491936826,184.63918101007494,96.68129958588494
833.1488080635409,439.82343302010923,186.67868530973783,94.63585255975161
804.9427237266278,450.15443590455004,190.57794048250165,94.02472498246863
782.0635705781193,461.02049098413113,186.9637071524115,100.5529125519413
802.7456389702611,448.13285206570185,181.62952658029786,104.47764736804493
782.4270194389223,449.6044777177093,174.3170660330251,108.78693215610787
799.4038664066861,440.82251289134285,165.89166248164378,111.6820679811757
811.7501834221515,446.56538700734484,166.26133146254764,111.15170928936563
790.1245306843628,447.0017505551407,156.89421582821927,114.77505962371946
802.1675311257792,439.80940179371294,149.07731564652812,114.80930485045977
803.8194780462256,439.45865631995,136.95078768892648,113.42548431352775
806.4607082666747,440.75046088302395,130.56980418799156,110.17944544653123
804.8546222076118,440.9755252397781,122.80411698724917,106.88457216842755
805.6025727448148,441.11223165109004,119.5939297565368,101.77039203901187
800.345642494548,444.5900625790232,111.79779908575695,103.18704161487466
800.3061196175402,438.62179792001996,114.1963192237077,97.27112092855174
796.254267311522,440.13595077375464,114.80981675114313,95.9637064877582
792.2827493428254,439.857871882728,116.97822537138461,93.3755222929054
788.8971317639082,438.9367805057537,117.4737852714527,92.40220353473205
783.9454771915032,441.0418323950064,114.81182101769699,92.84234346736878
786.6038240298974,436.5822551436455,117.63056444299048,89.02349170916949
784.3475995096601,432.7020406536125,123.50913890462056,85.25134307782005
786.4015089901022,434.8835349069612,124.85962383657721,85.72233653750547
782.3632400801741,434.7601845410535,123.27929791747793,87.75998371347592
770.7218517807598,435.05403359096323,125.84533015344944,87.99197762253868
778.0412628082578,431.1840479252113,130.4297433403468,85.14321788657145
778.1245666474416,427.9126880984804,133.84952782043726,83.09213829834414
774.4915938472918,431.1630307319621,133.95636072402027,83.82000526486954
770.1914437039893,432.29930702690973,134.6028336379691,85.22500326963957
776.5188203186115,425.5748099369277,135.77170735133762,82.7808891544696
760.2871597611572,429.9615224309774,136.7429677168281,83.72110928678416
766.2199606750671,427.7411412153015,134.37729054479297,83.76052987540798
764.3880960534366,428.27423355664206,131.54770138003653,85.43767591865313
767.6507106948026,428.371024793474,127.03193398936887,87.85391374359216
766.324926427642,427.3614713749845,125.7408730651286,89.4926387839078
765.4322687756552,425.91524934767693,123.67813431037646,90.5795564811585
761.0101362618603,427.7634110504102,121.22081581008985,90.3132378278185
761.8173218777933,426.8673543195777,119.57873979533184,89.62253508157286
725.1104763367123,438.19882246226393,124.86695322458267,91.28691032976407
690.6136351469338,455.34489187968717,126.33806363936083,96.55868242202394
703.5907568157004,441.52396734097425,131.69305743140546,98.59501578210414
706.0521420305813,436.13710193100263,138.9088039366662,103.44544231511045
684.0907623942995,445.1132476831891,146.4095946282179,105.75244357814913
692.561282172051,435.0082059526404,158.34655243438377,102.82046993367959
691.3822004776338,436.00872329550475,162.122249808918,105.16961795760068
677.5493358173352,438.77916211859986,163.62511517723237,108.62871767716199
664.3391096342547,440.74182181599235,163.4275857478267,111.84558193183187
656.4523733833723,441.7967591643867,165.1613401355478,113.56441294012606
648.7200219721267,443.4611131282222,160.15814605219506,117.24064874644893
642.3628180329165,442.9273362805562,156.95477163315138,118.9278157395327
641.46346414172,445.08024931370346,149.0572813643687,120.44522423171824
641.578371204366,442.52045547857483,149.41031311962018,118.43117021849702
644.0133632499078,442.9618269271273,153.51601172106456,115.0104384961835
637.3200239635531,444.29441668649486,156.28190948669035,113.04782597254263
643.917415006091,442.55896175273887,166.0780831321729,107.66731851943811
636.7230830140462,447.67149824138454,170.34714853013767,109.4889047475344
638.0699403089393,445.03401474819054,170.7106608444161,110.32059028029252
645.1652092285113,445.0371581320123,173.03706762203225,112.0557319038597
650.9804717588911,444.483162637316,173.46702705447447,114.47451148465278
657.0416681240597,444.81248987314166,174.70476393262328,116.26776501518535
673.4439757218436,444.3686039446599,181.71313667951938,112.2821581567803
679.4929516358932,443.96045318777345,183.47423245391644,115.52380264683698
688.2022655910378,441.9564285238695,186.4884948236261,115.38960169947416
694.3474039917999,442.583243249334,190.6982166112183,118.52232958131171
706.6615956079435,443.41796077793003,194.026962455805,122.28770536435077
721.6468387158054,441.2940522550816,197.99873267586497,124.02636228087056
731.812985802004,443.2297074798921,203.15963436193016,126.64909792503428
743.3029005020283,444.5446145651845,206.9316508196246,130.05408320162365
757.8004681200416,446.0405237839972,212.49397902143505,130.79081752141093
777.6570231449414,443.78201703409917,212.7037070351032,129.3770624828646
793.2114329658666,443.89345366535264,214.72908021834033,130.90059436873332
808.568090966817,442.2319786706787,220.80523787144574,131.4883770694298
810.6647430208737,446.9292670733925,227.12849673327568,131.60110638886127
832.4736166692329,446.6592622460873,226.77734380273145,136.9296238813116
853.7197182411423,446.04934462300525,229.5523885320074,131.71869924700718
868.1501492253735,446.2446498526567,223.6394852013628,136.05725942357486
877.7943923938296,445.06860022927594,223.75921675620654,133.29755673650885
878.5070412388873,447.09917299813293,227.9697335497365,129.73604615955196
885.1031765408849,447.9691505118716,231.84886333070207,127.94206380634557
901.3426848716638,447.8908344158673,220.03060056623403,130.87721084574213
900.5934622149148,445.30923065616906,217.51699740891496,128.19389657842757
898.387641946917,444.94015375848306,216.344965369693,125.7817206767813
897.5273825360498,447.6206114276759,213.769345090892,126.86121968614762
904.2588103893249,446.79703569973685,211.6309597038001,124.39054291786938
897.2103984313612,449.4623487732108,211.3264666988115,124.24130769956841
893.4273647829252,447.60841343395424,209.93998257190793,122.26670903792218
888.229910963815,450.6426155126055,206.79911531274456,122.76873366821866
889.2003997588962,448.24995279748,206.7707033140113,121.94632916453953
889.2766597468718,449.23152179480417,207.36506132255082,118.00830100709504
885.0734702811328,450.06949200271623,207.4429566108775,116.12151584506213
880.9652532993703,448.8892187477373,211.17481988562633,110.25027075487026
880.9149659731306,451.3199809164295,208.9052525418686,108.97980593234814
875.9673738577802,450.3854336058777,206.90050128913202,107.10592948040942
874.4689710265825,452.16377401148907,206.126221972202,106.41746417253484
867.6251905735425,452.8979256424906,205.40138140359394,104.14672215242041
855.4044697953293,456.29014719606187,208.4039100225908,102.02669423366788
860.1793604787221,454.1282683136068,206.4574381726568,101.92660848074368
851.2271624789764,456.5494270192365,207.37333581673602,99.93525400965268
840.1153581926886,459.74703522950585,206.946355298107,100.98570104529398
829.8462787484442,462.1602681201329,207.4042125439064,100.76041298247114
834.0558931303403,461.2400894413924,208.12702830005037,101.90539265340735
830.4973697392356,460.88359325013204,209.66799255773265,102.89124298736206
828.281309900072,462.4251631049145,210.31304953636035,103.71264562137765
829.658733440015,463.5277389693363,211.90649988920995,104.47944025794928
817.4081571999449,468.87156506390716,211.85355159741812,105.33849300846055
825.130847623057,465.32887987675974,212.37978092561036,106.08534379854285
888.7318795547856,505.9734912261335,217.776980330228,111.1457377278711
923.7666298950747,546.0550364743389,220.64671221193493,114.4902879766394
976.8907587917103,558.0159362808038,211.2335873644167,118.51867522786819
982.9465218377834,552.2924572106765,211.5110446299077,120.6714270888397
970.5385053596751,557.3775521026769,214.86315976018568,119.80289501155914
981.0598687927261,549.3404988852478,217.1011833034571,121.26831849959845
1011.7444053338592,554.7148724819872,205.26293246895256,125.92356531754538
1031.7932829074248,538.6158399120536,193.8438350071477,129.25133452543676
1017.9347737913268,553.2326737436124,194.40552544020085,126.74336138644534
1027.7488545890196,548.0697988473996,195.17585260684268,123.83622296012976
1024.4899858002136,559.0586789675276,198.87732260223748,118.16348099627919
1019.0036590643721,570.8435885965554,201.42434059589854,112.58998028480836
1012.1801901964752,574.4224864898999,205.16922412953764,109.31647281106646
1032.4438734365494,565.8929037757077,194.22697513570733,112.74834031307775
1026.2494000311654,582.456449132917,192.436122652607,107.66284110441251
1031.5236234259257,586.4824514039536,188.7452918055507,107.65452865040274
1034.026037649031,584.2000775016335,186.27780165005197,105.33027388169646
1012.0210980108645,588.6340902262848,192.41840258207188,99.51102185968112
1025.7957666082739,590.2069077905218,193.74141826511567,97.9691562458239
1024.4201030731965,593.8620246832552,194.43288771557798,95.66399963082362
1026.1045489016367,595.7704512404797,194.0971933830598,95.23608040747962
1028.4188879898945,597.4721652568135,193.16288914589137,93.30349851536481
1033.9749480043167,596.5920258151752,191.83155735814526,91.69945285136154
1034.0524149467572,599.4687756172414,195.07616681123812,88.81970689734561
1042.1515676116958,604.2730875400329,192.64790856827648,89.36024855758426
1045.3528448945226,600.4085400791945,197.9411917666214,87.61326879204626
1053.6553268557536,601.3875947591029,203.37077831057778,85.84787727696067
1064.1579315504878,602.1605837282387,206.8598215828914,84.59916080139845
1057.0511254399507,594.76330135523,209.38723473216447,85.94068647038479
1094.8191545605448,608.973336852756,203.42488567752542,91.58573928719827
1096.548914056976,607.486105872787,206.37778387516076,91.8064556313183
1107.7229084814858,614.2418299434979,206.57083083257413,93.14359064064818
1123.163938792998,607.3674737998147,209.25669415367065,94.93049297105934
1130.2875568282839,601.1173014712476,214.03988617874546,97.67318865635161
1158.2430700696216,614.3128836500523,212.43958574110337,100.82811722694464
1182.250670675896,624.9267353504083,212.3025998355576,99.86022850602455
1195.7111851535713,618.8471763116061,213.47889772904813,98.9159800919622
1231.6868192355928,623.8672788611384,215.01659107493302,98.5647399287402
1244.557377216294,623.5935903682334,215.6465124213849,99.42437723704616
1257.169276976943,630.3098716131503,214.14276809241466,100.9441368592798
1271.4174392366722,641.3350088983457,210.15711744443195,103.25019904700503
1291.2036275359849,639.3422422254756,211.7990162867497,100.05882852559927
1304.3768734428625,645.3019976753359,207.82337102347117,100.98355203890141
1325.5999854131169,650.707623125865,206.01067087115882,100.04854607430065
1340.0576724620564,650.8977820832232,203.5370094917787,95.1179301188135
1367.3913279550065,653.896288364168,202.01687551656767,90.72443419372418
1382.1153440186386,659.210982868555,200.62568061527594,87.26567120704149
1398.9166145941845,660.9980456898429,201.29008032151657,84.6400966746146
1422.6438438239254,666.0667300131064,202.40699849514485,79.26840705018199
1434.014706662087,670.8892695804294,200.47651007800158,77.32825623435045
1452.3707602738998,676.6109190052535,202.32107618823244,73.21519115797273
1458.6845530236824,680.2214169256665,200.7912894478796,72.00619090635186
1471.753175263021,682.4187967252723,199.0413813085333,71.71562983904997
1475.2685860469028,682.4540712379412,198.02611232432565,71.3912228157244
1473.9427505353256,684.2720996864273,199.15159285403826,71.17873523611104
1478.9963757585062,687.8454993188757,198.7504182889027,71.4533401364258
1478.2991595044414,687.3054619666603,200.29954481258602,71.285726992892
1477.2708471663436,687.7817810311494,201.19574048673786,71.21459555922226
1462.093127096542,691.1027040413786,205.40887750209725,70.52126277298657
1454.5647858763825,693.5435749271262,207.5013666135425,70.32983502075898
1459.1991073516426,693.9076243393816,204.87292184891476,72.63554162996958
1450.2073657455676,694.8411429861009,209.06034752926968,69.94670886528985
1453.16519929353,693.9923988135055,209.0833292928133,69.07466522750218
1446.2435820562716,695.8671228169743,211.15090122839422,68.98872325456303
1434.6704030452706,696.4945054598368,215.18546783953576,67.17477225066445
1437.507553965083,695.8178696893057,214.0335420003297,69.51619836791113
1425.2897123971256,697.2102915354453,218.67242253765494,70.13160582914472
1431.0443138100993,698.3142955418638,215.92016682330242,73.22835609211884
1429.2813041698187,699.7311207402203,217.84612128696654,73.3261981924493
1420.4968991765256,702.4654010414987,223.2248982268156,71.81971773720463
1427.0790426110711,702.7131165338672,222.5188205432036,72.52420574118733
1430.070305076656,704.1487739715981,221.64048064268994,71.91960380272889
1433.2341494515927,707.1064720882557,221.3512067118271,71.96170082258169
1438.029462408454,707.9638918576522,223.27641385696802,71.38101739901916
1448.5143636948021,710.1725903988471,220.26681791029188,73.54832048724253
1452.727158306852,710.839668992197,222.06349124412458,73.07605129848982
1464.6351484636464,713.3960234657421,221.00364584765848,73.54428807263753
1470.6110152827184,714.5344717651985,221.43580283649243,72.76892829747916
1485.4615150208024,715.8941545572238,225.54500339726673,70.44862278073907
1489.7329910394394,717.3980518930608,226.13582968570324,70.74022425103327
1504.4469305064101,721.4837906923508,226.69996703280594,71.04698181974561
1514.8195766209071,723.6801161469359,228.7213235309034,71.637722330873
1527.7937869649168,726.8690923886872,228.28484416582117,72.94519989372304
1546.424186587702,729.0881984725393,228.6911030774088,73.83405726736731
1549.9091123678088,734.2437966088905,230.20756912526957,75.08301352929439
1568.3976219188758,735.6342448140607,233.4286384870295,74.95404336365368
1577.1117957496492,741.0660062236468,233.61386085263717,77.33042283297674
1586.088484187201,741.1251011833956,235.71926364335116,76.97215508479121
1600.8469756128582,742.1641334023424,238.45191260597085,73.38257340417594
1606.6020584600387,746.8570718419128,240.37767971427436,73.76909160867662
1618.2616649235915,752.109191024907,241.86672525664463,72.81040159707402
1632.1227551449135,754.1580113806876,242.34475734196286,73.0708638938988
1637.250097506867,757.2957160546218,241.62728678831473,75.04899233692467
1598.2741042109035,760.0018755290334,248.82996120592622,72.81940139961037
1620.0006977892683,762.2604831158362,254.02946067772217,72.22126863011535
1632.2840184855754,765.2213530954868,255.1766832501521,74.55023106180089
1608.671422155432,760.4765285768564,258.0641184498558,75.27431983127488
1626.7646433947912,760.6618607137832,258.24743117774494,77.61616167962914
1617.5477441639782,760.8185950892841,256.28837339155695,80.72833994393403
1595.4088269611973,752.7939626832335,257.18437029001046,83.08661516570533
1614.9922019376418,757.7555306205553,251.79305890130922,87.29048729472106
1582.4194601261788,750.4187200147744,255.71502315010562,89.04463958936128
1585.7245985662998,752.6730514148379,261.41999737017176,88.82355893329941
1579.8391520626437,752.3679651191887,269.2405234111168,86.50535222328278
1563.2852049718638,750.1559513422176,274.0976609243403,86.40333467616693
1562.3522442025599,751.0089762639598,274.0818470517814,86.1830679175772
1551.105701378212,750.4024594837714,274.58934594072497,86.6630727307979
1558.0469579009475,750.3799208750181,268.42328763615296,92.72733082121718
1540.3801738230784,746.4118343236248,273.41220358414864,89.90936965313392
1545.610555280135,747.4108150297418,269.0203527086066,94.77214613515632
1538.8554997410752,737.941851733075,273.6313914177895,92.08523372285273
1538.0855211471296,738.6992912124133,272.89707429888824,94.11280286922967
1526.2128318105297,733.956231911596,277.11962973656705,93.36815806669496
1529.2822524042776,735.9067499430882,280.946170092162,90.38932164808257
1538.5485339459274,736.6278955189932,283.3733665761997,90.52035354484248
1535.552777925583,738.0174237231025,284.94175148457384,88.77118890276725
1560.9521174375407,741.2620126003328,281.9864606345872,92.87387438673764
1574.2169317516675,747.5510872172476,283.8936367118358,92.46473466740355
1585.1665095561448,749.7126117005296,282.81195229906365,94.06343211695679
1598.591361136689,759.0700317685242,280.83126593542005,95.3346500664486
1609.2219268818064,761.083347754029,284.81177334892254,97.53334585991209
1622.8031679188477,760.9307314735306,285.84709126106725,103.0537507354473
1627.7007047282777,745.7401993200876,284.17972299553514,106.23761030016365
1630.9928904749993,752.5192100949494,284.82504552506896,108.46104428110807
1633.1235096206392,753.5222954213336,287.05286054618665,110.67563636983431
1647.5350606853258,759.019742694201,282.49996223472044,117.16041095519745
1625.028151777595,763.5762514257133,279.75170263512064,120.82453024091919
1653.5150552814716,766.3372969695422,275.58633362162595,125.61927139263705
1677.5682165594098,772.6717838883186,264.96331145795733,130.9900095623904
1680.2006964742882,761.0697779304298,261.4516060699612,129.74413270000147
1705.4738452544525,759.3571170879859,249.17916486541367,137.1983063638537
1712.9457004441217,750.8262352362203,241.6953788812545,139.46530683391865
1730.8717064116813,786.8974571588174,229.12594046694602,145.01561368414463
1749.2204892580357,803.5764128938974,226.58714131059298,144.05678317639442
1774.9115551641553,806.8538894813056,226.35622680318878,140.082862746696
1743.5203106318525,817.4569435268801,227.7586473386533,137.36413213268375
1795.027939631962,805.594902932661,223.93378627227196,138.09515458667613
1784.8719640648626,816.4341306285307,218.34177027651293,139.88841623820338
1773.6747887862994,804.4630309296076,218.2411174720076,138.3623839488086
1806.066459581698,816.7474960414089,216.62204326123424,137.50489552952772
1760.8905616361205,825.979780596216,214.73205513203965,138.131317081083
1784.9533294083512,836.5563402406441,210.66200304182084,138.07936388902868
1761.096714826419,817.6972473906472,207.2963061403953,136.23156311207663
1772.0353628416572,829.7720286406231,198.75725571684904,139.99016781490346
1782.8597859719907,811.2550799661867,185.9289650843264,143.99955757152006
1773.141674077499,798.9856451153111,176.09250639372897,146.85011302088645
1770.0194412540832,806.8398594136265,166.84126120719006,151.20676743395063
1777.5103300326573,813.1689898769914,162.6237046205348,151.05346398012912
1767.002431135584,812.2607248432743,160.04567524068662,143.654717595352
1757.054762912162,826.1299331316011,163.6557833562382,133.37229868856923
1761.8495594225187,824.3186019608361,165.67131719882815,124.19544924754248
1760.1384901941508,823.5275665795591,167.48242751748415,114.6537288618596
1756.4051553376146,832.5692415990515,169.17057768594367,106.85215412046247
1755.8444884441471,839.3190519994724,166.2742489743058,103.26344573610677
1759.8991523956997,846.2154902705786,166.03519218711213,97.06965488381516
1768.1669672057953,843.4964444447093,163.70493976852333,93.87034617607554
1771.831638101562,847.7855041835246,158.68948085378833,92.33520380923275
1784.9794254701187,854.5188175678963,152.39489850449536,91.85365885846424
1791.6782677492517,860.2208461532987,142.4218094699703,92.46142057309923
1802.0914517907045,867.1170459533776,129.4477999954597,94.4783273822799
1815.111490214725,867.3943872308455,119.93633981521964,100.53693417428065
1825.7239153855328,872.9363997672547,109.83547917187724,103.83168358279133
1839.3862332817123,876.3695168248346,102.41078397489302,106.38631789042851
1830.402130451404,875.8921056806581,100.48012307159794,106.16170591902882
1786.0131825279857,826.1498106919845,103.56140982390075,107.11008251643923
1735.788344107006,835.469679675162,104.87481808637507,107.76088803654088
1636.4091528719416,885.3948973328613,111.77913844104468,104.74851767601794
1624.1826697691445,891.056776587413,119.85852822397591,95.70967911262588
1652.9116424610786,904.7448484374996,125.19062059290745,88.79550333404148
1668.345343545151,910.0718794039626,126.45687039248867,85.59563962602425
1709.1766607775453,918.8211037557123,127.61948408707963,83.07095538511257
1733.6171392656515,927.9910663324704,128.5525726619339,80.01925420282569
1767.0456280652083,932.2694117471437,130.18659970661935,77.99191985515967
1783.1452483606206,944.5442755360854,129.838061190655,74.58255416310665
1798.009246238204,949.5514963849295,124.3360671859743,75.87113181065669
1797.4710677209616,943.8008336467618,122.12459325276048,78.18471339657978
1729.9949787898477,896.5887991630717,122.63968637463637,80.29808914007866
1799.7612865007925,915.786047299155,123.3616828813914,79.56629837701152
1751.016681260386,911.0677206008401,128.35415515428778,79.53290897086077
1776.8232173115896,912.3583413653737,130.96357838168518,79.24644766406078
1782.536240193071,913.8872551650423,133.28773232983994,78.12642727606338
1772.297031194362,914.85774498595,133.87719974082577,77.95476115346884
1786.5220801052042,907.9272863787486,133.23681433032922,79.06667440927608
1756.6887129019638,919.4400177625625,134.8740426362779,79.91854628207045
1683.912452565472,964.4534919282038,134.71779082849042,81.77100623613791
1620.117058687992,917.575048058424,134.2876433148906,83.20930720039098
1659.4917038186122,916.0545785231866,133.6484269255533,83.73206848912216
1707.6464926072335,932.5809829725818,134.86097250316766,84.12661539777608
1735.7425654196038,922.5180833413167,134.94458891504053,86.13081002571352
1782.861843499845,935.8345130544243,134.09065027200694,87.75233676540888
1766.9541241585678,887.3886181105048,133.9946712406068,89.18146342914822
1785.9183058524206,832.5902714579324,132.87008621898903,92.51301371351391
1768.9211861199817,883.4970234276021,133.22473011381072,92.96220961522354
1730.6791464944686,868.1451503850611,136.33204846359115,95.1813516446851
1723.511049001253,815.6299241595716,136.41545671238532,97.06975418137074
1712.9858063913819,796.6256244739766,136.56506848280324,97.21097931561032
1770.0248952287743,777.3155640417004,136.33997287372844,97.53920183492492
1764.7314706814498,788.9519110543562,136.27590799114589,98.31861995160108
1778.3034505469213,772.6649214681324,135.95230154321897,99.08211589194454
1766.4613467411086,760.1710195902032,135.82218083052396,100.0221768561774
1782.1368578758425,771.7630033484345,135.08582295124427,101.36884303635395
1774.005057376265,764.8552998042104,135.6048757829382,101.55114896244984
1733.2215596153499,808.5072903190356,137.2845853550007,103.57427701396838
1762.9611916142176,753.6494106255112,137.27932165142556,103.69217813627637
1782.416398517678,767.0084540999131,136.55603907494938,104.92351387233427
1766.6041118246178,720.156908571646,135.56260036670258,107.40857321830569
1754.2598228978452,708.3315359400741,136.13941688947145,108.58131715645301
1772.4673154022528,690.7786035695822,136.22968434137218,110.53034644452512
1759.4257636358732,698.195626285013,136.98980096103918,112.70475079740476
1778.7179989022993,710.7384389935462,137.0045841573118,114.0845329820435
1751.6226003406225,695.4407600147823,138.3117492753352,114.57528892724058
1775.557349349643,706.7224091934812,137.69581125159328,115.8988467598356
1756.2974738860348,684.9749635629538,138.36823329953725,116.57645056339337
1683.0866528153233,767.0004353912705,139.85269628422148,117.34949361919833
1602.8273404841123,832.18427978585,144.7822333823662,114.07000310347355
1551.271385844314,867.0534506346894,150.86606862713188,112.26227084165095
1436.5368693509226,909.1572514993526,157.28166248106234,113.10016098151796
1447.3914266269446,925.0717385577433,160.93755341903253,109.50274946010865
1494.9877486541304,938.7361655153532,161.81468045361603,109.43503565603453
1545.6234395126926,937.767119094841,161.92320087100302,111.00158557110831
1471.3350982716952,888.0976308315146,162.21695960687904,112.2154327956655
1410.6563851631815,766.8468525600906,164.12537884349334,112.91277330906257
1450.1595650080963,745.107584036225,165.4964961118192,113.3341833788793
1434.577894890688,755.8868407686215,167.15702250984896,113.42172724014203
1401.6321543164304,741.8154066192939,166.3502572233485,114.4976843595505
1444.1997345108111,749.1036562234865,166.59845037808415,116.58801765785172
1516.2324571489098,754.0071486133775,171.74840663037597,115.87365390306806
1506.7845248255012,753.4785716789565,173.6601938098154,116.14712364875858
1542.2677591203549,756.2486939688754,174.2113251567442,116.27772484292386
1535.0327610161924,764.8950514389206,176.17267089005833,115.1658189912184
1580.955114813228,775.1221347961427,184.14435705503408,109.81962228178159
1538.818240135518,758.0563717349133,186.33926380337095,110.25965492085547
1530.708163465472,745.4251754458262,184.61354097639963,110.71272909369966
1517.360285702596,734.2007967017246,182.76780522476304,112.99504905368701
1516.4237981137264,725.7297658043941,179.76687291404286,116.80983785874668
1534.716491216086,732.7949430091742,177.0975761785097,118.95433664782318
1535.14507442384,747.0192583359513,171.58615036779574,126.1505915672594
1529.2057934530276,718.7072874590872,171.14748439178706,127.53110451036939
1542.2329023350403,710.0305505513157,172.472488798004,125.84909805865635
1530.881989843349,720.069724781637,171.75985317379806,128.4626864205735
1540.521116059281,707.9056443855723,174.05084406481893,125.7540377074091
1534.6215071347408,723.1764623884706,172.5799170675687,127.74209946779857
1540.5721057657652,712.7961184553379,175.4358557375267,125.06694953882997
1550.317850276345,724.1179399588693,173.66072305676488,127.96591747706074
1542.5143406110294,711.839635589565,175.44230264940515,127.13066135454176
1533.9942560020443,725.2744384265796,173.33049061642498,129.28509685857395
1549.8280102662275,728.0560025169151,174.60305991480192,131.85890559278542
1604.9856758908784,744.1011233025755,180.28525916432164,134.21582407609944
1582.685355064808,727.2427972556617,185.83390727321648,135.70640711204538
1591.580759334932,741.1936034916343,189.6241704938989,138.50490536612816
1609.154849583247,758.4517650666445,193.01020772627353,138.0153889127086
1593.9814921560217,725.3312165042145,197.6894725010699,139.20734372698342
1596.8632965949594,716.587748906042,205.36268038068573,134.85639961629158
1573.889404027497,719.300290950175,210.8124591117051,132.6605462972839
1576.7343728607264,715.5677285459492,214.48048509130865,131.43906637317997
1560.5901959471778,716.9190334477133,215.93776103575135,130.74533563581045
1551.945343364894,717.9106649345932,214.59930232289878,131.80033874987163
1562.59785044064,724.7418926915852,214.48786142407988,133.43404439002848
1673.209469724923,730.9344766362096,222.57637253690422,127.33626210375449
1668.1691483067636,723.1712989820293,230.36030144027276,119.11227834785356
1662.503871804468,726.1212269704656,232.7160838391053,114.5132322650309
1648.5215537335962,722.42377537336,222.15439350249133,113.60319311597854
1638.3185069054068,713.5760906555726,218.56582161820546,112.21699630885014
1623.3112117523401,707.3490892582925,213.3694631197825,116.23087199572512
1611.569013885902,698.3539176823126,212.57783648509587,115.3435163349497
1615.0668276867998,701.7381536924892,220.00040063629484,113.8362297909029
1594.462730718779,685.2918978578492,229.81378068779276,108.46382655152792
1578.6778173696173,684.9223236698634,232.59425933986984,107.63910157980756
1563.7753875617032,685.9064431530095,232.8844514748975,108.79327375565396
1550.508930162054,680.9563160676457,229.040274879732,111.22347915036474
1549.0684781671785,680.8711692557853,232.54465703094547,108.02324558529631
1536.8397890247268,675.0117175386323,236.70017281001,107.67492420523416
1526.4926667990346,670.5265729200244,236.62079085134434,108.64676006122713
1507.2522185051976,668.5095977892023,231.87058703995308,112.51970807255967
1503.3808200352062,663.3757507971951,227.65044147408793,111.68752024763373
1493.8130731267356,657.1975998087378,222.5835450625115,113.66343545896459
1481.025287429616,653.5826909620099,218.08182343764523,110.75818129413571
1472.7799857144682,651.1929541706472,215.9035174954189,109.70302990967679
1463.0845037097781,647.2398994577788,212.91132854139443,108.81604557023266
1432.1585849296869,642.5246871046371,216.7245152668045,105.2923870020696
1436.2200424639013,638.9097558400049,215.3026236349817,102.74953468601467
1409.5845487061172,632.8032105630625,218.7087033323842,103.37150912200656
1416.8056526272126,629.8041443947856,214.4108928640884,102.70411847958265
1405.8281017268998,627.3359438051558,211.45356878010824,99.95303633811632
1400.0479995024557,624.6918558923228,209.24685166636306,98.70423841489986
1394.8031908033317,620.8555864553018,205.10708966068742,99.05867746780712
1385.560644476073,616.3390881227164,201.07545287766982,99.95990899269476
1380.094255937781,611.8343084799499,196.5331117979344,97.71435635905902
1374.619156246913,608.0687032702947,191.08460512809205,94.47578388329032
1367.0876140828898,601.6871414273637,185.22963008796276,93.52266273031859
1363.8480612277483,599.8817873658289,179.20877725105612,90.2758375236049
1358.7385315346723,595.6488430308034,176.70112975294126,86.76795402134539
1354.2297860884253,591.3285149263386,171.96972877609085,84.9377823505999
1344.407081014326,590.2178222281642,166.1673057451348,80.2338944646631
1339.0821980360026,587.1754420948189,165.5206779346667,76.29944752395927
1331.3513040358077,583.7602929349165,158.07704738385823,74.67684759336576
1328.3445944822195,581.2336958386695,155.37173594249583,70.55571398303027
1323.2003664954054,577.7272815802787,151.8675686699012,67.76945258197084
1316.5949646843592,575.1706775418432,146.5338164622746,68.48212198544931
1312.8760558281,571.9520127918189,141.35509323414158,66.23301620071621
1305.4269966317845,570.1225456185348,139.6745828054131,62.938949300800914
1298.228030939877,567.4102216379964,137.53923304675968,62.05144384484824
1291.9541048587612,564.0940458110097,136.27856020234685,60.10075266560072
1288.2821604722021,560.5310873039757,132.77684778010698,58.6213301204067
1284.6530862237657,557.4717731615036,128.84209499944322,58.39381042398842
1278.2888303550078,554.7274812393172,128.72299323350356,57.42999468370762
1272.9841376289069,553.1432374946454,129.18573306582854,58.7037386077355
1265.4811764566575,550.7157963109739,127.76630810594371,59.22563227712533
1259.8079941244064,548.3640243167309,128.39489832716885,59.1495331803369
1251.1783502031244,543.9332126095991,124.58838406642852,59.285119554066995
1244.674030885075,541.1128776582591,124.58585704821314,58.75889339305229
1237.2450347797237,539.2708867906141,127.79461268176459,58.222018265473075
1229.6531250313697,537.3165789294017,129.4948401830655,58.193493845144815
1223.1078921206167,532.2573266982366,129.26320735897428,58.74439094595442
1215.7578193308677,528.4150687571567,129.74652971198276,59.45813938500393
1207.1509322144666,529.2125748576848,128.57866814790853,59.53061970161292
1209.1512172527484,527.2086275162574,128.08636863159396,59.874977263452045
1199.225109115078,520.9827425237165,129.4198799755513,59.12387976893645
1191.3330964759223,522.8221460116868,130.37264282938034,59.45246313016014
1183.6788632200503,519.4411984659976,131.02764953581428,59.17931038257473
1176.1615767528385,517.6159385422404,132.33113780705168,58.74849045164463
1174.427926955282,510.31949579716587,130.53632403563506,61.008179113706646
1165.8948571737203,516.6274167798806,129.88194269972126,60.872937018792385
1151.9316860330114,510.81963725027106,131.82160849243792,61.14305277380237
1147.2681057455327,497.41965437564636,130.0088393369141,65.1373830377158
1152.7171027054876,493.0991490591791,128.5710733114276,67.98292335685524
1146.853060094097,501.5350454034201,128.32622886441084,67.4220276097326
1143.1818740908614,492.76718414691067,127.06401690800149,68.17682240995272
1134.91533609454,499.4785018728297,127.30212858202049,66.87584605358485
1130.6923895073296,482.78339154055004,124.70446220954354,71.22783525492835
1132.0944546505848,489.8172088620381,124.26603481519584,70.60743490221904
1127.570060029413,447.0076403086348,121.03025282833855,75.73560750860929
1082.4271326657943,402.7329510054957,122.2411014573832,79.76160593077572
1123.8682373322927,434.99151012110065,120.81168751750867,81.86049180018588
1117.3975729068231,445.84653686019624,119.44608939849132,80.64664889276895
1121.9678217950243,440.0595064589737,117.11174936908724,82.17830438966486
1115.1232012381863,446.1647730112892,114.46574555976929,82.33562880238088
1113.0939358148755,435.8077520332457,112.76225233423102,82.92969567524102
1112.096817596939,428.2275609797784,111.96166778410407,83.11490251793954
1111.7522143993442,436.6005017255334,109.85780450123474,83.20925357812555
1120.2975511145125,442.4676084367312,108.26777744316738,81.86523061420537
1119.5425966465634,427.990455989014,107.44370939456819,82.26188558860639
1126.0005049391507,427.97798118139605,107.87412394823806,81.32837612227513
1139.0946524610677,434.60037945056433,108.4192606948259,79.35625659892642
1148.4338924626552,440.1811090071644,106.61981250701344,77.40444628912535
1141.568428947161,437.2872433410485,107.23394897648484,74.98849090660039
1152.6031991807156,437.5360306260797,107.55886331683607,73.21295683766152
1156.2633508352974,443.37248062222613,108.65727912511197,70.60925865750893
1158.2867229890767,441.6292602354777,110.28224994176894,67.86267191792062
1170.3688307809139,438.45512722997506,110.93583929920538,66.6552336626432
1104.7409613017167,375.76839293450575,112.4253045744465,68.11728528556954
1067.7598493206103,364.92457479293483,115.130021917526,68.36225277653027
1066.8002280508722,360.51560788003326,115.24875770966747,68.33628588277199
1078.5016742013593,367.6246369687134,115.48586867856974,68.87337811427024
1091.5057792409063,367.7637750551586,116.06329320187945,70.01187803849729
1079.1347419486024,367.30656793609063,115.5047587343076,71.07795811946154
1090.2623331738275,370.99152481239025,116.88415315462777,72.0487579529678
1073.8158325382872,357.43948715309654,117.4557462817536,72.38973217767793
1081.3827589557795,364.25916246780145,119.68965795705124,72.51053668814858
1064.8956353282063,366.4991694182733,121.34788568916025,72.88383426240743
1072.5255709943763,366.64522812146123,122.85270968154366,73.52907482688231
1075.0995391412791,369.23136953849587,123.67641939173097,74.63952547647312
1080.83609118123,363.4293832877103,125.24294581391771,75.20716124483651
1053.021410112803,367.2619145152883,130.3524389143244,72.80778065348275
1069.9289552141813,353.7781214230214,131.96019104186774,72.42096013607365
1083.8319059861265,360.2320339982033,133.24053253289344,72.39913851662702
1047.7835310004618,363.8679538140073,138.3056607757423,70.53853021844047
1076.8945034098303,353.15819061383195,137.92283532124077,70.51425735073002
1003.0337767443132,355.0873662454395,139.01326733744142,72.9687966390927
956.163767582812,358.52192772630593,140.04482825266373,76.04318269028215
884.3509188431542,348.03245693176603,137.33806229162826,81.2840156942902
864.6744452885349,350.22559125081807,134.40820693239309,85.59482562028832
869.7582862828463,351.75990257631145,131.683310130049,89.43214609675108
854.7824716216102,343.32978699782274,130.25815853211208,93.33684026197712
864.2299789663815,354.46872739939914,131.39141754249155,95.59952089174624
867.6143315285551,340.08595783564124,130.34685842144955,97.82094634327792
875.6093012899788,347.85747885369574,130.93574308934816,100.66030201520381
859.483055965915,343.1896773897016,130.34840205839495,103.95215636344011
872.2954961704659,351.0553772528623,131.46211210370225,104.94535714525121
856.5328677657186,339.7646091201999,133.80987631001037,106.32547340029812
895.4453382823908,353.56404002411944,133.753311573212,108.49226785060384
897.3237901624352,350.4455321561365,137.42928270722774,108.68013316710865
901.2316468663121,357.80557361921535,139.19805407836395,109.55584819809638
880.9315631190606,334.32433835789186,145.08481751376144,108.17498577777232
924.416697038936,345.70017083039176,148.10989177795923,111.08884543795637
897.4888951960869,353.19681240200543,152.93238511234932,111.6950234276021
906.5765468995011,366.9340150099231,151.82572728592922,114.63639954514106
908.4736145858543,353.71690629213083,155.07653721598905,116.05068967040239
890.8016495164107,364.33284124209376,154.12883250878403,119.40917988407352
892.9327083873915,344.07432818023835,156.65304441150096,121.37308691003474
943.7005033814581,351.78335645986374,160.08444896871447,122.48604808095997
889.6921890703759,364.58654768899294,164.5638256512183,124.48389096327202
910.6635624269936,372.54273991914863,166.19519320021797,127.18356435764244
897.0456665130081,350.9479400822589,169.29194009833,131.02770763642144
916.4519932269837,374.29308693314516,172.6746630342621,132.69977630520165
891.1190697971633,355.88823370164494,176.40047402338627,135.70040419182706
878.9074804903655,371.0823370824288,178.70760809027203,137.829074083425
900.6793098347762,379.16373498894404,181.16281333799176,141.15568941627913
877.0809359248888,367.28815757943545,183.95846811229438,142.94903725704273
893.7526863488971,352.2244144745022,188.44288646029142,147.22640638825
908.7320350741679,376.76153846813224,189.56771458838995,148.8985853521923
888.3655453852826,361.3349932271037,188.40864052611343,154.24940166108996
862.0216452088537,375.78610326458517,188.9264886997518,155.91545519857786
914.0689577868507,392.99316930927654,190.76459461854608,155.97889663963807
903.6662333524114,398.2235502562561,189.66001166262402,157.47626412063073
877.1022503046485,372.12835313697906,190.61588378238685,159.87278536896136
913.2748023966506,387.05398330317786,187.33641544598098,163.93294314076203
892.3889305807875,369.9926207160481,189.5250004205439,166.11145419414822
879.72383917932,386.27407387681416,191.18405539108826,166.4109531709424
921.7482434424137,369.80647185889507,186.89577539689327,172.5926985807211
898.1436840012739,358.5257853750459,186.8561636803188,176.5040986276972
927.3975796924993,385.46739368990313,182.1197367666518,181.97556159061713
913.3206835338744,361.6142150263269,182.6315622690447,185.440196079652
899.4732264966452,379.47899303033296,185.9122162030572,185.59878955351041
920.9710280152752,358.92723658572214,187.66499723739543,189.69821252891458
904.3728332451936,387.42924350365354,188.74123732346953,189.08213625651473
928.8666524996528,414.44755553088345,190.92537297279992,188.33903451820447
914.1845291178,392.3786929163148,191.30582860180206,190.04052068153808
944.0922498427175,426.2234488067983,193.42782664942692,191.1300943525934
924.3343488331996,467.7432177323933,197.38079253717174,188.799827764806
956.9452699125725,452.17364031671497,199.79321829442108,188.1108195771382
941.905910417543,494.382084675796,203.6529081989625,183.59070445434696
927.56301282046,482.2274215452106,204.8256966904919,184.76403802931998
952.5620550344729,505.5979405690335,206.07351097468165,183.95732093048954
944.0603461213881,491.4769533938713,208.1905841264017,184.36449455916198
945.0646799204652,472.80802138394756,209.64180926597263,185.36481052778169
966.2321562072738,529.8163112772136,212.01026041589077,185.07926383002365
954.1639399777639,511.4370521966457,212.70729304214237,184.18050035852087
969.2898413953037,537.5502945010282,217.7517110106906,181.60784298673036
1034.8289493150094,519.9635348148844,219.4050729632411,178.89943264668054
949.1691183305886,559.3353529301597,229.79377047725663,172.37888434657566
958.7276568501204,565.4425016225159,237.39491897603693,168.79993981908365
961.6148872901722,586.395742486628,240.1845943661216,170.04675098255467
974.7210437609051,601.2921976117129,242.24225065510026,172.03121579824685
950.8534842489553,598.9152286491437,244.9797968078724,173.71487151634835
1011.675481906909,588.1434213542931,247.83923653402871,170.7377412107769
1008.5769476767013,604.7330620450125,250.11066119010079,172.70883765573012
962.1602726818592,603.6848576886791,261.17143466235206,169.58413342395903
969.441128651981,621.1957832056084,265.46885426346677,172.73866510155992
1034.2919875133603,626.1213791299072,271.38251854822886,173.3991752536083
998.2722742740236,630.1345431477903,275.0175851971703,177.7344229109026
974.4840249597949,629.0608845228264,279.71831958627547,181.6373892990688
990.8426104871633,637.4947406912048,284.4543192934708,186.37139387007554
1029.8944104811706,642.0293306476576,282.8492159071292,191.06781266019436
999.5696610046933,645.7204308208039,283.92570686477825,196.65769585187036
1032.2706720316862,647.6556935867437,289.18070596177677,197.79583548845775
988.7637766893115,656.5159162400278,295.863742568572,201.35826269352458
1074.1283836489642,685.3376456626061,298.2414295776251,206.40294011203002
1094.1828104806018,688.156659075115,303.14526757162844,211.05365187160072
1135.224014533552,699.9897584216145,307.7687568564337,212.8235052877338
1002.3830061828598,675.7212413743696,319.5945706250337,218.17785494588975
1151.532119802927,720.7184015840687,319.7344974350318,219.08578451194262
1111.1063461726576,730.190613819477,326.3615931769448,217.8463745738535
964.4717394876599,696.7225137859525,316.2691272639906,229.57215898496327
1048.3596362165997,726.1950710586581,322.5694145764527,232.27116519309052
993.4342577104002,726.8082708846696,317.5158138516938,238.94369204143496
1019.1747906852653,738.4605813503736,312.7678617692088,244.7430485679087
1102.0639794847862,763.1491483661364,327.43131451212025,244.5928568968952
1040.451599129741,766.4947564196159,316.1061749011615,253.7976504882032
1027.367869937369,775.4143914306076,304.74919603888935,264.38699238647894
1047.877021285217,765.9138347846914,296.36259874012296,274.6080130012199
1064.7253878854535,786.0801153779391,295.9294343653325,278.8086249994654
945.7610848078956,741.3990896858961,298.7078614938975,285.8230569350242
959.9981040240748,731.9687834521264,305.7972839498097,292.2067349696821
939.5286925822536,740.5297845782458,308.0196543187816,296.92425507453044
927.5213574664044,718.1840627498547,310.56137636394806,299.52193563465033
965.1260372494288,735.6673610043349,316.1069024538085,301.274644161291
930.4663193009267,715.6358556097045,327.92329954253535,303.3254188909481
964.5535471236216,703.9104460836026,336.99443188299693,301.6373472107005
915.4583158806788,700.2718327172997,339.6106552366665,303.31327080940457
901.0423760862284,695.6411847361695,337.5595023302491,305.7023362011066
933.1044583858918,705.2489012749475,337.2578456532023,307.2879080551809
916.260607174572,693.892008360467,339.1692014666554,308.62520335233876
947.7004649686501,696.6053752068015,341.2891978370893,310.7382330083623
919.9320856190175,688.4262865822798,348.3001617916408,310.52482560495935
926.9365465260864,680.6891210960965,350.07697886482345,309.9897244416559
954.0903134825944,700.5402889873782,352.9187699403674,311.17991223310554
923.2893159657594,692.0014964617652,359.9286701071132,309.89931839655304
952.8095186072434,701.7283646233254,360.8029718718538,311.68770977608267
925.9045262570212,700.4296197660561,368.42026949888157,309.0548646143197
948.8577777063695,704.0768969310988,370.6150398925033,309.02118938731286
920.7452125993651,693.8269959113952,377.63648768545613,309.7819013959148
898.3013838996982,684.7384604880972,372.5953032741238,310.99456343094965
943.65280502257,692.5307652190043,373.89349294082746,313.0283529479174
894.5192967600661,685.7505117409992,369.58687056933445,316.02655019932297
924.4195009505358,670.0475204044171,370.18493820027163,316.1054636618745
934.7094834539841,685.0089458302382,370.8204282088632,317.5055707399314
907.5935909652153,681.6833181043697,373.4953869839152,316.59879528714026
951.4531233612578,687.5336341550147,375.37008737260675,318.6090593897238
905.5113859339848,680.1697931895576,376.80011144556175,317.5464391912359
941.285944896933,686.009901488537,377.3262787518289,319.3432316350638
899.3455767234573,680.8637892059451,377.4690240937151,319.1790218455824
886.9077949221524,663.4477733915576,377.77144738181624,318.68559494900103
919.90903287681,680.9421453760963,375.7684491492436,322.0331208599745
896.3329707718672,673.8344513477969,374.5948153372906,321.7236167348559
614.5265069316952,365.05957145987315,377.60115401803614,323.86879085990375
558.4944928907146,284.61175879573705,378.9938251760153,314.58730991486146
625.4648970159452,251.5669476051791,388.7157965871307,303.2783480597669
552.4683225316351,280.1504793633212,389.01995710373524,294.16650710742306
577.2623893991151,257.1103984512481,386.73605140738294,290.9353676849367
549.783712503194,281.3830570087361,385.3358720700611,279.277064984293
