1060.5,891.5,55,117
1064.6698076286357,892.6520964116548,54.74069556426201,119.6932508526853
1065.6290429660917,893.0767199718257,54.3863702159643,121.8927319599588
1068.1551627168553,893.9599927341659,53.900882194539534,124.17307287937032
1070.3412463358832,893.0194787062554,53.86229211255089,125.9513421401683
1071.2476083205117,894.9984299375732,53.49400755445693,128.60805559473843
1073.5247041075277,895.2762201814808,53.78443620823868,129.79898275157655
1076.6589148654728,895.16740353398,53.216707822841514,130.0524083600945
1082.0941876911534,896.9610317167308,51.2338269664025,131.5479118517706
1082.4631063805002,898.6610384377954,49.93669452945844,133.87945482519922
1086.026113024962,898.6651874859508,49.89142216918496,134.521211481715
1090.8319046858132,901.2330204895585,48.87593870099782,135.65749238154314
1094.401422971221,897.4928983135367,47.34074820333257,136.0472125369621
1095.3457232902467,900.2218293951302,46.074921033775865,136.36830774071842
1105.01598734753,899.8631235784372,45.156405248310726,136.03504088251188
1106.4287014623387,898.253329132698,46.013756092408435,135.06067053784528
1110.6274510952278,899.4919087332293,48.01623927902321,132.8867168864997
1113.6965963770374,902.5257553269033,48.23318762989363,134.49478063045643
1109.355729276661,902.9916753111703,47.60138995503639,135.94150835754027
1114.4982863144535,901.7476776198395,48.61646585137508,135.7582104815348
1111.0596610319633,901.7224084219042,50.56491535663218,136.45201555526194
1119.325639783585,905.4825595228684,52.97622949035154,135.11084104650973
1122.2443064127667,907.7829793381005,56.272873168328736,132.4440631817163
1123.8637264176218,905.1249889694958,57.31783995946071,131.7523034213366
1126.579563935549,908.0185757732293,58.82004048436673,131.43647333117318
1133.1262662675033,907.8029414905084,57.22023571212091,132.56399281214235
1135.3499321385618,904.1825521128837,57.940889409304404,130.01181616883184
1141.633321902958,906.6932941919156,57.53008617598327,128.64165890552832
1143.7957012061079,909.2514385967198,57.429968415935846,128.16189048166217
1143.5082614413639,908.8906570539455,58.18137060269907,127.26292510766177
1144.6411651391136,909.4268399958369,58.698879342606034,128.35607846139726
1148.7621506991452,908.9905767358896,58.329424854623156,130.0990895122177
1150.8120899337412,910.2250044333175,57.52031167092303,133.30403267845793
1152.1042325896692,906.2489929741698,58.4327197317933,135.18750501005286
1155.8919239112345,909.5155891739037,57.88851079471742,137.00063085551926
1158.7883962285034,907.9019853603186,60.420743352867824,135.1391091011282
1162.5949437521824,910.3407316933432,63.26698935470402,131.20997127535765
1162.8417182600297,912.0237306825177,66.59078571979275,129.00887550724428
1163.7650561248067,911.631259545889,68.37837159836211,128.98489191342102
1168.162313038415,911.8606471967986,68.8274919950835,127.07597696983999
1170.4972844166055,916.4727720800794,66.858472919962,129.2016837157296
1171.1476250924395,912.0210408139217,64.46283958102714,131.3640302011396
1178.6135233141636,910.4568151203046,62.748749817877126,131.76817452813205
1179.966242683961,915.2286057376091,61.71227176878078,132.06281484351072
1183.2985634378508,912.0976328413979,59.42864699226314,132.4269640050738
1190.3337984173006,912.6217055729405,58.433850136695945,131.80871346615226
1194.5416004590734,913.4095738596851,56.472448705128016,131.88300357170206
1197.5161642692387,916.9490671133614,55.665018491566215,132.62983989454975
1201.481553837925,914.6161124035785,55.445448651373646,132.26934111861993
1201.6818783347017,914.1877746171639,56.33865615939998,129.94761879754356
1202.2228359012672,918.7720120363804,55.962305644379356,130.39639249426673
1202.2556940988893,916.0481358646985,56.57002130127037,129.32387353636122
1207.3630570212717,919.3592469352212,55.75579289302934,130.42972737645567
1207.001638823032,918.42115941304,55.399590073467195,133.15114343100726
1211.5445164706518,916.2616424619512,55.370794884123235,133.88292638523262
1220.3713361788461,910.155776681447,53.91337205098681,134.58291916908018
1224.1652657039706,916.6812881783104,51.95740043665101,134.50960594555605
1230.5045915528374,908.7914063554722,51.34716247335348,133.66048432206765
1236.240834658938,912.6207322608143,52.07803491135966,131.88476803537023
1243.5818221215086,908.4609945826819,52.41114616022961,131.28113719809232
1246.4934653311573,911.026620367627,52.41498862810894,129.9251906609324
1250.8514858529188,910.8935453515306,51.85554090733956,128.41780603755413
1250.9074521845782,911.4115414196519,51.20583672102194,128.35481019580988
1259.5340275726771,912.4951004790812,51.64014016845699,127.26777675846236
1257.5923388768626,913.2691123189516,50.443558644375486,127.80885177066197
1257.2159957290235,915.8370533773684,49.736514314901385,128.4404900815321
1261.571037896905,918.4749962928526,50.3298414629032,129.15146023429787
1261.744048435677,916.8859874301734,49.94270691188397,130.67397587873901
1265.6437233140514,920.4438341517207,51.56387316923428,128.09653621982397
1266.0246370982736,916.1251926909458,49.90883816995007,130.6414562606668
1273.6191679799142,919.2749802004437,50.91366411724056,128.97262236105593
1273.4837335238497,918.6737948382035,49.863987475208624,131.52939681974334
1272.33151541402,908.6584642467152,49.10132340838399,134.60565507913603
1277.5634364518016,910.739571854435,48.62745249370927,135.72610177852206
1277.7945924930627,914.6465784542311,49.09271397285559,136.11544436811442
1284.6200605583397,905.471619216705,50.86758293415965,132.89039450515378
1289.2723838704378,912.0032062295809,54.43026209273914,128.40126661435067
1294.274259945657,909.0892059072937,53.93450173307246,128.02855886964278
1300.4051657597442,921.5391859591709,52.26348562186554,129.9525657458688
1300.9616804551242,919.0973598941694,51.52910352872634,130.63478374043515
1302.859438474121,921.3834634310294,50.752636658366114,132.2528523358128
1305.7895806117997,920.036578938365,50.014992992749924,133.65002658218145
1311.4763649332845,920.3254368517782,50.38743608378904,133.11523286844564
1314.9633654381512,920.627608628007,52.41232022877984,132.44070124813481
1316.330493928008,921.0394743731083,53.32779512353201,132.0626020368514
1319.9719070614858,924.2308682344892,55.818144096139285,132.10606667920172
1322.188839670025,924.546517203981,58.04921017636333,130.38568328050917
1323.7209971994876,926.8842250135755,60.232539541876505,127.55484711955683
1328.1895766007344,930.5972377711731,61.25995555322582,125.48077081929682
1331.380967881166,934.4289210980484,61.60993532909344,124.16632260350409
1332.442680352871,938.1977541584612,60.35432802598788,123.92497167585483
1335.8586689566953,940.8964685663989,58.43296006363971,124.11559227175294
1339.5698288125575,945.4762032669146,57.544276921892276,124.4949908211612
1345.3480669495675,948.134554385358,56.02268796171484,124.97010863356022
1350.317531460585,952.5291791595453,53.49614774125419,123.80426835642577
1351.419155950393,956.844321870854,50.4498749846308,123.85827763443102
1353.3715272657996,959.8791301166956,47.82907874873741,122.57776083604602
1357.6567200228521,962.5841141394468,47.42008544654661,121.05603646577563
1360.848852469449,965.5845250778918,49.240897724678504,118.66061991954352
1364.8733093514004,969.1677389146594,52.684119008688526,114.96386707167673
1368.1020701185203,972.203695960201,54.217116044394764,110.99234341485871
1371.7284346492074,975.5943715775643,55.11424545775189,108.44806846263336
1377.021790432631,977.5330285809314,54.56671846121775,106.30063049731135
1381.6584127235662,980.9274528884587,52.8404103913402,104.35572976967755
1385.355002207796,983.0903167600809,50.915981899718076,102.2946847962084
1388.501135309982,984.5104943097546,49.63363581558541,100.65282854196161
1393.158274382117,986.025173773126,49.69873503642749,98.27980914139519
1395.1988997422252,987.257241390653,49.95536874232806,95.1646102852969
1397.1147246474072,991.0001392924225,50.21230001716929,92.70038945581786
1400.5287211497318,991.7617333395693,51.51460467334763,91.11011116312676
1401.8132625323378,993.6675751467831,52.79185922655614,89.36997767954344
1404.0783407013046,995.3601500259024,52.74688326658291,88.17781846276293
1407.2486512090748,994.05434026385,52.493297907017485,87.7276079430749
1410.462436297245,995.4582617361345,52.477227707788956,87.24695229823423
1411.4643061162064,996.2155147299687,53.307666517589375,85.77390390773206
1413.1981509946181,997.1648394272154,52.43380567731596,84.67821806809798
1415.462286115408,998.2255907577171,51.12921330934762,83.56023065062482
1417.0133725612984,996.8410230546149,47.06079315699606,84.7821939872797
1420.5356327351515,997.8726250655789,43.33084180571957,85.84243404570447
1424.7524619783117,996.5995886904725,40.14593257553338,86.71369555190637
1429.5409036714973,997.1707688516242,37.75453073747103,86.88525322410223
1431.0418206879854,994.9801434927048,37.227329682934446,87.43726624243226
1433.9145762394282,994.1045945198891,37.626788997071344,88.20934317528065
1434.0410227347174,993.4496680890297,39.62473142519414,87.73263645524266
1434.1956213186438,993.5970217424559,41.40182318632715,87.94107090921649
1435.4140090152252,992.2200851424604,43.61760135151369,88.25340076852439
1435.0585642753301,991.4517084104314,45.93072447960415,88.12708414991802
1435.097752235967,990.5362678212181,48.07965063276277,88.45860822404315
1435.2497375962,990.2683703161262,49.928164329258294,88.26562648127836
1435.9135169096985,990.7176919161844,52.02719733701166,88.24760101893177
1436.681019989823,988.8470506413814,53.65701375519286,88.66793234516439
1436.5692627394276,987.7326774963657,55.34916882185577,89.80792934568335
1437.5854123060083,985.7551103141312,56.667777968113555,91.51339034360564
1438.2310982448469,983.7271281824369,57.63866938847122,92.34829313886992
1440.4434848935812,983.0687726133051,58.30642014266862,94.01008799066483
1442.0045740275457,981.0298741811558,58.32937060169897,96.2917081829817
1443.333399343898,981.7915116568632,58.70162004299952,97.90645684645031
1443.263789382502,979.807064072525,57.68083368107794,99.38053785764073
1443.9620885860688,979.4633270043151,57.37728491936765,100.44682016461759
1442.1181028173874,979.598400197107,57.509631971714974,101.12680537416841
1441.6255038708016,978.0343014666474,58.131720097449374,102.63004074364184
1442.8941050801259,976.6179620710878,58.55117365795744,104.75678638113169
1443.2039318136326,974.998769476414,58.815160659064304,104.9203653571002
1443.9337073263284,973.1785833985408,58.31485644792369,106.19022526576114
1444.313866706609,972.4524446371048,58.223593268455616,106.34557140263928
1451.4540753515882,974.123445400401,55.662842459514906,107.80493382105416
1449.7861236353954,971.1211899935943,55.09718439325897,108.46894666408653
1451.5552811878897,972.7168444568318,54.72613947183343,108.86751176677112
1447.1030198851975,970.8497696742281,57.833614939003915,109.26537097248132
1448.2098375218384,971.961902239153,59.998608396495996,109.72406253818815
1449.226135521698,969.352963396888,61.12059775825726,110.22001496408197
1450.0968983861007,969.7962032724326,61.33955081210581,111.96069170904053
1449.6554702705864,967.1736184650306,62.477215081607326,112.23934292174508
1452.4254924622142,966.4555616911207,62.25986643046889,114.65935975840601
1452.215015743958,964.0126998986987,62.19216868075307,116.10332733319451
1453.1985372064648,961.9596558003311,61.18456008620285,118.49977884169726
1454.8844835220784,960.3617700857184,59.067890729206816,121.21787659133241
1456.87231376236,956.6243133579279,58.101941275789095,123.23681403754452
1456.2409148855243,957.2388875695336,55.91244611030152,125.4941432277821
1456.1476479194862,954.3595481420732,55.22172102634077,126.51015106982464
1456.562217943881,951.9434335186072,54.499996117226,127.35351041128484
1455.7347847778783,950.4728359248467,53.32877259022268,127.09336754605631
1456.0125066364856,950.2098234382183,52.44856950887997,126.58523881943813
1452.7069796373476,949.2247357308526,51.95820882667517,125.43327334977013
1454.5059939468974,948.2370778498639,51.720589467371425,123.36832069057436
1453.4139598076376,946.847159036252,51.29524173789537,122.59459353088715
1452.0752546694882,944.098540818514,51.178092773853095,120.17875451928055
1452.8011926579172,942.6278279386368,50.85938001072488,117.65436235072085
1451.6556161809226,943.3321015853477,50.87646198654986,118.48679067566141
1450.287641848473,940.2841742531787,51.08441792607664,119.7759269905427
1449.5149005330493,938.170073104721,51.835992556931515,120.18816625759648
1450.9505189121994,936.6534857935038,52.53142407065,119.59357665502498
1447.6743079911455,933.0135128978985,53.51997739011372,118.51995150812512
1447.7872830027607,933.5504360960855,52.980099209792186,117.71779780498471
1446.7777151392424,932.8855561068384,52.51554419815055,118.20058925187018
1446.6305511269695,933.318052419678,51.14255483225447,119.92864829817287
1448.1842993179932,933.2355361798363,50.03508634518094,120.76998845607883
1446.1454268325915,931.4765518904659,49.57671853064481,122.84384711813274
1447.3893841730826,928.5097946358947,49.00925966307068,122.8299128968064
1446.275442548877,926.6945433996831,47.881286492872164,124.12641668911486
1447.7189155262226,926.0772096191372,47.59971392074954,123.33662751078111
1444.786092091513,924.6475945650375,46.6703082617873,124.67840096824648
1443.8483956955345,921.2466374938631,46.573988464480415,124.75306691876183
1440.921747771649,917.9698153322316,47.89547832012494,122.84839443904619
1441.4457085636589,917.3229719411811,48.82489433490596,120.14320727209643
1437.4959503308799,916.7922184761231,49.77342918348976,117.35275115899941
1436.2296482707593,915.2214478220632,50.08841722249328,117.10567399788107
1435.3262392340785,915.0520681551097,49.89842450197821,117.33792793780584
1436.1886893499352,913.551779694912,48.95814813157787,117.9859011842664
1432.4726409741845,910.615319684181,49.958402079123914,118.73037939512054
1431.6307900686,907.8833227606013,51.528599636965296,118.03353797616657
1429.1241879059926,907.2256414379149,52.77955258507437,115.54728371441988
1429.9566623124606,909.0081522495135,53.06728817460405,114.6888358159693
1427.2946991588262,909.1211129346399,53.01008426336692,115.24144051345033
1426.1743711352601,907.5756248610087,52.51101281339852,115.94697273485515
1424.7500666565488,905.0451917056423,52.92667556568182,115.55261167055731
1424.137704555978,906.4945948532359,52.57883313836738,114.94744908836759
1422.3808115958138,907.0433288871706,51.70018493851733,117.18091769080166
1421.6439224915,903.887389323714,50.85396631334393,119.87035218804553
1420.8424944069993,902.8501574234657,49.58967956661949,121.32538240671296
1422.9597427870617,900.4206369917706,48.437914768698775,121.07302218901802
1422.311443768162,896.8268835202738,46.86224246081003,120.72029361260243
1420.9009348165634,897.629500551991,46.24674789376178,119.69163286145066
1419.3310881926488,895.4002621346186,45.68426170967593,118.18926327209252
1418.0451550370985,892.5056166748517,45.62779135276179,115.99596685413248
1415.5162710816915,888.8172423297142,46.92549370800382,112.25931222409498
1412.0840425683455,890.4927402082789,48.41282070310997,108.98757149652494
1407.8412242622842,890.060854379479,49.83441140916544,107.09763193052234
1411.8299129292398,890.3209014863634,47.8648532509747,108.04391926658882
1408.8048146953365,886.2697632320426,47.79930369751032,108.42405117150108
1407.051104182855,889.5287126119931,47.72981899508711,109.64231078257166
1403.2445895660178,885.6994996086913,49.358566212007084,109.55626953072185
1399.8891933319492,885.022092457231,51.57819113482567,109.46478046602776
1396.6656986864498,883.0718690491076,53.760207262219886,108.34113794587935
1392.6249194641414,881.8549972279386,55.770318334400116,107.41705940842296
1389.5930638314444,880.0253236693578,57.57786886371011,108.19147353074204
1388.7369106938295,878.0735657818767,58.78449565075812,109.33677387830562
1385.1584509680079,878.063895057565,59.59328582994023,109.50210231606948
1385.803980131408,878.7259103785861,59.12141740926035,111.73628490797489
1383.1002632051589,876.268829181646,58.53274272980676,112.21465390204465
1381.1557370603616,873.2721749637268,58.53886688639004,112.42515117302699
1377.657552295426,871.5934855687808,59.31297069589398,110.17576946105746
1377.033772164435,871.4427141334955,60.007701573072225,108.9207321457377
1376.6545284239755,872.0699532896973,58.53933639858039,110.99348690942973
1375.3016964257124,869.5340152187878,58.52409127645416,111.1402441280616
1374.7114904076645,869.5312381993343,57.622640386067054,111.3739229345104
1374.8451128527493,868.8991953354263,56.31333965063706,111.69037736283073
1372.0806034806726,868.8798502346739,56.33232144944718,112.04181784423886
1378.7561195621329,865.6277241303237,52.733113665493775,113.35276503737524
1376.8154611153086,866.9476884060521,51.046925676329785,113.77143524270886
1380.868703103815,865.2303774758155,47.53630647211358,113.59030035307507
1378.812337629439,864.9813894238058,45.40802007925184,114.80264491965698
1380.308753274919,862.9631914328537,43.1225286115381,114.95855369796331
1382.1210516406854,861.765973151854,40.97528187657186,113.27151309474027
1380.7543993353672,861.0279816460026,39.607026848231435,111.5729815743541
1380.3264680450689,858.8595337665045,38.73899697849519,110.3790264460518
1379.7320070007734,858.9265410671064,37.58473483437478,109.39897958299929
1381.2668963543408,856.1158833361014,36.99863995177897,107.30547799789025
1380.6273647174207,855.5116283179847,36.66047042608885,104.91211487471521
1379.3293094568874,856.3588797849667,37.103989480252054,104.21105405891895
1378.810155284219,852.9143850631654,37.5459211681027,101.6815588147165
1377.672265390537,854.9685805492907,38.435506845550115,101.245288652021
1376.830483612692,855.3778187469167,38.955775609064844,101.53887161155095
1374.7955481332365,854.8320489717121,39.140472531949925,102.87767161327712
1373.0964641855433,855.053592229023,39.57219474290352,104.23566019955396
1370.6871271693972,853.9935581805814,39.7561808746522,106.24786703089684
1369.8119871130034,850.7680018957083,39.7024597753198,106.29862140056998
1368.1721115523414,849.2912159439319,40.34988286319659,105.23261150938401
1366.6765870763024,847.8772710388813,40.47199861443821,105.02124331625038
1364.982133961358,846.6247557859979,39.207603605313665,104.85594854278145
1362.6472645375713,845.2388280728665,38.82063554752187,105.14458935226874
1362.5213965126359,842.7930567906914,38.78823044429562,104.76979738292748
1361.3127437686694,842.1090755409551,38.397609277412975,104.06997771877982
1359.4707822574073,841.906912036265,37.67219620984929,102.97879212344674
1358.4934844305706,842.7555222085715,36.847344069562176,102.8235980601905
1356.999739485311,841.9802866956219,36.07089314892376,102.97242199517792
1355.758310377983,839.6101379502237,35.81120480519994,101.29384188435083
1352.8802930042561,839.8616628179313,36.01400163761437,100.3311775442239
1350.6709043923445,839.0782643950073,36.58048274746977,99.98553873924644
1349.0253037930977,840.0588328555199,37.77679072887684,100.60250321478199
1346.9052937470103,840.2108574670311,37.93835203504071,101.4192169359811
1346.476366876637,838.6652174733503,37.54413677935778,101.4879005640898
1344.5802963739186,838.6766509972185,37.26150351950557,101.18037106103296
1344.1023735876827,835.0250909616759,36.69560650965617,99.6680643056411
1343.2822110270442,836.179579764737,36.54244944652288,98.47227842334249
1343.092968832344,835.3362364807522,35.708467953621806,97.76966559861198
1342.9675865343697,834.7478372572618,35.13673774471121,97.01634894187107
1342.3576388838867,830.594272622795,34.62411067724612,94.22772358739178
1341.9919921853316,833.1535147657505,34.0975118233419,93.51947136858882
1340.8050157436805,833.017557657846,33.768061710580675,92.95943408541228
1341.211021302186,832.0089243386565,33.300251770928384,91.68305438818965
1340.016526475293,833.8342896856018,33.335198417817615,90.75525960929238
1339.5729792369561,833.710032556322,33.08358823693658,90.96497870958491
1339.6515972405891,832.0511238030044,32.841826644496116,90.67145426294236
1339.263484063936,832.0834347927067,32.912249603484696,89.24289359430603
1339.3051565328788,831.7047204011247,32.617813594231855,88.18353787639417
1341.4824420237535,831.4490388852568,32.851825128199046,86.75388721432078
1342.317691822238,829.9784902416226,33.10454688094608,83.30563647149862
1343.875943857557,829.3121536779577,33.74763129030357,80.8816012152684
1344.6784411727244,828.5347518146382,34.85965264164336,77.0865328296331
1344.1682268591842,829.4234116281418,35.232472213681206,77.1976771766248
1345.8966008392017,831.3888531822737,35.51552136897239,78.21485839560123
1345.6959030322469,829.4592478363406,35.99774503117098,78.75001150842661
1345.464711741063,829.7430780434581,37.32698693036464,79.30427799791639
1343.8289689963292,828.9978812817997,38.76244348630691,79.76725314621812
1342.726377959775,829.5596850963731,40.827696637358144,81.08195470972866
1341.7047601913475,828.0541502268943,43.48951948929573,80.27663655691686
1341.684721986747,828.4862915082717,44.890510248052394,81.53598475626225
1341.0726957490117,827.884002513106,46.02377537984241,82.15401763684487
1342.3035654454823,827.3777146689055,46.01342911434283,82.82265744816121
1340.8904600124722,826.3440031102039,46.33690961079496,83.26080989276625
1342.7176658333726,826.41442424014,45.57443999322486,84.10229020655592
1344.5154546172414,823.6512115269248,44.88367046992121,82.97985088689242
1345.442016699395,825.165191996818,44.081841705279594,84.23998303716354
1347.7114268677512,824.2670939568553,43.83873527008684,84.02945762050666
1348.569211780771,824.6351448401905,43.59521265378708,82.9409033372805
1350.95123301596,824.6617092350112,42.89747105239723,83.10939431756991
1352.1450073012913,825.2289237814405,42.55772397633283,82.75405050322246
1350.5912902061102,823.3329511163415,43.04509986858427,81.93927681639167
1350.72953696961,823.6758920829056,43.014697364671946,82.76794139682089
1352.912886384749,824.3704751880999,42.29464956398082,82.81212193478433
1346.880804325864,824.6309889203181,44.68043462291312,83.44062547716098
1343.4405357293247,823.7869660240559,47.160839636731296,83.0756405403915
1343.7968368468448,824.8684445760939,49.258250457492494,83.03530807201184
1343.0370791875057,826.2885060915346,51.04327514316011,82.22611198395596
1341.1218485395939,827.8859168722926,52.271477756732494,81.6021777496341
1341.9272991346447,828.0697516277897,52.88244651215685,82.34529896816242
1341.7864874044835,829.2766547956758,52.59384813114404,83.82409674501557
1342.1467756205684,828.8922447019331,52.58096432211298,84.42412826100747
1343.1752755908094,829.3481655538343,51.80935821574481,85.4635398521497
1342.4322644610302,829.4794361764652,50.947581650992795,85.50845283528903
1345.515519776807,829.067281153294,49.54212887313833,84.8977910722445
1348.608749488316,830.1267659176514,46.7324580663002,86.56874139674014
1350.0992062378816,829.3120001101481,43.83925038796834,87.60404534012336
1351.9228303832983,829.6587622405292,40.56496183014427,88.64454441195704
1352.6086815180308,830.3747688252703,38.29327442607755,89.7431820965856
1352.1548076391134,830.7620710492278,37.42642608882711,90.50469687131167
1352.5232227063552,831.6794014746349,36.85991943053871,91.20230502150423
1352.1960939541798,830.7439499543817,36.34123262756239,91.57998236830812
1351.2395633434853,832.2267046070351,36.76786141582317,92.12821980143516
1349.3444265504488,830.9682113323076,37.41332289480967,92.10463919123733
1344.6323338581722,833.1211733139453,39.28430135873947,92.72370492827943
1342.132737383848,833.4295970269271,40.20756514250118,93.77867480501968
1343.7733936479653,837.0270171111736,39.25995470166875,94.95081042082842
1342.9061558471185,835.1140092295432,38.734655141619264,95.66433719902756
1341.906725953943,835.8078119555599,38.403801821815364,95.79373921712502
1340.9330189291845,833.7413375890401,38.65942266797829,96.62988852885428
1339.1331513720172,834.3612629515251,38.95077264856932,97.53105714821419
1337.3330300970651,831.3206712082961,39.56590324664565,98.86901696752733
1337.7233399743416,827.4338478901908,39.03947053957412,102.0839392003566
1341.0201535899787,823.728555816662,37.62610587391281,106.20353800157369
1341.9662271619948,821.0437534895858,37.103759178298276,109.44055474602763
1341.6418693515398,824.3625253285934,36.68446578031018,110.40864432683193
1343.1920634501494,824.656133866263,35.966703401343665,110.98273101011416
1343.1359834008792,823.52548327658,36.10053675268981,110.36316160880688
1343.3720572081554,822.9818534599755,36.24326886550104,110.16220870425039
1343.801390334233,823.6305199258704,36.55445820798103,111.04691193388317
1344.5044805110826,825.7697549297475,36.738090013820056,111.9599306689575
1343.9276372321228,826.635524536468,37.82915123062225,112.05168394933659
1344.0955650191054,829.268370372996,38.94827686450465,111.93732083997094
1344.4566322577996,831.9493455307611,39.48593531104373,110.96417639068204
1345.5314990019244,833.9047847517243,40.096163427865854,109.9913010119576
1346.7724785094613,838.0650151347523,39.98973465571234,109.66965196770315
1345.9277942792855,839.6189511010975,40.14578340437843,108.1236767167985
1344.6794678656988,838.0094409190525,40.93748029607376,107.33263247899035
1342.706346541236,839.138436846504,41.78781907155606,108.11620794967943
1336.048214484756,834.7287053001218,43.19924557617847,107.37968082332763
1331.4928148150059,835.0893253238931,43.791289956572335,108.19891376009869
1326.2302552707176,832.7067766850635,43.35900204746798,108.49726709168272
1320.4881939684878,830.8011522004952,42.467552447337795,108.54787687014553
1312.0046741515514,830.313438946361,42.062418771884566,108.36541031677605
1301.1152511736216,826.852526699737,41.38420486751472,108.56959917846255
1290.2261700293736,825.4129142570628,40.69965200708485,108.96262277749523
1278.173395908695,822.9653919554938,40.06164327212371,108.59805005198936
1264.2734860708947,821.6170299788461,39.51934754550234,108.71010608421845
1252.605113701121,819.1104191154816,39.332841705216296,107.85371464032359
1238.075806733962,818.5629861923587,39.88375948780066,108.4675402174331
1222.0171332567447,815.2061713379804,39.79021090390503,107.70964473392874
1207.8899605731015,813.9355637572613,40.41271461164582,106.24601713718835
1189.6306393429977,811.8283874624337,39.17860286042755,105.34138455075718
1173.6981541809614,809.4809321633061,37.88804797698068,104.17523596016963
1153.2320271195845,806.957112176584,36.57464703991997,103.96849809166434
1132.3775353441804,805.6931169647253,37.151848058989756,104.80469781542305
1117.5490599455934,804.1477300243597,37.084801740074916,106.74822628904965
1104.2423398451485,801.6958940946961,35.37738966130149,107.69165134700052
1097.548057704941,797.820478002594,34.05541793860401,106.81131611940046
1091.6998830378848,793.081658567043,33.290206069713236,104.59270884334677
1086.637070226129,799.1715628745548,31.718964704089142,103.08820559483942
1082.5427325074043,800.9969759491546,30.92869727044468,103.66904982527839
1080.1777068967012,800.3164406280312,30.90377031191938,104.70925927696771
1077.6152801342462,799.3461086090792,30.957959431006632,106.08231477958182
1075.3850710803056,797.4356341076037,30.63763203260114,106.38867971804912
1073.5324409835737,795.6241419755778,31.122145708883586,104.38775975389062
1072.7876552759176,797.7438356688631,31.312309522839502,103.83679170936114
1072.720226222436,798.1821193302318,31.285254160368687,103.36985006587821
1074.0920163328863,797.3381175286372,30.470860402824105,103.16279360665878
1072.4245993636139,795.2321488254056,29.682633161254397,103.20286411935388
1073.449290818776,794.6939491730863,29.76493646156237,101.94484202773688
1070.7396308601622,794.8987981873468,30.124835793157683,101.49768533727237
1070.875887464751,794.5118826110923,30.693525498694875,100.99228279570451
1072.2766585617962,793.8310826795381,29.97320226250512,100.71596382889516
1070.8976027195126,792.7362976057412,29.953078988424057,100.27752727978788
1072.4611397066917,796.5958465308997,30.412726672772514,101.03845948928522
1072.784527551858,792.5378800379158,32.469358270037446,99.58358883298021
1071.9408352890991,794.3062776937192,35.323140128700246,97.63690847250716
1071.9514546514336,792.3865325048681,38.23463255561238,95.03454914165218
1070.435484778465,793.4234822422162,39.5812841107075,92.43268716113859
1065.7046230253466,795.6356385974138,39.30924201483269,93.45508932882555
1063.8963725464914,799.3757472958831,37.462905753304554,96.30650263867425
1066.4319542248438,797.1166678571612,37.755892443902184,98.18135931389321
1066.2057590555694,794.3440870941128,38.430375932470746,97.43043834334713
1066.7506974994458,796.4538356253332,38.26898932582282,97.65554043251748
1067.9720119653464,796.4103681953278,39.15405934002095,96.26080610498254
1067.1635409008,799.5824464951274,37.52208031318409,97.35728375602409
1067.9748688047694,800.2021210271745,35.43745527864674,98.1559538722278
1066.5480621659267,801.3436482017493,33.2629194283717,101.23102377921238
1064.7003520795192,797.4925081886806,32.23520937505167,102.05016133403605
1064.9135220222756,797.9670843947002,31.224030741560533,103.27170875682053
1065.046002530514,797.3893835439401,30.451232071923833,104.2477141121295
1065.8652686310672,797.743293665224,29.48439903711516,105.52222896019885
1064.2174121566122,797.5806312166882,29.14834590516857,106.92632842868926
1061.2217200109128,797.2954540469148,29.082243662449052,107.39963718272298
1058.2580613486593,799.7065792536905,29.819674416979264,107.14943114173012
1055.9014844302908,799.2551555311526,30.1638693036733,107.04204375404223
1053.562758884457,799.1952258071119,30.631842493882075,107.11703103739737
1049.5803138890226,797.0891904933003,31.22684942429599,105.32553921461152
1044.8827503467865,797.6973365030756,31.42493976560386,104.02987291150882
1038.3992467338173,796.2277200625128,32.05050774441081,102.6326018100904
1030.244907283085,799.3733871757232,32.025097366700635,102.95714235097314
1021.6212245727535,799.9294966255592,31.723632755015096,103.51017029559294
1013.6865089456022,797.490359199292,31.60088699973512,103.42403245891812
1001.9460546578451,799.2383791824656,30.81286704741731,104.05446973408725
987.9840366392139,798.6232796735158,30.397555245324426,105.51678443792662
974.7674698856429,795.6412123486534,30.146173753076667,105.67385884595208
960.2528207627718,797.2455848849916,29.737924315103154,105.21349658005363
945.643276977602,800.1238549901964,29.076057143010924,105.23067806459039
930.5537586218654,799.9431227529062,29.396813672599393,105.47642960592836
911.1815731792624,798.6283265576135,29.263621081242967,105.05435430623669
893.2366435033493,794.7032460864204,31.469352625451776,101.41302869924544
874.4713772603552,797.1763866822874,34.62404587804164,98.08327136939651
853.6810788601333,798.2303278625197,36.64303531764564,95.00658089440327
837.8771361126467,797.5244190093413,39.23813585473307,91.28505585784013
816.2128093478029,806.3772400767863,39.786123033102356,90.95568592448831
794.8455893683465,808.131362707612,39.02541528693712,90.69991902396674
774.571513664426,810.4203369337503,38.44204737715106,89.77637211244638
752.1700090173766,811.6750703756168,39.12448172007798,87.70284352741558
729.4483866920357,814.5870165850005,39.972385642000035,85.63298681993665
708.2295498136699,819.046270803609,41.02961964043092,86.27480686630116
691.3951888292629,823.2641700615445,40.267467738395155,87.93114473348668
675.7134409373499,827.5244922666161,37.49994774463324,89.83343294816052
662.5587949996717,830.8265484974643,35.37189220788035,90.85859771577313
653.1455906945391,833.0704678384773,33.10711810940534,92.47559692818686
644.9652739319253,837.7011219432521,32.76135934642501,93.97317410224316
638.8603044113652,847.9921533777058,31.920343568819675,98.57940278301845
634.7779521196967,846.8921347099255,30.624782992549683,103.32530470064086
629.9707108649573,846.1200710321576,30.69500643067839,106.6462570073483
628.5121720017421,848.2383134865592,30.511765486835813,110.49602431106982
625.7948483426132,848.6156854591837,30.96825719214801,111.66608147704191
624.7034773685713,849.5773630212401,31.205742310970244,114.0664301187982
622.240876628907,850.1124098110756,31.8974118383944,113.23938644383131
620.3838377881162,850.8823964915198,32.336767659090434,112.98153581415174
619.633329301631,852.1109460886072,32.76200722059999,114.19660201380626
616.1062953196854,856.3314539980386,32.30420718446067,114.74530653948707
614.1719576949353,854.0646869573989,32.7065385542613,114.45050295139387
611.4147538527161,856.1443243928533,32.76742069548668,113.96852424213674
612.1546961918417,856.1752356948592,33.27032612973083,113.74428677441914
611.1205926791606,860.2285570616007,34.05790220893371,114.00343154703972
609.131388068866,862.7853623640685,34.30759648659062,114.6134470788838
608.1584828816802,861.7720301582967,34.9030844952014,114.05303721064223
605.4328419467847,862.5887072758214,36.70562106660684,115.19850515920189
601.0382606413739,861.4050681646393,38.745064057677666,116.64506936083728
598.253202918588,865.1325427732032,40.90185490875165,117.78693811398506
598.741794329283,869.0919304472919,42.22814341418966,119.32758583099317
598.9718903340525,868.7174950097123,44.61359087188999,118.44131247244908
597.4867006047313,866.5080100938674,46.62403740721553,115.48484742865047
595.4219802542866,872.5963799636584,47.32509833401123,117.31788761918332
593.6134923283732,875.9940063899636,47.322354442109415,118.21110894488702
594.6671056673271,880.5291224330145,47.38867193267398,119.35453328426121
593.0042859802466,883.1122412803035,47.844349091411495,120.25388692497991
594.4702010840216,886.0179561379418,47.155006552852385,121.60895634758162
594.6057199724311,890.1002921792357,45.67504424409682,123.74734384293575
595.6932730844893,889.665374280009,44.1280462233915,125.45659262862134
595.6033694929844,887.535837308156,43.237885182829515,126.48053316282717
595.3951622347756,891.8942639940466,41.45754047530919,128.9034770017395
596.2559215745044,890.4772906085154,40.14782173333811,129.719150419225
596.2311547792162,892.8263475865897,40.01381335544976,130.49429305105872
596.6367373359125,891.3829176442714,40.003727098048515,128.80862266607252
596.3751103467582,895.7247294878139,39.45028861438956,129.6801404279621
594.795582794095,896.3755467402775,38.77768750214082,131.64309952426186
593.6204249833396,900.2733318015279,38.67765999163279,132.7985181712922
592.022519029114,901.5302066366962,38.537418290235756,132.81121484342395
590.8801929037744,900.6741587894139,39.70321208430355,132.1608093935793
588.9084817162079,905.3444349770512,42.033081650674944,127.78733284304242
586.9512541758124,913.5955102382126,42.48027398656219,124.8075211879071
585.4308802573837,920.5479900249891,43.13654945327194,121.87037510617536
586.3680165239276,924.8538776706798,43.14672878633395,121.18702703418474
585.9192956022555,928.0614650722266,43.19689185589377,118.62423918253751
586.0683606047486,928.0145185915809,43.62521485717507,113.5207949932554
587.3510515329293,931.8980465674048,43.129671047841136,110.36963955811767
587.678482404133,933.8496129256541,42.062637375359195,107.12731951757178
587.6694547983518,939.7573250045184,41.42074292662032,105.94989298710144
589.6016907272999,942.9595437648431,40.310767404707384,104.79420424574903
590.2445517139165,947.2574224757648,39.27708432755803,105.75644738848096
591.5031027812502,949.567804048501,38.501659238712854,106.29156803207097
591.8191794554295,946.9063720109077,38.7142122468795,105.83803392534222
591.3704101066618,952.1864735393738,38.8242584307585,105.7759473616351
593.4484792023876,950.4329811483336,38.37154660039078,107.01927552750449
593.5288693532191,946.1804559840257,38.71133027787665,106.26083327189191
593.0765903581922,953.8675721942154,38.60899868625002,108.34046971747927
594.563055307616,948.1024372072536,39.21643659097626,107.39348959222062
593.26692053562,954.6060822723852,39.91246578138374,108.71620701505819
593.6514814756313,953.3569327311578,40.722152805055536,110.55425555296485
590.9826490168709,955.5867608426681,42.44469683481974,112.98000725459633
586.1299928718679,958.7946136113492,45.49148651892979,114.29588721985871
591.1932802648987,954.0031502182937,46.18471973915493,117.24764468681676
590.9477361779511,950.7822984294763,46.93742682526991,119.73800830435337
592.5523518803194,948.7087352357595,48.773488751679736,121.80494737107783
596.5121952573428,942.5929253778756,49.41211059901224,123.1354869553147
594.3349053192991,941.3094896351814,49.728418571108044,124.17235942298778
597.1315271259066,938.7056595562514,50.83818647064944,125.23227492523876
599.6722332714786,934.0383324818466,50.554731599854364,127.27247449946321
604.3524322619303,928.3640058269618,50.481082505059454,129.02225943917665
609.113970799537,925.1069305829221,50.53924989853496,129.647996974833
609.1097437877999,924.8562247859012,51.75120157024851,130.9002916712919
614.5292793924655,916.3568473031728,51.74046326191824,133.2640626203301
615.3554008417448,913.7090615460412,52.34701061795258,135.71875588637863
617.84420545529,905.6494460465977,51.599628384422886,139.3318042146723
619.6811369507188,903.3908619628604,51.70435893375671,140.9876690526792
622.0016519815248,897.4897229368752,51.71565259498422,141.14716203232302
627.7505471019455,890.7032428996312,51.20973228059544,140.39392352893012
631.1684366563609,886.5882886789749,50.94005806068071,142.01088498309056
636.7425957130629,881.7489099764525,50.712409502940865,143.46304841688283
637.4292513873971,876.8311995187562,49.88523381825843,146.40895727020285
644.2731519865908,869.7030093910846,49.467127901853374,146.2503251659269
650.6888247396371,864.363598368881,50.27131096021413,145.964091744636
652.6529851970099,863.2587992856237,51.9177128123447,146.85331685283128
656.2307535003242,865.0104486954217,53.9937817355011,147.14745903894215
658.5360699525936,855.3938512399459,55.3372656522514,143.96792850128534
658.9001501682097,862.7497011082415,55.539523593173406,145.9837659198454
658.8550622396284,861.7286919358544,55.066077869735324,147.42430968147067
661.465424443235,859.8911903715095,53.36017809135218,150.14623603031814
662.8594075817995,854.416137523351,50.352871981559744,150.01297628626634
664.1863403954964,855.233076908656,47.70415607067721,149.6367724481363
667.7642703143464,856.2091041201276,45.63076521948836,150.28967012213235
670.029453095656,850.8324378903391,45.01944057521939,150.21017882835244
671.8555733711172,851.45052993435,45.84035552280175,148.03719402202302
673.5363880824005,849.9897475074633,47.035009574203485,145.79903320975023
673.8063292115739,850.2929747161304,46.931653316356574,144.80484867080347
675.8296860932909,846.3358480266754,47.35621535934962,144.06505408371012
676.5402619047561,847.4335798555519,46.57162650106364,143.4232430701145
677.8699160362472,846.2487794258935,46.120670327009734,143.43729697813725
681.7746334011467,842.2346766764416,45.292344262676934,142.64502499138445
685.3256650557219,841.3207854526626,44.299308816075545,143.05744996843012
690.3881227952722,837.6414017319967,43.51472441455053,142.13517244973997
693.2598479920966,836.3336871390875,42.424576690426946,141.5309795003958
697.636419013927,834.1018132317841,41.583040958564105,139.7280542269289
698.1367596428439,836.9956791523451,41.31943836741742,138.8646812305639
705.7594760274352,831.7889321486048,40.54405354897953,135.00071037140657
707.3051956517078,831.1608104327241,39.85235785741064,132.9012800131897
709.2349725808774,832.7057948135306,39.579588361864296,131.26514912312837
709.6174863276735,837.8761340981351,39.55290440512591,130.70453322939528
712.3084223645847,836.5583096560626,38.82398357184311,130.39798574436927
712.6813396083177,835.2986572472564,38.651326362419,129.66799794990595
713.3384959674099,831.9256215300159,38.70508925344161,128.18894502525617
715.2810358733607,831.8413280334025,39.61341497437708,126.74307631856207
715.6620369992909,830.6755028546588,40.29242498581474,124.6801153174069
716.643148167331,829.5772208156689,40.70477278103644,123.9235605942699
716.1141769224649,826.726461380132,40.49449746872067,122.79570181412898
715.9388822143102,827.3177863066882,39.64462287479164,122.66843027884963
716.2978056557524,826.9470377215937,38.62614521383292,122.54189666252421
718.2178692811867,824.4177429287903,38.03098804620087,121.5084948235705
717.763393799059,823.815597023146,37.885974753216004,119.73416419833566
720.2513217307505,823.8472967334461,37.109639000917014,119.11876449354057
719.1705022633352,824.7151799136277,36.66766479754894,119.04204657124953
722.2803954837359,822.888832901708,36.30372619228814,117.58605796264268
723.4256799565976,823.2558678553542,35.66145920560262,116.7110692938585
722.9804205932567,825.1417404808649,35.863213956187266,116.41570391420547
724.0465684037024,825.3815490861324,35.157186436034394,118.41873936785504
724.1360326033214,823.5953365822579,34.78232339841554,118.76690809851961
725.6904415862397,822.7498927478415,34.5347894501418,118.6414761825061
726.124574407634,819.4174938251366,34.77602350026992,117.13742885121906
727.0960920867245,816.4458385080632,34.45805179984944,115.92082689915385
729.5370605914001,815.7204128533265,34.2847615647905,116.1252455466169
728.0933783129794,816.0918752984159,34.586046047321254,115.10343114938281
729.7470643444327,811.3126772565863,34.63864884555991,113.68488803168697
730.6488675304611,809.1629486259126,34.40344547910318,112.18896756171122
729.4296663407263,806.3224241255281,34.871639571333574,109.67167900754869
730.3842056991018,804.9420982432994,36.07241531434508,108.24310414465612
729.7669144916861,805.0775799673733,37.58472205483348,106.59921386526301
728.9897111874307,809.367321628193,38.93648900906557,108.70350549174351
728.3372006200551,807.3137460902457,39.307782164156535,110.25916864496986
729.6908842574835,804.3051194668644,39.84208263679743,111.20796333460345
728.3106745203502,804.9816841836201,40.631972197161765,111.99776202456606
727.659162426639,802.3584108039731,41.72574758847866,112.68551428541642
729.1931255301347,801.1779886469055,41.611890519060495,113.92415834892607
730.094928780297,799.9775940905216,41.374091718893155,114.69369159659693
730.9083125625555,798.886926019615,41.64121536970061,114.663958869773
731.7966724240442,795.7948718332192,42.050851237543334,113.60411353773071
733.4801063475304,793.0115768894764,42.575227563621056,110.83969356040919
734.0278147017008,791.9069262718149,42.60209812868712,107.3432037991806
735.0970492946426,792.8680042618056,42.08275860054889,106.43777300173255
735.717719823399,791.2144424652614,40.86834151242427,104.3693229597196
736.6833584456718,794.5922991646502,39.94063482451907,105.24748111627034
739.2587224905664,788.3455095061543,39.48738789012557,102.87790029990049
738.8843477482695,791.0033188876673,38.884373530229084,103.07205908280314
740.7395662117575,790.9236849675053,38.76810621995231,104.89357386564731
740.4204080711256,790.3247383072473,38.36738122046975,105.69676713580932
741.1457383590302,788.4983895273517,38.47344125909373,105.92553571954167
742.1246607232919,787.8918532544823,39.1583162762065,105.86136167085138
742.930433454555,788.7850047732068,39.454154255605374,106.57908576162208
744.2941254852068,786.1335928775146,40.002306493053545,107.45536107201886
745.6708765729005,786.4380460962534,40.24602459545235,108.35487271773226
747.5748179911368,783.7626006053591,39.682653363288836,109.0950435418975
750.640635034475,782.4203295127069,39.80166252993866,109.99909175251634
752.0175850960125,781.0409307986042,40.22486497262932,110.1232861571925
754.6709977062833,782.4107109885177,38.982577277264724,110.30073632309616
758.8339868752389,780.6278564301136,37.46996916716709,110.55250110015203
761.6946201614695,778.845946250599,35.89749533838873,109.35679234541186
763.5760407035305,778.1297012666861,34.63325735981208,109.24919997776556
766.5244320386496,778.5018185479747,33.46406381997525,109.31314473409324
768.6389139321436,778.1091286708967,31.955985071363216,109.41952625636148
770.3991606909625,779.5196803953281,31.742688647689068,109.50143365268275
773.8058294647175,779.3962029806399,31.82415271684778,109.8542750531685
776.7473710541349,777.6533477057267,33.414793426410206,108.6090872227154
778.0853033741286,775.0333387203065,35.50298880686963,104.06464226478406
780.5218092129696,775.5083837974674,38.4012326223514,100.15603098276117
780.6597962290904,775.9256345617811,39.26035049093542,98.31117731942943
783.6114511917692,777.0434557377771,41.17960278329019,96.03672586913389
784.8695281971204,775.9935063717166,42.072846374669005,95.19379332340755
788.4388554751561,778.0624182539029,42.238428707483294,96.11456283219778
788.8698054367545,776.5671115692182,42.207660540592194,97.19328819821791
790.1690721016915,778.3184131595723,41.31025628958306,99.33068774501842
792.4200637962109,776.5617440586421,41.32813078399762,99.99163947226931
793.894250761111,774.6495664078161,41.7852279406995,100.83054808240823
796.2997855325335,774.6801387461865,42.26176892870786,102.47526497411856
799.8207435286059,772.668592040231,42.770921242532296,102.8594447545903
802.8019900406387,772.5977369792039,42.48077147255608,102.98971088356775
805.5336636777562,772.1896058182799,42.11993989580048,102.98465803608121
807.9838192984453,771.7580571375584,41.1259833201784,102.48348494883969
810.841814512248,771.421357574847,39.985603053400574,102.35744041209603
815.1787981654923,770.7098298154986,38.691963925317864,101.60748629677472
817.150729936028,767.6514952161102,37.687924726973975,99.8863468865426
821.7722928272926,770.8192503668424,37.011128900499486,99.20822861007213
823.7116512249547,769.2105662984025,35.31898060378678,99.52124503567902
828.5982226596091,769.4608024655514,34.074190471904686,99.09316724377712
830.8314643495183,767.5705174640542,33.03485662631176,97.73957577445104
834.3854125391471,769.9942935380864,32.50906588365083,97.86173206907455
837.75091395916,770.0910025403967,31.306843980819856,99.12884696812517
843.153859993275,769.0089039349183,30.375813629814154,99.76380118668098
845.2516373873511,768.2156718176453,29.79311832919521,99.69269756253094
847.0406997759475,766.6141730581058,29.88250835302802,97.4223292979183
851.3878006011781,768.0997212293897,29.450136078787416,97.27690510500882
853.2091966313759,766.5704745212787,29.8286257375997,95.30131801585976
857.3758697545754,766.8324116661354,30.211452663197523,93.43602855929154
859.7199733161691,768.9576636954873,29.905794349061907,93.3750791919024
863.2181238650973,766.9836990700646,30.337656779647787,92.28957786642341
865.6472391697981,765.9554765913741,30.280994201557135,91.66681311463694
868.4892793956664,764.7677086089976,30.679561550266364,89.55535338236837
870.7895681815098,764.9886956651054,30.63596315796159,89.68786755235637
874.0653631088994,760.3284528501558,30.322456188924775,87.08701033252414
878.1009479013994,760.0030933571429,28.836141683575555,85.92665184300232
881.8153138335456,761.950546382625,27.031772764839836,84.69559633792122
888.7890985541211,763.0190041104644,25.779112419452996,84.79139338949048
893.2057966857104,764.4532392244978,24.66462303569932,84.551438881791
898.4754011616986,763.6801852172656,22.990313719037957,84.96629675320419
906.152197396427,768.3022157140653,22.138069745064584,85.79474647890414
907.6767218654713,771.1196931867754,21.18066223306232,87.53887182904674
910.484161935849,768.7034649145794,21.421389125083003,87.39071323443112
912.209921378347,767.7375910853026,22.038257271642223,86.33538699466922
915.0069674594907,768.7689848309482,22.342039464670833,85.67022709546495
917.034053551132,766.7600031058896,22.696843359421642,85.4647069831125
918.0964380305368,766.5429069106716,22.618862139412187,85.88339953398946
919.3690351890297,763.4072310746076,23.283395109718782,84.73775901861751
918.7455748391417,762.3912443409176,23.601916067845206,83.25563527225219
919.39584904315,765.6750046620109,24.010439653656576,84.79301308282453
918.5729531483848,768.043726033734,24.161176959773073,86.66484568041238
917.6642146146015,764.2548652717659,24.696875095721808,87.60643114935573
915.493667415775,765.0273346992335,25.09253706882954,88.56073626910626
916.7443140706058,764.6757316778785,25.9816150817999,89.8943992362546
915.8725399294062,762.3634311571931,27.202466928747633,89.66572736273912
912.3473399695298,760.2506403578831,29.365489586384875,89.0612885336553
910.1666296978752,758.9116224021777,31.10097147574814,88.4125059788793
912.2883872859991,758.6818412144406,32.10811099691873,87.80138880895103
910.9714650938713,759.9267974248879,32.28675280167583,88.03199903019208
913.9296842880486,757.9251531013658,31.900721365225593,88.79389363426759
912.6847585221024,759.8833551553284,32.370044580620316,90.8535737586725
913.1950418236975,759.0223922638216,32.214462489759214,94.16454232446969
914.057693894726,756.7642357625307,32.25555022106183,94.87784963170856
914.5018519559369,754.9025092675172,32.234811949458695,94.97140025891213
917.7043783481695,756.0932668669152,30.907711073105055,96.60056716613407
916.3103434701544,755.1733085360315,30.995414332095315,97.33257069141922
916.8935160394049,755.3809948118644,30.789588328592735,96.98125959518211
916.2523370847093,755.7764435880674,31.119403992595736,96.58465761601072
914.9364833789817,754.255035754574,31.616342441190916,94.75338976401565
914.1876462577902,755.8545586128034,32.531669528956684,94.22791944886289
908.1439887534387,754.2060131913229,35.97340329223713,91.46402424980116
906.5370942132747,753.7301992114319,39.20057271193457,88.64904754764177
910.2714114689232,761.0009086989387,38.86043961589014,91.09424661462015
906.489306191646,759.5227227068788,40.54529664719007,92.32764715937867
904.7927520344075,759.7533296352735,41.9886081658222,93.12212101621202
906.6170459954452,760.3514720324176,42.00986105642981,94.73555578445428
906.1283932229758,761.5324164532557,42.13502718801196,95.59876579112127
905.5835147834366,762.4264509068905,43.20649736393569,95.93417863433982
901.3487953216255,760.0622584443117,46.212644642507954,95.3520638913761
902.4518919338933,760.8892890319797,48.04036932187252,95.5218869647735
902.140848832511,762.9935401260424,47.68181511326023,96.4857199245059
903.7209464692428,763.6620870405602,46.63027457726919,96.74655903023142
906.2938356121978,762.5088819854685,45.630695517738474,97.5229052728458
908.7096006845748,763.7332585736322,43.38465345396305,99.88038454891108
911.9369705118767,765.2179653770755,41.153571884228604,100.75903154993452
914.0701770646774,764.1304176453727,38.11272266240859,101.56567541803362
915.1164659099182,766.1571299001677,36.42513990672403,101.7105903707241
918.2326493586206,765.1051724706929,34.886516715068964,101.64979542323127
918.0702581519581,766.1017439337467,34.47538358674499,100.47401128895197
919.9050185247505,764.7771753654926,34.11411231473197,98.95673607194445
919.8729589365718,766.8629762508665,34.27520726466233,97.37356327534827
918.0709581490626,769.0249949719,34.475454605366906,96.97836766258104
917.0750548037815,771.2732210550732,34.36436198295579,97.12681057298653
916.4309444476322,774.5949189815559,33.94555871702118,98.35780961366738
914.5863247145483,774.2610902372109,33.923356427894376,98.24054670793672
913.7968964658174,776.4683666755856,33.37566272775467,99.07390671494585
913.6920478674025,777.2756373234959,33.18594580247979,99.10141413567047
912.2408863414544,778.7543441987531,32.866479255911166,101.78022799288297
912.577641103571,775.6911869230372,31.81351309238822,103.72211814398527
913.8472040432325,774.3611822248977,31.234440299345714,106.82571895614628
913.6936292700482,771.9549823797071,30.934276272354076,109.65047206678518
915.791106504585,769.040598047743,29.72463498038934,112.06501872868391
916.5875671418611,770.2505514921609,28.5350424821966,114.02552966363976
917.0909712924772,773.2463586580328,27.90836798862351,115.59597711854745
918.8260768131487,765.7640579395555,27.136471137191432,115.39827176991834
919.3140214052435,765.8223668375142,26.77328038878528,115.78394809717395
920.3151476853313,765.3659602020049,26.782490040218324,115.10918962804196
919.7492609610388,766.4874342384978,27.37529558137479,115.51363859637698
920.2432712754102,764.9347495468826,27.747333379489007,114.50930205461952
918.9850315826147,768.4992022817524,28.909323915439895,113.89299748362257
919.5790416427218,770.382529964638,29.129103992827183,112.81127649552172
920.341279320274,773.1243564516913,29.79342682688595,110.90790620955623
919.5604479369453,775.975237175525,30.946859765662506,109.45531172737333
919.7638653563165,778.2508628015936,31.754634788294027,107.08965884864907
920.571056087128,783.4463334645529,31.602158090846416,105.71115629683926
920.1137267912228,785.8065859040281,31.817388303121025,105.41535835377161
919.9176669811902,786.3407971500351,32.43343254512603,104.15669504647572
917.685752648045,786.6157468293882,34.079631635686994,103.64716096649056
915.218340091756,787.5344218941898,36.01568269659876,104.25231118974662
915.329266326208,784.1457482614833,38.023237538180545,105.38528122356195
917.3027338530695,783.7552143083049,38.36940760988488,106.6768513491187
918.5986039456373,784.262976074802,37.096099278997485,108.13021442997034
917.6451535567236,787.4179426764498,35.56229833372599,109.66782017473386
920.4434700724505,786.9231648618178,34.3122725105241,110.36573057513505
919.170852250633,786.3028596283286,32.704673738723464,110.99106571872235
921.8314617557273,787.7494157119859,31.981095242908424,111.8056113654338
923.6541924522951,787.7746749724237,30.788450812968676,112.76008008439584
923.394457079919,786.8973121562024,30.911334126290157,112.84308878835643
924.2898511611656,785.0294361072134,31.00557861760543,112.05241790888681
926.1436649190556,784.5849607345982,31.036621212527884,111.73545010362596
924.8886279407126,782.6907161947674,31.8226738536393,111.03439622216679
925.2128940813715,782.0312347858746,32.27631847699986,110.87503915660585
925.6818867166639,780.5437407060157,32.68411155247664,109.78556322406907
923.7510007758427,776.9093666870926,33.851224916281566,107.94509838654903
923.0931277339528,776.099949404092,34.29108301006352,107.07854157414775
922.3334345954386,775.6010209517489,34.36354865377595,106.72977970728076
921.7652337608628,778.2289982783899,33.912620816053604,107.35439403516949
921.2768144067077,776.3360833271723,33.15242043516091,107.06477780875929
923.0106254587615,776.4778584887288,32.0995756099533,107.8729961080449
922.5043632712328,776.1557220872285,31.699399331934565,108.97616456453167
922.352708585126,774.5256732428692,31.263493687782976,110.35848968359397
922.3382356433713,771.5549058239657,31.176949745686176,110.61971760993248
921.8542662386997,771.0935571669323,31.070198332289316,110.10972025046092
921.1063288839396,769.8348156538351,30.610832672966282,110.47655158331128
920.2446695425361,768.3692767410258,30.6931538267434,110.79195801267431
919.4583814032114,766.751935022332,30.733890257828094,109.91168507112519
918.8136306234267,766.6567075624777,31.20948031980472,109.31296906998504
918.3315589782471,763.4558795865889,31.06397562089073,107.99436678583098
916.3678941726284,763.8500335022263,31.51267349728014,106.72295719917562
914.8146783544947,766.3231441578506,32.27234939052079,106.9028769592467
915.1960451351121,763.7326935300699,32.345079114732215,105.78948242699667
912.9508083010318,762.2199933975457,33.76414212691742,103.46086543435476
912.2738403383524,763.1176701378926,34.17580479311314,100.5375772593708
911.7853931018171,760.3658801896348,34.95466533731266,98.4714397486598
909.5917918613276,756.685187088535,36.187605037148664,98.4288995783313
908.0060260815363,757.2012708620468,36.14236690144915,98.2447322001081
909.8336496940481,752.7676983472179,36.3148462789801,97.60197999771032
908.9546090649479,750.4093560262185,36.2018122102989,97.35404261898775
908.9569644791392,747.9328099165479,36.2012356476222,96.63175699256468
908.0841270051234,749.6474074346653,35.863204455135616,95.69144640533497
909.1021492590874,748.9434546525441,35.26283985977482,95.93965264878418
908.6010070678351,753.4014237821849,34.36291651007874,97.01586946457583
910.8251796240834,749.9178676402285,33.34248863963243,97.38116938581797
910.4842054476833,749.6741898337723,32.04953328969679,97.65615239769784
912.1894628415145,748.0388965450769,31.090202297963188,97.48032879595053
912.5603560437578,749.6485012473606,29.959046495121132,98.40406325048335
912.304185131936,750.1752346693039,29.245084264504314,99.3827268864094
913.7881555352009,747.6916652101195,28.505183676327945,99.92566622363204
914.0315178187009,746.2410951468858,27.923713510594503,100.51228742157173
914.0394387833826,745.5568819461467,28.011921152089663,100.6168768431838
915.353974007634,745.7373021240123,27.336763796200017,100.83465483509724
916.9171688496045,743.6732727308113,26.650128598342903,101.25419916951884
917.2563367570424,741.0384023160609,26.959576871125236,100.38028326836783
918.7407034283233,739.997111623635,26.420718902403635,99.84817053471988
919.5971984143638,739.2373981518831,26.1961787422582,99.49940504391259
920.5069065431296,738.4625187427663,25.839175080475407,99.15892414657017
920.22161142121,737.4082954687441,26.407648091429444,99.09190201137184
920.5135239013545,736.6272294678935,26.551901019629135,99.32862817696757
920.8559905368376,736.0544889150697,26.851443420907948,99.66309451115382
921.2665579328317,735.8236105458468,26.425055975559427,99.88564977839
922.4204159348965,735.557159747098,26.274536016351817,99.841138591788
921.6609070538452,736.0799824142942,27.114770480915553,98.96015701924965
922.212102244221,732.2158042707555,27.486219621571898,96.87311795110266
923.3329638196561,733.2436233176402,27.427731400740207,96.28373516453077
922.8689937094193,733.0329407713105,27.572266972909837,95.51901705959662
923.8257238310498,731.266340112572,27.851896453235835,94.84476131149103
923.9425190358977,730.6248623280723,27.868453386221894,94.75947759692889
923.9686100323294,731.6510388214064,28.413558631002854,96.25382771046526
924.2019641942791,728.8791585358662,29.125362284299285,96.95273392668729
922.8006936716014,726.7395322246526,30.326969658657028,96.6617317464103
922.9762211000434,726.0473047769657,31.439559544738636,97.08233060035283
921.58651306017,723.8176970418101,32.21259125177431,97.5455233694005
923.3318068111855,721.416702097435,32.36655264271802,97.15365558832062
923.1862491203979,721.1973892591609,32.013998776666185,97.4520252772246
923.5465056914552,719.5619039342077,32.20981573365731,97.74291222313616
923.836300110859,717.3037322426402,32.560351177686385,97.3523804727568
923.2455454627797,716.5523036701446,32.778714621756265,96.77116431261786
923.7893560033841,715.2479942816344,32.87733242547321,96.49371236133635
924.5138919996804,714.6753628121544,32.88065515677287,96.85749284218178
925.675526992026,714.1568596156121,32.51552018089374,96.60449653159966
923.6965655905155,713.8900606279386,32.64198179273726,95.98633643218608
923.275835321682,710.7311040661959,33.609272041960644,94.5560057469251
923.4913408040888,709.9052690029818,34.20554641459515,94.36796981008303
923.2098730068939,707.1541354891463,34.994421074203,93.50750490416024
923.5365019452972,707.5609275955233,35.20492128455449,93.58477314273074
922.8792392489787,706.9568376046194,35.28719133756918,93.92351441670988
923.3527456012051,704.5580598168293,35.914242649458444,93.17849320243405
921.0839811094999,702.0866547609211,36.66627873583532,91.9749748650012
922.4996612350781,700.9781240485264,37.06577967166011,91.1625389047656
922.5553324038922,702.3965206004242,36.67411075899093,92.35590145969205
923.3029639889437,700.9264447440078,36.409306325307725,93.07146287101119
921.4181091943901,699.4098390888475,37.26514295718523,93.94691689907452
921.7762668274239,697.1755105573028,37.73914436821103,93.4620236234189
923.8907578470787,694.573858449441,37.81748006266624,92.00053291726744
924.1883838859532,695.270516160164,36.75946172500858,91.93259186067448
925.1253799957423,694.3238059366278,35.94390148842449,92.18183558617399
926.374410806788,693.6227061668801,34.78482089870464,92.83361336320291
925.9480860323685,696.391431820428,33.652735316279816,93.67430727400262
927.7039465249619,694.9318654330672,32.12860547851566,94.65094482186417
928.0685305592428,694.5922135215446,30.873057586269056,95.52474643882216
926.9661759303783,692.5117098419819,30.033309885227457,95.01513669437105
927.2097164840352,692.297661670031,29.437781516759127,95.89005213507647
927.1284222188727,690.1147208308475,29.58203832007104,94.66222291409028
927.1748442184562,690.3049449520638,30.06096910165433,94.54927593646843
926.1503689471486,689.808364716284,30.270000077161228,94.4350470771639
926.112363774972,688.1825209303453,30.356004269905405,93.75547787795381
924.2926332555131,689.1327218506526,30.92780259291126,93.15616544335266
922.6275440549441,689.2234666935061,30.87898843652369,93.81746659970187
921.1430215465991,690.481414335374,31.12942912696561,93.80728668614442
919.6153214766208,692.7842375185961,30.983292373077486,95.10122318255416
917.5517562949317,690.1872962815092,31.417012816717126,94.78285189543641
915.9095476147147,689.859832040437,32.26893625205632,94.9059432122251
917.2179505502551,686.8639646944507,31.21773888241008,96.29134131056975
917.0895141084573,684.6082501627343,30.80705178465944,98.94191586751002
919.1193690259935,681.9460235424459,30.926972705965213,101.78309536350369
918.9460877683945,683.1386161418711,31.29407444531092,102.99104361420764
920.3759007152768,678.9666177075203,29.815988373171084,106.22827378216473
921.3538552677774,677.2398142796231,29.264160016728066,107.19310300047741
922.2411573030311,674.838935927096,28.407411805023457,107.6652450662493
923.5056944422158,672.5493566378324,27.676214957569726,106.844571872926
925.1803755632067,672.8103351665399,27.336339629269144,107.08494683770124
925.6481396650993,672.7017125407151,27.004131726063058,107.1880446348504
926.5578325252729,676.7991035456791,26.708410957040016,108.68995890635549
926.0396252456048,674.6329281634162,27.05332485261895,108.74920404954362
925.404987365576,678.4497186433312,28.41318441394621,108.78207692806205
925.0325224604247,680.8195371171713,29.027857660823724,108.5775824021042
925.3310049925266,681.5753305616724,29.410143444913366,107.99499630798948
925.210249144837,682.8621824141783,30.28224283732149,106.28884172435764
924.8503332295935,684.3112753029656,30.96775051355079,104.98559994702704
924.5348194611361,684.7488048828841,31.44345652691845,102.36144940039513
924.1710370183839,682.6364268084384,32.2251097926104,99.35946471218925
923.446194446828,684.8498045346395,32.74012222244265,97.95292763213203
918.7095243063694,686.591613182211,34.9431215838652,97.65812044708136
919.1231738225578,684.2947515188952,36.56297707343059,98.35655959784009
920.9072300066617,686.0223366034317,36.22842169107774,98.80511505285162
922.5860265524349,687.082503970802,34.57375869234308,100.40835090336172
924.2971257538139,685.2724997059502,32.51530669423268,102.8720592459545
924.2310126911113,684.7352910207887,31.333851217159907,104.06163838536948
926.4893286508775,683.5922484543205,29.879027645329693,104.80255821793651
926.3190632692082,684.5163457743502,29.55356918852599,104.71148227981209
927.9268977283838,682.4529610910166,28.536754001330014,105.58092766614772
927.1124448738202,683.0484845636049,28.73248974948156,106.07744986235915
928.2278296338363,680.9143279098587,28.236742297472937,106.48675962599789
927.7833934221469,680.0725151175443,29.1138822552644,106.24512454759406
928.5783383314897,678.8523053299523,29.86372150724214,106.06468020828832
927.0218133586103,676.6360367254182,31.173768857099454,103.84385132848942
926.1510298923478,679.2996030006859,32.833037667278155,103.3942874997251
924.0112006187296,676.8628261465406,34.378403468924155,102.8331273675313
921.5433051193345,678.0132470640731,35.491062191179495,102.30223139237523
923.009626333296,678.6624684256444,36.08976942222264,102.36027963889042
924.7858042871943,680.3199801400143,35.0299808152225,102.34989793378347
926.7926135488092,679.7799541085537,33.5851450983892,103.30541368358797
925.9832854894033,681.662913955381,32.94843250763668,103.91846318243839
927.8371961820635,680.1225890905479,31.979803846544222,104.73071415035534
927.5985073099728,680.3038559646814,31.522359388996943,104.82748366193789
929.0658992542334,679.426941151537,30.548383539187192,104.65820506812626
927.3510069194004,678.494104075797,30.69091935898421,103.55990069062972
928.3068897094591,679.5005765948765,30.1688557413379,103.35691411041768
927.3248304090974,678.9191997449713,30.77168555612679,102.57670766713893
928.9039025323708,678.9653508087631,30.408760730966893,101.72131713442275
927.6268208408464,679.7952351746022,30.93593799188414,100.2992497144522
927.7797360748732,679.6668734052568,31.227327348621724,99.99880745161794
929.0363509808858,679.5200426768732,31.637509144338733,99.01221096809255
929.638965570533,680.0268984868719,32.058529755236144,97.4331322454722
929.7158390027721,681.1509858067416,33.75155246206217,94.8643839777842
930.5622982217159,683.6732379479406,35.621443729908904,91.08694271704601
929.8776284748527,687.2360648177071,35.94296945047995,88.77119784439542
929.0792822498223,686.4397168822092,36.3970749540534,86.0400449910259
928.9810532225714,688.4983799366923,36.97194689438699,82.93695950458007
927.7538164502014,689.4434410367589,37.726145375612276,80.45343342861918
926.204513132355,689.4602817835932,38.5723637723981,79.08193545812858
925.3737668076508,689.5958985137687,39.23846481452212,78.22015097906281
924.811220289338,691.4898771083841,39.985695844721604,78.18747929131193
921.9565286172673,692.8158723078898,41.29170165590435,77.02940743039424
918.3577808066731,694.0261144589268,42.09795334246125,76.39574067897942
914.6198711948331,695.2447466629707,42.355584757150865,75.88779195711749
910.3242590665059,695.9580602148385,42.39206047864905,74.81586509089445
905.9858030476178,696.8428452966772,41.9545068029243,73.00510747692738
900.9176758403394,698.7418542798206,41.609497103101205,70.84721108981081
897.0627598696315,699.0524042470718,41.03955819338175,67.98039672926771
894.0998483622227,701.5985966182565,40.528423372048195,67.35818820683858
891.6467643243337,702.9324112479284,41.988786613460135,66.96410683529679
888.9538384066336,704.1291489444263,43.228783975746396,68.01500218891343
887.5979425504304,704.740122407951,44.392971365719504,69.48300882746167
885.0107680617444,705.4108866544303,45.05273484809612,70.6849907715147
881.4666020037297,705.7453839959859,44.01517527863982,73.13212310256375
875.7563662002029,705.002459449937,42.441899174511676,73.72884917210527
871.2990310465242,706.3130557604128,39.694076729794105,75.62123639658225
868.4315126793504,705.4033950948565,37.53455217340066,75.78548730361491
862.4251263137446,704.269139496532,35.32666374128216,76.58468070641763
861.7913631859747,707.0304130212692,33.86218177805674,76.56700407167737
858.7329263431373,705.6956605390371,33.64587980455187,76.06247420223316
852.1798987098844,705.8583171089875,35.62311465174609,75.97905883905536
849.2101218091473,707.2122442358159,37.83233321762457,77.1961227601424
844.5144166506481,706.3593010021914,39.28701410347077,80.14769981157416
839.4017491805132,706.6535360241425,40.88805953110604,81.42265633379594
832.6973271407041,706.762523446068,41.09767150928372,83.81256398963961
827.4479697185714,706.9221154294748,41.654565255221776,84.72490282136403
822.9972548101897,707.3446249307865,41.23656853542512,85.9732461501311
817.3727203633194,707.8329186441705,43.413214447903435,85.00527743858251
818.3619431836079,707.549030011905,44.945770871077585,84.2381998618813
818.4321716444394,716.2342654653631,46.15250993234753,83.57346511524317
818.2628749096333,708.3769106547169,46.88741280752521,84.27558051351325
813.5361701395417,720.7219648643211,48.02914727599213,83.05272864032533
803.2351467025169,720.4990331784996,47.59272102076923,83.46995297108076
804.6772790421516,710.3124662436124,47.46641260790299,83.5731073639265
783.8853875730729,704.859879753108,46.90563759317957,84.22135953042125
777.0309829532191,701.8250610395942,47.181241228333896,83.9348391777554
785.4482108732575,707.253844046304,46.100820384289875,84.80788687283157
790.681083416024,718.6289515952651,45.280896870107064,85.68513988404028
802.9978928777955,728.2155810954984,42.19322978982553,88.1402950376267
815.9257904036294,745.3395458245711,38.44537541198581,92.19083893763525
806.14932274714,768.6105832467741,37.176329294911035,93.78393789083681
808.4004589004912,760.2849559092648,34.351726394145885,97.44630191796736
825.9142402338161,762.9789270661034,32.81754904243727,99.35086391489789
832.690548958741,764.9145955522124,33.62047854388156,98.26760572762252
839.7684097737211,772.415779438629,35.519379564067755,95.75767817848316
822.5247841799486,769.7639952412502,39.778038832667505,91.020107924254
825.5880316619249,773.6404405689459,40.9266235958877,89.72857200137615
830.3336913130277,783.8397820499033,40.746891627361386,89.97728512710766
834.456487805318,772.6231470154538,42.316613889362706,88.10000832100674
841.3871419416201,766.3974957498465,43.774797956846385,86.62494786088831
848.060784072996,762.8926881454643,45.02600440912163,85.24224625141562
850.6259454155578,768.9635027078704,45.615621432707776,84.68746347822676
851.4681292769156,774.6701969294933,46.030900516708876,84.44630194080382
872.425571156701,787.0392780387732,46.65061224664009,84.21019202937282
890.1672901433868,783.042458918466,46.67859166218455,84.24499752920362
919.498275382996,803.0334393891947,46.89290673594469,84.08172021201382
914.6434590855755,790.9924509049499,48.65570619708815,82.41290181612351
932.9038770177174,801.4164541793656,51.39732913407402,79.1195427129708
926.8753060672107,812.194585706507,53.313428325736886,77.29875138415167
939.9244785428964,817.5743402134095,54.06388021884777,76.5108524396217
944.3609277733841,814.2980299305514,55.69255341314586,74.77000834469335
945.4286779421763,816.8471803928792,55.9820568425751,73.84197833983758
941.4600891782463,820.9620214676909,56.592223738873514,73.01555165286061
940.4752782542987,824.809166450113,57.96778951691793,71.26242189004267
961.2858361185155,827.2390035257483,58.17615682071102,70.84441767972068
956.5138953770476,826.1808557073904,57.7249316065643,71.4222981228788
964.7883957843701,829.1285884030584,58.03703194243193,71.07175651389144
957.5643669892848,843.1093262843127,58.04450058149163,70.99197363773534
948.3144181685242,825.2801439030799,57.32297984227559,71.89070247490795
942.0329206150813,815.756549583186,57.48958308057018,71.5319005141097
933.8835228444264,813.353976566749,57.17539491826658,72.42311064724937
944.1330144107599,807.0403978462067,56.128621258255826,74.30348006343154
957.5592764878231,821.2698623110485,55.741541668948614,74.98206334077912
972.1454395795951,833.7936331439229,55.6902100532759,75.10425281516731
962.9872968230567,832.1670953977732,56.19070920465833,73.71393622143755
966.9503085993771,831.5896082126569,56.404427549600584,73.21563343293299
964.0866555252476,832.3704559037093,56.51364831349073,73.01944648798478
966.4900085289536,832.3222856488007,56.55040048173772,72.93868630958285
968.8781787259503,833.7113845714246,56.67908270889923,72.60237107465636
967.5700390065814,822.2883192973216,56.36454549724637,73.49313930291608
965.4883118709369,820.9488240812531,55.6581853726308,75.20874248415278
966.6215656768215,822.0460210139615,55.22330417611413,76.48836790775255
964.9938204665193,819.4269230718307,54.53904368691333,78.16171060063823
969.0055023629616,824.822677784177,53.467961845933154,81.52427870585298
966.829847771891,816.8945133554477,53.23818391564768,82.07905383711544
959.1332285950809,816.4833891359381,52.87954162351575,84.20107918787005
954.7155056465447,810.2297200968684,52.59317088545634,85.69620260536489
968.0358468290635,811.4779633141517,53.228220560824056,84.36588223792177
968.6143937321824,810.4934455976019,52.8182417705698,85.44131571703821
955.0735209768518,802.052576334735,52.98500543918998,84.77595417563325
963.0558015267727,800.9677493598372,52.9993938861621,84.73077653477648
962.4936623143101,804.7210510020064,53.225523357172634,83.49394959473709
968.1253921010157,814.901341885497,53.56151198780203,82.46914129577351
962.1067304755351,808.1789649875427,53.12326265270377,84.10270830121586
966.805488624307,810.0416329950531,54.37429734240337,81.63466539132058
960.4863094389297,803.7621013120482,54.61257884700837,81.0526297811951
961.6364387194478,805.1911047169855,55.65101914995521,78.64770657589472
964.131692023417,805.0423476737277,55.92928419042368,77.62690992480036
958.620014555399,802.6944104275926,55.98160889116904,76.84593009272972
964.8780649692368,815.981121536824,55.9370418388232,76.12716790844662
958.5693510068996,813.5709771290758,55.944731413582936,76.18111742188007
965.4885442447438,810.9917301931583,55.94504237136638,76.20522523109298
958.545995103812,804.6732050484212,55.77652508316169,75.30123414636071
955.0938365982141,803.3213167440268,55.834240131314104,75.31030789145623
959.2386939743234,801.2470097829404,56.14971279517224,73.30170955624394
957.8118900585565,802.5869437505955,56.11438005396734,71.85557193709569
955.3380433620794,814.8408388917458,56.381108500174875,71.97432660718769
958.0450318577869,804.3273505128913,56.26645554440445,71.32593028750428
955.4012783595193,805.5869395919021,56.327958417251715,70.69310109226616
958.0640444545554,806.8681830800718,56.38712366446594,70.09115417215554
957.3186695384801,809.0449652496925,56.27189941843815,70.10505246795448
961.5257161267152,806.4176222438144,56.27274040029317,70.12101853952497
952.7538368040063,799.0147312558553,56.1208088906818,69.91703107574601
957.6437372205595,813.7375800477514,55.93941103456497,69.33130739942463
965.0078506461005,823.322150890616,55.93580214155179,69.30128009357827
964.1721871427345,825.8170656165341,55.9984155214222,69.35860363780502
965.3429383650907,823.056353990655,56.19090417511371,68.98871905875289
954.6670850080303,811.9061999900576,56.09779048518176,68.96838649598261
962.3370100198002,822.8377620757669,55.88677804709125,68.44328837131711
965.2141099351257,817.5764821619929,55.847204051858895,68.17489647004437
963.7638460541685,826.6157302956639,55.400346407279045,67.79861349005586
971.5417586011572,836.6424049153356,55.40399435102158,67.44988842673773
967.4277490400384,835.3694045913106,55.35736099217991,67.16916359184714
967.5180982446111,834.9539225339881,55.394022721927776,67.74697286244643
960.9062215321809,818.4741240782207,55.426544419188176,67.60961161358085
963.026814968497,820.9702440842362,55.333891367661785,68.17732290693932
946.8532542028028,818.7175676066066,55.35495165027092,68.31593372810433
956.3830519672406,821.9305304267624,55.32846197161513,68.58956968370951
962.4110179923703,833.0949689700805,55.075960478606795,69.75536537234188
953.1265985204764,821.3508278449026,55.072041701447276,69.87649064027562
951.8149092504443,825.4267469600265,55.073565936243945,70.47810471105318
938.736035346384,816.3267888680646,55.143207588968984,70.72373622700853
974.3601643112349,849.664169805951,55.90637849227517,71.10241825992703
990.0011659351651,865.1861749743007,57.20256509426823,70.03793062830566
982.4823214797832,855.8378180748362,57.347514709072655,70.43803645604338
1008.7468672677146,933.5079195773416,57.918989997223534,69.88988667368885
1008.88221425015,942.154457986279,57.13775101701763,70.36831711899745
1009.5552304184835,939.1429472376622,57.10105701157316,70.38962057195025
1009.1738353408857,934.151677845676,56.56649389909895,70.67487942580786
1006.0814321230881,930.2126032407142,57.07282781577322,70.40783648943015
999.1455278073287,934.4766944588519,57.646479709011025,70.10296070903867
971.2520791623984,927.2466259703962,57.43976280209406,70.35833713449723
972.9645020749326,931.3034099494046,57.39732058916242,70.53886135482523
961.4260380332462,927.0657236334582,57.07057931523561,70.79922525106127
965.2106081545901,919.0097883902639,55.96261880582405,71.24657452010372
968.1091121970917,923.9814911051059,54.3612131378131,71.94889147964095
965.6804866873467,921.5968344619952,53.57741381855788,72.06932619149104
971.3070488852627,925.6826690317573,52.532061677669745,72.5139433297378
970.0822093063259,922.7829439982078,51.0500522884091,73.25621394584802
974.642513000774,925.6261108357443,50.04073964591189,73.5815332172472
976.8062457965561,924.6824590473557,50.08737044793275,73.39154768956273
971.3476264677982,923.5856940464276,49.721353528361135,73.85489659343436
976.7079313994941,922.6765490736228,49.70363024639039,73.76610696159817
973.4728243887434,919.0563960263046,49.47493117051003,73.69641740498946
974.662840713551,927.2914907376148,48.754442988821054,74.19186709674892
977.7079880612795,922.2000866892749,48.557909451353346,74.28338662683937
1008.5278496500289,934.2306700408079,48.00997170476291,74.18899963263556
1005.1815094933509,937.3292042029024,47.62919525389768,74.31999575012773
1010.1616855626614,931.7309549869456,47.4559496292537,74.27695122092072
1008.0234645907552,925.934630997696,46.84001419650959,74.12134442341875
1010.6536504640433,933.763671972758,46.634937917310275,74.15287581558007
1010.0030543802204,935.75747643314,45.32695535656251,75.03606500577776
1006.6877163370456,918.4781174302393,44.99757752216617,74.20028227915725
1008.8049071556808,918.7199670640796,44.95438612766322,74.13292267712806
1010.8791354637701,926.7156469131892,45.05096945136472,74.05412248818631
1008.5772184340124,924.5999894256186,45.23674130079725,73.15930688242547
1010.6053336780911,932.961468037285,45.11690455043276,73.18072870267156
1008.1467017260591,917.7020230019867,44.67805549749616,72.9803366229996
1009.2350076200926,923.5615055432775,44.634715880449605,72.8759793513924
1012.8593224361936,923.2633985590624,44.43252494224789,72.83433302166576
1005.4441477541509,912.464758061578,44.49775189269794,72.53283128653194
1005.6888118383064,916.6012530413641,44.52163181564598,72.40199602056326
963.1952999372152,910.8234137416994,45.54229361831673,71.59267675612327
970.3873337372138,907.5125663683108,45.090653424630545,72.18305903723268
966.8429399070515,907.0995705851523,45.14675055990031,72.55024009529838
969.2953351612948,907.9281964763962,45.30333185469718,72.35292588528978
970.4962080543199,905.0733474092856,45.9364497790505,71.9314747275189
975.9890595665888,907.577600138636,46.159512738094236,71.90633432771706
964.4662617500792,905.419313828985,47.247451510761984,71.17199170577763
973.3931701560656,905.3468445445625,47.22805394927739,71.47369095231778
962.9722490517717,902.7615395243278,47.13809340823142,71.48975711613932
968.3333977891846,906.7551222567278,47.267839085261116,70.98499683703878
972.2642743819146,905.839579042659,47.53766911360729,70.78350956522513
966.1506414031746,903.348407618193,46.59976630888007,71.55300088980403
975.7603085137158,907.9582026402043,47.146795231718706,71.31546269514685
973.2106690709207,900.9801042355436,47.69750157702553,71.35365165382099
970.8408666935044,902.7764506962212,48.089374741587314,71.43609935174388
966.8096133060164,904.9902544767799,46.62216025649238,72.48210457596596
968.7441654470967,900.1909046217348,47.508585378018424,71.74133342271377
968.9406413714895,902.7794896880008,47.57848409991163,72.189314447561
975.0271743864974,901.8413159913825,48.686848314341404,71.4407152465593
968.1787719174843,903.4699521358892,48.40824565196495,71.71584141984137
963.1160201199922,906.027178908051,45.81582894360446,73.08997334762458
969.0424346055195,901.7219604981542,46.599272402969646,72.69594220324586
966.442235451671,902.4161527914601,47.619498267276825,71.67441794673896
964.7725053790487,901.4111902863432,47.24896290432747,71.68997893376428
965.4004864539833,900.6348305878766,46.186716773850364,72.59115006428645
971.1745666649957,898.4950491051676,46.67707239644219,72.22477177222785
969.7084980110217,901.7079520027718,46.356895136824335,71.97363238174363
964.2973497232243,903.5938861786915,46.163873795548945,72.47996847097471
963.7691872354295,905.914615020682,47.07488574661757,70.94837597559209
962.1170612957085,901.8256627058187,45.636247744925754,71.56535750580107
961.6843495620827,903.2778030025154,44.61395420358654,72.21625317049484
961.4443388042994,904.3736176799458,43.47961824768703,72.27707308969715
962.5984185886551,905.5399957510754,43.78726263596103,71.94631036517791
965.105331036362,905.4528271299961,43.94573426459521,71.52969336319958
960.1420024741096,903.8581295238054,44.70549933740306,70.70714904997685
962.0108973312795,907.0814781871183,44.59223421641681,69.88877337099507
959.9846278691505,906.3786556360703,43.15920604777929,70.37159957393625
965.3025492202088,907.5776169563437,43.69207214693202,69.69648493681512
956.3922283448512,906.1655419286881,43.484284866275225,69.72938452482602
959.0936777978526,907.4034091028834,43.26465546100474,68.85775064220991
959.1192520678453,910.6128119202433,42.95261184760562,68.10964555756945
958.716089582257,906.017305832621,42.95851218337172,68.31799267086339
955.5135929334417,906.6975413064662,42.38053715061915,68.83582000579628
957.3255497027042,907.7552257051179,42.61339484279179,68.7680631603206
958.6970362266783,908.1449786735836,43.029455093336104,68.62033886105795
957.1106174189638,910.9900803002607,42.5801203531132,68.91633117197382
960.2535227089329,906.6957738530822,42.026669659344456,69.55634520463656
957.471597212411,908.3976324453278,40.82050636634701,71.02981479535282
959.9302182222051,911.6413934946929,39.953518691698974,71.84376726785048
956.73616083249,912.2529231447619,39.748803766844475,72.40301201625077
956.3901049029295,913.2145647709053,39.72885785666696,73.1558058914207
960.4770684334433,914.7693720147604,41.19685565373266,73.0919057820675
955.3585149196283,913.0008171978766,41.407349445889025,73.10293456904867
956.0124888076781,913.6572180485293,40.96324236898528,74.0362664336457
959.8153728054673,912.6896566713049,41.582902954644574,73.71580971650666
961.0133960957093,914.4675558516269,42.24026738108813,73.23550373791208
958.7148993108248,914.7013595015457,43.39666890030476,73.06117149634414
960.6801486024541,916.7015452649532,43.76471710812273,72.97619475254895
959.3026933472161,914.9419848055377,44.658227610397205,72.30353367369942
962.2563388017322,914.5048180855224,45.719595625467676,71.52050119557038
953.5071362790899,913.2436402733354,44.20066859372611,72.72363806517609
952.8836468223438,918.6382099712968,44.919275338677195,72.35978210126021
948.7367000350241,913.734432022664,45.085792356920166,71.90162430681423
962.4434054884039,917.6087426912063,45.87101655147894,71.35920404623721
961.6409777942674,915.2367543777998,46.96778633126957,70.26699855558817
953.303323389899,916.8983289390737,47.65316021874169,69.65572248754462
957.2904461435683,919.9484030826842,47.608040974068,69.39533164279808
943.9263458305363,916.7519724091073,47.38273894510249,69.57768512023121
954.7150352376816,922.4013896996738,47.32561235859517,69.45404814041676
996.5841092343769,926.5893215189748,46.58041480465762,70.07790888993738
993.6155121492203,935.7558849849838,46.558819149531544,70.03293655997008
994.4547925649097,929.353438034708,46.410297151770955,69.99480239197918
946.4371997064383,920.0478893311212,47.00485481695585,69.19018172053967
952.4136036145643,919.6234384085055,46.5249597890949,69.32919135242636
956.559122969196,925.3809382997466,46.020254640775086,69.38932775463641
964.4771490114277,925.6356795072378,45.903064136206616,69.48278715073891
954.1328633887158,921.6384369431485,45.7488924617086,69.63083720887964
964.7649107110426,926.1034596922608,45.989156108681065,69.39055096511059
966.9647141424448,931.552439377902,46.222994508785575,69.23443481739996
965.1729547970274,929.0450348464763,46.22259534340411,69.23622479532115
960.0885753139765,929.7325086280364,45.88612435955446,69.31400621894088
971.3907669485676,932.0507626401915,46.16363997037729,69.03871903127022
991.4827818902431,936.9243013509858,46.08450663243629,68.80199946643177
992.6469884480466,939.9013791560594,45.88244678068448,68.6609546846844
993.0568771150832,942.8575019972697,45.89115845217685,68.66565064502514
994.1443978726996,944.755380381423,46.17782595946602,68.5963216702212
989.5734357870884,950.8468935593515,46.24356395057363,68.72684340243785
992.7898906033412,948.0661546532493,46.85584417555114,68.45488186451419
954.7065545160532,935.6119342635714,46.280641655302816,68.4195360227763
960.8773468327375,935.9394530883048,46.10587754805719,68.16949947718749
958.2879886265159,932.3974304740111,46.28051747963493,67.87314977016695
966.0232800039734,939.0250216714838,46.712749589832285,67.30978179782885
963.0459203212258,940.0362043887176,46.76621191721088,67.29545249998867
988.7379602339778,963.2499441906228,46.6940102960527,67.08293871649057
967.862626619548,945.9303511811602,46.702730350839964,67.07516352325764
976.9277175666278,951.5082006208489,46.4905420022126,67.27445655672209
958.1586785827782,948.7898682640711,45.87092801434542,67.94865245542799
962.1943296456226,951.1199964880914,45.667405620407244,67.97298253235067
958.6013678833605,953.0946858504826,45.6433810820348,68.05433071720557
956.7088370387162,945.1029195776379,44.57424097765253,68.84328509211869
955.6837400224035,946.7424975244425,44.440896573388166,68.66874440999635
969.7542048638721,955.5037431944007,44.592533189889465,68.46695657654969
961.6030544290767,952.2294017347326,44.66660835147272,68.50668449405477
971.9013494426972,967.2605935037948,44.41800454554505,69.01871425549095
991.801926822631,950.7998330019426,44.58759105765006,68.70578777994726
989.1931836694923,947.1420051936744,44.84038572498095,68.5138721760857
990.7919749305723,962.6997824525426,45.06453729744061,68.34967073146926
1001.0984229522081,958.356287748526,45.21896951649815,68.42006487125298
1045.2021072775378,942.9690671952229,45.611904515741145,67.86788587593053
1049.5361399902727,948.1518519708745,44.802993314667,68.49688801041829
1057.7713354796356,948.2697282617079,46.55202372266028,66.8566587861431
