424.5,500.5,125,121
420.67385253699,500.7998268171605,123.41653328356388,116.86287554811304
414.74103587713876,503.7446143124978,124.07765019243877,113.18147073299087
409.5500674683224,504.1351045521628,123.50312796466129,110.68160840818662
406.2967711488434,502.67988909928613,121.82548884550164,112.38679024281876
399.25111428092396,503.9080806296795,121.01155489304708,113.30578602915418
393.6818661130398,505.1142286127072,120.93859874468455,113.88651560440428
388.4611193793426,505.5054972242906,120.81626851212776,114.28865645893535
383.42880169687623,505.11628145596967,121.19804254893549,113.88668345170046
376.7609828067035,508.8269018550391,122.93280161376583,114.43941449728109
371.721039101839,507.04117543218206,122.29726067113899,115.8360881662831
365.92950738784606,509.66673963611186,123.48543140655886,116.91358066906811
359.0891331213495,508.79904667761656,124.27837400083129,115.50481632894811
354.0616724296776,508.17859396847876,124.04953722072287,117.73640983277973
346.7467190377944,508.8954303896234,124.72940509457726,119.5696544576077
341.4630511047744,509.7476464752848,123.66969819023149,120.4498069992671
334.8951746372302,509.1153975416807,123.973040312942,121.99285659400873
328.9185248891355,508.7708767545475,125.77968377275445,125.65028601045347
323.33979292038674,508.28249579016307,126.40974578611865,130.06596128455917
314.6449290707285,508.121348561284,126.11593123384819,131.80513944936382
308.3984574080166,509.8367810178653,127.51284527765571,133.59129886252566
301.91389972757685,511.25297869854313,128.22315631724618,134.09863757862368
298.0558823093104,512.4916304274736,126.68460588766578,134.70598463727276
289.7925778546106,514.4886511105639,128.24806763367422,133.36046755545505
283.6039234939245,516.0423352803476,128.3575598114673,133.97712899532175
272.5580641402255,520.0057254199728,124.26672618121896,133.0220784714729
269.19164628749576,521.8640952108364,123.52799664009639,134.17368033566868
262.86738320925633,521.170785524754,121.95936638635794,133.60214193004703
253.97878074541606,524.7459547862677,119.49023723811077,135.3878519147102
252.58500055772916,530.5175991978142,121.11190334354131,134.54383715472744
239.4132368412114,530.7930970023233,122.81006220052706,133.47189039386154
231.46526080770792,530.287333162966,121.55854570063948,132.6280944002816
233.0103058514935,538.1702589716226,124.54653817456122,133.67050465430606
219.41305267522526,537.2230588947481,124.47406721691704,135.33565907086023
214.724573194862,536.9854798392244,124.92227804684526,135.41064971669772
209.46927984645137,540.9012638216938,128.34008606095773,134.52597449010105
199.43850668869987,539.8404301531897,130.6551819522664,134.20980875635433
189.884847519695,542.6060514382,124.93349790990504,136.89086553325757
193.63554781763878,544.7120696931311,128.97946536363906,134.45767337993212
182.3617572768443,545.285378091214,133.6073248418345,133.98961821163115
173.1635609439238,548.2772271508716,135.33803566868622,135.7994329135135
163.09356609177422,546.9791444948906,136.41122811651564,134.13413601386645
157.67873501690804,546.5543458729912,139.1912143247807,133.3709815353294
148.4959249125335,549.2597725088709,143.2224305418306,134.15797753725184
141.64469815075847,548.0908371324555,145.1773121201902,135.46004234945468
136.2373460617917,547.4696276970428,145.04271839315547,137.33186987783066
129.1535033764623,546.221569014737,144.42418702797445,138.16531531880483
119.36102774508504,545.590668950762,145.69060153230612,139.30333316219705
112.67294992542972,543.8129395563998,147.78226467894098,137.39238512871708
111.79928018135908,544.1389277480404,145.27263328466648,137.83155223431982
100.57151223947479,541.1899683324799,145.50759192844484,138.37804303351945
96.55178556502815,541.1461206511801,145.8389096724797,136.51159975952984
93.30295271911997,540.7666183765464,142.1771877757951,139.65818112726345
88.38015766000873,535.7545377747388,140.5646260766958,136.60496024317138
80.74958325279435,536.2543710436497,139.35044072364408,136.54185016382252
75.79723527451425,539.3076096227101,138.96960182150067,136.22799700243652
59.027513947275324,537.6786342528346,143.59610921902052,134.25025381060766
50.686970108216286,538.8437939841722,147.64070416795158,134.52020056611815
41.86311349963927,539.9102468110915,152.59132818985415,136.74658694261396
41.74108172367416,539.4164738348163,153.07805141487913,136.73314774959536
32.76649853351735,538.316158322931,153.69444267922594,134.83228684526554
25.336052297233337,539.0864287234493,153.6985598679805,133.5121869534954
15.089578315362843,538.8501342086809,151.76507426848906,133.3578303682174
12.752165804034377,541.3027553276104,147.30666431342382,133.2089558137692
6.351567214643325,539.657832870222,143.8870458336366,131.90391871713223
2.4061512675057912,544.1492319054246,133.62640945093412,137.44489670110949
-1.0738625516055436,547.3280026835488,120.69151292533843,144.49489260518814
-3.3730730783343432,548.9152659433707,111.05888920950892,150.3855478177221
-15.355230793843504,573.9310122937657,100.95655043520497,160.28502054051606
-10.999740507254543,601.5740901508657,98.76737324108589,161.57153480922636
-22.917056944335506,619.5240400707681,96.86950031690797,165.063347158142
28.66523055610952,757.3802740921683,106.44551827256089,159.31904928135734
26.0442141071091,820.2943850110139,113.25895455477041,157.58019054181062
23.971130279688126,834.796999388584,120.84371059042596,156.70071328203187
28.181543777908935,833.943241145001,125.09154375786373,156.5953742870963
22.310644891293634,827.9055310603294,132.25349705630185,154.6710233382754
14.263157007304585,821.9336968198368,140.4924023057863,153.0510111704571
23.00036363075435,834.6405412588625,147.45920838872075,153.35984693534982
19.12647384532866,819.4017647043361,157.30744968099242,152.62592467208844
27.340076026128074,824.0176115233992,166.59157001116606,151.3390223509483
25.69244892556189,844.6226078267176,172.3971172191954,155.2110342914304
27.02949993356569,837.7524741163971,177.56608475656304,158.3906070175524
30.38457456340376,849.0112525439331,181.0779346652829,164.00346893994634
36.93904926516083,828.6475808087297,188.71175831779902,166.29077945136868
41.68049742844558,820.6725938653288,196.57745474940825,169.26709573013812
32.78875345685228,806.6601059425483,209.15370258791955,166.02955555397085
63.69373342313523,818.3952508032723,215.34662656648646,168.76238511047677
69.169750100724,803.410874828449,220.68684479822298,171.24314191241842
69.6442217527191,827.0078257468948,224.65310649606383,173.2612838377337
56.74038305400481,809.866442642561,226.52221005621215,176.48744375367687
60.074981805107214,842.4733851826115,225.46552561934547,172.61157518358542
63.47508447821724,820.0441356887213,222.5561863143089,171.17492341453004
33.99727630342717,893.460126671621,222.17222212800036,171.8633271909182
43.41336032412323,889.5752613034037,222.90738158599788,170.80960116313133
61.526519355660625,881.0467386438748,226.72486769162427,168.62596578760912
77.20875872932204,868.2806899253667,227.85623473897917,167.87971430189606
93.66546390812128,859.5446923166567,227.4149007973963,168.00573936550757
155.6437171875914,854.1516122900427,229.7217456788858,167.03694126596434
-13.754936566858404,806.9392281169468,208.44101974051975,182.43172609164844
24.31267624744912,812.5003276022674,193.08206974667033,201.54221411746732
71.93191142800563,776.5773964184463,192.91600233965886,199.7303158649923
154.72266193998445,782.7857718161719,177.3486767307403,215.7191513122168
213.4460168057327,762.3771536484187,170.73687453098202,218.20398637208834
256.6616927007491,740.1610218094488,175.2025564323555,204.68039754148327
311.2619591003227,793.4375914030201,160.37313264199736,226.07064824691886
356.5641939914939,748.0895281201572,164.4756712214715,218.16686789125777
412.74507496099835,760.7340408501233,150.99209073998202,235.8276753475854
465.4715657612944,762.7187456691454,146.19171991819852,242.49680883850849
513.1287799329538,729.3419975479637,138.4529980568133,245.22672262237563
552.4366665408519,757.3466129977398,131.85167491425935,259.4736791617885
576.4631821090861,707.5380693120788,137.2112757663163,245.27577172109855
619.714961463346,733.9949403542078,127.50690376433946,258.16801413391113
645.3985123811167,719.6246821785994,129.08751387337813,252.0302078838095
681.5434191456877,739.1245196431579,122.92083114257602,262.22597896909673
700.3977905846418,733.0408272483344,118.02315775319312,268.6252358405005
739.645199793677,715.8168246554526,115.00967020670484,272.52845838771407
756.4781506766597,721.2478920348971,111.45906385089569,281.46691986600786
778.9862775400379,715.213004075656,112.89270026085794,280.0188658894705
802.0733125435866,710.6083575482077,111.64593356796956,287.15860080075134
806.4126186243947,718.8512702394193,112.25588799570887,292.0014611788263
829.547354453251,710.9345786569528,113.23155259898243,294.7665584016816
841.9743707829643,721.5812337243578,111.05579409421888,303.00415494411754
847.9150796437824,717.8168493605378,111.61113250661612,307.01980731204674
866.5257910066842,701.5319626989326,109.66396362602713,309.9650612871128
877.0188593734052,705.7936430102621,110.39192296192124,311.8291575583746
886.2464803021554,698.5425688271239,111.62897045683785,313.507378998992
896.2745895449228,702.9639616360284,112.25443837267011,315.47724501539926
909.1404076539812,711.1479456405361,111.30256060792242,317.13663601517277
914.8676904297068,696.1654766146759,111.10294271882486,320.2711659705799
920.3662874143276,708.7751269227122,112.68816146930985,321.10268093678263
931.1657978435983,698.3024122236935,113.74099798686703,321.1057408737604
937.2799312092191,701.695160327818,115.39319390210997,321.7144759849388
942.6888435544821,694.6983157829161,114.47470888748725,324.1773623479972
955.0929973478051,693.4109457548022,114.32131043475249,322.11867383061633
960.6499845582902,694.3985027043889,113.88694054411667,321.31313180796906
962.9664022456394,688.4179983952118,112.3470841237334,321.72950942198963
967.6893053557508,692.5725924787624,110.87581813712269,322.4913127710017
971.1119230526059,692.0388769087704,112.454036074406,322.65330179234127
981.3225221822274,692.163626431611,112.44489950644713,321.9104722679916
981.2579881606213,693.7992410375493,112.4793227051276,322.33795874291314
981.5262174930572,690.1397608748831,112.34874958765529,323.95405012979944
986.3811801945311,696.3411408158447,112.47246046858187,327.07183716102327
994.258310579366,690.1995302606002,111.44708821056983,326.970644552335
993.811323645224,695.42079820768,111.84337116279252,325.61987310824856
1001.451133702141,699.3967321971944,112.64341718665375,322.5912219489831
1010.9231834464621,699.7365083144015,110.6007115883925,321.65981016886116
1015.3152393544174,696.8257400076354,107.18769829085349,322.3552395665119
1021.6932256456131,692.6737308777033,106.22330400130872,323.31964438872376
1024.8148878470925,696.7998632159229,108.42630490047407,320.3106634609113
1033.5151713416458,700.7276604043228,108.98125663390147,316.9757986258898
1045.463303882418,712.8366756496985,109.58989725304096,314.42219875342465
1054.5843494463786,706.2576125411712,107.2663518480808,317.51281627296953
1057.042732281287,696.2168189606118,108.6084129108994,316.61265103845824
1065.1464800685721,710.486985823417,107.23533086477181,316.4172136293765
1065.6658686990074,695.6353225500449,108.9987009923592,312.93449357577884
1073.5153164833096,716.8990843223231,109.73378064348161,315.13915539499186
1076.5872772810121,708.4627577596276,108.83926586265159,315.179500704831
1080.2137840542325,707.4949891656804,109.0303684317811,319.6788680299784
1081.2920745871133,713.7548480826044,108.95348688231564,319.9163933525632
1082.2470552826765,714.8511887446659,110.95495513482055,318.8669334067667
1081.7052219157615,716.318505809908,111.79867983953179,317.3044684132838
1089.3009144312891,707.9735050100558,112.76252819165539,316.5306543239011
1084.731291406029,712.0178712641901,112.58763487602553,319.58705006575445
1085.9166499232654,708.3803172041199,112.68834742796356,321.13064325516984
1091.0179463251418,711.898141242297,112.45863498767497,323.7836338659494
1089.9828831481086,701.6805661373719,112.66414816634907,324.84481213671285
1097.0998502071905,712.2912588121675,110.99444592074403,325.25628315614017
1097.417989760716,706.6261337650797,112.241727709613,325.2367979903062
1097.4424355570952,704.448847593364,112.02433444172547,325.10332797915373
1097.6086588732117,700.4118435775362,110.63844902680057,328.12997129904784
1099.900793868728,708.2239107597323,110.71375878964366,327.982458562463
1098.935613067292,713.7520635347704,111.16737967462782,328.75721532928145
1096.8937808455212,702.28180132106,112.51906331754091,326.79224697410956
1100.0227510390016,721.2366359806771,114.93658183866108,328.3267419309984
1102.9902985843564,721.727225103454,115.52974793264346,327.82114175513146
1108.9101337439884,731.5003332406158,113.48387796738363,328.3341696366917
1108.3859738157694,729.7554865179061,112.85631822615778,328.6075447131992
1110.393464875336,725.1514063113624,114.129999017486,326.93845159387706
1109.6390626635234,741.8083524911209,115.60673311356084,325.10668928501923
1109.9376908761762,726.7662362964543,115.74015548502364,325.21907795486993
1114.2129720800317,749.2999044844095,114.6324875360833,330.3857312945358
1115.4248744256688,732.9979335669107,113.56650192516173,331.4663958468186
1118.7598012463047,740.0514275957094,114.21638333409139,330.65934789847427
1125.723018777549,739.3800574028819,114.37104110607544,329.1123924013319
1125.2824540254553,749.1373978359067,114.2638581870336,326.7918243129923
1118.9869799697458,747.6834368357249,114.12313401146525,326.3199507620558
1124.3830637591136,739.0819714722068,114.6367659169827,324.1131353190481
1125.2969778401698,742.0849124582801,113.91570695901008,324.95150593326605
1126.2648554036164,744.3108254114741,113.626622769655,324.465556606163
1123.9743835688143,758.8345584896191,115.32143634473101,321.77726517826636
1123.4358848567028,746.7691867875799,116.18947526236968,321.13215447162713
1124.9839701795156,740.635811984125,114.6716636245796,322.60626720719887
1123.8581933625221,749.7265458073888,115.76442202102538,321.0666509858422
1125.1798861985344,743.2762665229933,113.91271316832527,323.2253758678046
1125.561924188419,752.3831578002844,114.34777022707699,323.1579441738181
1127.779832966716,740.7702957797613,112.46469801273759,321.485896379537
1131.021929597448,728.6201535293254,111.30840897566951,322.09460678372915
1134.8266686391075,734.5883686311811,110.74578586518982,318.4233094840707
1140.122707381375,735.6273902534283,110.08192245383609,318.10220886939044
1138.8003405466573,740.0114177635949,108.86767236815972,318.5580298485079
1137.6200824887594,748.424206860283,109.77918073439801,318.1232158915817
1138.8635007099583,756.2741000266286,109.20257278282958,318.4095469218666
1138.683826706191,748.286773998427,110.8402765080231,318.4755485800156
1137.6452094144477,729.5799647142234,110.96914659527893,317.2841332739111
1137.2408045809202,745.3815791830327,111.91819679747347,315.2444667294807
1139.6254512646349,740.6547148274882,112.50516182237817,310.0235633681212
1139.5872498156143,750.4672190290191,113.2212943394457,307.61373440841874
1141.2527384177731,754.7362354838026,113.49445813206108,305.0562713383291
1144.8766548206108,738.4330758585202,113.83551873992938,299.0690809148218
1153.777566337918,758.7794323791403,113.02574396886487,293.24025566044673
1146.5073043830378,766.354910942793,111.67894354543412,291.24069719189384
1147.525223060615,768.8975554826126,108.18139287622367,291.4866182486683
1149.667551246176,780.5489095305626,104.26376635081644,293.22932030901825
1154.2893427797567,758.3428441721753,103.27280398067602,286.9420529850213
1158.8880052543666,768.2154865248237,101.95400190438104,284.2191052395632
1164.7265161022892,776.4405558835003,100.62793998636774,279.77522167205154
1166.8117180840513,777.7337633799567,99.43469242352435,277.76509073008015
1166.4247288486545,785.2083443331319,99.15021781127975,273.4748958418571
1168.9786872987313,792.2349547385169,97.14369127291177,270.33429557552085
1171.9969422790662,804.8696495662947,97.1096208111435,264.9844482325872
1173.8551135631674,813.8856837224286,93.92352158009545,264.1697528146067
1178.5672672518197,816.6149048976052,92.7885093993243,262.32559044968116
1176.2611316251796,805.4124713911242,92.18496796949877,260.7224141734587
1179.497984320968,816.1228947998883,93.71628939524362,256.13575009518837
1182.418119559201,829.1721375589223,94.59476796510359,250.16782449838513
1181.3655429104333,817.5840268691925,96.19839282073272,247.5003111366335
1182.1464102953844,832.7067902081336,98.31221590262194,243.53893553602182
1182.7999448418673,838.8353003759746,99.36471039875246,241.45636893569144
1184.7800563583085,832.952225452721,102.24880527892526,237.38128457504524
1183.2996432974383,843.6171044587446,102.19362969931088,235.31840087635254
1183.9512796371775,853.5230428581265,102.24581217997302,232.37264346235457
1188.2152401481876,844.3651686133317,103.92815250286253,226.96121337833586
1190.3231885266705,858.7108815098039,104.35934713459952,221.16103247369682
1185.2194468791167,864.4356623058827,112.39415791955958,212.82640103443245
1182.4850390624263,855.433863645237,115.37249861359433,207.0242141302599
1179.792767599438,867.6600040983562,116.27977236690211,204.22891946059374
1182.1386635994684,874.130871777324,118.39921245683797,198.8753479553497
1179.9675789946762,871.8601930125051,119.70359828209953,194.0946143823877
1181.2564735710287,883.8225359544513,126.23452037207025,185.68341345332908
1177.9397171790383,886.0787215777145,128.07000468696492,182.3664592533497
1178.173870388354,894.0319519169184,132.66339575139645,175.31383749553507
1178.4988163900448,902.8404414068583,136.0572249470504,167.96569739810153
1174.6296695420856,903.6487248908098,137.91791368157362,165.65005800960157
1176.0873224508714,914.913660857419,141.98211912498834,156.33098052523567
1175.1305003073974,912.9635969426997,143.38161219638317,154.41095511828496
1177.0733914590496,916.7536240609998,143.20543010326858,152.0393502453934
1173.7703156534812,919.7392531097847,144.95719395424294,151.9209173126184
1171.7299233971041,920.6097993779463,146.94962602520928,150.83585513317945
1172.5067082427463,925.4797536466772,149.81642214431943,145.86859969859228
1166.366281079312,925.794110519908,153.52713944726207,144.35917171444066
1163.4020622887167,928.4085562081648,156.01059616869617,143.67945655405265
1165.0037023775876,930.1618803583881,156.44057075741875,140.50302540644003
1159.3951001639427,931.0145683369736,156.98660018165657,138.5031496943631
1164.9453495098896,931.7486960434302,156.47188735554641,135.92511706930708
1161.959775155852,931.4733365994799,156.26572178215844,137.86471287218563
1169.9453445191136,936.8521531523674,156.93920013632365,133.82534959139247
1178.0903501063153,934.8218879393854,155.00515648358737,133.39376451976733
1185.0274798046962,934.4240675120316,150.95674089786093,135.44870882505947
1193.9073152380279,931.6309646663192,147.62922277930562,135.9564056625719
1208.4964472748081,935.0858026238318,146.28799865325502,135.53451556373918
1223.5826241514,935.9052173238158,144.85170408891358,135.30613697992564
1237.140772334564,924.6692816246006,139.49587906658002,139.17896930059734
1249.4707749872368,923.3525315313075,138.15392986780165,143.05191863059318
1257.6878085823685,920.953938106963,136.47673771568552,146.78855240539906
1275.9238402142978,929.9507037424205,141.12101127433655,142.19108207808767
1285.475356924359,927.1906196880235,140.0901118721585,142.78493487926454
1285.5970637587825,925.8581401572314,138.16484586261345,143.44714187518997
1282.9659922244389,920.3896309211189,139.2569178062698,145.04776985211504
1294.2749178493486,923.7010977545625,141.98360047673845,144.47991659904605
1308.4871324944363,927.5030631475186,146.04988239872137,141.15700693129796
1296.2892671615762,931.0835259420826,148.341742672596,139.49473761505809
1305.2516170221108,926.6422052915248,147.84738276475886,141.63853595200123
1301.5172934442587,924.5212302104347,149.30448998439763,143.11631332174665
1303.322004168978,924.8392929676057,148.0920638409737,144.37016061338153
1313.5956415005903,926.0281204214823,145.34674535450716,145.71454969671743
1307.3395726784554,924.6260964224605,145.3522225373513,146.01291713369517
1316.4029554349377,928.9161679815477,143.25635797958705,145.1259951077451
1317.1363786636716,931.8551787470939,145.54401262647383,142.30003894911957
1310.788998369843,933.2965757225575,146.37222658327147,139.66442426798307
1307.4656443193253,935.196854255136,146.66195436051572,138.9855875168518
1306.2660502413453,931.2787150082477,144.31935079131702,139.61627004047477
1310.671273388094,931.4477630284462,140.25712780256822,139.7299499681526
1301.5944798901462,930.2764916589006,139.10188835193054,139.59204636859025
1294.1923496915285,929.7628383521604,139.24368269997137,139.10117356541394
1304.3209353233567,930.5515279117918,135.67138692459622,140.13740876690625
1297.8386149644762,929.3140150796705,137.89855033980643,138.49082808120386
1313.3685421727414,938.682983267526,136.8616584934661,136.74279992387667
1307.6598539791494,935.9318322688905,137.5632670202378,135.0022525711721
1304.0606899474335,936.2189309364252,137.709875894979,133.8512703273312
1319.0492432297042,943.0908568740319,137.03624184935885,132.69197121701015
1308.2274227040964,941.9466669058978,138.92710580096497,131.38217586603173
1309.972051166783,944.4316417376124,138.57166797883264,129.38187909376157
1301.3331269746761,944.3170907289596,140.34277579297813,128.1590726418672
1305.781713802675,933.9956662143676,141.68521280897733,128.97936994375624
1311.7673852569094,941.6290413236181,145.12122902373866,126.91624731161978
1304.276424695975,935.5387148153488,145.17970635135663,126.28628574228198
1328.0343114006355,945.2983855982623,148.53195204603983,123.29327703167974
1337.7377982611736,942.4715817261863,149.29711844642353,123.5382830149674
1345.2878673652942,931.446765599473,150.90149951003275,123.77599510237835
1352.4542674567347,936.7768462725944,150.974159684818,125.11261415164343
1356.169161571937,920.6219007165112,150.7740991994699,124.8309334559485
1355.935845510532,926.3104342823165,150.30204393815092,124.22490914812934
1392.264991172238,931.3108426203094,148.3314891259693,124.13334463889161
1400.019722969567,931.586683211978,147.74067615844734,124.07297369439264
1401.2246116646813,932.1318273863048,145.939615017685,123.34772138628351
1396.4864013313493,935.5351693237008,141.56885341048428,123.50521035161
1365.3903908064544,894.9089286438776,140.78540296369204,122.4150937498305
1295.4792044093201,861.8850692182561,138.26106555288254,121.79733866308516
1183.1612855469878,775.5065428739621,138.0156166564535,121.72985216710306
1047.5307740738735,714.904759335724,138.95858540346308,121.92976476359881
1014.6973347762234,723.4366197536109,138.84577039524768,120.88160598532002
963.9515143747061,829.0109584257558,138.60098389115336,120.44154680509277
944.2655888214141,849.3431937696016,141.51281683977845,124.70491730392453
933.9259336462171,845.7840816880417,142.1820582967397,125.44544638342617
964.9337294928432,823.8697488325229,149.68071068307756,128.89662109714934
968.590657505607,834.5312917626898,152.5097598928402,130.94637039611737
970.8015428642818,853.9140273390009,156.82552655952392,136.18096790804591
997.7146681105294,845.200418209851,159.23624506116954,141.76120607143596
971.6120421416041,869.5360486437899,159.57441631054343,142.06555784393905
984.8516156955558,859.2675957101637,165.88818073218107,144.9019517788184
1011.6113530587597,878.6902725365692,171.33464838858563,147.4002413144839
1023.2132359331678,858.5323115341844,176.9026931713859,149.05668990006404
1010.6554667683515,867.0503436507584,175.1466628212087,148.5486045640109
1072.911676758563,861.4284737514176,182.77569181539505,149.03426674123241
1064.5967441055245,867.4199414704159,181.56573625965575,149.03474786054795
1090.5595166083112,851.4867059430767,185.11811178630902,149.2619614841961
1201.5976329832035,751.03150135994,185.7301877523444,151.5305554649226
1215.8898458517667,762.5679044125526,185.48910574995938,154.25691890010256
1213.2460830960129,762.7700039262493,185.13182010805517,155.3051274712047
1231.9771931646967,776.1488267253827,185.24046941648828,155.0224536441781
1231.0036200495217,786.3795831902505,185.7037123579973,157.0014714914201
1248.7891645085965,762.7322488885939,185.55629134756236,157.7445043525459
1246.2293675579963,771.5933400722588,185.9235487466876,155.8227541904161
1216.4881239266522,803.426324653919,190.5138698716807,145.4676027456016
1202.3019299434854,885.5027716826855,187.362955759767,144.8394889615061
1233.2971978771923,856.0529795331646,194.37487655739218,147.8293061096691
1201.7285008920428,868.3253319746617,197.18686159214442,152.06109048448738
1213.0004719844085,866.2517063801035,199.21503435187117,153.61107237695757
1239.2197759296137,853.3722162869731,200.8382817776226,157.8672830930037
1214.3906641138713,863.7780287910015,201.46118512712536,158.17378018577688
1213.9295713874963,850.845645604146,201.59262907663637,158.2631387683503
1289.1589671268644,790.0965364442651,200.62236298852514,160.7545058918229
1347.8949764984593,734.5264060759058,201.69975983371413,159.04481393078746
1355.125640824729,736.0831672105692,204.0693618910134,156.15629448672098
1361.4528633691227,725.087056279039,205.77719192582273,154.30053585051374
1375.3798770230096,743.0345325782173,205.48575617078305,154.6027229921474
1392.8545691169043,740.7202668154948,204.01742056697827,155.94839829162495
1404.4807759783962,727.1025648612165,201.11450368542495,158.8016706236436
1392.0307486381157,757.6273522906724,204.15655093495556,155.9551597295753
1316.4579438093988,838.890756531005,203.24786982090495,158.75876506726962
1307.7651040116477,846.0084087299933,202.47048827443933,155.6878283450742
1312.6147783362592,850.7382763094923,202.00411272397153,156.91266159122765
1321.6941758658934,855.2029934688405,202.09871274526938,157.69282676746533
1122.279879632961,739.6162189051894,195.08315848261856,166.98182389281448
1160.1321319786261,683.3824202961734,171.85600593362213,193.3272592456118
1169.1143613799127,685.344828107557,157.7196912045358,213.21008751322566
1196.40652994191,671.7639375143594,145.16564277682963,228.77646693570472
1222.321485433636,672.0750574880919,134.31795148942268,244.86440536348397
1222.9280313762015,671.4397735181407,121.38291574900627,263.6253202119558
1229.3638933459804,665.9487921057716,114.58838936117597,275.16452471493176
1248.605234131956,656.2981000109129,109.75308480338494,283.5459069210067
1262.4566207143723,666.9463199667589,101.94570501013393,295.67662155033037
1263.6544791751733,664.5201058481207,98.55516022197783,302.14502552517854
1272.8022686249099,672.5918432576902,93.98708891375253,310.3492775279388
1288.5854446095504,662.8083093323929,90.72037950733746,314.78785969890686
1306.2183517844235,646.2440212005549,86.84242068737639,317.85475802984354
1311.3895487454133,662.7027411146657,83.42155510478295,321.4295400338975
1332.7960770755794,649.173520144125,79.74672399987027,322.4890024064975
1343.864860395323,646.5615120777036,78.74038485366985,316.22394478598346
1354.1588158924876,662.9983572055257,73.10026305153997,321.3495030349776
1362.337730192246,660.9167232058915,73.97553534313634,318.67426004410345
1368.556660554599,673.5832665635648,74.55938978261517,317.93195549428395
1380.824302361735,667.5837808068682,75.69351305921228,312.9826390438102
1396.581297408071,668.6945046855255,76.93957087913799,307.7621406692773
1398.5391095597229,681.5678498067712,75.09739785642819,309.8551454035927
1409.4772488381477,673.5332028103514,77.40179099147285,305.27922150092456
1416.6740358223055,675.3007922931246,78.73543946578424,297.583044667794
1433.1885648842185,689.97422674535,78.71241619303251,294.0091841099006
1442.2866842578517,696.5521590032229,78.38192489754839,290.39614624668195
1455.5471217224715,707.3556678633768,76.59477456242469,292.53558848731166
1474.1146573056815,704.7621394933597,77.08466906372959,291.15095609847003
1483.812349343902,709.9104991595477,76.40190095408518,290.9205466949878
1495.269089525069,717.4466071098561,75.09744082490576,296.36028033355575
1501.062988313445,720.9512174594074,75.16208999497971,301.6379372665943
1523.1049461668485,718.8763047839091,77.7591282676649,296.478620504859
1539.190962456071,718.9155387448036,79.9653191084096,295.4779168557599
1549.16658804614,728.2517558200326,84.8908226890137,289.3242996532387
1559.4413919237763,749.6549072277907,87.68917445217355,291.7888479729765
1571.0653331446103,748.6943549332819,88.26635953064701,298.3345224548773
1586.0149419221252,743.3368537683905,93.41482569143764,296.6166281705856
1600.1948473478749,735.3641410358885,97.05572818832701,297.1556186227723
1612.4175760214112,751.5413740325861,101.26001487506785,295.9556535906807
1631.35708155407,747.371304800042,104.94459862786579,296.36204667155243
1643.7355996332494,748.4575044806246,108.21233702089809,296.2144943410269
1662.1243893383682,762.7420399072347,116.63564338336582,286.8964229384903
1676.3198836186614,772.7697283423515,122.01725690407835,280.8751866551096
1692.0134930494987,787.1408235314823,126.37459828410283,274.15611715697514
1703.076388382436,806.5983523576465,131.34054536542027,269.06848260034985
1710.781986600065,810.1068367393552,137.3737897718375,263.55612377936865
1728.818270631394,820.6106765905715,148.58666787617173,255.30217389718734
1733.2428321281354,841.0722363903153,160.70196901598956,241.95318912436005
1738.3028405954929,837.7635145385922,161.84051512296162,233.39633454136842
1704.490533864971,857.773270695167,175.60711924562645,215.71825289228133
1690.0169254263335,865.0298741341161,183.66186099472762,208.02223999936828
1687.0191100777465,859.4763043217954,190.08494264681556,201.56882702696376
1687.007186927643,855.8283206761241,192.10860548392617,200.2620301886676
1634.4718968872294,833.2905880427857,189.03208320879656,202.6911636682353
1642.886868385702,851.0762226416433,185.3894094226668,205.3442597048949
1598.7084795342398,835.8557308189295,178.65961638584466,210.43372662668992
1542.0782426967537,822.5537638172138,166.03256259499662,216.89785960473057
1445.2273398859888,846.999702807431,147.01294792844075,222.62839907424728
1204.658539665719,725.7610871703612,143.0242971482771,224.92327256030097
1275.8619178291372,555.3040050370909,149.18213127554228,223.8353616315292
1270.979883113971,495.3563740547317,155.164651967395,221.46633374029042
1245.7925751847858,500.2649457139088,163.2658875462242,217.99147843920923
1302.5036571668702,512.3818775001337,169.75026349904792,215.17573048260425
1261.2240389731048,499.8475903031968,177.52390113169582,211.41016219154142
1273.4190518946752,511.733446241516,180.61280099351103,210.34404914607975
1195.6926523762263,536.1501268861804,183.07069646595596,209.8070936489874
1108.0932946460343,547.2320712304438,183.0940121460664,209.92013672315576
1094.5096866725992,541.8761694469048,184.33129835966034,208.84348718812208
1052.4193764685342,546.7108617291224,188.1438462580246,206.58271392129436
1048.124976014248,553.4496946546251,187.24640582595973,207.11166943106767
1065.8183090912657,560.5976769463769,188.9400276052737,205.99036553024243
1102.1305654070486,575.1046074817394,191.46098463923548,204.63978685392635
1059.7325323688906,575.0869120424286,190.63146325217267,205.28206006630342
1151.3315195667046,562.8695385455387,187.89700509189618,207.2877127455082
1240.1927557648164,566.3947372310018,191.36448936071162,206.89180250760788
1179.1676995222447,585.2763662632881,191.68227915298377,206.22586118497895
1166.872958546438,576.2787671350261,192.0008756370678,207.12469446652733
1163.1887109659938,562.0845226087721,192.99052892097276,206.83124153295134
1151.903185441222,581.2289145486955,195.0964024345057,206.36378867727444
1185.5538536476893,579.6202227448912,195.95899882186427,206.6270411584792
1189.2522451416048,602.3435888883782,196.4705219558589,206.87688785099732
1205.0870172083894,606.8166283929552,196.45043384646004,207.60598355497802
1216.7587674065392,595.265698258438,195.6388491148332,210.23878864823138
1241.663604310293,608.133002496128,192.92500813203247,210.36712000744595
1259.8424740686849,593.2945464961097,193.6055681757958,210.88398066165738
1253.1089271314888,623.4227961478481,192.99838798707754,211.89464749587592
1265.6636658806992,621.4943468308563,192.83856792884225,212.21959303346955
1268.508701690724,618.303409745227,192.77674023197997,212.37593610350157
1255.1713426611868,636.2654449519281,192.11666520023385,213.51664687906427
1291.2317560080476,623.666414789101,193.24889026432496,211.06186563672512
1285.773876419183,652.2379441836343,190.6017012151256,214.53114968213117
1302.8452950356764,655.2065339347706,189.00694442647455,217.53947627574485
1279.8668387921448,677.8862247310769,188.61130640694583,218.35210319753656
1298.3904705651573,658.0081215909217,184.71481877034458,223.0285060110499
1297.6473247186925,656.8786131958491,183.3514057208427,224.7137716496335
1305.9635071654993,668.6448257618238,182.92136092610622,225.2185531674645
1326.1700226634862,678.4849885769662,182.03767639619693,226.1058449535614
1333.258590505287,658.3780596351129,182.85855039429677,224.89370414952404
1332.9203984507706,678.4728203797849,182.43882833172157,225.73572257717194
1334.9576153014457,681.5126414265197,179.3672240628591,228.56322789123428
1352.3343515923473,687.4010035317309,179.29400737094846,228.81247223244753
1350.3306892836056,686.5204494994989,179.5473403845804,228.2056694349426
1383.7506176451186,695.1808787315689,179.84157789983564,226.35177950717957
1388.2157905247052,687.1808031263669,181.41474738419257,224.43932733928764
1388.2006003260626,690.533065266258,183.7286856733234,220.41038308422478
1385.6895891381273,693.6644660332415,180.59310669268763,217.9473821846419
1374.5784072684328,694.7495952405303,180.27055618647123,214.65027948314568
1393.7044286057003,694.9000699665858,184.66824419430958,208.36763819372385
1393.9896143021945,698.013422974212,185.47415763904394,203.21782872674268
1416.3725251736657,704.7640970179034,188.24839021739035,199.8583940533614
1428.1679771930983,709.6846518127938,188.40872404778807,198.98097998970348
1413.3282137498034,707.9524078125194,194.7969663732207,193.6222114976376
1422.0844691275463,709.6358755440599,197.8738282526224,185.93562061616052
1430.4996421387993,713.3059913460506,200.1483616093886,183.06418812640632
1418.7668585265847,729.6082350240968,203.21150306782698,177.79278106206212
1422.6220773048215,728.1069578563339,200.25750758136064,179.89867596374617
1428.2346720892185,725.3135364878876,200.5024517939995,177.588369137803
1436.8748915237709,709.697023647787,200.20535223458737,178.173676388439
1447.8392153144018,729.699976624402,195.61795984131356,185.0128365057655
1446.9252638593698,720.6387502018355,189.68386600531443,187.96597401276375
1455.2332866586003,715.3640766155415,189.63914189428013,187.5362304947389
1460.7120208558413,733.116521819902,185.3639392583126,192.59922643855705
1473.5317924483677,710.7209345745781,184.5234225625178,193.81000999902903
1478.470206514359,744.4902157707506,178.40358772429724,199.29301590502388
1476.8567216203066,725.6258499007711,174.76325938618123,203.75959783419205
1478.7725900268977,741.4401239530455,170.42479183769746,207.9038005841353
1477.4655706261624,716.2849287786191,168.7377537501299,209.44339320349576
1490.54587779655,737.1839954385993,168.72624257402725,210.34178545726613
1486.04814594256,744.5526832278254,167.01394451748075,212.82109612759302
1489.271743606603,732.3929093732526,165.54579219629215,215.28904509711464
1491.1341105232798,708.7144813611357,166.35245713613187,215.20621529981528
1500.5122806132765,686.0161054623163,165.7850760778424,216.41629488676068
1494.8372155177192,730.6693249320072,165.65198330753137,219.65484648692976
1488.6322775947235,762.5191282195988,163.59052564979928,223.02814640588724
1497.0818886840364,696.4602869805543,163.82503531321467,223.59771792206195
1509.5162588256078,748.8011587461643,162.81020166154164,226.6058929089084
1485.0250913955833,751.8721585926871,161.9954326397546,227.9753730704464
1498.706808463868,715.6765630832892,162.63827749488468,227.81333380359786
1485.2051649080956,738.0146260956901,161.11008000254742,231.61950758348354
1499.9350461132428,741.209744607065,158.8795255848068,235.38002739667124
1496.5652446060258,719.6208907229142,155.47214449889884,239.5636136134592
1495.4468855424113,737.4767335618461,153.78596743302816,243.58974379252882
1497.91859614497,727.3443019043793,151.57323217723612,247.89402246695948
1491.8977106930056,735.0622317262433,150.8175673206669,250.43371061375896
1485.027669950176,749.4578598058323,148.20916095232207,253.70242912499114
1475.7804301776453,754.2634104382231,146.65647176569445,255.62439079508505
1467.5082856957874,759.6646274050893,145.9108628107087,256.71407626900645
1482.3533657208757,712.0563645799847,147.62539636404787,256.08790477566095
1476.183461875473,729.6578495121879,148.05985623075654,256.4808783621822
1449.9703084299763,718.9871764788586,147.99071405558806,257.90327911634074
1427.535146441225,723.2354125485841,150.00172406824683,257.63940337428977
1403.8672504343203,713.3333425372667,151.128558409937,259.49043747041077
1400.8376067909126,725.6757072538812,151.19840763980642,260.33218012885663
1356.074463625776,693.0000482500129,153.09503241002108,260.3185155316128
1351.6969192563392,703.5440847576426,155.20321524984706,261.318205348995
1318.476853797284,713.8111531008442,156.64519248143364,261.51667555040916
1285.6745539375065,711.3730499819835,157.512991053528,261.50652781855655
1253.2078589091414,728.3590945811493,157.27192737490657,263.4653086763773
1226.6493180306495,709.2531746210882,157.6033417124567,263.672773138736
1221.313875045514,687.450711147916,158.59967571892196,264.2072121090061
1190.8354252415136,697.6664883718846,161.37034943580903,263.30848694573683
1146.6362186305412,730.1543448112163,161.4819203115624,263.7936429025226
1133.7568937015494,691.9670966697174,162.32596598253448,263.2131907602276
1109.1990791784633,694.0467784175904,161.68204302675363,265.75751302497946
1093.1605227319367,697.7826816257877,162.42589252258978,264.9752603462252
1074.146360320752,735.620990857937,163.16319790526242,264.9010436153251
1042.935168595494,756.8735570126312,162.9047990376628,265.0303755698528
1050.7225680186878,715.2781993058201,164.0341532521883,263.7795702925571
1065.4106241785516,738.0268438066453,163.73823349837858,264.95115030946124
1065.3667707686573,711.0765844814466,163.20677966600667,266.13293803334494
1068.5525747120623,721.4008392027984,160.32290085176757,271.71025866876664
1056.0013450810923,732.498190088294,159.29787674578762,274.9663644691865
1064.6782737163767,683.1332716119774,159.0963021900626,276.34388361176093
1055.2917519028022,697.5345519550067,160.5462123485837,276.2316381722843
1052.0354135125883,715.8145944230887,158.96715615019042,279.7571893750364
1042.9982504853133,704.5553120590105,156.22839855605906,284.9973002762885
1049.681701527012,702.0631874168603,154.2515540364435,287.9554107780878
1054.3823129911916,688.3712129474093,154.8647830886746,288.46859975300055
1058.4659424484587,716.4481837369472,154.7974387249218,290.82856274545793
1031.6142250763749,735.0553853793534,156.80303182480262,289.8880699831063
1027.1301556253716,733.138669741496,159.3826934013695,289.6961778678606
999.6896887380855,740.0013830343294,164.11707032169366,286.7022252049233
1029.4205838690482,706.4629518197197,164.46757406611573,286.50032481675976
1040.7191019757245,703.8930380128808,164.51444349241197,286.54196832170345
1023.6052896102996,701.7534062315794,164.8495129864453,286.7757058566268
1033.5195358844771,714.5529522513455,165.11173203171813,287.13429738032704
1027.8583681454106,696.9396377650856,165.589045308313,287.7024180520654
1032.8277670289792,692.8011430762779,164.0964116723404,289.8302170038081
1036.4142423841236,700.2245428132127,163.58677148985313,290.60060502993855
1034.829951396804,679.1726416735822,163.96520329893406,291.4514966951859
1035.4124801707078,673.6011712525874,163.78039515603416,292.3341426229298
1027.9265476749456,689.6617056888153,164.25850671433096,292.029090901353
1036.1277004013507,685.8659895175335,165.0091648998262,292.25951936818404
1015.6664942049946,676.2905752561992,168.51061019048785,288.87521262168775
1006.7981949096475,675.593539917529,169.91545981877965,287.53594232040564
1012.4053470708368,711.43393667135,168.31323511676226,290.2960972990917
795.8967254857197,739.2532489178369,179.0263401034028,281.90604229464344
700.6657713443852,750.6200526493301,196.39361337630606,247.27467348674736
688.8073577142286,760.0796631234105,205.54248180483233,219.23149204359154
678.0954423578479,770.5433091291502,204.73147021717867,200.3922775772781
678.3656080682001,776.5545427757411,204.04702266302274,186.1708504566733
677.3728946570649,781.5917754836562,202.32025075100975,173.93535021837909
678.4647610363678,790.4536446436226,199.27510832824987,164.56153980066782
680.7514321392379,796.2699756371777,195.04057161920232,157.847748739461
688.9117342642355,797.5735395587003,188.25412321484913,153.87163810451506
704.5226617855765,798.5751928511883,176.9004246052728,154.22829016822084
719.8023151216805,803.0469845484375,163.36244781282528,152.4374148273112
727.5656720364024,802.2571878091504,154.78378162132117,151.09615039954383
731.5428045142178,805.5926977278518,150.96287943577084,148.29092140610453
735.5996618149888,808.0968173738986,147.4017404224552,145.0611266425909
742.094927766592,808.8202497828396,143.77687872341136,142.36237879477108
740.1605148484526,811.2954140073778,142.5972321552102,143.6226049454566
742.321004470299,813.434972273797,143.84360282225333,140.5769973571297
747.0816281542944,815.4043766152469,141.83259553223496,138.3992309115117
751.3353836400943,817.8810082719782,137.85561358285224,136.20114438065713
764.0552586327418,822.3592220501262,133.60991152541354,133.62276238329048
773.3876917609256,823.5150987374341,125.91190222552794,132.81878526905078
766.8524846641308,824.5985763841954,115.73932783269163,134.38936044542243
765.7779041259521,822.7929162150904,108.1359702551794,135.01756558740465
762.458787068513,822.1093995374896,107.96494352487349,130.39660713276112
766.4887268248605,822.2701684903501,109.70258464969059,127.28691629391939
761.4998108922748,821.1051353280071,108.2975982928161,124.22012583378479
762.8955608322605,825.5713211499506,104.06171491083816,123.69382680647516
764.8645757438927,828.2350487837282,98.16356238306773,124.36122455863406
769.8384643557308,830.6754377909947,97.73302568368351,122.50738760512111
764.636103905299,833.5469557059577,96.23471046699348,124.38665859892568
770.1014055384702,831.4341661280557,95.91774131014805,127.07531911459265
772.8605762763995,833.2034549494641,97.35442598403938,128.1422817473497
770.293479410457,835.3970276750047,97.32378044819342,131.34763984393692
770.7777848688228,837.7452572807509,97.67280518686519,134.7844022587263
769.46731641676,836.3408157633945,96.10195866279867,138.24422124133412
767.6758017763557,832.3899606137047,94.45133344455328,140.66896992801225
767.1741229696477,829.6672466423065,94.54709929781076,139.49161802461742
764.5693683926814,835.4207799102211,96.86738606824414,138.55673891249424
764.2628217877422,829.8976194817334,96.85751817420646,138.44646930773865
754.1923529777634,834.8064452572122,96.34555509836308,139.37265320599982
752.7856275638999,828.861482910035,96.77549390597909,140.5813387722415
759.0541479743571,822.9562276027651,99.35085886204239,138.48851190814338
743.536583396774,826.4458645377828,99.82329537499672,138.26253250603423
761.8363705934904,806.765284694406,99.86708874889767,138.80458132242651
758.4024437920582,813.3966283453002,99.35785571235795,138.199024262032
752.6604321536333,806.7174049575606,99.13850698755952,137.9161031252188
750.4707371771696,827.7528137547373,98.94397144533946,139.56741153794547
750.6866591073679,840.2096200839909,98.92282194567585,141.98564130192366
747.215983788531,808.2364167853771,99.4326006229003,142.1972799853328
739.2159999441567,794.5451145796778,99.52985930438574,142.2530754672881
732.3983763713419,804.7400598778798,99.49671617596759,142.1719731704445
735.1842597498578,786.2411062388103,99.94589639845847,143.83428627133742
690.9607724182778,711.2576150107838,103.45750729208733,142.16763225278115
677.1057370761895,709.0039460569718,110.76636909870035,136.72745848743145
677.7143372152487,712.3720627320305,118.37179493447334,132.3238004585116
666.7981746492054,707.3913145575609,123.47925319949472,129.20765245930625
653.7949631272344,700.9287396914732,128.01173634780687,126.33064192842019
651.8175685177899,710.4910753418947,130.23016966593127,126.03766046217196
640.4775837764548,709.166263684902,133.6737442663994,125.8146138409308
633.4298672584617,703.6787347151196,136.78267751600856,125.09881866159911
627.624814231104,707.4691293361241,138.52725546403454,124.66582509677532
621.4083080314199,709.4572907211696,141.26288875115918,124.72974023027925
608.9490517871036,711.033816679886,141.82917688981613,125.07131650384083
624.4511430258156,771.3359197962569,140.1147073182761,129.33860837900906
627.9161620432991,784.6418506035441,141.73396661607256,126.04460259939559
729.9536818123323,814.2052620587565,143.00228034949052,126.7252175856992
612.0580458604435,772.9256717511477,142.88656983139313,126.56895935814342
600.108356455867,779.4789342120138,142.64503753825122,126.97630467566908
579.9040192530397,772.6405579685273,142.4097185662204,128.76506430375525
577.7030066429622,771.7138026020108,141.9291201138898,129.89758729960946
566.025718563301,778.012027057184,141.92197523439395,130.04937123075473
538.6610763440589,772.7219492049713,144.14252783083728,133.11350377615307
526.0472556334987,772.66160228797,144.18513163904257,136.42543482138316
508.00095179099026,784.4167475402708,143.87888602205743,141.13303219519946
495.3387414822987,788.2976245143808,143.28261991763884,145.11268468771434
482.17923245503306,779.4534298311127,142.35743631201385,149.3861370349025
466.0080450199459,769.5157210799356,142.31265755669995,151.6484106163582
446.05712078748,778.2332671554038,142.29283320058678,152.9110532981855
437.90156587370154,794.895578080092,141.39323059528238,157.1310710362112
430.0630034264537,775.4800409774186,140.78900440030057,161.42483368760293
426.4759125785344,776.6365966873987,140.41743547815813,163.40637139178853
409.63418822589495,790.0776576792032,139.79161904671838,166.45254072898024
395.48346677082446,783.4637029878626,139.90771726081434,168.94688668850463
380.6384985113857,791.4955815800687,139.86993161172313,171.84976234711013
363.4262087398247,795.0569149262242,139.6011174475698,174.636633923842
347.8086559527834,782.0499446873322,140.5498918448945,175.95430441261246
334.8855850790415,804.8905253052843,139.63312274948282,178.47753084150307
326.57389946955874,790.772316811285,142.3463701433751,177.58109336783178
310.88080575241634,792.5421563426013,141.84661130385626,180.454563185204
325.298044249782,800.6685415210451,140.6346471265077,183.41010581659765
289.6936273996492,809.4861743223069,140.50973296300378,185.90330014449407
274.13064063835253,815.2211975173174,138.24885803589004,190.70249699482943
277.05669234428245,807.7540811073334,137.42693650879582,195.37006530979266
283.97396865617964,801.1293209087893,138.7347569700235,197.12266512124845
264.24015917251734,808.3435254109404,139.27972273910584,199.29637556274693
271.5978312026199,796.5255249308049,141.2358588577338,199.0646664094927
245.6460964530222,802.0812583286005,142.56474339599166,199.36307262262946
236.77706305274583,802.0465220601677,142.60833311524556,200.02655980411777
243.84367183803602,793.1561311788334,144.4481628011349,199.22830294679116
229.80537523621783,799.6208081069021,142.8880963825789,203.92191204231392
245.54756677524645,787.7614119426055,142.1456242389699,205.14598200457425
238.25089840855756,793.5669934342918,144.67468427709622,204.4580835246806
230.78772412991805,801.6499186440657,145.09244404348172,205.83663999600208
229.50578523593526,810.0545844792537,145.4588411528889,208.5750759647862
233.32787359987148,798.1541810431647,146.5974450722943,209.13472149052865
217.67474146844268,805.4821328878733,147.5022753904498,210.89617619954893
216.6261287034127,781.3386018332858,148.83438202354853,210.0018952301108
232.01386119693862,792.216706054353,147.7059793381324,212.44235350550548
228.73872404293812,798.1325333771493,147.52365104985046,214.2156955411263
216.93343841409325,785.4780292521795,146.7857745078576,213.83793621294112
225.39133258690137,794.7155669107522,147.9343038654884,212.83609888712866
232.864841093118,782.2423095186114,148.6095717422763,212.52246466933502
228.1867076240189,802.4036670461785,148.36573244115567,214.7799345507243
235.75471260848863,796.183056456942,147.77278372862492,217.1907497309671
226.2628458784995,801.5888471014404,147.34491326099086,219.1145333559109
236.09319410321277,788.8711109230065,147.52480061283387,220.0931041624855
214.73410915438734,779.1723647106041,149.22996239280894,218.3433569022318
221.98397212694593,796.697797676381,148.2979692586659,220.61003400046314
223.00864052208843,788.2070699381843,149.875251330533,220.78938643425403
225.8490889880638,778.6447901572817,150.39680228981757,221.07478889156704
218.12498182349293,780.223168062226,150.71671213745302,221.49627800622366
225.0661020752123,774.2114902203763,152.6322345048028,219.90213147739885
217.41162609593908,778.3328814483921,156.14532521914762,218.24893194144164
224.8757261811959,772.0806888006146,156.7579995298352,218.6373981238375
217.48939401947655,799.6974946932739,154.7201741987328,224.1121489178644
204.28914618116977,769.4957861527084,156.41600373765104,222.50476659103643
192.80883305304218,776.819939269803,155.558812305918,227.99993112100776
208.9340680450607,793.9476059901433,153.46649776316508,231.95493245815902
214.47477139323138,782.02119145698,149.6309416298731,236.66008314924136
246.52410099422457,775.9657872130783,149.89255006704684,238.612912625509
221.44762148881264,777.0543082700152,149.83741734203085,240.3806100917898
216.25499802129713,771.1771397628978,148.71269838045544,243.50851850189866
236.66008898990026,776.8885114765519,149.31286724280972,244.81062477551814
217.9867638735151,774.5668402854647,149.67238444945698,245.92848450312104
205.98308899912806,788.2003570556424,150.22643372215686,246.45134125207235
207.16672775146412,775.5635942562474,150.49909934034847,246.53061292935342
210.39970607875762,791.5273577414123,150.20203602301126,247.61893602616234
240.51237710069773,732.5488256314635,150.94508539758803,248.5784035053373
211.38347167344975,788.4364768009466,150.8939401058438,249.26796017516017
210.5567025137333,782.3461034519435,151.25117670275012,249.5652391989111
214.39108355253146,767.4430357111144,151.31660699652224,249.57468850808394
235.7379106223188,724.8332345367005,152.38194028370535,250.1368964477319
243.94493364039505,714.4990706356729,152.82850330211826,251.74481661123744
216.21263413017954,727.1916954126923,152.38802343460983,253.40632380158323
213.62509373623493,708.5622228980858,152.47080333062283,256.709652833482
220.54201410421535,701.6504798708072,153.53916520086315,258.5118948389668
231.387240333173,699.9933477452007,153.35698491396838,259.4932731095738
257.7422551264332,689.4065727634044,156.12684042876646,258.6261812884984
249.2563922012841,687.6221327356086,156.32403014625208,258.75480951685
257.4957209371889,680.0099532279637,157.2701086973917,259.1174541690415
248.2731024292767,688.4567443182103,157.2777522531331,259.32780341555036
220.01718054406382,698.8498598595188,155.9322809600823,264.94646811540406
264.8230605467761,661.7267312029352,157.87282808356397,265.8618385877509
234.36217821810374,772.9516181507349,158.95556152142623,264.4681407419562
225.76228173078007,757.8892360000432,159.34486865622983,264.1329288470506
228.4376213743306,757.2028486422578,159.65494881813387,263.8012885988991
246.61337986341917,702.1074320079293,158.36589750768138,266.6136199754662
235.83769305023296,744.7282944394353,158.6992821661583,266.0238421339385
243.93051217753202,745.8589322199641,160.46060436077892,264.5740639631514
208.94987361386836,750.5673408051621,163.0795429260945,262.2045914773563
239.93860073190822,751.0340742492483,165.90737128278823,259.9290814277914
220.9565436052102,724.4468551255468,165.33712655791282,260.41645073598556
222.17405856919143,727.7640054474775,166.7700239428013,259.1025860929482
207.6288779493268,727.6494834779115,167.9874699145862,258.3503208565887
223.9431408578667,701.6679818178154,165.6114637050504,262.55692311476923
212.59748981680212,696.3554409051654,163.30654043012385,265.8317065353756
211.56731577220904,699.9933162724822,160.63591622927095,269.0571545693578
208.0922558392972,670.6832170439422,159.7611502499103,270.2443925161838
219.34371866902387,687.7782174250378,158.79191981140426,271.786561858973
220.81404955957777,681.3493399512128,156.8852693942796,270.5661116979807
210.15095349341968,695.8845188394763,157.24152515574616,269.0735165252133
201.75697525336813,678.8477214172646,157.03284238414028,269.52073807862115
202.11402874546934,685.898793953542,156.16971770832563,270.90751035683536
191.39200349407787,659.1367854549854,157.1040674359621,269.48692820233714
180.44250783184776,669.6854046178588,158.52089247013907,268.1197905083042
194.10478288847577,639.2763144118815,154.1901110488997,275.24058703964363
205.5123984556153,672.6598904078838,152.19656379828754,278.3422247204905
205.00879142414556,660.8117768734883,154.37943286858948,276.38866197910096
192.8260982996528,623.4577767303406,151.5745367536833,282.1524560276034
188.42516084033295,629.532525074778,150.1403191048792,284.0969897189775
180.965879336167,619.6428318428102,147.42106663774723,289.07797148930956
174.39014941554865,604.0044760192168,144.72358276865677,293.6725580449439
189.18591459593173,607.3430513939502,142.05494211736328,299.9229986193294
177.39216330641176,604.2712309529065,143.90064629552435,298.98769720252767
171.47341490333935,585.8599808088387,144.14223016831954,301.7667557182024
164.84540708621944,604.0440299024801,146.53740119043778,301.3070285025992
147.8763560738104,598.7086592939525,148.26040769523632,298.75815664439824
148.09612414975243,603.0408678886943,148.47336579508033,300.2869634081618
137.19876110637253,631.1217767589519,151.17688437756766,297.87659525260733
110.51448775835496,625.6614535936471,153.9570063909856,296.4440721419936
88.69004506421925,633.8785868045809,157.08517415840743,294.21920780447675
48.311804962354955,632.155807087474,165.43898254817117,288.8481378289005
9.360716927690618,657.247868078592,167.03441881037094,292.3579245380708
52.09770726745312,679.0901457193704,173.0450496420764,288.8442867675004
62.67524516516623,698.7560133265297,172.87068482992655,288.94312024825024
61.40761319318652,719.0882853848073,176.748900906111,286.1158258875544
66.10830127853377,739.0516519585374,174.0709806413308,287.8634205904358
50.99862354451706,769.3627083753495,167.59747645970603,292.16247322312023
61.41240263250664,747.2043822972146,168.482839426305,291.7337220895953
29.9766424921594,772.929870191266,157.0833178368823,297.75392244895323
75.02364418402162,725.2523582472818,155.76684893802113,298.1870637075271
178.70494408692838,512.5735985367419,167.95049852185602,290.32897643915373
132.6581474168844,487.1888864443996,187.60326544592843,274.3248029065533
111.5546643599719,504.9166231431914,206.9386323623657,258.62088399810546
89.97251367865871,513.2796491419571,221.75045760499694,244.28133617385296
69.86336628810044,537.3000614741175,231.40310907556662,232.33204135572362
21.90569609221015,537.0548614363166,245.67893835894876,218.48202643040958
29.36397437903352,556.700655822294,244.36392521181568,215.2618068295975
-0.273196188192216,553.813272298492,238.97142674665778,214.71011733041786
-15.094320015692233,561.9836519513866,223.23320031108165,224.62551876071285
-17.832610263234287,556.4352776606764,209.02081977711302,226.72238559774846
-15.904928996211737,553.906876805689,189.3403658810684,236.4596301177819
-14.171313201595751,559.1159328787815,170.20752588576954,244.7901675687649
-17.091998321405356,559.4898987648825,152.21102266652645,252.11251205693884
-19.37498014316421,557.0106518185119,139.58250541404806,258.32427001923713
-26.694854051780112,559.9373469339457,130.85521641182186,258.57144999024325
-28.29397700392262,550.088940238365,123.81191187055023,256.7547879633138
-26.572968406687252,554.485087272612,116.83842318521951,253.11932563615295
-21.38905893146746,559.4694009251743,108.85202031716213,251.32446637454626
-18.230497706095065,550.2875294792485,104.6165052081837,244.8125550458169
-14.678484833995682,557.5676845821998,99.03625408785578,240.33382309461405
-22.880685558950475,560.6835758202045,94.89192659489427,231.92993792886162
-21.54620057408679,563.9847987808249,89.71137639636136,229.3416712373571
-21.45423219943322,570.1207564894266,86.79657774481728,226.65978935134265
-15.716664118395649,586.0768403729153,82.58414166361372,231.83900647206076
-14.80489305890724,568.3395007366241,80.53476033210009,226.410193770766
-13.044714970775352,567.8530133818456,77.56413922511122,222.05144002191852
-13.01873840138797,570.9498836266729,75.1177215935386,223.71841873621287
-12.330581701201915,569.8096487553955,72.38363679652953,223.81371687461117
-4.449719876762188,573.5893579058015,71.10109157629998,223.530481702156
-6.863381160756703,573.1565743199394,73.29881504989814,216.66564497373375
-8.63313863844018,575.9442024099961,75.47261843547902,210.29790820566117
-12.947233605617633,580.7703962753869,76.78106473656366,203.81832149264082
-13.71828043739061,583.7744537206695,75.05030931716284,201.62747688100615
-17.821133773761716,582.2917238290855,72.86673757803982,204.35885836119468
-20.394299473832646,588.003139878189,70.81636029898246,206.97496097062933
114.30057788346974,689.5016473544778,72.17959630703392,214.93056747801285
94.71916600229305,691.4112975921403,72.27813860576427,223.36327448712387
79.59765316825944,687.9958373957656,72.4981463905307,230.50230788861052
46.249687639510924,673.1774478923604,77.9573869267875,225.2460853390246
27.523276882869737,684.2818964216997,82.92738983655425,223.86579011750422
6.378755469475259,689.068891843823,85.42848405494478,230.89850017047425
2.9823331129813297,697.2045566189794,82.83270648399709,239.20386129398986
-6.174565271100704,697.0776157088671,79.94750003255666,238.66244334576635
-11.490409863164814,703.8554539867849,78.97582331855256,242.1454726157365
-16.25462295503194,699.9149409122731,79.11519806490888,240.60317704082223
144.7044559698416,750.2493394335186,82.3696781546149,238.24893230546013
113.51781772091526,750.9020995482209,82.77760354773127,237.82099468570883
172.73246557672087,875.4822809476348,102.3336746574091,218.99481462613903
152.47300329643394,879.5755686972554,107.2388907218892,213.6206158644923
126.72208479056567,881.2690727454185,109.10778553391874,211.55146813308008
100.99666759623861,875.1521737437959,117.53921837227989,205.07726023117408
103.48767175033532,867.0139607931596,115.45434246078445,206.49304656030284
91.10238381506764,850.8136114498325,114.74983211916161,207.06026441199617
82.22535215107055,850.814875004993,112.56330172767336,208.75368113407265
74.76542534501297,860.610332885135,107.13187894208346,212.74740206202105
115.156029443465,782.3741554282482,106.37350552301143,214.02397145333384
98.04341543057238,752.5908636919966,103.23111117330839,218.63145610991907
84.96946250827258,769.5114352634662,102.0901128278445,219.96266861883535
49.68511639791016,786.8122680311347,103.82154766331546,218.4504501049825
41.9385188754583,742.5628569957363,103.03714146615374,219.70954134081853
20.1787807592114,756.881831598311,101.72680278775887,221.15385798955094
1.9725789732333325,738.0299152441326,98.90658230575993,225.73034465908947
-6.937044559211003,716.3198713591072,99.30196119132731,225.2023657177145
-4.441759434922687,741.8299491541271,97.63814718168805,225.54643742259643
-6.614508352689498,722.5569289097709,98.15854268796753,225.12098514397488
20.447581294142964,882.4216028133379,112.83098662428307,211.64523841105955
9.033828690141391,893.1640796503325,123.21445439484725,197.45218012662724
12.50484273308522,892.9714749447696,126.61754101690637,193.4847346038236
3.383331427312804,895.4871167583766,124.72064816214261,195.33255225300746
133.1903655407279,786.0829150628306,125.61665073609369,194.8155772261306
104.05097591754028,754.9656953177509,109.63130034379704,202.96970970945398
189.5704674511079,747.2549421187678,105.69499366826332,204.98552209954693
137.76080035396873,737.5889350557039,110.1949736144948,202.82106291329657
156.52756376000139,737.4305395571761,96.74648784857206,210.2331140536324
163.70544432988157,743.032358819835,64.5322481626691,229.27808125646374
116.09302838713056,749.7344963391045,72.17079159602272,222.3941008842153
100.41376336012416,751.1177215772053,66.97173498011364,226.55006709502518
97.29389512828803,743.623811587211,68.21138990463187,225.5552038932513
88.88015480084532,744.2855129812874,70.82308934766425,223.2948913102909
90.90782269561672,729.325437935361,69.01142044540477,224.9500095875685
113.9183401328033,723.6805676264996,69.25704435399061,224.7401726830134
109.68790838965049,737.4354016886512,55.50580304293295,235.30828242125926
100.12329692955225,741.2336703281338,62.08032415801467,229.62358140881153
109.81103178685123,739.3246379607166,56.64459367071164,234.0357834546278
104.42425361200426,745.7467529830185,45.21884543971707,242.71966772887166
94.4349790289187,735.5154447527676,43.32030987383254,244.461993051678
118.7707045412082,738.5026724769647,31.969503227915638,253.73881838789094
115.55092509265936,739.3626425023168,27.4680716770153,257.58677422646883
112.32073132018594,712.9356749191934,21.816020066383516,263.13906983583104
128.90426639471443,715.6268641724013,18.134805019865595,266.3855270075157
110.21782125235775,723.8239402420639,11.39872084779185,272.28961171511423
91.53086728416383,715.5945512724002,10,276.5029701521836
109.03742665611207,702.42995872469,10,279.0630417069545
111.15497822128236,714.8298658686467,10,283.2584685842022
114.25501508079469,699.868267943957,10,286.55361649046637
145.12896031700075,709.6782040622645,10,288.9530466220153
151.65610665641725,744.6369452972986,10,290.5429341470644
162.78836602531374,800.1211911535001,10,291.894663381927
184.62306756339967,809.0843113053877,10,292.2531063056908
172.8431908544153,812.7354871935678,10,293.0475448430513
175.5491942819208,828.4607519748192,10,294.13143910867353
174.4304013904184,805.8193772784947,10,294.6927567691448
152.70310456119478,808.7000870378469,10,294.96188486930646
163.83071286045015,819.4357943248181,10,296.4252294353787
170.05171496234834,815.5748877075044,10,297.210172571892
165.2405958827585,821.4679142450053,10,297.97694828564744
156.91910845600069,813.8018909347815,10,299.92042698159577
174.80366427265108,808.9341544057872,10,300.9411774062222
177.45707852207124,816.6859609166829,10,301.5494856948559
174.56083781085908,824.641206859673,10,302.69220120633645
156.57743746601045,810.6927756483576,10,304.58451269512955
166.96150500141084,806.8578377837212,10,306.8798829045353
174.08913475833833,783.6472876092765,10,308.53915769190115
174.80925256572664,783.5612814424416,10,310.75258786271405
165.41612417064607,782.5150720388251,10,315.91739674944523
170.13441831432283,766.5912312417948,10,321.3203037158202
175.87753040157259,794.3286025715386,10,323.777937917905
180.20356113277376,797.8874606375564,10,327.75290939268086
195.46880084834993,782.4724234686668,10,329.08696818175423
183.79068309627473,792.176509859631,10,331.9643827106167
164.40374309383333,770.6266892778852,10,335.31768598348316
148.8567031081766,762.5361650454062,10,337.30670926381003
166.41206390224397,758.6810138632493,10,340.4936766481129
142.89405471645296,761.5662912715144,10,343.6138326622711
150.99798423610628,773.2594490356278,10,345.9296159804799
152.28362304531038,771.3567953744986,10,348.20803767403805
150.29258794151247,760.7887442531862,10,350.2662266323608
142.53443068824708,746.8066614071209,10,351.0488699551067
144.73141640983522,734.4989718263272,10,353.0015942399853
151.160599892959,762.8808119498452,10,353.8969944983203
155.01483781435513,784.1020020295352,10.435890421551019,353.4257866717038
152.7558443006128,791.8370211235808,10,354.112252160981
129.89310664497316,793.6257702102395,10,354.937490651482
98.42566508613527,794.7937080381414,10,355.474924131115
83.04254520349426,807.5639218506776,12.205925586815216,352.5755678256229
55.2622828843861,795.1380527734672,13.12115222088114,351.4946105912497
64.24732305216945,794.3645759433234,13.593519547667958,351.0014496103478
76.32525043358415,783.2251278786468,12.572708882738969,352.0494154113317
109.32957616527843,774.1125690433968,11.575799057534002,353.0314414985799
158.81498057086566,773.5130399059691,11.31177735573452,353.2747518710419
122.0465894468258,777.8411236319356,11.135363803032986,353.43317296586184
102.38851192124619,779.1506650147076,10.791038354924638,353.7464882811438
106.28591779547294,783.233546628667,10.033163366419881,354.4756482633689
109.62619180046022,785.5161391145064,10,354.74747033743586
102.18240470252931,788.7767016309042,10,355.22198987403726
140.64279670082033,787.2733029438931,10,355.54482466451765
120.25288695655763,780.0014300099792,10,355.777594503903
107.7812168058008,780.2872455256024,10,356.5104291241686
93.77851790748537,791.4190149518087,10,356.96499940261566
109.90311164222658,787.1807457942602,10,357.07668767346206
131.1063606198877,773.663498656364,10,357.750651095983
104.90886992774904,761.6677459153825,10,358.5038676985515
114.58540076576173,758.8686607038042,10,358.9749715094646
132.12989539466798,760.8056029549143,10,359.830838117321
130.309574669227,756.7032379506451,10,360.52075804056284
141.00158268772066,752.6815999924083,10,361.02331206372594
144.35885769687593,751.1274999376083,10,361.52122546067943
149.08181578479707,737.4387943226044,10,362.7998951593152
143.43181759677827,750.9499813819778,10,364.29386511100313
133.06522709690034,754.6187521827555,10,364.5603855898306
139.26012760959566,754.7194853095903,10,365.3200475710247
135.15406138263643,761.1746191014188,10,365.98110528949144
141.78939349018037,764.2496603475415,10,366.6192947012377
141.10161954723299,754.1561784509994,10,367.25435381597725
146.4879878219217,745.6260490551329,10,367.5673439309526
141.0937646087259,734.886626558383,10,367.83253726734785
147.56924945674837,754.891763648975,10,369.3149655702945
152.84588224254549,748.8065428671194,10,370.3798773488495
