212.5,288.5,1130,772
212.54301334807462,311.01828088541475,1144.4144797049128,744.3947011991412
217.65814230935257,319.4871548673335,1144.5635762592856,721.1680952984445
212.2271194241664,344.3200160198096,1157.8476534322458,693.9439337387316
217.95040826550917,336.3953085109117,1146.9353329230985,692.8089165360684
206.75163518618274,354.9572812225715,1169.4403759393945,667.4003155417649
200.52512691152833,352.05661280754094,1170.0848721716256,666.7519667982482
193.28894478518487,352.39206191310547,1167.5296084793663,664.1551753995963
196.39114395784634,348.4245987678697,1167.2932572760722,665.9156694123883
198.19782113234305,358.5662509532133,1168.5057090679784,657.7199314174336
193.2588555646828,355.25903154216076,1149.2651461694854,664.6862558861203
184.32530491356943,352.0014351213412,1155.6644416092854,654.2863276492682
200.1707629638163,353.8270784321129,1128.7644138182704,672.0787360960842
195.801723259465,349.8030992073698,1145.4532845859208,666.2002819631729
200.61679282468822,347.16189921614796,1131.1373029414362,677.7804009473866
198.89885567124088,349.029725724494,1118.0167521537264,677.7598012506255
201.62594686616205,348.7718133850741,1118.2421227958055,675.5417532774115
195.74635038679492,340.89047212854825,1099.0096165357897,687.6724939951141
195.41856345486246,353.540693891032,1112.5979554066737,672.8036300599904
198.36462623488796,347.70225482548835,1104.635095107319,685.2524668998408
195.9167539242152,342.612366365238,1088.5639513009303,688.4371557199081
193.44935952317587,344.8996250423322,1106.2267626783873,673.0073078984956
201.73655919148825,348.10580585937873,1096.5743956980248,677.3635553113386
196.73912827312392,354.6235891146579,1101.486950672876,677.9727918479605
204.7303845152279,345.96651946019,1103.1163385182579,676.8638583419548
204.14050033622163,348.3805735209571,1090.7486291541024,686.2566326361921
206.98903268347522,347.27032181423937,1087.062665943894,685.2202221492522
204.03902400094069,344.99314820460904,1082.9346080907624,690.5939470888688
214.0410149744347,347.3961018519735,1079.157720794043,695.1779247428703
213.40675726605514,337.2944353215885,1060.8299608812122,705.2378290011502
216.98138760722668,350.26904437301573,1074.2965868871015,695.0688633549607
221.1523297355069,333.65042687572975,1079.7014935164664,697.9145654515835
221.28849736480174,356.24328509135387,1078.7042230242837,689.6088844207259
214.75802234050377,339.6698655815961,1083.1648999405554,682.7361387844796
206.75306324439646,361.03403512269784,1096.8219138130069,671.5122819715633
207.80972534088812,341.5077384739732,1107.4875145620401,674.5832277775576
212.93734862107863,350.7306234502724,1089.448127414806,687.2963685763019
195.33818372187386,358.7819328258795,1102.609668272786,675.12807981166
202.4146953373861,343.9728629422285,1095.242275744734,677.5538424885078
209.88515254580955,349.22244481635397,1094.9246532971863,677.2727783343731
217.65246515887839,348.0172880563546,1072.8467207666663,693.3043915980243
214.06203004317967,342.39010659801085,1075.5055010398728,685.9735990276512
225.6293916937825,343.09506295824883,1062.3793598538405,692.0577616054845
222.1756970030592,354.89647018358824,1075.750182024136,688.5825945547081
228.75364728921159,330.9608881221617,1051.383427875171,707.660406550486
230.19166365484296,351.2609186616735,1059.5311559395016,692.2902305727807
218.8747551108703,338.36122218955995,1059.5071265766412,695.203984326334
218.61256331864752,355.55947222905115,1065.3265912996976,684.6135583898076
213.4390711886307,358.5106519956755,1076.5627732073028,673.2255292436744
215.664234586764,356.85079659829705,1086.4392229155528,664.1925970254308
212.5481684203254,350.2933519846823,1073.527363778093,678.4903144406028
214.005954012139,355.1741294107461,1083.9605417552325,671.6262100355577
203.50727651706256,358.60176648682136,1070.8933787705319,678.2967833184048
221.79829470519655,338.7501543284601,1041.4595710395886,693.4859771785843
227.54562765916614,348.3683145780551,1045.8897651322598,688.7239046118284
229.1390020746153,342.9234502943016,1033.5490369999088,695.9933531519459
225.7856731076538,344.04923808903027,1053.7383704862,675.5590325826302
238.7792548025917,350.18803840869396,1032.372017128215,685.8760764898116
232.73206254347974,347.0682189004647,1033.4943710067905,682.150145056441
234.09776338918493,347.21171376158645,1031.5658977034989,683.8938195397486
241.61702837251096,348.21680117680984,1036.5091983337707,677.7919255587586
234.4480464545411,342.6633414906894,1038.6213387673056,675.9315139983823
238.9634372467633,341.5884431488971,1026.3906913648375,690.6287893578092
230.65263947212975,345.1045059250162,1027.564003718609,687.9877456155685
237.799195674065,340.5378880973585,1021.6172810852463,683.4015245982155
236.43791692590594,337.0912161003255,1024.9314257078195,690.3722045906975
244.4172435926033,342.08290255643567,1011.6079805043075,692.5450835858258
243.41358581980637,328.58777885287594,1012.4702213247504,688.707762938746
258.3499941771854,335.1411221496518,998.8806096423409,701.1652605340371
244.8095138201499,331.99939890328767,1006.2904010754061,697.2429422562575
240.86148730559194,342.0413827972511,1014.9161702862771,690.2190435524981
248.2536950389076,327.12571491570293,1015.1435012262009,696.2881570255554
243.46189681197097,328.36541853972506,994.2993995446982,709.9400707308803
241.01811811007343,329.40326530668494,1004.1876607601388,703.9338313900757
245.90372860657942,337.99541438008504,1011.0552222683475,699.0814185811051
245.21519043381147,313.0309834608219,1005.1245359910502,715.3081014645533
256.73816265732853,312.9793410565125,986.4344980305273,731.4529435851838
254.0314959343201,309.10598230172457,987.8989126571166,727.4221723862636
263.1023554899151,315.60357300761564,976.3720445438514,731.1026158218936
250.63662632170326,320.1000489833368,994.6113241540788,722.2577774639103
254.48776430044273,318.3526134860401,993.3546115129451,718.7433453655472
248.67680001830934,309.19192486069323,983.1119637374902,726.9663654156184
258.4629542527467,305.45179618358907,968.655292094177,737.5957507300318
251.4262297666561,303.84651608561444,964.5693611072518,736.5289113860335
265.4790464231859,300.3902248362885,961.5671022753934,733.5288027683524
248.77161426619506,313.89985484510146,979.55412063448,714.7298529619081
261.39604508996774,305.12762210837747,965.9639761423912,721.503593185112
261.30850610785706,309.5705749402764,964.9484975804285,720.1238291839118
265.81394811478657,316.28246797423367,962.751384337596,718.4275592903136
250.19526866661283,321.0860682813328,971.5533890011554,705.8104407016433
260.44086207497725,314.7216241462516,958.4473364045499,713.5226091536905
261.36473945661214,313.89994606550704,959.202934187972,706.6281874144838
262.780473967606,314.23706972719094,950.5149907664177,712.1272470331021
261.87303349135743,306.6047625813098,934.0675216365173,727.1158962302981
273.8314276028036,291.33256463682505,916.8777608298542,743.8761992161303
274.7582978154767,290.49007505115935,908.1386358448767,749.0862190139876
281.9457227274953,282.8254930967752,889.372677507961,766.7388749729269
289.3322680781289,272.5043344826529,882.0278013567122,781.3497838912349
279.7913486452745,280.02463933546665,881.9125310000088,770.4271870907282
293.1270915990202,280.7223385817034,877.0460072507205,774.9728272068057
283.18569935265003,277.2103709096433,860.8597037612832,785.0532336603162
294.4121430607357,279.9181879192692,869.4150255736275,780.3888731539047
285.6362852597057,280.06338952494235,876.0622306776406,770.8313162026292
262.6337628323813,290.668120636068,900.0831618390521,751.1826753943717
268.6640766205561,280.39961638883176,890.4681629057384,766.5102841886794
275.4372042545602,271.65703960497956,870.7941124183088,781.2886685284022
282.3686429378397,267.65452026845605,857.0813536113487,793.1348944401425
289.7549836869352,267.42841742468545,851.6354781815782,792.8953536543713
270.6422491167293,264.01477446505714,850.8050467482594,792.0673337112012
289.7423890527635,251.53774863725698,830.0961036987009,805.7038165878098
294.6374855020431,252.95866426821988,842.313570712251,801.2091834545843
276.0230589829239,266.5593964693801,846.5169720903332,787.8227415208307
283.18448732841875,263.53308276438264,828.2421095361537,800.2234080810637
285.2645976793196,259.64913705590715,811.255138079042,812.2118362068464
297.0735975863907,259.53187424157034,804.9373701984936,810.072589929621
286.1818303996322,264.8327079828881,821.7517406773572,794.8529419667914
288.8671694449922,274.15167757774327,811.6680622890908,788.449024917584
293.5105137037385,277.48908938036914,813.3928674544595,782.0432023194123
292.2264144821703,279.16748404479074,800.4095722528816,785.1820141677847
287.60436041860265,279.8542395296432,795.5060544568602,783.9196293452903
295.2526206166376,286.71295299173784,808.5832694886467,766.0812541064344
280.8883786774319,297.23108054182205,819.1025935159839,754.6564072399085
280.6282018194947,301.01581232667144,820.3571267286235,748.2921175202692
280.9466280143961,299.1272495757353,815.4081300593407,749.1423128330089
286.72868545789584,307.7986778921511,835.3900890859154,729.9264427037783
265.140196324308,299.7726160336359,822.3149196785305,744.911589277521
279.19692795026333,299.15514905660757,816.4828609218591,742.5069453659771
270.46279502646956,294.1383521360325,812.9338233026498,748.9757737537886
283.02036480943195,297.24258822256365,814.6801587275697,744.0853177521817
271.0074395681474,285.02653170022734,800.4282725463205,761.5080576088355
268.87156010153194,286.0565271725738,808.6619226538678,749.8929709915352
270.0209923517034,286.63711815497106,808.7436068691163,753.6165498833691
260.88342173865107,300.474327215096,811.5324991251892,740.738831287045
257.9362300434233,294.8497404631805,807.7718589408157,744.3970876804328
261.09077673563235,280.9517064699795,789.2410286484386,755.4369300808974
273.2304242006765,277.7333674539444,783.3498372034577,758.9621841913824
269.03363027371284,289.9953471913693,781.6883312921262,750.372699661601
280.1630310498003,297.4935803901637,788.956293655967,735.6481405935716
266.961952392649,290.0963272492825,777.2499075742735,740.4920100116254
275.15889713503725,310.22879292686696,787.5062675706981,722.0473377506949
262.4301493202882,304.745834827749,779.5827207197275,722.6716659286061
263.0836138542785,301.9830031204869,766.1139473982068,735.9860432751676
263.47270594105373,308.58313882509026,757.8686134901593,734.3684258652895
283.43113767441105,312.29831019459914,752.2646620107494,735.1629738351951
272.42660283349653,304.92367194834236,751.1357140381594,739.5811584469103
285.3782108918469,306.8837302258946,754.5814740567126,726.9225718142911
270.1561925344751,301.95970948424815,744.4111652209191,736.4143540707851
272.04006304223617,301.8626092464028,735.4833666606887,739.037216608167
284.8885310368504,305.5327942439328,741.9633792188235,731.332986482797
264.18667788130745,302.89856220703336,732.758565022097,738.145537132104
272.44934183871624,301.032390115983,722.2148021059061,740.9035165566669
274.09993332779277,296.89288813391346,728.5261279015567,730.4809843422171
266.6158715019686,327.0313087018461,741.3251131216559,701.449134508842
284.0117541132316,321.0094326898783,740.9153745714933,697.5565843477191
266.62059710766675,324.59805077435146,737.7619471580624,697.7613257369087
272.8680891860235,321.167617426869,746.0450124703431,690.6756620897715
269.5675726655123,337.8172802928111,734.3593404942757,685.4605133750993
275.5500498284316,330.8361597367134,721.754981871562,690.2218763439841
268.6934844085,329.5609438268217,718.5199468178705,695.7745330859477
270.2604081819235,336.28414053435495,723.7038530628326,676.5937236628856
269.1004312668604,336.3921615404013,714.5431855550681,683.1630367418879
262.27368033693074,338.89044055577494,717.0893408801985,670.8307548341875
272.55937157185224,328.51458896359486,710.3982112484903,675.6938681595389
255.20050086938699,333.4259293511185,714.5719463057645,663.0367156819159
274.19440192037365,321.23797798485214,703.194995491633,667.0611951508988
267.2174912633956,344.53150960289446,698.7086121852278,674.093226763447
280.7715411934546,326.8705847138523,692.8338668935912,678.9756215091827
275.52804016993537,324.724460301286,686.3434500410935,672.3555902516126
266.7364651666004,355.8355278511667,689.282531329807,646.2821253483844
283.6211616197586,338.908579566413,673.3100363116741,657.2743428407434
282.9002213959724,335.4664615498592,664.3096560170591,659.0221328747054
282.50729824611915,346.26514249505965,661.0805172322318,652.229324016226
289.4485465376713,352.59549922140945,666.2089516641422,632.4610794928171
272.9656830572693,354.0195325053022,666.6998708856884,611.4025846871166
283.2187668005515,359.2374560229481,645.5960440496824,617.0932520866393
288.18252471593075,361.76727730471265,638.8863891560425,616.5635763543174
272.5223244790943,365.8236689755656,641.5317121913608,612.1720995750352
280.6736868223438,368.5236961558781,636.2174737948399,605.1121589734511
277.9577202205749,365.49079677615407,635.9441753318127,602.0689012601208
276.8422197063045,356.3197932717004,643.9155614158956,588.7916150561375
290.2551292375887,365.8372750453493,628.258400609858,591.3067670941668
293.68112517737177,371.9690380759825,618.648176375174,591.4659037678858
276.49484509669776,371.8536511279105,617.1623495431138,580.5911316664102
287.1693955120901,370.30683845886097,618.7274981324952,566.9830968482593
290.23529155652005,380.4436020439067,624.6513500789746,550.0385467861695
290.23686890057206,373.9454286646027,609.5349408437514,550.0474143348777
290.45405547852897,378.76430292388017,596.7969111097736,549.8813626699604
294.1779900766739,387.89471961357106,604.9429044470531,529.2364479269006
288.7197772892441,382.8264324754628,596.0135277147838,532.1738115593488
291.3237182931653,395.56516962387286,598.5882699516313,512.4299230970319
302.3263577662621,401.3678205028765,595.1030887379817,499.44695987242613
308.3477208793847,396.0768656497046,584.8446063338342,491.0765513872416
311.0248832350636,406.2520088384161,572.6124477792453,485.2794323529582
313.96913717773157,401.88676713378015,565.9648509604415,481.58750002889275
315.86781307058095,408.19438635768745,560.1624816557455,475.6912037464529
321.8183490825149,416.61857529635927,556.2825411473806,467.2387895379325
315.1802922440195,414.99925957425046,545.5257873927308,470.4825128486284
326.48047010796125,425.533670112558,547.3753656705845,464.21350027421056
320.04954005717707,426.48488808710243,542.5535290253267,458.2258711679257
324.6607210204662,430.6656663206276,535.3142706124661,459.30303254297735
332.9585847125477,428.7432240728011,530.1909896699535,463.2837821309079
321.243894831805,428.0427196475511,516.5348553628354,471.0999454385002
336.7556697670435,415.4119081531278,510.92678324504385,469.99963758017884
337.70079612764846,420.4360437183202,513.9111147218321,463.6233148827164
331.2129301512263,415.650999024326,510.7926350963072,459.2858286634051
335.93320687653585,425.6756892715842,509.4850438725558,454.5072926284223
336.860065389712,433.378474269078,510.25850623043505,446.88497821052204
337.28968445062037,424.65877379842885,505.45731707216504,448.7085248885147
333.90827435858523,441.3417329332752,503.45905269965573,440.9527979640369
337.301975349388,435.18910514179186,503.44387323697117,440.84237170801424
334.60774837303524,433.4683573362764,497.815557780497,436.77430959504613
329.20376539356073,428.55714144377515,495.22178366528834,437.06749504978745
330.4935860706391,429.14203701657124,491.740654245412,432.25409247307346
339.21267114253635,442.5369637231171,494.0087867444397,427.2952708592981
340.66734326950944,435.2041802189184,487.64247895137,429.928847816426
337.3576353451704,431.5161759949647,482.3694425600578,432.8308615324303
344.84940749461765,430.4043434833395,483.6584679175354,431.37314270749044
342.6985048698906,435.9648125120151,484.1937011683933,427.6188299591297
343.8332294798338,441.35193181959323,483.7938491450859,428.75746842679814
344.4249924519778,438.7743647620692,480.61122513828263,429.78709947864434
349.42692314521537,431.25910186397334,475.00803475705646,427.71011184710164
350.72192664427087,431.4964215044452,474.3659652475015,426.91723970201645
352.4938691723301,438.7444972098458,472.34513097644765,427.43333060841496
351.17971189634585,430.9771815230593,469.50775300827456,425.50721521685125
356.2415902658861,438.9232242025392,470.96310260006567,420.7714857157406
356.12068112676377,429.412024701598,465.05099784364234,422.02402540365813
359.3103684142604,438.78706477658017,463.560761967227,420.35178224405024
355.2891658841225,428.33798356248417,460.58595415976595,418.6587200018321
361.11746555461195,441.6875440331081,458.3410951218266,417.09886602835763
367.2428046109978,437.7624330963622,453.98862133568457,415.88231734826064
367.9841316405869,434.2347524329741,452.688865365796,418.6701987784913
366.26170279621545,433.22135628008095,454.2465870720255,416.58991443938015
369.8378898025016,437.0742301900384,453.9347148447315,415.30688037602664
365.70450726845803,439.1716656427865,455.06503486734744,414.74921507126896
367.0920086056742,429.4850753179074,449.4912240950758,413.7715847163885
373.0488391451025,449.4337711107431,446.8157994435263,405.67923921226003
372.3237812419143,449.9539155079274,447.7960237017459,401.2178414567861
370.28201505700963,447.38820797323837,445.239846598899,401.81743146055135
374.4818228700851,450.17527516529555,441.7293420147707,398.59453699609946
377.07321977933447,448.77726919088036,438.72314769883553,398.23797225997805
373.91335800102627,445.155672092974,438.2115342803543,399.63950881724105
370.94162271890207,445.8112051352617,433.058736190733,400.26047984776267
372.33205668369334,436.131971147448,426.92640804272094,396.8831976250258
377.347242106423,452.78561704768737,423.17899332061364,390.20340635860464
377.3167461823049,448.29706347135726,421.1886503109093,388.3347712856179
380.10845833964544,446.4261500672114,420.2527703802308,384.7772111157602
392.1717488048006,443.96718061679815,418.2180626188658,380.67563402537576
376.6208111211587,451.7737446153587,413.77404717804416,379.6231816492874
390.4638623134486,444.27330323819046,408.0429275510327,379.4052943764632
389.6348738971177,446.6086453531424,404.02763940337826,378.18987876800406
387.3018833492272,448.0105813559111,400.30517655232103,376.54375796504996
396.2961202310099,455.4090323596271,399.4108476099224,371.2733404470589
392.0692882331575,447.31467187771364,397.5822592939207,375.04142332647416
397.0130305934455,442.10445409297427,392.62051004697764,376.065501359637
395.6367502846697,450.43494367593564,389.2133607341093,375.04190470103845
406.03981250120796,453.77803246505,389.11333676489994,371.7248160109781
403.54542409694795,454.2219796199142,387.25327905880204,373.45362282734834
398.9544916990172,447.3523340603998,386.13218727354786,373.64507859634045
399.90070952531676,453.54458141476744,380.9826674897078,369.02160121014555
406.05740156243667,458.5535583555917,383.2712006823138,362.5608093749295
398.26322688556456,454.8376026128202,379.25006059514004,365.2060215654285
409.7177218024592,457.5033684175704,379.3716875216046,359.1572498011849
410.19139429865226,462.36107110851367,381.4367069167307,355.45084138279935
410.15069917114,462.6118686370161,380.9791100716308,353.9187376883663
411.04347145184767,459.63033803854273,380.85181763023354,352.32834448620406
407.45871984190865,462.8214843309626,382.85227301762257,348.7802220044374
405.9961849452102,465.34967648146323,374.8452778009487,348.75367197391347
407.9551635429336,458.4529026032513,367.43732631801106,350.1681456336577
414.187804150442,461.6052793385883,365.6948224696324,349.47609882420807
411.77435847213496,460.20663972868977,359.94511947352424,348.0885283049304
425.6463138672642,457.93064739661565,361.6016965830461,346.9759202261586
424.0513606361726,464.19469129803315,359.7345628306907,342.06816895591646
426.45142391735544,465.8008484093239,360.80199903916855,344.25178454671993
424.5602861599971,470.91511605199383,362.8511281248234,342.97605764150705
424.88758068683285,465.04337151327286,357.749711182663,339.70529310261605
422.65077327601387,470.2160467433208,358.4205196268901,339.85253831512756
426.06603873369266,465.0135899797615,354.7548124820556,337.5260713795996
424.22323072486984,472.2743025029223,354.2612202210453,337.22059443813646
423.4652848576219,468.35073600334067,351.69238323773715,332.53265034226797
432.604945134967,465.62401937002574,347.19854413598887,332.1690913260304
432.30904477225965,471.94787674867763,346.53002264823067,327.5661935395518
436.58823239598587,469.6309803699617,342.9358684014497,326.43973334440795
436.0044898785155,467.70215738522245,341.1554002122082,326.283088027418
434.9398624214238,472.15002559503193,338.60322049504396,324.9857789034838
438.1872597463687,471.50504446728615,341.13646291638224,325.51294141913775
436.54789912034255,477.4544587073954,342.2826918645862,323.07678421882645
433.1517876433082,474.2718827312643,335.53764713371845,321.23371092084454
446.8532604634751,474.12900523535995,337.5851676493904,318.59940599329593
440.03696740940836,478.3176001750479,337.29825436024606,316.2561192358682
441.3996204197395,473.57754245282104,334.6568884134316,315.835015312341
444.1347035365229,474.81459322597686,331.2737132515659,317.37816382706455
448.6220272941746,474.8348208512724,330.69484534594267,315.9180859167903
446.231711111263,478.38315733351743,330.26865770062693,310.9634229258262
447.3070150087598,473.691790588618,327.69210372958133,309.4930785271363
452.76789238084325,478.31733382684314,327.66615339062673,307.9824491086389
452.83598933814903,481.3544850298345,326.64854166509826,306.4259923333019
450.1116367955075,478.3256730923572,323.99513016560354,304.7825945369614
461.48563451718945,479.7536855245845,324.69899515009604,302.99496624080507
459.76827923079884,475.6963893289761,320.6020909424512,301.208387901431
458.91034500335536,479.2823488016932,319.27001890470825,300.7988877029451
460.9841294337746,480.3655503981153,319.594854047013,298.85946856395105
464.5510097991089,481.5699821254409,320.0704344609062,297.659345820512
463.61527654655947,479.3882001909586,321.33106058581325,294.8120270257498
464.34071967860604,482.641076963319,319.8442833997698,297.54518320240356
463.03021474999275,479.34518167430883,315.5926803038103,297.5157713115519
473.4614295610202,479.9939152609566,315.78689130675536,295.4602275896799
475.1027213089203,482.3873949289971,313.31688011138937,294.6401931593759
477.50155447825017,485.1521633248798,312.8553019532716,292.90361128933296
478.3652022696337,480.50250559188976,308.5273660735685,294.2724248174468
479.3350415508748,485.139257750465,306.1719397195576,294.10543066264984
477.2849685173428,482.10579209500577,303.6577025659489,295.2504035270656
473.5324949130225,477.8625848796256,303.8607298374558,293.5570284146741
479.2670127026389,477.5597891850664,305.3181812272171,292.63473770464094
484.00153366922723,477.2983412017612,302.9285927623633,292.08900929400056
486.94358715886847,478.29076690669194,299.2927508110806,292.2678241324607
487.42822854318945,481.0991594503375,297.71262915236304,289.34397761137745
484.22380553568803,479.62002770576123,295.4190940333326,285.96068455145775
490.1664357029616,479.75559102090597,297.31839008764047,282.03294886278815
492.52985713476926,479.8313416792859,291.82211098382885,281.2504566831818
491.993776187702,481.2776927252708,288.84391124466265,279.6858015091274
498.88413927848205,479.6925887056451,287.27178033898144,277.7549491579063
496.4291517027039,477.261279035597,285.5622491314374,278.10116577659755
504.9740963050652,482.41196819243817,281.9907439065122,277.7522324931276
501.36490553869,483.34226155903826,278.3800858655932,277.16687402187506
504.5582715735734,482.4527142643911,277.7852320192456,274.64335582964475
503.85724016336894,482.27405692499497,275.3475693452696,275.7948176422642
510.0150037829852,481.1372369788812,274.58047827089314,274.28569834488593
505.9329393894975,477.9534097740732,273.43053730994376,272.7720136813209
508.0780749924011,478.05543450755044,270.630016131793,274.68450369266833
511.71860502076544,480.73396079564196,272.8102550176303,272.23414171401953
514.8190902444951,480.641481750868,273.3094879889027,270.64745640337514
515.9371669971963,476.2303831330838,272.00072017132834,269.39086774264234
515.4551700966224,478.0982914568755,269.68556157913514,268.9327751226927
516.6155022476948,475.4233523037601,267.29160843395437,268.35678157986325
521.7983518498768,483.71500978818415,264.6047203028937,267.62127068053434
529.2284153659787,480.5423810268277,265.9419294675896,262.6843798420412
526.5422981899176,484.1500582713528,264.8781587042025,263.5191247258546
532.3472060889004,481.2878571802602,268.0137214004997,259.54152438271035
530.954562284916,490.4926262033166,266.8472885323178,259.22043200004964
535.2792754264273,489.2719351003432,265.33110151855203,260.5429198673886
536.6567731460841,487.0057268924529,263.316266842502,262.13329989286467
538.8679782867403,491.18616589019524,263.8810377478657,260.8862066874191
535.8214776992091,487.28685166309845,262.73035701527425,259.9979063925282
540.7195084202182,484.18359041342205,262.33937827589284,257.8472893044787
537.2967599720972,485.7307175609094,261.6648809132542,254.7405519631139
540.3016055616918,486.43011253907264,258.45636222895325,254.7059773807802
540.1576460375563,488.1657251125364,256.1803214402644,254.698669727673
543.4414443922719,486.83644508545535,255.37747044311348,254.00630385944123
548.3570245456359,487.62749117018916,256.30298967129755,251.68122822954734
552.6013767082683,484.8319443774999,255.5803499898928,248.60748493138092
556.0007339766112,489.20873638284115,253.6737701196498,251.02383519346452
552.3390127757937,487.64746404338365,252.40423690482973,249.7061094484903
557.4930177398081,489.5907322774905,253.33895521013815,248.23125916229878
559.2462534956444,487.67407670614125,252.1003183618567,247.03509032452843
564.4838007723295,488.8382498698995,251.79244869251988,246.13239459363064
561.8577128697083,487.8659507955853,251.29337232338483,246.41217660113043
564.6061831513395,490.4911907899717,249.62433956079695,244.5837051267619
564.6595516700029,492.048871904368,250.1657580338957,242.07987367876157
569.2490250575552,490.37282931649935,251.01250992059533,241.4855613115454
569.7288989877587,485.92023813387874,249.88757943990117,240.38955063021683
570.5325763843717,488.7558699160404,248.2977284539964,240.60934408035888
573.1646864559631,493.2667684275357,247.27183247615795,241.27322077105234
578.8472284524489,493.310268407673,248.58089704275642,241.2871510545083
580.9173093511416,493.3728297200844,251.3766783720495,239.14914858120528
580.8549284704502,490.59150980828883,252.49846413312332,239.73825906595977
580.897383810071,490.89080319671314,252.99363712211382,238.95047820589724
586.86212243095,491.5477797178783,251.0194430453339,237.16013676873433
585.5389802175151,492.37805132162725,250.31830105771382,236.1948143296882
594.1424261728046,491.4541946814617,249.15987487589473,233.87174647446017
592.2181008585779,491.7235236264986,250.63154329228126,231.45619899793775
600.2330365081745,492.51235147989894,246.74878293211412,233.3876685238336
603.4249929745768,493.1971335222981,247.39084904136269,231.6808931877764
607.4227103051973,493.2739966308285,246.54502251534524,229.69976938580044
610.366317212472,491.98745812667806,245.86873427986654,229.6896330647861
617.6219714807498,488.8094285945038,243.9994364320928,230.08559672355602
613.8513245617241,493.6030230720611,240.08096865057644,233.01889364643216
620.3666159917335,490.6639825243651,241.84158070632915,232.26395481766033
622.6190533674994,488.66227362012563,239.40210417104487,232.39258243448884
628.4591651868325,490.54412232567097,234.7892361651607,233.4338743613194
633.6265781584452,490.3358160571323,234.48496499335852,232.15584650037115
633.8846698768859,487.56503997035475,230.54691418587151,232.9013567084416
637.7634688658896,487.85944292263986,227.62238743970627,233.2511813251689
638.805521586458,492.3766770262291,226.3730490421601,232.95770566407194
641.466451394108,490.3594252880679,228.81520605512546,229.36613625678842
642.0274057613187,490.9890959393134,228.37911480079129,228.87328690385556
637.1045888664694,490.68409470119116,227.97733876993325,228.49957223656452
639.6293925936185,490.07390810814917,224.18485454752295,228.96499835634143
643.9572363093682,492.652921465594,221.343268812038,228.17599353399936
646.4802690583928,493.7397728722342,218.81232024399682,227.56012367703312
653.6560774074419,494.2190310602921,217.22936981329343,225.69597391096755
655.3490047359784,493.1074376759533,213.7340585947147,225.15690977937646
654.7834433077354,494.5568172524562,212.925876264929,224.1411971342061
659.0996744527413,493.60628739929604,210.01509938446304,223.46500206834014
658.3505026214219,494.4694628436638,208.06466847091468,222.97450342112074
661.2078934014769,498.21618336510335,207.03589917887132,221.63339325363836
662.3799430311595,501.2038760292923,206.5489269899328,218.92083436797893
665.6581834508709,500.461928356414,206.13720962020636,215.5980628626919
667.21234170667,503.76124965572853,203.3777076258676,215.4417878177738
672.6680564693651,500.7386979632722,204.0463514571059,213.03284495329672
674.1216693307828,505.65681388878136,200.5480001863846,213.1910140803668
679.1847932422138,507.6572259827594,200.01728668816855,212.9474766794438
679.783822779231,506.3927500888218,199.14520991656156,212.23965116171598
672.0814952672365,507.42401667482045,199.59667890539419,209.65766380852443
671.7580355509206,504.0114489200081,198.76873087491413,207.72789552481413
667.1557523416704,503.82394584769486,198.60260980867307,206.43445691674748
665.9376859652124,509.51056333525764,197.39282633806323,205.09495435586751
671.7285545193367,509.5297817729575,199.09408159279062,203.119660256957
674.1237572642324,507.18217686316035,195.20710513437132,203.98439856089578
672.6080754860732,507.71951060706556,193.94689564305182,202.7651246467271
675.7263892013173,510.4193706825246,190.36295290113196,203.56410540065525
674.2486273929,507.1685584458571,191.4247225125343,201.47062947115813
674.3187640139342,506.9651807354561,189.1605834276466,201.20445184991087
675.9467611713114,508.414801007746,186.66376423467625,201.13210463495133
677.2626329197567,509.7950509723976,184.84282218422368,201.04700496275882
676.9823131287757,510.3352462348595,183.91029615396496,200.18609653188452
675.2433746523498,510.67932995091985,183.37224102368685,199.08361971732506
673.5109877482972,513.7017872137774,182.04151216913323,199.3259242391565
671.5503306580835,512.5592578688311,180.82128629905426,198.14890864926392
674.95872437597,511.502075490345,180.08378019338986,196.98986022493102
673.4174490059006,512.0734249704079,180.2829326390798,195.15076723852576
674.2588714466116,511.71286102287434,179.29504084164972,194.34025198135595
672.8756516916011,513.6939883934597,179.10595733760223,192.65133913433522
673.1028802308608,513.3054302868204,180.15707162443903,191.5329161830704
675.7435941221424,511.95905219253586,178.3486474677456,190.9549628570217
676.290844068946,514.296091184494,177.4157309083463,190.9571129195227
675.7516102883078,513.0574105246443,178.13719829748428,188.77456451403276
674.7155945942897,515.9074226641882,177.2525074259991,187.32925329341677
678.5990311091002,512.7277128205568,176.80836350709575,185.34583278597728
681.4055033444517,517.7702286068992,175.28675957823216,186.08653058340965
677.022731059584,521.5483906804953,174.6322621100038,186.75175833135904
679.3236380930696,517.0220156422536,175.84714611737363,186.31154557062342
680.4247957156231,518.191081146555,174.24483035966657,186.89483322886008
677.4691429521533,520.8568988352207,175.00607284873388,187.59406065975628
683.3981122912436,520.5754044021207,176.11752599336822,188.1613141386382
683.2914011669856,522.0707123755657,176.13819442027292,188.7903137465581
679.0545190680486,522.7718379626621,176.77966081617518,187.99770430315058
678.125570786102,524.0669190526072,177.45184432731884,188.18316472953774
677.3258659701714,519.534708023554,177.19857983255486,186.92812973350613
680.1867291268624,520.7822264374408,176.4731375271993,187.89612252876395
678.9862969577257,519.9793825769916,177.74404907711948,186.9858848422528
681.2933414461577,519.2439238859613,177.4226055546623,186.73758730808424
680.5438957368993,519.3234849272757,177.17282770647824,186.0557233712646
682.2274275766824,519.352778347122,174.6133236959298,187.4958458525939
685.3354703336045,520.7939785678218,172.09709064866914,188.72383893536437
687.1569370840632,520.6087635767404,173.30239466224742,188.17029643007737
686.6402948715439,518.0734535888723,173.08121493781093,188.43387189974052
686.2078909252584,521.3363447495638,173.9101359503715,188.21418756267155
686.0755820943226,521.7958994756391,174.03067166205554,187.8547505853821
686.1299756410892,520.5283480535707,174.16738710005086,187.57538862200863
685.6843094254745,522.0587378773014,174.9886195069377,186.36646139153947
691.3557360273894,517.7058636267103,177.57827477173578,183.87268978163752
692.209135252614,517.6575178021669,177.4150343228047,184.3954588860064
695.002743790189,517.1739230133198,178.8045409186142,184.39217743918746
700.140425056461,518.3274188311311,176.6841952851791,186.32953623691446
698.7747743098886,518.6374291828589,176.745701265171,186.68219061852665
701.2253773593211,519.5160811904908,176.35040079451034,185.98911466112418
702.2976729839936,519.6841476155747,177.39254183734067,185.91277893701107
704.9226390284003,519.9316837755321,174.88980952231557,186.77089238999218
704.3707011832827,517.7945463846834,173.71421619933668,186.88621255132824
706.4543995661127,517.8877608012199,173.57140563439094,185.80805412497824
706.5329476910487,519.2844184188814,173.3589628471375,186.2026344260781
710.8255258834056,518.5359494726317,173.87917030824875,185.6078715262646
715.0170988769869,516.5023715807366,172.6854531273911,187.17980831782162
715.0138738702187,518.1475690513587,174.70952132024877,185.69554748130614
712.7716618631231,520.3052666441355,176.46310608196814,185.5968228089057
718.4516962837569,520.2488329159316,175.54383409281243,185.80778646464705
712.03098747191,521.840808501985,175.413061813247,184.08810421534628
715.0885626347351,519.8269450229858,175.91024287797737,183.31996182291124
716.2810695500247,520.3804367514676,174.80839855537877,182.8573436170119
721.1558467607106,522.6154882870403,174.10613875070612,182.556787150023
714.9412291408606,524.3639503068822,174.63504058586497,181.87687804297155
715.7820771448452,523.4858065802582,174.07584809695408,181.6131209310188
719.0064396642485,524.8732696749244,174.9253165128898,180.29460085817203
724.4082412927877,526.4539613634242,172.90027389423932,180.38593020776528
723.7060408630518,521.5032979256778,171.49565256552444,181.4595002015444
722.2541094885244,522.2038614182227,169.428552313328,181.51087630159097
726.0221292695848,524.1363172462788,167.1654028421496,180.58072783860925
728.9200154735289,523.2339498461353,165.1777301809655,180.7548433514054
731.8200870372013,521.6027919465566,162.75862142785752,180.49815885873852
734.0785743572374,521.9122479416548,159.050746223592,181.0826195854459
734.2236412259633,522.1150191944898,156.50328707529712,181.57937797403605
736.4904288613916,525.1979724581743,154.51477625375082,180.9738228184325
737.0772198667477,525.6197989926528,152.4493846603284,180.3970982732542
737.6546666364118,527.1907839593149,151.0509106008471,178.82847161690762
736.5314598647278,525.4503931047966,148.29159065422476,178.04029332685974
737.9751877325078,527.3898890562257,147.7362424626101,175.83473353574158
739.4673628711005,530.4211223556243,147.143004274582,173.5015779263242
735.0081459141217,533.4534877282831,147.85293351172078,171.39862009970773
734.9107958740244,533.6213570977723,147.0108994877586,170.59028656311824
737.4472931140454,535.3411050202815,146.4679323972431,169.8363199501251
736.3757624778657,534.0358487041897,145.13964109239308,169.28121106321987
738.8070910717353,535.6746494670867,145.08337180595996,168.56016480857446
739.2195941009645,537.093953672463,144.4999312581321,168.2966236795448
740.2139758257827,534.8068987175117,141.296314640962,168.70522913388112
740.0049107581659,538.450186820615,141.90111668886556,167.51642743328966
737.803861544534,538.1978305083185,139.2964101730447,168.6155837367388
739.1363505845837,538.2427951846446,139.31096438245032,168.91420657295987
737.735966742628,538.4066225245244,141.00600355931988,167.54905771061345
737.9073647708971,538.9820700390374,141.8228875116699,167.37432898951383
736.1010771035585,538.9427557178273,142.42482103306895,167.09282544432904
739.4811332286185,538.2485033863869,142.90337865523276,167.22847564077136
741.3937033986366,538.8351335327184,143.16965848884166,167.06768285165606
741.0824293684896,540.8309380744481,144.24735906073235,166.06885469204008
741.7255917199968,538.9689059833324,144.21132165210565,166.41425795698933
743.9195129018581,539.3677162638809,145.64264785604072,165.82204643097913
746.4711155061091,539.7572235728602,145.19498263701004,166.0906921638199
748.1896108724079,540.0466888515933,145.22243987957117,166.2695220118941
750.9062859799869,538.5645102002741,145.194474681808,166.74345420466943
745.3572310417832,538.9774221617648,147.48326315471226,165.60850399398922
745.2171841778874,538.9655785171027,146.3572817625316,166.82868419369856
747.8359245607913,539.184261657554,144.56619591707263,168.11841029808798
750.8355070373093,538.2922946176234,143.51618152632324,168.3265515884899
748.8647681005685,539.8889752332451,144.11994210511176,167.8446449871446
750.7530587377473,540.8476372485993,144.3299211754503,167.47523140832533
751.1131125155707,537.6798992922579,143.38304524536045,167.13052200301493
747.6561334316871,539.4113216587073,143.7971636304129,166.6762379276174
748.2605152129095,540.6226212585176,142.24780544845532,167.01500438008102
749.0794137442945,538.7996400428536,141.36459728768213,166.4228214599992
751.7170807153341,541.4745284222043,140.8741296786106,165.9375528533057
754.4034337092627,541.7233845018937,140.77505335612818,165.1526521639586
753.7376820968582,538.7499248610343,141.40619783250122,164.28487370321545
755.1895984034554,538.9706938947069,140.42434691162094,163.6803615911897
755.9637965663203,539.3793039866736,141.26197124629147,162.17373036313546
750.808915029353,539.6054942830596,143.85373200089026,160.00158768349533
752.079541035515,543.0336031185716,142.9427693047434,159.03410149211604
753.349583571675,541.789809739967,142.02741756124277,159.01431396267347
755.9082309619407,542.2758938243798,141.15894928446497,157.78282484930037
757.9791186837294,542.8132904202503,141.3083263181519,156.3352765174933
755.5186461155803,543.9233758707319,142.45274261915378,154.8341665739618
756.1026581532367,543.105361060076,142.887152225329,153.52723712506776
757.6034029019372,543.9830884631099,142.8628727727886,153.6538974446562
756.2361993043885,543.9236957115954,144.8715791722357,152.17594043688953
758.6169881191385,544.7400264599997,145.99471042411392,151.34480810916355
756.8085929020268,545.5752422771094,147.74560522940803,150.59667782696835
751.948199160436,545.9779734126209,147.79296036243085,150.191855209151
753.0964846296641,549.869190584334,145.9989914051377,150.13641538019033
756.5769033255245,549.004824146179,143.89631975438377,151.1472854120331
754.4378805998715,547.1559943477685,143.27006499282982,150.01804452667642
757.7101422936598,549.0821516707434,142.25212241579987,148.78709518948813
751.6274221769356,547.8688004325837,142.21203152894816,148.26627764818355
750.9097413845041,549.6339450133695,141.41604507609154,148.2234247811678
754.6649767575321,551.3739410494721,139.25396872395618,147.95216936705873
754.2670213071711,552.484357488886,136.58549792988447,148.61773408840517
751.5885392138739,555.2496228388126,136.21622958779233,147.90719211612145
752.4799931852017,554.3523646255233,134.88095470296955,147.59525560080561
753.5055497563432,554.9503034111647,132.7343768393646,147.23350861471636
755.0560984155194,554.6496042149843,129.97583262994277,147.3898388265161
755.5033372676613,556.3246857848246,129.1959244853521,146.38303539562148
757.1256682785951,556.2531704072821,127.7705821885212,147.1010130906517
759.0744882305033,556.3049494495119,126.97962005531943,147.14951439733295
760.1183175686898,557.9355518947198,125.58937750567443,147.25334861710095
759.855155299254,559.8942532881948,124.13719011503409,147.15462897758124
757.8275732357594,560.9622036065929,123.75821451347721,146.67401834837648
758.8180989392827,561.4289549590198,122.56005783699862,147.02699404375295
760.0776084554955,561.7350796770459,120.98789822391873,147.3732214491505
761.6720150762569,562.6794884952087,119.57561894369195,147.5659939884536
761.8950678549403,563.4091027172898,118.87367835982263,147.02073053109262
762.9907805499707,564.0000637472626,118.38311227800463,146.6374663056767
762.7150856652642,566.1661443316557,117.51267461192418,145.97634352609657
762.3390798980657,565.0756300721496,117.87924099856828,145.367402600834
762.52159507888,562.5857964565971,118.96644383224466,144.52592668160923
761.751168565543,564.2963374297415,119.24172609914532,144.52980081861813
764.0037849836073,563.7235617542148,119.1066867444622,144.22052486101688
766.2757733097094,564.6288380486358,118.59314327020596,144.30933888937767
769.7090554176981,565.5938445656965,116.86483083569213,144.69513343620403
772.3388896850728,567.5884300137898,115.94069687354411,144.27898252140164
771.3560446999381,565.819638207289,115.70211910356383,143.69938244910054
775.3923016667057,566.020315903616,113.92937552525319,143.60713978408845
771.9145378895885,569.5257413029813,114.95294821880054,141.0520194235906
776.6488113099874,567.7177043638652,113.11198202070278,142.02111206250373
771.2665200185997,571.1513898980472,115.69744740071937,140.04359733264081
774.7167207645213,570.0084466459026,114.15750619024831,141.02554222945463
775.400436269926,571.1164418257353,114.12940501819156,139.85847500459326
775.355729446372,570.9719959257628,113.99127928987514,138.4275020784715
774.7316665459078,571.6403141563001,114.09009021043241,137.58045149386172
777.9277701220183,571.0779352675252,112.20508282246334,138.73438346887684
775.2988254853017,575.5808070984539,114.86673753588357,136.64690753391753
776.61889100081,572.8548807389919,115.09482516522164,136.64957631195404
772.9835607244994,575.8893578751745,115.90971093375468,136.07299693659218
775.4016700472623,573.1124060025834,114.98628783189952,136.9671683400079
778.9062094083657,574.0825997520736,114.43542196217075,136.595497843896
772.3681813523004,575.9458162838229,115.47525370906698,135.225639554186
775.4720397282183,575.0963882526081,114.3622263264329,136.2390625268825
777.9042169467324,573.4414523079997,114.10429479055821,136.66453023366523
776.9711540204706,576.0554763337542,115.09028844474804,135.42114924491565
774.2632993031307,576.9949971275705,115.97649119607837,134.48539950022052
775.7797037541994,578.1709392733508,116.44959602837682,134.86100038856094
777.6408027150115,579.3128940888778,117.27070970266942,134.84863378347745
776.8234061701579,577.7451403680977,117.9658906421844,134.12227355879298
773.8868836056088,580.8265540440412,117.77156535654876,133.9059641512419
776.7932134531322,580.2566762791041,116.87837311069006,134.64455592426893
778.9695972515657,577.8810678923302,116.62570793844466,134.07336926687793
777.2006422554409,577.5587275574671,116.15764030007912,133.40757518322428
779.4322025282928,577.0406676955173,114.99147057148349,132.80033345788237
780.9222981275395,577.241708606787,113.39475622636058,131.7639914577305
780.1731930441982,577.8996298509701,112.24498522620365,131.6389987504007
783.7999549083839,577.2553191101708,110.23035548358061,131.1173012851608
781.1544881418778,576.2788200292744,111.20426812349584,130.21066504753986
784.7703196146508,577.0689069578676,109.8004507513752,129.98078411141955
780.6467569692653,579.3880703977562,111.25321778866723,128.64493339932125
781.688318184626,576.9597239513424,110.26459411149347,129.57110289661043
784.6241399470317,579.6729857220024,109.6733665984923,128.75420660214726
784.0204164068418,578.2473444788887,109.31324335015955,128.20673735268716
786.5564117800901,578.7851719492734,109.57495802892547,126.98481769493517
781.6262733096597,582.3983401306438,110.47711367004261,126.71741182459554
782.9385098233538,581.404064689985,109.99537517024231,127.1887410166886
783.211941876515,581.4787076279738,110.18081933246702,127.71985235321658
783.2791874214092,580.455237447328,109.98052957262516,128.22383683911139
781.5032329885856,581.5035233830188,111.1436976603029,127.6104255826973
781.6188672421513,581.3618468666625,111.08420120104884,128.27397777956193
781.4100072170916,582.1902176285616,111.05455945407402,128.58749902164809
785.3245390446099,581.7457839862177,111.02216814324521,129.47326529203653
785.399299888885,582.5780466956517,111.09972110760506,129.24188277363555
788.127436324453,582.7408748108121,110.60361945915588,129.1794981433227
785.2091031736533,581.7036951960615,110.35142143427825,129.65451502663245
784.6974392746533,582.81683401346,110.24716394041559,129.49665088785292
784.8384960664787,582.2898482561545,110.6212660244897,129.55891877297012
787.4301345780867,583.5091784992092,109.94899249553626,129.83306522693977
788.670593830676,584.2147697347406,109.81195750476185,129.463403589846
787.3732110451859,585.326929897135,109.46767955386102,129.05828914522232
789.9139585731547,586.0112907722709,109.48844985589466,128.74855978081482
791.8525251323593,585.7050973206217,108.68070655758434,128.52406611942337
790.9894498031576,586.7818440783319,107.8195337887874,128.51264695054533
791.3104127120059,587.3992347499344,108.15398849811024,127.76823066552404
792.5315402344718,587.3398084214134,108.99064432849897,127.16658911184601
793.0414386733124,587.3073447897171,108.91805257710334,127.72519703119477
792.9852323521849,586.7127951308705,109.80844375882512,127.71348293622174
793.8810473820909,586.8423846881449,110.03781336904204,127.3721591440339
796.3490428319624,584.4232137473763,110.29937515026805,126.8557136758703
797.8264585025271,584.9901917425977,110.72351943894526,126.79430571723418
799.1897297467287,583.9392425257454,109.88652620591293,127.00665501477707
801.8070142593813,584.0026957814899,110.04307284604373,126.5440444746817
803.0671256947837,586.2075985927991,110.20925515712358,125.82515658239473
805.8139332587846,584.8940657549907,109.43633027951857,125.51547661439584
806.1126103670936,585.4037258158157,109.73105988658156,125.27637813380935
807.3547459353754,585.8873137603234,109.24810601266739,124.89511125377388
807.7456830731043,586.360658398305,108.73979065187117,124.69387253408891
807.7881428691435,586.3338006471229,108.77359426601458,124.82452948937367
808.6916972245982,586.4285234581239,110.09203868620878,123.70473243123354
811.3439069898337,585.5678814412604,109.05014328369799,123.7395301015494
813.1506464078637,584.0855211623348,108.66893731102596,123.52163800185374
812.6123129184718,587.8604367426003,109.1654172075192,122.73852713627505
815.0466404184551,587.7571323893404,109.18635914663939,122.37761611842566
815.0747926093194,586.4554281567752,109.08074587629682,122.41100319264137
817.2809336425238,586.8472103785437,107.3136881426973,122.95445486429296
819.8302911760934,586.9396413061108,106.92159186141642,123.81561327855243
821.0752414302391,586.8217817276725,106.8027364657349,123.56784322005535
820.1903724215,583.8673844584223,105.62703633662176,123.95870915824426
822.82309899496,586.9451219793877,106.32866712067096,122.52649118113288
825.3546965373383,585.0160454707794,105.8633280806836,122.23809688084447
826.9463160603996,587.0653502282239,106.28257659864815,121.74048910545753
830.0595655548567,584.9565803788913,104.7684847218554,122.69337631350677
831.0555257767493,585.090396787002,104.07048896736327,122.93494258013689
833.5540105632681,585.9506180896623,104.31830708734934,122.50190320071519
834.2469023432634,585.900210707569,104.8776677038417,122.67917169536545
833.8207059625673,586.3568143402373,105.94199783314994,122.82692233865939
834.579069717827,586.4356990227571,106.59729528791686,122.99455964419
833.9996925073051,585.7266892328464,107.4855434759838,122.88275913943977
836.5886058698447,585.6107695246983,107.28870859126704,122.45477752225818
839.1114682933191,585.7187316341382,106.87665264385448,123.01599254984208
840.8110322805533,586.7594341511524,107.49920979282982,122.61038164041702
840.6496171042454,586.6555120201776,108.38409120326108,122.19819836025223
840.3662870090402,586.28757710076,109.26887440645265,122.02131747810961
842.4176121445968,585.3998278871552,110.32925380605487,121.71178391908288
841.7586040457189,586.4670775027289,110.89642242576176,121.63332831281332
842.9556927055479,585.3097054571699,111.61622587621484,121.45096465971432
845.552370084914,584.1239342721103,111.21140575874873,122.2338987649104
843.1885941804994,583.9179882819357,112.2156106189542,121.83079533720155
842.996959077842,584.8244475514327,111.08072942179548,121.88113325267514
842.2251271245669,587.8481197175516,111.32633577219316,121.33867173293743
842.0525636882014,586.3906219939045,112.18129699407983,121.04595286100263
841.6271957222762,588.2481147046581,111.54612084135073,120.75644995101578
847.9029129516364,585.8612842099348,112.47839762530604,119.78935442877429
847.6705133094935,585.5657141912279,111.74774934546699,120.17563157356005
847.0269877622197,586.2446544767611,110.77562728518348,121.53031976241206
847.879344271331,587.77425142168,110.96639656867296,120.55442479415933
844.8094876272987,587.1710758676254,111.56967615999056,120.54816053151815
851.2769977677614,586.468824790309,110.60320274643593,119.66969535712559
849.603592664758,586.0944218649973,109.58142402803472,119.65717262975367
855.463137398768,584.5629479460871,110.5730231510181,119.92706088009558
855.3443720569696,584.9169892013073,111.32581083553806,120.06878169816915
850.7395252883776,584.7657058328107,111.99746421158918,119.77330147671584
865.2996056724927,581.4159275525438,114.04220136206034,119.57614954878514
860.9628228565296,582.2988629511453,113.75755795620586,120.97428355428605
854.9677925240385,584.2414303496536,114.32464975674705,121.31468558054229
859.4851745433801,581.0000233205976,114.37383862181136,121.63363836393506
858.8657363843349,581.3246780574335,114.5670586164689,122.46123769324927
862.9952580184158,580.8843605971824,115.01740789591435,123.25966431560474
863.6122268844035,581.0832299265635,115.7169953685976,122.27302348141613
865.1063098405239,581.1864834581545,117.09669358828441,121.45241119362477
862.1215145388578,582.0938529624657,117.77856541872835,121.3429340115176
864.2930263615655,582.6741352053689,118.00861182259881,120.4281267627879
866.5862897255582,583.598104263171,119.90043096558506,119.71705640879583
863.011124522273,584.3329849829573,121.81166425377774,118.43993807520675
867.0969443454239,582.2677587076174,121.47304863243926,118.09143344967814
868.5474698913529,583.168796774841,121.10273279486898,119.08172572724871
869.5833550643505,583.5040761993668,121.56596801833183,119.31387838885556
865.0718151827499,581.7508112314323,119.88763367325669,120.37785098982462
869.8010006647602,581.6630450580298,119.30481679401403,120.55253281915216
869.4657919453315,583.8998016705809,119.97835293158928,119.61347107873
869.3345089970068,581.3054773440535,118.53253133415163,119.14177513110735
870.543773462016,583.3974984743785,117.38023203364959,119.3591100715378
869.7555652332492,583.1038905969808,116.33219375447368,119.16869567601505
869.0031631787541,581.9192750811419,115.05686723869273,118.94461968941283
868.7537649856877,585.216936468645,115.66308915806067,118.05181490070413
871.2965315126335,581.6828468694533,115.13117882679487,117.25542824978335
871.3916004339025,583.1751942220336,115.31576489554226,116.91255469063418
876.1135956932628,582.7693958544803,115.92916840453151,117.15227823772183
876.3660823428485,583.4266109709437,116.40664457731069,117.4213010639917
872.2871899081529,582.5281248474514,116.10524861479283,117.08638992817893
872.0845014052629,581.8624838786264,116.16994221994182,117.02639479101504
870.9550760987303,583.9095423714845,116.86656391493156,116.63670528599674
874.9758344810065,581.142398110743,116.58610834193783,117.17179823176558
871.9603073736909,581.5292416201768,116.43601641170221,116.72984727089457
874.2457309967997,580.8976117359438,116.47260582243649,116.31116302671879
871.8445697346103,580.350226861085,114.89647080058096,117.12581162880363
873.7688310816854,580.7156428259686,115.42968724598757,116.54338736691182
871.1757607498049,581.5651943757445,113.65863405827773,116.77641794198166
871.9991786749014,576.7352504172683,111.96172673392026,117.16082463487405
876.5776645856511,575.5550345919789,110.97642201141988,117.90433295323822
875.1533493844876,577.0080527079671,110.12731352786736,117.94358537940406
876.7035140801481,576.4898367211852,107.85198245569518,118.11948220816203
874.8096200266483,576.1442782318044,106.82804923777421,118.3349257200027
875.9117083044353,576.8428402448329,106.14256171856951,118.30978104975777
878.1004775437411,577.6412496783412,104.43023777853212,118.5954652154254
879.6000799824527,577.4813033983173,103.69427133113214,118.34603971936662
879.9333502598892,576.4918413741384,102.65220440764124,118.51942594786226
881.0312439677646,577.4383504003087,102.55274334305622,117.84423354669039
879.8460406463938,576.6955890416602,103.37033049536493,116.93259239603677
878.7523782926481,581.2156096523278,103.78136037539501,115.5537254720345
874.9162092360311,580.6713384216894,104.48867210999748,114.49836443943013
880.0531096258545,578.0879241732129,103.78277008065578,114.18650088163471
884.0476279615456,580.5538403487493,104.99870376907602,113.26175433073261
880.8233366818301,579.8290923845582,107.82049151344324,111.8525695340172
880.236517604867,581.3134428070122,108.57340867289707,111.09375094847809
880.9779375925266,579.4452070202267,108.37095645678666,111.32248917701736
881.6445224207671,579.836110070081,109.09849842254391,111.06394587609503
882.7726451969132,579.7383136280669,110.37969936912239,110.83626904123776
884.4209115299553,577.31102745916,109.73036752586842,111.81873482692765
882.6739684685791,580.6097181243206,109.5608031691134,111.65934511571639
881.3156139012189,577.7338559763111,108.8575527586984,111.97012235591853
887.664926639962,577.8269956919029,109.53480084688593,111.3884865676375
883.5733111795039,580.0505185448515,109.29506290336133,111.30120114616429
882.9395489279894,577.082972089559,109.19894042228978,111.25576141056996
883.36482347723,577.9890915886526,108.70735737634084,111.48918791493091
886.0376783770628,578.1031613382562,108.31012341438287,111.98140261513316
886.3859874281183,575.9936507645032,107.68190868295036,112.10748343213399
883.3994289710539,577.3618803423474,107.58890497253681,111.6765104786854
889.3372012812242,575.2740518855337,107.56731276003305,111.79952409320998
885.4611366191001,578.0745932086538,107.0673602132486,111.21312755460532
885.6487772595898,576.4564869206108,106.02309553240124,111.58563735664353
888.505904963794,577.0848693422967,106.24536165414406,111.38107533404967
887.3361686874916,575.8389149118335,105.30915557210524,112.0044627430259
890.6980359846988,575.2991910898023,104.48788059912039,112.61019672088763
887.4070826869817,574.7430741661509,103.12733714801531,112.77238796279045
889.4584287603031,573.3147375508773,102.28582683273225,112.48269936548716
885.5750438607132,576.1743751293958,102.2896886500396,112.08844642906178
885.5327951423988,574.846918748132,100.09630875588857,111.81593333023078
886.1017679688721,574.0174962909315,99.48067866471312,111.65357727779681
886.6939323544063,573.3584338842046,99.18466771705461,110.96133279040836
885.7826248483459,575.2456794699475,98.20875787260817,110.42308272114116
886.1535554912193,574.3409222385436,97.21278967782472,110.5813755509915
886.8168267717866,573.1049899816263,97.58678563273482,110.15181446477416
890.3857435484477,572.4606764869546,97.66185605585282,109.91173204249641
891.8473561502801,571.773833322989,96.41736753889481,110.2340944797416
892.0570409970993,571.3439399560198,96.9522581349253,109.65680619479727
891.9343441736096,571.2640190655557,96.97714822815661,109.81730027510446
890.1870664013655,570.3123009245761,97.54650974760514,109.21558600049934
891.7525215566337,570.5177409388862,97.99216160328274,109.11240639726563
888.0481405155792,570.2099596882359,98.35065265115111,109.1779698999242
890.6328408818258,569.7557062658559,97.64212075410705,109.46872633841892
894.3378486054804,568.9210486446036,97.77590375345305,109.31701752067423
890.8304067214114,568.6056749579487,96.34617120384229,110.29413413069173
897.4537200109999,568.3661167415619,96.64625750003142,109.88344465049391
892.936575133274,569.3263963750561,95.82534648796599,109.89280271901558
897.0798425376838,569.8517425304788,97.33913516547443,108.91688503853803
895.3514891109276,569.089450893929,96.66206440057894,108.59997387060517
898.0285481273726,568.8552654456741,95.99994866413654,107.76850229027019
896.8362640932105,571.2926121894442,96.25473190999662,107.3424744216266
897.0974770213887,570.985902455288,95.70836181730205,107.19390936282768
899.7703598324262,569.5091081925057,95.45742861557636,107.1439697702589
897.249625453999,569.6528107291682,95.01368504638083,106.8381048739513
899.1333164193987,568.4048000852755,94.29367307255173,107.00239269654216
899.5039907754307,569.4599927990715,94.4271779118755,106.41093627361924
898.1217445610041,569.0302346009978,93.82298819465629,106.42004846682852
899.268648298149,566.7527629217064,93.22183151534949,106.57165291626208
897.7099250663927,567.2530211614794,92.88160037609421,106.43069263483628
900.754742027932,564.8470929578735,92.25830794852942,106.51003418380222
902.1666754776013,565.010277820765,92.59397621879229,106.24604199655113
900.0592967212121,568.0235755702021,92.40847995883495,105.91858132433725
898.3367304103502,568.6835439722864,91.77181259658042,105.58216478956246
897.9072287388972,566.217049498853,90.9462048574097,105.59066900666245
896.8575866568207,569.2379858499817,90.6825882876149,105.30110610359961
895.7371362527747,566.9019868707097,87.97173357202526,105.63464313990214
897.509774278036,567.8550574800663,86.83943664747903,105.51328754950788
900.881749666908,564.0740410584541,85.71392172941533,106.24798217404337
902.4198201499173,565.016434678764,84.68142018485979,106.37173985529863
907.6443125413987,563.1376534424539,84.40286653898204,105.73388749866433
904.464936540591,565.3373225570114,84.27190439493677,105.49859937178346
913.8578566774843,561.3341619229302,85.92880551519329,105.03522459502398
910.497374379553,558.1233234382097,84.93551048657459,105.60324288831747
909.3752348704174,562.7623155888676,85.09661026938728,104.7419084054221
905.1486087406224,563.3665855512976,84.58181061857712,105.12460840976124
911.2332454501062,562.2132484983422,83.75639115011003,106.08444392218905
902.3384113488306,564.3480699068557,82.73400376489252,105.84752500881802
904.7910589416783,561.5129052522387,81.5288242598917,106.81881056728915
907.0632488201081,564.122702611056,81.26642120286132,106.13391624333156
914.5806334505569,561.4497713201742,82.85441843671472,105.69995599870944
906.1247580722721,564.4812646015807,82.4891859321758,105.4844864494462
909.5820546042245,560.9313342856766,82.76872662681613,104.67039759166094
906.027579593794,566.0161899221425,83.03977696277083,103.35408082709091
913.425381872356,560.6546520690307,83.14600689356206,103.67439316661542
906.9296131370953,564.7575416947819,82.31573745642967,103.45014362778986
909.5126971176519,562.0966619023909,82.3923864203652,103.13880842497436
910.8816162796579,562.4007608895674,83.24895780056153,103.14863295208986
910.0140262304822,564.0459765597985,84.22720498465604,102.37750421821033
916.6071617931975,560.1215845218051,84.94945265042412,102.52173945844284
906.538411342292,562.9804922204112,83.46612683104388,102.81527660029315
909.2904791928404,562.3436090398579,82.92798644168394,102.40485101918466
912.4671410715017,561.3975341112982,82.9792313565415,102.13716744506021
914.3017836040401,561.079153905497,83.57949947597402,101.84726654408252
913.7283480135391,563.6258378576996,84.18993368197381,101.20743085861042
913.5680716063075,563.0797869367755,85.51915646885656,100.37065427390691
916.9223133149086,560.5817564616602,86.30136709767508,100.5265000179911
914.9359416656573,561.8938281762266,86.49759491232133,100.15621134044518
916.0830127850621,562.7992659875836,87.24352630670565,99.4389103608664
918.9281058837104,561.4428060175459,87.91496673447031,99.14479528392818
916.219484974245,560.2644382818696,87.33256522759537,100.12355207276276
921.870755771134,561.8544834858616,88.78679376778953,99.11076331959444
917.8068207528671,559.5811743337706,88.25200511291698,99.99463805535603
926.4173855336783,557.7466050201875,88.68245826919028,99.64490251412624
916.5662533371544,558.0784755780235,86.90110297229639,100.6882590480287
918.662925363149,559.9425139799865,86.50611879121789,100.33634262732707
916.6317196952069,560.7899472286699,86.0441832986414,99.86156687683967
915.6079954879715,559.3112145291843,84.70401650925487,100.20771774067008
919.5329225091367,558.8228151053138,84.37962700168391,99.86266211625076
915.4274809574925,562.4322343255725,84.07953998931075,98.54625802479337
917.1728487526732,559.282742224417,82.04200521605748,99.0417439589769
920.8358412691585,559.0405364240594,81.57567079496424,98.82029637542689
924.8020279916055,558.4124672358787,82.17480102743842,99.11001666430586
922.7091138705264,555.7075414262795,80.19364947986276,100.04925051235561
927.3714078843129,556.9774694595469,80.8215942205392,99.34718946497053
921.5927018488387,557.3825916729876,79.43657007322611,100.11408346200884
925.3659513651887,555.1262364415435,78.37431109561025,100.92364293727195
931.5051622866374,554.4810688977591,79.02372567086475,100.33667108666941
927.4583470601862,552.524576083981,79.1066549442628,101.0267489326248
924.5662292528665,553.0120366223622,78.61767526501785,101.43373293475014
931.6667137763144,555.5659349467951,79.22715104997027,100.80639740648984
924.438819246488,554.6492308270476,78.44229183996954,101.57773479942722
923.180416948776,555.4677667235223,78.48726868995601,101.15909543293031
925.7974701958495,552.2327424951242,77.6366031671834,101.98725431758308
929.5740592533649,551.3305254125071,77.72177267788506,101.93977181201818
929.9793039408817,550.2353227326003,77.40320380384529,102.57854953587604
930.820766768191,551.4611251422662,77.24227536259032,102.40427392301083
929.9476657157297,551.3071479376486,76.75462961099126,102.34396234580336
927.5704193125022,549.7796923135104,75.98290018844241,102.87110426691606
933.1556393642181,549.8036751913183,76.74763693437589,102.32936698806286
930.5699623952258,553.0026369235751,76.87628676698328,101.52643473067218
927.4609821148061,551.9773932787102,76.016316400546,101.72418554731846
933.3255400991738,549.7618342061621,76.53519008635152,101.40353128869772
931.2020196934217,549.3846319188024,75.70832352252032,101.17067140905246
933.0061342527863,547.2303053336445,75.36942371325438,101.07443737996621
932.5716948914951,549.0213625414056,74.42717846866616,101.59008888699059
930.4643979373091,548.3438773342939,73.99706803514991,101.57149005110716
941.1012986906445,547.5747126054728,75.39058868729231,100.7845970165314
932.3550589151554,549.670273956257,75.2207929239395,100.60052292183533
942.5195542541829,550.9680162522548,76.73890917947817,99.43056566405302
937.5789454972496,551.6332839769306,77.73859211692891,98.18783728889063
935.0978939966162,551.6940263272194,76.79800804544163,98.05422413088606
939.8615335620366,552.5602047537421,77.63397106395401,96.44333584419869
936.2153141252807,554.9347349643376,77.99747393282726,95.69863752933088
932.971844642367,554.5630749198941,77.53285049402199,95.89572825573003
941.1576882111441,551.3816011085512,77.27713778273741,96.14966899670219
942.7372280172116,551.5519742480006,76.64283534459837,96.58287377142258
940.5704220780119,550.803537396136,74.72126781778523,96.7692035803841
940.5569475072497,553.9141510597673,74.88079114503867,95.31419396170924
948.9373253452715,553.4534813419092,77.00966674035749,94.43705765508527
940.317849161792,555.1035352101949,75.92616656215047,94.61959352279251
948.3005366005896,550.6514589885016,76.04850111143521,95.33161492369834
947.8908449693523,551.6132125018978,75.29665217424073,95.0770855151235
942.6297912953123,551.3555181173739,74.06219728934967,95.17822852969101
943.4385566885046,552.7672620641285,72.23299996365348,95.12988306744091
945.1018050084143,555.492724351306,72.23221075944203,94.4327474411451
950.9266766862204,553.9817356362867,73.72748121303408,93.42454537060404
949.9626844241009,552.3100379321237,73.56928195088092,93.63589503308019
953.6998598402964,552.1307006073794,74.35000943422462,93.80028817901078
949.3764235019137,554.4181593839844,73.87488809243553,93.9557721417614
955.7103334096302,551.9118881028672,74.27548010408982,94.43693405061431
954.58985883562,551.5385298196679,73.87743336626107,95.1918732733374
957.6592066241583,551.3855163990443,74.22491904833998,95.01635311656084
959.1307362436206,549.7036005196646,73.91931646491744,94.75463627416947
957.8028833049686,551.8925856633821,73.15968525649748,94.7723912369788
958.1181482593116,551.272217072079,73.11060437964156,94.79410912579988
958.3217147721589,552.5409681191937,73.28219806283603,94.60844395135506
959.5274896965121,553.0869275031794,73.20198995759863,94.12680754489122
957.7191072540263,553.1935744860821,72.52242629795356,94.1832314810307
961.5663072921609,551.3900169803188,71.65851442664061,93.72419391992554
963.0111394607198,554.1466815093054,71.82707929751523,92.49933417652755
960.4263327793074,555.3632204353149,70.96202755261307,92.16467980549602
960.8702737117152,553.0557675013699,69.82635012088107,91.65686114030495
964.7123720025783,552.7975240124101,68.43331078479073,91.75916673676048
970.449251466705,552.3368428064205,70.00632004501375,90.59778264300269
969.6464590618344,552.4002532339241,70.02932607648806,90.75396645933044
968.5184724653078,550.9801199110872,70.0802459400737,90.73083765250497
973.3803690515039,551.8759238051931,69.256067101788,90.6769459430513
969.0444165914794,554.2756063329151,68.7501890094467,89.95667577438722
972.6892851477585,550.0085688698341,66.92141800711802,91.03149691255487
974.4318638890705,551.841572229437,65.44017440388839,91.13113998888112
976.3758800828437,552.9928650272475,65.04902826969929,90.11308324476933
978.8530850381736,552.758873868276,64.7228370098571,89.62925013636247
976.0468984320614,554.2915924271324,65.17976321585591,88.38233332619063
980.4636684735661,552.2756564716889,64.6861660649754,88.477444334673
982.4856166424589,551.7750106239924,64.48163306375294,88.32386528154588
984.6485122771803,552.8450344786731,64.41087099581767,87.84359771687599
985.7539266922998,550.862223852046,65.19461027509107,86.88887175638529
986.9497904125317,553.2137730549051,66.00480072136122,86.24301383681195
983.0967142078447,552.930283460006,65.19697131158249,86.56517350470635
982.7432830482092,550.6517641707572,64.92783338146762,86.58485856757879
983.6699024024756,552.9531237377334,65.57457607628568,85.94297250628881
982.4915566888152,552.069642894407,65.12687826524892,86.37592096929357
981.5053961919955,552.4102516671327,65.47641452511598,85.74167230115768
982.1607242281851,554.0456405455066,64.71726145538034,85.72003289966497
983.0047046565085,550.6935826340166,65.14721909009731,85.55030886745088
983.1947990433052,553.487020026146,65.72756333938416,84.88490472528197
981.3571018669053,551.6090962505913,64.83531214241006,85.27874537369675
984.7776151707934,551.0587467107242,65.28896565319442,85.70442220897743
983.9970618253449,552.0214058776174,65.53930373981291,85.83581435683469
982.3725633976543,551.4252907651354,65.79246123781812,85.58244741001525
982.0548969503924,550.8316185120191,65.3422882891793,86.18861581408642
981.9456906571687,552.0299030360488,65.11537216316324,86.17082355473846
980.4688742790154,551.5950794689012,65.39352169269384,85.73448511907989
979.5821549719055,551.9523215878589,65.27048070028503,86.11245686432638
976.5342657986188,551.11146602013,64.9863938773335,86.52950036958852
978.1597947886639,556.5548373003503,64.78771002177011,86.47397843597909
975.6574458786735,552.5553732861823,64.80569109446728,86.65150057671119
975.6929947412726,551.1827378940711,63.61944875886382,87.22748987823714
975.4819864874214,552.2381242181019,63.47569392524244,87.6339794505581
974.388416372291,550.7055941193039,62.593724000397785,88.32996578035625
973.3539976024456,550.4942758397649,62.07262289949401,88.19119709794496
973.9514792141439,547.8987627904478,61.946656940005866,88.65734631593344
972.1284651068638,551.576226196502,61.42151682723453,88.9806831680706
971.8061648049506,548.289411311023,60.96818926467135,88.49221443591591
971.8275084688635,551.0399023819631,61.58097457306839,88.20746316332875
969.174528994749,551.8058705298299,61.69106884386816,87.90113545486017
969.7622610956616,548.6502341841064,61.40635183156482,87.50492151682116
969.7687416166475,552.0463505230102,61.09408976134132,87.30652276235331
967.607758501615,554.8005627557386,60.65406925892352,86.25807306267411
968.0016750886853,550.2431851198212,60.88051175483462,85.97682747238741
967.2726896807872,551.6401756507305,60.65015954969563,85.86407886296129
964.8371960631572,552.8907731723357,60.17530728452844,84.9945417777817
964.8074640969564,551.1365213414562,59.50489475828494,85.02452003937903
962.576273092469,551.5933825796759,58.745171264177586,84.84543285642324
962.2395094671094,550.761708927208,58.53031447072639,84.28195754668916
960.8772249875466,551.4451956695565,58.6352204297452,83.25634826687593
962.9144252270373,551.5858901821728,58.653272476856166,82.92252521444836
961.2466622132405,548.6665271274089,59.17975342807972,82.64345633343656
961.3883078905668,549.5364234419849,60.08904301176629,82.01718528021239
957.3159655387659,550.9707953169257,60.14712836539241,81.68730709658449
956.5495474711802,552.4363351471093,59.484161335128114,81.53366655364876
956.4999037765557,552.7742676452607,59.25762383781681,80.87948332057769
954.8288316680204,553.1083216594259,59.06514347831869,79.83911859602317
957.3298621385331,550.6930059429154,59.01111253225778,79.69831543584347
952.870156293699,550.8573660401634,58.87116467144999,79.62028918842421
954.6720453761101,548.7889870770634,58.448186944555076,79.66041415716552
953.5132254651459,548.4371538878137,57.39666611432288,79.68666200567785
952.4533823880184,548.2847254697698,56.688283773780924,79.9511572436315
955.2157019915035,547.6169290387138,57.27016808060489,79.79533079040536
949.446793377877,550.4376286356418,56.84624767510628,79.38577649858813
952.2075463326103,548.508252362819,56.45799104847682,79.25529555042871
948.0506697485547,547.9365903228949,56.33140894284519,79.20593736404167
950.1099994356825,547.073953979869,57.17621621287661,78.40845490406673
945.2419898439745,549.8514769594913,56.83544077196426,78.05350173733311
947.2173492447555,549.0464320220134,56.00569341167098,78.2478142866588
944.2745379306984,548.9913487798534,56.00964794896487,77.63809685221636
945.7662782448731,549.2939504551235,55.75843207777197,76.94841884122002
941.3992457441013,548.4754435064954,55.76949750656149,76.52885076444682
944.786732726448,547.0835083401661,55.114923493803005,76.49393328391885
944.5907938389694,547.7561468379096,55.87953662008433,75.65569494132859
945.3603151067426,548.1471100568988,56.432932067097106,74.95596608756199
942.3720467228529,547.2692125782321,56.08404511737761,74.87404577676025
937.3820788825851,549.6206446638549,55.43760941424626,74.96594707792677
936.8891513667505,548.3548308925007,54.79144075378449,75.51632373848658
936.1964887267791,549.1724739288915,54.482486720639784,75.72967453132073
936.1358360122242,549.1046510328122,54.44525880011629,76.0415552393319
931.4324423137227,550.8477760073752,54.99766368216578,75.51938753126434
930.4757364587399,550.1597907635513,55.11513046300837,75.6633868742358
929.8383171252119,549.7320438057725,54.398907919432155,75.85230345062105
928.5587367180706,546.9992099128448,54.727205639384984,76.11017943120927
926.7047583092577,550.0938962323297,55.28308692791218,75.2940858869353
925.5711673213701,549.8721452525253,55.15301586718821,74.8392635953692
926.0253409004348,551.5462458248741,54.629875706453404,74.30273346927223
923.7605895795317,551.6218627853675,55.367555676369335,73.7841296878745
924.7066288532978,552.5392158577636,55.23787656388054,73.30802880869993
923.2518630055024,551.3695657977441,55.32219291981067,73.43562181356543
923.8102134260507,552.2302369434992,54.07007488553978,73.7272411481081
923.7485103945388,548.741321097138,52.950977663155626,74.83798404612233
920.4211073443226,548.2799540203831,52.81060725754544,75.28765681686141
922.6044933462807,551.6454381606951,52.23229932299579,75.10783599717496
921.5057905333064,549.6491384253342,52.899322673363066,75.09779665106348
924.2229295241009,548.5260430259743,52.65473289749298,75.23487995542885
918.2470568954923,552.1777643197833,52.21230930095045,74.94379507960299
920.8372099650484,550.3805788741672,51.60593008749742,75.3695201120703
920.8483292175949,551.5187629772814,52.039561227284665,74.50903473169339
917.0650313660291,550.3710405136054,52.308184251278156,73.83079630180661
919.6265500018162,550.7701565921459,52.47411268176068,73.38018040000901
915.0541840678916,551.0399984305549,51.69749883885571,73.70604831411056
915.9544595420305,552.4065023913807,51.61288884287889,72.92601375824248
913.2307634306459,554.5680958736888,52.310861853306655,72.11030407710425
914.2940055398306,552.2384878736136,52.275063717777336,71.93603018238775
912.6592967688016,556.0334120177445,52.55458424712466,70.81000616628168
912.1402685029825,554.3342768776633,52.26210763190466,70.76214783964775
913.1492665650857,552.787300951254,51.92097327069877,71.00876983750122
911.6917590912431,555.0896382318097,51.5624462910465,70.86948977330763
911.3054377836265,552.9422896501527,51.6417314386282,70.68563364148605
910.7151364158543,553.030218934153,51.710862282769355,70.43887241299619
908.0602697303224,554.0572271932202,52.00836144286513,70.17297950249737
907.7838661351694,556.1378165925443,51.702199958034456,70.09781974300327
907.4688560660732,556.3896220153453,51.65702756130353,69.66240757082855
907.9638379442841,556.7971295108948,51.91848442198516,68.85837322958068
907.2705086932854,555.1075455148739,51.65417329946331,68.85020878219993
906.0519315386778,554.8968023964294,51.64459174976124,68.57848924525842
905.6663167709037,557.6351545104847,52.08296254402599,67.66370422948923
905.58218125803,558.1290496325793,51.99425705471868,67.29561072163574
905.8193945349472,555.0404992186428,51.52306366031098,67.74251316617733
904.6630393331307,556.0599582391412,51.663406967996664,67.39318534086348
903.8821664233972,561.0534624886571,52.415569123523156,65.71937779245414
904.5518791617463,559.4259582220068,52.04718455134684,65.77656113234977
904.3767373709778,558.5187152232878,52.002156747490645,65.43499811664984
905.4250732017153,558.7955279248507,51.75914936499983,65.19625937290789
904.8991544307991,557.8877667165865,51.60271278077938,65.29936955131527
904.3330586096267,558.3551050433097,51.44025458372278,65.28265139587006
904.5665577771489,558.393813362144,51.27477716251798,65.36691037530024
904.6624109175901,558.913355580688,50.99647937712112,65.22934678648646
906.4404826315105,557.5223606636762,50.62218089900293,65.46323805636206
903.8123155446319,556.3883284334545,50.48037607282086,65.59706928049275
903.112779693656,557.8494669385607,50.18818183410676,65.17509196243411
902.2660830893795,557.7350698248417,50.293027812892674,64.62516664546128
903.2801427568394,558.1223405191741,50.30979149074471,64.26011456062393
904.9774778117577,559.8454114427389,50.4411464377469,63.68140149309657
904.9568083884428,557.2837650998964,49.98141353325899,64.08232164689058
907.0386628580948,556.9273884237081,49.161365663825045,65.15260219567449
907.5762865824954,556.3457710094021,48.78461217254345,65.5084072337894
906.5956708340099,556.4638135589273,48.73269822273718,65.45733764923226
907.8295741323499,558.4456437407816,48.69852614563417,65.39001884779472
906.1032722545549,559.4080994537313,48.808858573251705,64.5421318817341
906.7657357548358,561.9789047265023,49.54661968494874,63.38184052526397
906.7753224126757,559.6939037017455,49.559439188429195,63.40080240220048
905.335730021649,562.7655952227109,49.83985454413668,62.545925868143286
906.9211212488259,559.548733345009,49.917647777191426,62.81957920423542
907.4985983908497,562.0361023901424,50.04197057940171,62.186436763687965
907.4016700481516,563.9564049280582,50.6839219009999,61.46189719002313
907.4310084756487,566.0465942330272,51.65687901912729,59.91750157034994
908.5784541100386,563.5688982574372,52.32481233340107,59.17477245066804
909.0000596114317,563.4178435039953,52.70160708127114,59.24334678699692
909.5616430777518,565.2844095311495,53.192972380915236,58.54001276354154
908.9308546592806,566.3069075511734,53.19395055834227,58.1898535784287
910.1627252857234,565.211340318745,53.4722973849094,57.86613575790027
911.8498660786348,563.8305393114535,53.64136005834855,58.2757978558724
911.8470686783047,560.4322506943413,53.18530940484035,58.94825676200259
914.0192050696795,562.7080614976888,53.502789322896454,58.77647409878896
914.1896026942612,563.4221020973596,53.56037602220409,58.40679519932844
913.7508645556112,562.3965405343785,53.764942384056994,58.41466275773993
915.6134249356074,562.058000732294,53.75667452743046,58.41948243511307
916.3279670849123,563.0286736510005,53.947004200721636,58.22431653601613
917.4507776309613,564.9185254110041,54.29463815165343,57.69855240619162
916.2345171165066,563.8445182499908,54.54412666789806,57.35926871643842
917.818435432794,563.5330814786862,54.86319394119194,57.12545060055066
917.6871436611493,564.038352785487,55.0590190902398,56.8504796694024
916.4861188766255,567.0731572388975,55.79322400615797,55.737476673836206
919.5236668890336,564.7788347492068,55.70008017174095,55.86844333519388
918.7791520599344,564.7940393349523,56.0612870731721,55.191726278055896
917.9070214856913,567.9237122012246,56.723370582650645,54.377764571085194
920.8216854378445,563.622143207158,56.22716826962237,55.07976329987987
922.6102947034552,561.894079890418,55.049105355161046,55.63173444057759
922.4865874754976,562.5593804988314,54.969729448480024,56.03706271288635
922.8536868630962,559.9975703933344,54.71650761248396,56.16258693465316
923.143314882547,563.088296541067,55.00909449436272,56.38405202428906
921.6951481223538,564.4536950099287,55.03359731292118,56.41676221432773
921.7360188936071,563.8157870879293,55.06034441209359,56.55532763489521
922.3670778501614,564.8753162491273,54.7584521407126,56.80300071775723
923.8032853328364,563.7873192059591,54.55362827033342,57.47352774686551
925.0226477955641,563.7773669536022,54.52265728927466,57.68630705571858
925.9725375890913,562.9583650696472,54.16463099430426,58.4218122207612
927.1703103751616,560.9665743840986,53.60208834708262,59.283327094055736
928.8666710089586,560.9720470552173,53.51273231004904,59.55725231675603
928.1714335165808,559.5054126690402,53.11621700988489,60.082040444884
927.0549392189902,560.0835090406547,53.503770939386115,59.92859821759292
928.1564112841301,560.0159720106211,53.63651206224962,59.681959155530606
929.227212174621,560.5405817180094,54.02182940777846,59.59341122522431
928.9748094956192,559.6398024567036,53.875490797676804,59.75744883852676
927.5403385826734,557.9145104312375,53.99033706921665,59.88989738950458
928.9656581470517,557.479001758825,52.659239204040105,61.27183072897385
928.4739146912019,558.3340976217801,52.07506936029242,62.00828926971106
929.1856448384395,560.7466435190373,52.688206317709295,61.52868459296386
928.9607172129362,559.7301245785764,52.56551097390924,61.662514643456774
928.9582398791773,560.6183091888641,52.735585796046365,61.47164411348634
928.1944770778457,560.1624934888918,52.73893098641702,61.547896270534075
928.0068093883383,561.0271776347622,52.97001436319255,61.32067326916796
932.6792961474243,558.8326113405224,52.444001988514245,61.640351664532275
932.5035301797018,561.1636142282883,52.591345860218595,61.435543078331456
934.223832080945,559.9130718386916,51.96926069634297,62.16043578847132
934.6262680183563,560.4023246726465,51.728748546042,62.71484201726719
932.896337147591,561.9603055648173,51.921977015401666,62.371837557907185
933.9680948363147,563.5641925500211,52.144696178893575,61.63703764946562
933.5149006609541,563.184695901052,52.00924910233041,61.7095256893204
934.1128244320643,564.7898939155325,51.61401633433738,60.96513856195536
936.9783563975582,565.9968791906706,51.40166873864613,60.574929522528215
935.9390836218411,565.3171501539545,51.42911951964881,60.05981698782149
937.1541287365442,563.4708301717103,50.80584920601393,59.9883108627559
938.8174332020243,562.4550999735699,49.83304224076737,60.23954264422975
939.4915811751155,564.1892412921494,49.742369013395944,60.198226912664424
940.0714713816292,564.5507509604205,49.177116560192275,60.46451533731458
940.2149949627168,565.9948411690236,49.37347418341162,60.1092078353763
939.473489053412,565.250530828192,49.47796026807347,59.55686057575542
939.8638597882249,565.115580591184,49.07236947898975,59.48753113820561
939.7578983023457,565.4632330716826,49.04266679903087,58.98889733528386
938.8988909110641,567.6804896446139,49.66380198011545,57.955079751783735
940.4637341671834,567.6184724194858,49.38634363254976,57.63527295328946
939.2659227588045,569.584777767332,49.63376403002652,56.850135116025996
938.1871452088069,570.4176380273593,49.879895446855336,56.496001452813346
938.9959682741708,570.7793168872785,49.95109900370372,56.28001909251026
938.9363931241966,571.2713983028967,50.303592264128966,55.70741879346025
939.7215835639586,568.8045037075685,50.247732268165315,55.61473827662754
938.7265559906034,569.306603697106,50.35173373350189,55.32398008670291
937.3065018881582,571.5724052065033,50.55559549559757,54.677241875037126
941.398668588444,566.4550878909309,50.41229774718654,54.43289548811552
942.0870572353491,562.2173132674716,50.380292792243715,54.406958910449326
943.5102317680419,563.8577969102685,50.33756740315803,54.42487029459421
939.9208636164282,564.3882037501553,50.328451323725545,54.404854921285775
939.7173857104879,565.7395617716115,50.384508512139696,54.37444970753591
940.5166754379276,564.934364885396,50.1578218671282,54.607065665101814
940.3066200125908,566.1143859824577,50.05851257085957,54.69477666197258
941.1634449170842,562.1282514024367,49.79800516642911,55.01072858797524
941.7799037226154,564.026455050709,49.6577440485538,55.15982500313113
942.4208567620765,562.1016628268081,49.66789190754355,55.14084341470858
941.3311717105767,564.8067914827828,49.67268215176323,55.12885051087071
943.477788089654,564.5616206854509,49.854781176902975,54.81089172959633
939.5762349612055,565.2722262353402,49.775609468254586,54.91222870930817
941.2806213949423,562.296101467262,49.78743796873146,54.8920451552546
942.1745598176403,561.6790431895139,49.66965799757232,55.08014561368214
941.3922081023784,560.7242052827318,49.60542895205259,55.20918833531993
941.6680192674247,562.9878519079992,49.63910790198163,55.14206106226297
988.155995867665,571.9774111340073,49.84790049007522,55.50036593483165
985.6547927489273,574.3155554280703,50.43927595820246,55.23421213903355
986.7170723885374,572.584609329379,50.60747061384252,55.252122927343315
984.1601566078045,572.219166843848,50.767563485885596,55.37098204143358
982.1824765131141,573.6700252445838,51.16048137256267,55.33655669046234
979.4477656944814,570.446194979965,51.0853759559949,55.95884976898615
977.6321330665622,571.5766319101751,51.163497948970154,56.05003956441887
975.728918002198,571.6157831843617,51.28650050544809,56.104119662248934
976.1187020228317,573.6275344902331,51.369749930439774,56.10162649569656
969.3491788986635,569.5882208458504,51.37707410998969,56.21375684003452
969.3218812088703,571.4033957810979,51.44792877985405,56.21781782769375
971.916066762914,574.0398818781191,51.47788853190437,56.19705577387962
968.9779035645865,574.1749984276607,51.51736285488994,56.17533685021128
965.3022444986303,573.0731144879339,51.6537728637861,56.12452327824885
965.0934040065359,571.8712243292433,51.508180894941496,56.18119427785053
962.6966384127327,572.2222272813515,51.54607443682656,56.15652613932805
961.4660598507636,572.532484182466,51.54289445024538,56.189093396554796
958.8569996577434,573.5490578473343,51.56389130875901,56.02895062252048
