1231.5,495.5,623,252
1191.3101421407878,499.0609681842774,632.0008705035806,246.91990275421745
1129.1101029116335,498.6742839408545,629.483079394018,246.22697003828927
1073.0833992934345,492.8347723594574,620.6274519014125,242.49475453073418
1018.7589621804038,491.1469947777334,612.6413697676103,247.51913498200108
970.6432063205879,487.9672232899968,601.2256494315782,246.5471330813757
938.564336155466,486.18267687198806,590.6738713292049,249.10953267341284
903.2310676329545,486.21002266097014,581.5093079103606,252.34359198236575
881.2077638519405,487.4427007262304,573.0692363952401,256.45872691782427
858.8091781251236,487.45405597628394,567.0191063657196,256.6021259796373
839.2461495654256,487.9649079862801,560.8259610620199,258.69146493602443
820.570991313474,495.51135680661434,565.73313181397,256.38074903516303
811.1658514726118,496.3343190963481,563.956722500333,255.7982463011316
786.8505061159764,506.40526852009356,565.8460077265433,257.4223901629913
775.0791735028902,502.10014112313524,570.3140403080624,253.31387111505
762.8903306148468,509.216217451523,570.9223550514342,255.03657056246155
750.8517901182208,509.80050733282553,580.882624292367,250.07067281813653
735.8648709696133,512.716532358577,583.2640229380927,247.97572789778297
723.9157312282132,507.54216192446154,587.4566559060003,246.79458824233214
717.7866514293098,513.9190533950668,586.1558708016586,251.00027032797703
702.0644891506396,509.3586653479077,591.7804035651759,250.32201325731725
698.221326523977,512.8769191063275,602.389631402577,251.5459675477287
687.5132861728317,514.006138896406,616.9847797165619,254.01474373447823
661.6585165900563,516.8903149627226,624.9027424966148,256.6005528643572
657.9024837965105,509.3447294017183,626.1553605090907,256.46474473068963
645.2602530757572,520.8833323124421,628.2945315758417,257.68454742364634
628.5046730013095,525.7656153673098,631.9901838359431,260.5684750806956
614.1273086584185,522.3429874100245,641.9389318393519,259.1353362961696
603.6039139952128,521.7521673458411,648.5156217166057,261.2018558348031
587.8259451701292,528.8208826898751,658.4282087655764,262.76629892603216
571.3484752504024,532.6377467360833,659.9288906399422,263.5100255913061
558.1866997880616,525.7295157518324,669.0297242794677,255.1095609851009
544.6036785884138,530.3608704221892,675.5143740090855,249.75080471979612
543.8783345474101,544.7964571222333,684.071396300535,244.08469990796505
546.9859833700084,526.9734867901356,689.1938586269572,236.81010453090056
548.6453152502511,541.1514320327,694.6919797251752,231.282197901973
552.6271993669575,543.5666523317603,701.754529088198,230.26912390388878
569.6829988825823,525.8382972829729,700.3304987214993,225.40147792236218
582.3343100472514,535.1765207663748,703.7289071233622,221.9788208572919
602.185664827883,556.168352570313,715.9968015049701,217.95225716396618
602.2631265210666,563.5207901619259,720.318637075512,218.37807255538638
641.4862957018107,547.581251836952,726.207778450352,217.30578659547078
642.5605898128157,558.7404930147732,736.215138867258,212.6324210458588
640.7481036718694,562.4394637957157,745.9743703730885,211.40812259615626
637.6543455329568,570.3630585044684,754.5601760929762,211.047315663087
644.6726244597794,572.6822143107674,761.3506007374998,211.07127984165712
647.5498146538534,560.0813334113132,768.9621737947864,207.20743456964288
629.2910011039023,572.9196858402304,772.3462292699328,206.16403621510437
628.2394251233211,580.0102788617498,780.39564263704,207.6738234539256
620.814717412238,565.9330349098404,783.4707498545554,204.85679760957558
601.5204954558676,577.4863682076469,788.3612186086048,203.05875909623796
590.586485202243,569.9305197067756,789.7075773574311,202.41059892024617
576.5512501812118,585.9610969157789,795.2128790187563,203.8439437087826
565.6433154024126,559.9354442349013,798.5596590682981,200.07025975169023
571.7419401560763,580.0331153037235,796.1205501249353,198.34570466238546
523.9478727847534,571.5239516050029,804.0804881512726,195.02951362720964
537.6917897875625,583.6468481965574,800.6428479322756,196.34661907996502
531.2859116632885,573.0280695638911,797.477591546546,197.89989213509233
509.7225895394992,557.4925303593834,796.8573714752771,193.8091358273108
472.39333749055356,584.1213946140331,799.627959008227,194.94943283070694
507.60343370484776,582.9645581374562,790.8825216760741,197.07057622472524
491.3208206263309,564.6860073389789,784.6972023313989,195.7186430926758
457.82420926429273,583.8641560085823,781.2874709539127,195.27426820830308
457.6895579783897,588.8708615396922,773.4498637738267,195.20544389992853
457.93782944819674,593.3063535022261,767.5892914267114,194.50666494617425
470.3914797187288,594.6248627370592,756.9637167691311,197.21209852576337
489.217771539299,599.1128349934808,746.6575839336548,200.99802630448522
488.22466654971925,575.7312972290757,738.2271316966278,201.97617065043391
503.40658173815024,588.8837911444783,733.7539320418117,202.55493945720195
517.8388615740012,599.9523814592417,730.3212456916432,202.1149596028216
495.0906241090722,611.4170156045692,725.6058141883955,202.6802954228845
533.2392837162145,579.6431289257497,722.7142032870994,199.97754235230087
543.5381474328683,600.187810017366,720.4795205925612,197.41970101257405
547.1721751045076,611.1812007085075,712.9868808486287,198.18841088700484
559.8793406924368,618.1174968236817,708.0145719963787,197.90688692447893
581.9065184686538,620.4020513226196,702.4903601817376,199.34242279736105
568.7318476259469,617.344518884503,698.2024109125616,200.70154103739426
588.3847124404042,614.4371704358208,688.0702023255172,204.56159206264266
559.8665478095763,629.0775469527798,684.8414902358544,204.27288729227436
562.4854339479625,596.78306201071,684.5141336084962,202.29613757192203
560.4725787180512,618.3316428483504,681.1502008760277,200.33263907413138
540.7218089141604,625.54838118521,682.167220525313,201.4120532161469
527.7942479274321,612.7734584986583,678.266309555044,206.67955567848372
525.2623397990022,602.896296993636,675.9075803788594,209.6086185261747
523.4891000790138,597.753612102999,674.2282521520576,209.3003508410181
500.85624746102513,603.5365147267129,666.9637220975077,213.13095176729644
497.46975888078885,583.9928824110193,663.7064820872649,214.61361358496276
489.5243972445801,598.8817536958347,652.0296642372459,219.45924976899408
483.19979437583874,601.3934445183008,647.0729014993868,220.56037125974316
458.7277831302513,607.239534001894,646.5721493628762,218.47803936134346
468.4356242878211,591.569542016903,630.7170699511026,226.22310794131064
436.43083591418963,601.840393557372,632.4276316531996,220.58123853957196
419.8059102627624,610.5556754857027,632.3314937287591,215.1159828723026
390.75868950639557,621.081560898695,634.1762709348521,209.47829457347862
375.09117418027967,627.0055105959929,631.2059350709707,206.03570771702985
368.70887925593337,613.3065189246354,627.969918382798,207.5660133711462
365.9951772417868,621.4980418877293,620.4523208089183,209.29157950550524
347.9218604232005,610.8759366226673,619.6883938381808,209.836313793564
345.3927775985165,625.4614715833889,617.8350151645813,206.17575145573898
373.48628177197605,611.9198720983094,604.9510578125352,205.10389061144477
370.76898684864744,603.919733417367,595.9536417769292,204.13339046173286
340.3717220161607,615.2523550350774,605.9380479982992,196.76783365819696
350.1340166121497,617.101608469986,602.9211721241923,194.53934481759256
361.13725942798885,610.0121622998392,594.3150961910003,192.97909473997845
349.1147211172005,610.6373439510556,592.2477155371864,190.7756553133543
354.35158343458045,607.695862938915,590.2981751294162,187.39304860442036
353.1105790262255,602.9150675735232,588.3106743445331,184.25098981432978
346.2318076636022,607.6869159579535,587.3916395017255,181.3682756542645
370.29439918024786,597.3990580181206,589.1894186571549,180.58428846996523
404.971230666043,584.8213666871748,564.0933431184259,184.34647502589985
355.39927080366033,597.1616367322404,568.3608361464139,183.58365954514386
428.2767887578551,582.9983550054471,565.2017780212275,183.12895392524396
429.5477412223876,582.8691198508483,563.4877022743105,181.9689537325418
451.93888868647673,590.237189471206,559.8434955724506,179.6255700002493
459.2518543637952,583.2797137336339,559.4778448269445,180.13635811479767
452.3037072683848,584.8304681055619,558.7891723582194,176.87194358848066
473.41154248186933,587.1310321531034,560.046310769141,174.67865503006436
454.4639142052532,578.1244197300564,557.250962158799,170.7572218256213
496.13182336188447,582.9189945862047,560.769643662431,169.36650885038537
475.29449341086064,580.3015949047395,561.3684063476818,166.06345115765163
414.49423326886426,581.956059311148,560.9997188680027,165.6616814348767
375.5322961531283,574.1354855917317,567.8784881190059,163.9917498484409
376.8023399813109,572.241266845699,563.9414609465731,163.23782274318575
409.30874862188796,575.3432346641355,561.1151175118546,161.23989506377126
338.8761443790073,571.9872217220653,568.3652442105065,158.35448213565573
352.6352136911764,550.8235191640288,562.4669175978871,161.01856098830115
398.6883349218742,558.8123066462986,555.8345139426439,160.427387200214
451.3399262827435,556.9350498322932,561.0096332228584,161.27248677526157
487.17634630861596,557.8701658001836,561.360856281465,162.55249120766015
450.80749465894667,548.448205387612,565.7486297712333,160.614908355435
455.4221245159432,546.9648989937584,575.2655572673232,159.39460193080097
362.40699173284537,524.1172586731803,570.067597125511,161.22880240227937
351.89005054033476,538.4406879728201,576.4753141205176,161.3028567363495
399.4865368917283,528.5576606774008,570.7443699211485,166.41145016080628
350.3962971165204,528.9100601477243,577.883612594123,165.96670151694275
248.32399940310398,521.6223844876209,577.3175604379479,167.20840892388046
219.31576389268503,511.25387635851826,581.4044049939421,166.96062293599203
200.61445263322133,510.05621702645465,576.2893349469515,166.0392642681948
144.33055924372547,496.5985536480454,575.1137058934237,167.12447475304054
168.00829805621413,493.4637809857353,570.135765042128,167.38815355010345
143.87218473482176,473.5166834921969,565.5133841409674,170.34815206501236
115.2630968984335,459.859333800761,556.2564011223377,173.81723224622385
139.33831756305926,442.35084464745785,548.8911007842971,177.3437339445539
193.16599874723175,469.84641855774044,542.0029808475928,177.65712103609798
165.22973442753522,445.86282749450487,536.9804899557358,179.26212436007896
227.11290147367163,449.2793890070771,530.928381632506,180.44062948587444
234.6270932166459,439.7762988073711,524.5765204015013,183.41497051455883
279.221358113419,466.7480435436938,516.7296577832481,186.5082013177923
257.07556970209373,436.1277602419991,511.8351841908595,187.93736655399425
301.26825659894564,458.08662554125993,506.74164999676515,189.51203707851946
306.0863731509021,452.2668936663047,506.37577688583315,185.43936265246555
337.3818705277827,454.5980548214369,498.951919278068,183.73883018862145
356.4238910947747,436.1849293753794,491.27420825272657,185.49003835612706
364.06002256151737,435.96653385725153,480.6571553373993,184.6013883895371
399.64800274920805,449.84216518467406,476.4346022496155,177.55915970075654
408.8837782164654,445.1830353270654,470.9776959379036,174.845407430195
449.3375840946305,430.9524081797936,461.17585810735466,172.70081913440652
469.0866713514755,441.98393878668094,457.56574130240483,167.8665939802022
500.928432920938,444.02605631924666,452.62152556704433,164.3265836541455
505.5963962756788,442.2690622150585,444.9488862587621,159.524362069431
540.7728661727032,450.2968540885272,437.8874808885414,155.49313421086026
555.4298736150776,437.4052247669167,432.42844647254265,151.98451701484788
608.5314146464495,459.1630771882098,425.39907809388075,148.97556800111906
624.8370296805615,452.8974317077928,418.99591305861566,144.79076971329584
637.8785653886157,455.88822941091775,409.6031797772729,146.97864032572272
634.9265277687496,430.42520842148076,404.7759613387217,144.4613725206612
668.5819312982752,422.54885620253845,400.2987648143382,141.15361782158294
710.2921754836589,446.3235587199691,395.50288734444996,137.192355181741
706.2906601523214,429.1347397672437,389.020214538802,133.41779429568803
773.6461617962135,450.92592141813924,384.9737772910569,131.26764382348676
751.5206401850563,425.57453933097804,377.93892421210177,131.11648801489895
817.3162280638853,440.2688123657609,375.0988013108889,128.40877576186168
810.5557148816495,447.6249371238823,366.440451073188,129.58182497456164
852.6524636917609,431.3555657223171,361.33971926107046,127.529015043317
853.2021772703664,416.1767262190926,354.9941401797262,124.1696568488384
868.151795883428,414.56559678773914,345.071164092519,124.1662966338628
872.8165082697484,418.4279154187783,337.91102628620206,123.1822308706553
890.1427077567739,422.6860201872104,332.9798072743091,121.80781935320033
874.958711603924,424.0278187247671,327.1710341381144,122.11914682337502
907.1525221445783,421.0991517542141,323.79685223527287,118.48919705781586
913.7115514505879,431.8697082657405,322.16025896291427,117.33746353610597
897.9561543168837,415.08090163988135,313.28542929843775,116.58949237620308
915.5957644777163,430.3543286511453,305.7023015823634,115.51720385965666
901.5180431280485,421.70454147577516,298.0687847785252,114.7585220611049
933.6986206786707,429.8608863716714,294.20144223831596,113.572431581141
918.0841129443397,440.60232543753045,289.4084545331498,113.39187583711825
911.8925208251603,450.7977830309215,281.5126833119138,115.3711140774602
897.293983713919,435.58269091137487,274.637457577121,116.37259119375076
916.0004072128554,452.1564069648906,272.94716383242223,116.08745995952198
911.280174835641,458.14623661875385,266.1592045145852,118.00977342248646
896.0079474575136,444.77161721176367,262.7449571834377,116.84217835890325
911.6164442575846,440.48623001529535,259.0215587065869,114.88769373389559
902.2322076393808,447.02019805160336,254.85099461999636,114.98296280806912
891.920663768733,438.9331710687743,251.72964609725398,113.07937433293142
909.0421562447644,447.55354342879934,248.86705512712456,112.71046150680212
882.4740838164826,438.9063448442905,242.19758551225272,113.83638829312936
899.3442018999186,448.5330569560322,235.86810259550262,115.0832711527759
888.0957532123483,445.2367049546742,231.46517773553597,114.32413704361443
872.722968482348,434.54707763796023,225.3559002411908,112.74421465983046
889.9518448686276,448.0612518834502,218.5428885269812,112.88375671755662
885.5979580421007,454.4646770963585,215.62537321671715,112.04319962670093
882.4770720242735,443.1895561452503,209.1473948480137,114.01169256651491
883.2111945966258,441.08507984112873,206.56697841100404,111.58724044300769
872.0113718315536,439.8073042319868,201.92255083629018,110.35134712126771
879.681695496791,436.8612011198955,204.0894127373827,107.29656428600208
877.6994887265328,447.80242872566856,199.2090196067566,107.5629852646415
885.6158415722985,445.09965756557165,193.9651191138946,107.97669818954117
883.3137914436911,438.0720056009194,190.02244641426125,106.71192326905312
877.7730334078564,435.58360775774884,185.38616043820124,107.71756617295404
869.2680067415627,428.64789800844807,184.03257203189702,105.97484706834514
876.1775264167425,435.65057653268354,182.12246155269216,105.8563174887463
881.434441701673,434.807121784825,176.26779922623933,108.42642649742201
875.9632278045083,429.91557347426414,171.3370628436279,107.5423821578503
875.8384838313701,430.4275346164177,166.963829117846,106.96096532259975
865.8726780713757,419.387582787852,165.643569528826,105.59853575829558
859.212392053538,425.25125096395385,165.73320169938924,104.41515520900941
871.0377758631556,428.5689435784702,164.9520229320827,103.84754809048084
856.1270093084264,422.6579117584654,166.18401746732238,103.33361414900861
868.5278344125346,425.6783966524713,167.781115656933,100.65561614368102
883.4413714476825,422.6046432413089,167.03628836703263,100.52843949051145
904.1422355510549,420.53822904949294,170.10431342566883,98.68066131820467
923.4479822807887,420.96569698604867,170.2680885208888,97.80186497190743
951.523002950059,423.09008046038747,173.41314071872517,95.90851789742115
969.879020941256,422.2423009247492,175.24667892456333,93.21140395310317
1012.51339475732,420.94307557835384,176.70420387544317,89.92797960774689
1034.989328974267,408.154620123233,177.33992470546534,88.63026435832072
1077.7840371366162,418.93183084207465,179.0351534613331,86.14563662180916
1116.7334822629925,419.5487054574933,180.1805823614127,84.67895343756743
1155.051929836675,425.31956154299814,180.88273750701654,82.87330140907483
1211.5351221496921,429.51384227035516,179.71506656506446,81.58543461073293
1260.0499605908665,432.39069295652183,179.92719571298912,80.80365325182727
1284.205530270718,430.02620189139395,179.66805067701603,81.09937541809386
1342.9001921917693,434.1544043901348,176.05801608051942,81.88999896217709
1380.1011292171806,426.650493841248,170.7784717416109,82.38282067030215
1414.1551295552601,434.4316538980468,168.9929121665258,81.11387557196338
1433.67306787077,437.97864060674004,167.52416657798653,81.55150930560842
1450.0698893311842,434.81790377487323,163.9444347136767,83.5011601353272
1471.4417245866389,433.37065978833715,159.82415440052148,85.0769932135705
1479.556731177886,431.6288112685612,156.6327011316624,87.32413765703014
1487.8805576813531,429.16624660084454,153.77254755252363,86.34000099743788
1494.7855649629878,435.6256952540244,152.12215422796288,85.67733976743322
1497.4802362335652,434.5700939426102,150.9557988617959,83.31816780606361
1506.3902538334908,435.6140507529242,144.5383553672669,84.07036043429113
1513.782152980711,428.075932962357,141.63211387366863,85.27712541911204
1500.3972796992502,424.91235017581624,139.39905663409974,85.73373368399655
1502.9492908431887,428.3321721759747,136.72053497755553,84.74349640288743
1505.611113142813,427.7372237531459,133.59016034633953,83.95433247946393
1503.5269744860989,425.9545065431772,132.5362582469263,82.68394670134211
1500.930386577698,425.69463869784903,129.89929204254855,83.01186963832116
1494.760567951579,423.42348898423273,128.6746001474476,83.35985601623733
1491.3352217703377,422.7694648916031,127.31126891984232,82.98265809153415
1488.8968109611842,420.7667697211563,125.95799705899299,82.11402165706761
1485.4156973934241,419.4084355641394,125.27558947084987,82.08559567178514
1482.6875010656497,418.6588319262608,125.00720395104443,81.85454472114755
1470.765201259689,414.8253891360001,124.86756779941628,81.62370424270892
1464.2243472943983,416.60849737475445,124.84409117494401,80.73036388481395
1461.9787443473695,416.02370010331634,126.88605733816652,79.10980826213233
1462.6811557256829,418.98216683053084,126.88064530617959,77.8477562850593
1462.3745274080775,419.119582363275,126.25503179750021,76.33483708861998
1465.9914895616591,408.7092579006105,122.69782596377135,77.85046472793833
1458.5437932632897,410.6241672285941,120.8408229306273,77.53600380474396
1463.8927103727751,415.52104060958436,120.15577653056505,76.65005485617893
1456.6809892086515,418.1463975727448,119.58413504991354,75.83798104750336
1452.7751497906083,426.2838031536384,119.407527390791,75.53111212357005
1517.9394844687502,494.8949382203168,121.93994201888223,74.07555036423676
1513.0769013193683,490.2651502119861,124.40405332497018,72.02566764829311
1506.5495003622677,487.07077655237805,125.45667418600968,71.27257212540724
1505.8637502897595,490.48399302557743,125.10676024182331,71.23308690621184
1494.0057946657146,484.92659297750373,127.09132535954222,70.30363365305503
1499.084338116731,486.4242776561431,125.2601623771869,70.50695399494928
1484.2585626405944,482.7039147934976,125.99140044799069,69.92382260354117
1485.4043715491146,480.00507882434783,124.84930445864809,69.979072056489
1480.5940303707998,480.8022075403685,126.0969599674379,69.33384895767675
1471.55319521085,475.63424789058917,128.90601866929583,68.63707725534334
1464.8204385494753,476.4145736694734,131.41820290574142,68.73147633291273
1457.2814822800622,477.1297244441894,132.79858088341035,68.87417366482077
1450.4464623479541,476.79659923550844,134.9853453341135,68.63437143316156
1447.3599794913887,470.8353469313694,135.9897438666108,68.0842846412931
1441.3332163905452,471.1457150050178,136.92561431420856,67.97875882448255
1436.5782016521287,467.9001818194438,136.32010805495767,67.87808315690381
1435.290403414431,467.43290935547003,136.4790354000275,67.16446917696105
1423.2099795605832,458.9621651445844,136.02373511272816,67.36270961289249
1419.9300409016817,454.9002104280089,134.24313067241349,69.1436119583359
1420.9495801150229,456.8290530968914,132.28082660448047,69.371511737911
1421.8731444255923,449.3901996930954,130.2956780788472,71.04171141201908
1425.053051641577,455.35193563170725,128.43225446642717,69.86875833362352
1422.0627746689315,446.9006776967584,127.63674592316218,68.99657403872624
1416.0529471607797,449.98453520536356,127.54443480634846,67.81508891806138
1414.2541589192922,450.52654469052084,126.68434966060042,67.13295399692403
1415.0440016202801,447.4085473638176,126.32670813050396,66.77160902020356
1406.4817959731397,450.2353179221307,126.24550914951621,66.45184866911073
1394.6520734697253,443.8988328041651,126.04372521347366,65.56032572572069
1400.1747821826684,438.0076585364826,126.06413134258042,64.99090099906178
1390.6915505910745,442.0219405824778,126.76975887818533,64.23581446139272
1389.1043776960914,442.5131255261663,125.06532239581243,63.31745171471175
1375.5995103364305,439.9188878056239,123.17573269802017,63.74913317996636
1325.0630814002309,396.8260283630848,121.7169056949311,63.42373603721266
1306.566456414007,398.78886646463565,121.53124255092384,63.473086203205746
1287.56850700935,399.8349820573293,120.18356683631194,63.25841718307885
1245.869913515538,402.42552725245514,120.5935788361431,62.7985186759142
1231.751912144734,419.46788900176904,119.14832623717464,62.8401188772376
1205.3099724907813,422.5226228754504,117.37814518131047,62.72885393062563
1165.6509615483515,413.5114380495226,115.8640442634362,62.994729060386454
1120.1304632064475,413.6692853358459,114.92871495847427,62.967579649225534
1087.6901608821388,415.01289455683207,113.37133895523627,61.73726120782544
1051.7881427137734,407.48724581660775,111.23451072897909,62.449039187541665
1008.3812891195498,409.8665587862622,109.87081160639087,61.84758592813387
975.8977748769016,407.54520103804236,109.41202069471464,62.03532152802816
949.2214579168514,410.45412418832467,108.63007972467825,61.73058061991956
927.4131492354455,409.05368664310765,109.38791718026353,61.14775176328636
899.4323680387449,402.8019992614459,109.92604054778586,59.92498173596039
884.938368440803,411.2081607566181,110.02923978639431,59.18180776295004
885.6029023191572,404.74382468459777,109.46420445318194,58.58538206000587
873.6074219000809,405.239057484015,107.96082058003101,58.099985717000244
869.1133084955686,405.76860157639203,104.44857722761762,60.388537331364226
868.5546734772137,400.9622620306484,102.09283100227297,60.70753146343981
867.4311185253416,401.64041793244985,99.8117641215016,61.6838972626049
858.2073942454697,405.31300641784566,98.37460727353073,62.21567389365045
857.7430290179893,399.6407146623602,98.04410389613213,62.39306399184051
856.2044324453677,404.3193162811941,97.00198332448684,62.71082565895785
849.8696173853479,398.2062451770709,97.22413038178242,61.97834016639863
852.3546225730908,399.8846346763763,95.953070058558,62.37008273417877
853.407035391581,401.6422296542166,96.20673560390493,61.889929819208724
847.0688729926345,391.71474053696954,97.44155973804051,60.06286688548996
849.4370275449562,396.04894385884313,96.21863569084654,60.2428756164986
844.1333774203964,391.27188580108583,96.20239792269311,58.78761139143704
837.3446735923491,378.50310655831,97.3272775789099,57.5181916512807
839.7101876524239,385.58382157835547,96.95676886794001,56.64680067368978
846.3829826352751,398.63896177547406,96.25786736354127,57.30525807242132
847.5733319912249,392.53632063763393,95.4215891323698,57.268690448809636
845.4144496506573,392.3918425332747,94.16009012637109,57.55715517025825
846.5643378387334,392.5871850863254,92.5181194910522,58.06723637723293
848.7544215808065,388.03729875841054,91.35331455573414,56.84460989365839
847.6768699811772,390.93906689998204,88.67265763841553,57.50907879087425
846.1406742205445,391.30708987958974,88.29448453680209,57.35324679564431
841.173409968223,391.1860456983084,86.98854215521436,58.13635012755581
837.0178644761744,384.7828574267651,86.77852069729514,57.6696925748783
840.6562077813229,387.46910589337426,85.38848131142433,58.331035344266155
839.2513866087529,386.7895511638766,84.66888757830213,57.70618500921704
839.1913026530804,385.9380908133879,83.1896577111361,58.53117238681109
838.008852355795,384.04214377215686,81.33033516880475,59.41152095421275
833.3958558333153,382.35430575309834,81.49123135860073,59.67370426505009
834.5354210888806,385.2329268811715,80.7695010740631,59.71363026375609
834.7216622965065,385.96891700839933,80.54801140993297,60.04182865634173
833.3175443802597,382.6825543494132,81.05590492103063,59.41960863892592
841.4223078759306,383.31726556065826,77.95754106903206,60.96750465591931
840.8480738073232,381.797044247628,76.72983618683764,60.39860732951108
839.736311873963,382.86675228184004,76.34825513030985,58.96385263041071
838.4678661026294,383.6167512461278,75.58974056984295,58.228181214648664
837.7852950583385,374.1248054242448,74.88582233280212,57.878340253434196
837.6523389699594,367.6295528158091,74.29018632421176,57.260528095122524
837.049743427749,374.4257989312533,72.79181705630702,57.97993600308908
838.8402240894721,381.19430207448096,73.1499376401331,56.668269606160145
835.9227902144817,383.7589194904383,73.47616653131902,55.48784630531241
831.3403746968828,379.8057373268678,73.2881342547491,55.534147079596906
836.8269907276938,376.14308086154597,71.41607750135472,56.754755630205175
834.3613918288218,363.6160489158384,70.5182972374228,56.42469476576092
836.5921685406008,373.6308653187837,69.17190737854662,56.95305298770229
829.3814181822215,373.61427250093084,69.22767208761479,56.27827378585694
834.3788293470208,376.267115596644,69.26849333559188,55.18326331083081
836.9034533735073,372.6654653184597,69.27824148318031,55.051342099773855
832.1527166972983,377.0164524812924,69.41532160134562,54.4104792243038
832.3223011755408,373.87591705596975,70.31173237394071,53.36208754672034
832.7877889314469,373.53553508307954,70.06491029974298,53.76621235880892
831.8261909841046,370.5846363216149,70.19536799519346,53.534701947930934
832.0189194804265,370.00738250454776,70.20392294708216,52.97080207035397
830.1374963483067,376.0632784641582,70.95588921788288,51.40988581489043
829.4261758320781,370.9620174086478,70.71213279798586,52.15696835834534
828.0467928543783,373.69214638603665,71.54123819468484,51.364963348513946
830.4978221586624,370.9009515842311,72.09917104119462,51.04079729950665
823.0810718293816,374.7708403814315,72.137619171375,51.077088869381875
828.9780094356496,374.998929268477,71.64552275217393,50.892409417777756
822.3707522504429,377.87876476022694,72.04657200417911,50.74466928144596
819.4847063321994,379.6264172026877,73.24686313189541,49.90366603989594
820.484081173046,376.6188986642827,73.42618137279436,50.30235771112733
814.0116760957743,376.4811144504537,74.36961632897359,50.30017147436439
806.7648892382595,377.3883748694104,75.18996559484546,49.64732823540406
806.8072119012592,375.1964996787971,75.74369322655244,49.623206416618444
815.5081876234793,374.51887529416615,76.98147986499784,49.577654957761496
810.0309418620593,374.7839411859162,78.36402238271103,50.16668573377072
810.2248919020324,375.4619375815917,78.88195399736779,49.85803750781123
811.7401722505109,374.67783651561246,79.11691172730592,49.58046379710311
806.8567701941965,374.66247360575306,80.34756586129708,48.88235325922838
807.4587516562617,371.3586405218982,80.77820345730066,49.01962815343945
810.2627969922125,371.9018965070842,81.62362116247415,48.41340644695879
805.4681301076604,374.88352073414956,82.91587965997196,47.86732422589075
802.5920587967875,371.1476154779693,84.09741366584268,47.49734883050602
802.4516145041025,369.1713969830982,84.47359037887324,48.24320732712986
794.8841645676866,370.793911898606,85.65694262902423,48.538688388982294
796.6199044149985,368.783765964667,86.63108442487915,48.02479818517449
788.9907497903704,370.36931726052984,87.68380151867879,48.201134405704664
783.751244594599,372.95110602291186,87.53107801587349,48.79957079314157
765.0636981456826,371.6779868193801,89.75708491517113,47.78566453734797
755.2851484135442,363.96120423592566,90.08299083696741,47.7615547240933
740.2001492152269,371.597113122461,91.04973453389488,48.53167191806374
718.6906684536518,372.8321075952944,91.67623237296309,48.50445536085508
696.1784804407155,372.3831641348757,92.80274310342571,49.07731153761678
667.235185735215,368.98741922199923,93.28574135842075,50.08383870925589
638.9309221776763,370.4049450205883,95.05229612242394,49.77458376391808
610.2573654891976,367.5285086402895,96.62858506700826,49.56762624039695
575.8909759320326,377.51317877793485,99.77712040692424,48.30959539808963
546.9785271447748,372.17644071686607,101.22599182787525,48.454159929651055
505.0935911947848,366.24701260651085,102.57277565412492,48.73927805221693
462.4738204758071,370.62319760698966,105.2426378318264,48.25950250316363
425.1600256785939,371.5634148368503,107.52171668406527,48.48639025947623
401.10784686641466,374.0043865220551,108.74006127741788,49.23881769289968
369.10320685751526,375.0294910066314,110.54543809697456,49.798287469016785
338.3507446475405,378.5661457757471,113.77098934797866,50.160685976744965
302.2168900584305,378.0030750909717,117.7806800325464,50.402755459756236
276.2467163793678,376.9018173914589,119.5515594646464,50.78249275304608
265.79576209167504,379.3425669085186,122.17267389635512,51.09709443074915
245.4223766209409,377.74696536690124,125.62824229265743,51.3250206508858
222.84386598605698,375.2540242080236,127.98737385295263,51.71813859104705
224.48508994436983,373.6794324243099,131.4819058595752,51.907780837673684
233.0139451140251,378.6001946802782,131.99150013147076,52.715813439384576
222.43764616824222,375.4014177695065,133.54454014644952,53.34371823214981
224.4522492888455,379.3709239037811,136.36804939749152,53.75432582901819
214.99854737416575,380.5632206536716,137.42900242118694,53.98484391866894
218.58067117799627,378.7095163799784,138.56794504484918,54.53844291863097
201.40817561555548,375.69469115894714,139.21284385405696,55.24625069025282
232.48187860206167,375.8541402559667,135.58118876605434,58.184927531308986
220.05038014285665,378.69528168925285,137.56051869227684,58.04152215191927
222.5660077789344,375.0365291216066,139.7319521141216,58.042869946208384
202.1557315951928,376.8346162855849,140.66982931070635,57.28658013782879
217.27229860112075,377.32824591858787,141.27623196572057,57.06556325673346
220.7451131092521,374.58606677049727,140.45195228417467,57.525527040738055
203.18123897832197,376.1937877186419,142.05237586952123,57.81395062487188
206.38755958752054,376.63842368648193,143.61590900567734,57.98588324184224
216.42901444030304,372.29954621599256,143.68869044696294,59.214002200307455
200.2741422444,373.22158899316366,146.20930558156687,59.960282055816435
204.278511793985,371.9509656542901,145.8762332914789,62.08368935544505
196.72302140514404,370.37713092955977,147.48248098352846,62.19492892285604
201.9847037732087,373.2457614684835,148.7412636549309,62.86827995133183
195.17047277969885,376.338661115903,150.5157436702099,61.595015370238
204.18073459157438,370.1159718067041,150.8138044885975,61.86895100310106
177.70757462376577,367.4867933297712,152.0621721537069,62.97690207317777
194.70877975425552,371.22222467483755,150.41857613222936,64.05119013988104
200.07477650184302,373.7011207658705,152.37222106478873,64.3919700212613
203.44175710565565,377.788293704667,153.8687057189799,63.48176236540897
215.35764921640344,370.35361715466223,150.58172320952042,65.02523636843362
206.71599501362937,369.31280633547726,144.9105028064748,66.5671340144558
214.87540509792578,369.8318661862936,142.03724023218132,66.94787176807677
205.87798379100428,372.84246835762696,142.54830866084365,66.7505433294933
219.56290008496546,372.0090179987795,143.93489239372204,66.37572437212415
201.60000930874145,376.21642050879245,145.72764782312325,64.78195569090445
212.7184273941652,370.59511456941595,147.2983926001517,64.163392032548
217.1867777747022,369.85115692661634,148.50318659005427,64.614906403955
200.83020872326668,375.79680218911193,150.62972915764698,63.83041977300681
206.01328644045128,376.43803633901007,153.20286376996967,62.47338861069509
209.68266411588456,376.33729700921714,154.26137671439122,62.321090189506656
211.7683642502878,368.86383860075637,156.4834405340247,62.55794974782223
208.7440028477542,372.514819006166,157.8807804159657,62.75631986199076
208.477016464859,370.0679707505899,158.6281612197762,63.29269224976038
208.42860167766798,370.65179658760326,161.04785008142017,63.40118758367589
194.76004364317788,375.1628489657906,163.3091795598242,62.26456609222427
210.61280999037234,376.87494036400676,163.88500749165598,61.93042994000278
209.0490949945752,371.85258660731915,163.72197856563247,63.139655809701246
206.39555945932437,373.36196589521586,165.04431676984692,63.178459585134696
202.11707247939728,371.4412018351027,165.37723639315325,63.06886732877413
204.43441805348772,367.40538225202397,167.00581991461954,62.7882316002172
204.65967914975133,370.1761145052325,168.19479071067877,63.097878029011326
199.67675371497597,373.19407330038047,169.75997248232912,62.99870846651681
209.84543592996536,367.72545326520475,168.4015413867009,64.54706208514713
201.21931932390632,361.5598410724717,169.98349604962465,63.63755427762004
217.3438099143163,366.8997166810356,168.6951738959043,63.44258718677398
202.44716694999738,364.11684336288727,170.29416012666618,61.86920609174738
227.1552010757482,366.856286815029,169.9148083363461,62.20998175841731
222.3174364248826,364.78674401296803,170.0801190177771,61.85219875215722
228.69652126603742,357.5342973999804,170.40373835219106,61.58973892027109
212.7626958658201,364.1782813715792,170.6190225144421,61.811555675559845
228.87125605809905,361.81246998571635,168.39243786596816,62.50406063417521
226.22276534767212,366.0319790339308,167.97408868608355,62.36303715139379
223.80887622997932,363.5523083787655,168.4461669054474,61.91827518261066
222.77982657179135,367.82849192868565,168.48092599660362,61.554320749091076
211.6207372156848,362.80071855376536,168.65526391902176,62.085539267120154
208.84242022054278,364.7353828866772,168.90854030814006,62.20903396364694
214.7994017859465,367.9471146514991,168.93918681936148,62.1769259485295
199.62528349284378,358.1433704864839,169.11751106731003,61.921405779414386
188.48543393262582,357.4184912696261,169.32465083105652,63.0215296253652
171.54435661631499,350.0736421001441,170.20734333599265,62.67906052963676
184.88931641982578,354.11695819862473,170.11488733675915,62.77030671249735
191.02505298767775,357.8877810549391,170.6834858792168,62.66446155223678
204.87409238124633,353.03878834649663,170.01212332437944,62.686738198369774
204.37096656244205,360.250832357709,169.9648102942863,62.86421744431667
205.10081306270214,363.324342657478,169.7843592132836,62.76461639281333
198.77940353961623,356.850406397828,169.5893219667308,63.01920392370998
206.3554848578138,350.72439537862226,169.0271480388318,63.04911998220203
197.0961323300319,352.40682259157586,169.27750630789654,62.94243544574491
211.874356779568,356.75766375704325,168.16817044593375,63.472544611087
203.68002224453306,348.3177363216074,167.7695298693972,63.29932559890202
208.3851856497506,367.7349971353074,168.13997240710657,63.355016984197306
195.90597513795927,357.82026613364894,168.50805186269608,63.261858214198796
195.06640916010696,359.22312758358885,168.5790595622667,63.49201063475356
199.64369942949276,358.7490417435246,168.81739474920315,63.381094203958334
194.55849977742753,358.41308022093824,167.26523030974226,63.99330896677956
193.27579988013923,364.3874732311047,166.824793855921,63.72278851804086
203.40499915806248,361.4416804735697,166.27932597939582,63.590875974791736
194.89045945736495,369.12966130234446,166.73949668938465,63.345699305645525
188.19646840649665,365.41045964571856,166.56451244438048,63.53694170733724
203.0555277592165,362.0607246596805,165.0039083110844,63.83504401507624
184.7738896379543,364.2063621421532,164.73588954018103,63.76367776442528
199.21522123198145,367.4206088245532,164.28103129902615,63.18491298391482
210.98101783190864,363.770848916509,164.78975754192078,61.88679085511792
202.64141065444485,371.9174370734063,165.07745044299094,61.58343597534441
198.25002529720138,365.49808357818085,164.90934110681872,61.21126745462588
207.54369861508815,373.0442584143667,165.1466843361575,60.60172208065495
198.62180253290916,365.39966422848687,167.51938236904576,59.82321102004169
