724.5,336.5,30,21
723.6079562082651,336.35485057030854,30.539702653931982,21.0795464318049
724.7957042321566,336.9082331113311,30.049430114030272,21.53603725586487
725.184913576644,336.64748937160994,30.10107137063876,21.342900628423223
724.7801702066298,336.10257259951425,29.521916037989545,21.711253683837423
724.0733557919732,336.22689064408627,29.798062939430938,21.70515858003916
725.1710522802467,335.84939148816187,29.69170142078506,21.72439125592077
723.8924343304162,336.4872970850845,30.082063865398425,21.477899825259072
725.5722178549513,335.9858188183082,30.621538707426204,21.125800788209265
725.0091931389486,335.8126649155704,30.48192630376114,21.19632854173821
724.7822865514613,335.6683140534983,30.485555014281026,20.845324786737375
724.9546127741448,336.06823567676366,30.40291180215041,21.07426152372717
724.9483185618762,335.8455054829465,30.43724339015389,20.800652668884055
725.3293167855835,335.56691935946384,30.31374828885075,20.909164184533736
725.8421931458103,335.31667517835643,30.252468458297578,21.03744502435635
725.3469798185014,335.25078166319804,30.130724416656772,20.918483926974172
725.4451108296716,335.0632878350631,29.877330884088167,20.61022759329967
724.9850647208254,334.981587292828,29.84100363385449,20.279258038445658
725.792043168263,335.2598604518107,29.43504108082962,21.037599959387126
726.2991574832732,335.378236954868,29.445949994487513,21.294137377619503
725.7332407396567,334.07601240117117,30.604832846242665,21.579765770062487
725.7125076705254,334.6769924378593,30.903447816588084,21.610418664177335
725.4731930095792,334.389669969676,30.907551418599414,21.087611436847794
726.0338790688238,334.4377640199206,30.426054473679024,21.10956544944804
726.4178623542874,335.2903941232712,31.174614005771474,21.105226420610947
725.7344408436527,335.27200441612973,31.498824804865382,20.475509677247693
726.7947097125574,334.7274270290358,32.09315823519248,20.38453599627352
726.5583152126292,334.7513220100937,31.356819689692237,20.37164168147492
726.6571143305141,334.56618813055996,30.9776341303759,20.6650415099513
726.7087061770261,334.8233087808482,30.86719552809367,20.53352169308217
726.1386852550191,333.9845762985762,30.55847829312806,20.469433589465176
727.6914961850235,334.3532712456892,30.685659777845714,20.76748795488278
726.6707052243669,334.3440504200752,30.259822790086254,20.661692329497086
726.6838020461528,333.92386964502776,30.674564430413774,20.36933984646508
726.9254295093598,334.2016528613924,30.988806418863213,20.615779479581253
727.0569469136151,333.89615122638963,31.494233195397662,20.470191071921086
726.462869584079,334.43649321944656,31.49809768380021,20.29781356526136
726.8525327614352,334.28252392988696,31.911486735505555,20.504536893590448
726.7105413190973,333.6647411905742,31.11528468365794,20.136866292999912
727.2161711954539,333.47428090802805,30.91530732726139,20.4038969329104
726.6785230176544,333.32240396172995,31.24443167196171,20.579985499507295
727.1024385983967,333.2614651682203,31.603289510606764,20.48466700941824
726.8136481914087,332.8081073114653,31.116544634313385,20.435814170911094
726.9366941040633,332.7945423362029,31.285476433901025,20.178365261629814
726.7895913406642,333.86605649489127,30.701012460348576,20.52722069898319
726.7092542811056,332.91851886471096,30.991240076303278,20.541149647583943
726.5529346499941,332.69226708391307,31.286536840000267,20.692129732340632
726.7192065718574,333.23323125019135,31.27315542465272,20.76573530958168
727.3862418233672,332.5311670966755,31.702892576013838,20.644471561101966
726.1684186093283,332.391629877573,31.27449004626701,21.154006777185707
727.6700619189429,333.2133930919705,30.668659119329032,21.106481854242467
726.849097818027,332.92478388839726,31.099196349023586,20.294617471967907
727.9928109939391,332.7166750241439,30.402795111258705,20.323004138396065
729.384026850003,333.1946452362391,30.196745320899065,20.564816428362747
733.0965585592304,332.71012380699534,29.832254049813738,20.4408953529056
737.9473952846835,332.58343248759127,30.01279895980846,20.281129350127436
742.7507194653078,332.2081947552825,30.715017099414155,19.951606083131843
749.5145960886265,332.63889380852964,30.994998342217706,19.686608952818588
755.9483219071902,332.32055653389114,30.50020161994614,19.97380048894247
762.1492469252423,333.00113422538107,29.961957083109716,20.350282268171245
768.2679401266855,332.3396191948025,29.49475805815301,20.257279061353533
771.5412673432537,332.3629490323062,29.02284498854192,20.246745165498087
775.8861960119712,332.3705028232403,28.85624395298686,20.546294854538175
779.5555477091356,331.4896341748774,28.614852532229804,20.853275295299387
780.7621386406975,331.6252044810354,28.66320111611232,21.147290069908088
782.4010111214925,331.66631985174087,29.087328264889113,20.44592824024027
784.2722424757237,332.49777557022475,28.93068074769556,20.191953542240405
784.1182050673754,332.1551104849298,28.955087463558367,19.980814417805426
785.6035338846696,331.10283597714243,28.801689617483177,20.914668724556
785.2497955397968,331.4590385771177,29.015849448221783,21.093041172100715
786.0994745885329,331.2617017806439,29.195035085300162,21.423401845074018
786.86921189115,331.80771568195235,29.21888576597727,21.45042418760631
786.1984249604723,331.3133243578449,29.196146024885266,21.136012551382088
786.0696423695969,331.4046680740864,29.600782314858254,21.113974299311455
785.92156104486,332.0088046403068,30.46811165849612,21.12298775363213
785.4633637818198,331.78125390706913,29.798911530493413,21.032631260932373
785.065232101568,331.6527599892982,29.65862314129074,20.734016247944442
785.6778180446249,330.87922477129393,29.47082444033461,21.464889288628207
786.7526626682005,330.6403297136991,29.32329908020725,21.4586779461267
785.5216368885156,330.9617700048391,29.906511146779437,21.74608561906146
785.2402235431092,331.6651243630945,29.364069597617082,21.92438981530084
785.9848537488385,331.5703586121553,29.291310589013342,21.449700030405573
786.1621163800614,331.21590433156183,29.555319474307055,21.800433135068637
786.3433590609096,330.99827819985967,29.309372354116306,21.83768825758858
785.5552178643024,332.29466655216135,29.626460611664776,20.77115857752136
786.4228034539145,332.0471193685063,30.00206967154587,20.485202679996007
784.9756864278421,332.0462921664441,30.269975255367854,20.517181912000037
785.1340797734824,332.1507955319344,30.691851403023072,20.37985123412625
786.1509723168267,332.7995041905527,30.433372064320395,20.56735549148236
785.3489096433844,332.49359391246315,30.57369316620973,20.225761726715678
785.10583768065,332.41683424652297,30.935769136959703,20.18080361156305
784.1525398092573,332.134807691633,30.968595834868935,20.259348458231855
784.6597203202047,332.8998791567145,30.374161784171257,20.480577150154446
785.4064142367217,332.2890131078184,30.4866105810046,20.50978886792655
783.8081623446926,332.13493335546417,29.653458908520015,20.209130080017175
784.8488857890201,332.1325554089224,29.83673627447328,20.458465809826816
784.9747104023846,333.1169510862109,29.86283131115472,20.373919850910326
784.3008085614019,332.84679767411706,29.919206307931855,20.317548835341967
785.2904349710827,332.3080365101317,29.657841486197466,20.4580615903299
785.2011405453969,331.7012299626613,29.72878567530804,20.585342364103738
785.8402058311711,332.31082472309276,29.31625044448827,20.913724025491778
786.3848191061098,332.3945907751831,30.05812721950118,20.575293498712295
785.6509113907655,333.1140903315674,29.811914887776705,20.777102729831007
785.668545162415,332.8667209930661,29.955017239101643,20.539868414413363
786.0215252758718,332.4744303069571,29.823295908557796,20.4503099412601
785.9186759094296,332.4708926544224,30.247143096466083,20.354964856677327
784.842865187604,333.228613578795,29.89405505792415,20.141459753575738
785.5947917514511,333.15350089241167,30.159229163353743,20.354137729473887
785.9294876037131,332.7321536001433,30.071977427701675,20.17998684930423
785.6806751843345,332.3552051408722,30.202597424892986,20.636769127372034
785.6745690085015,332.9659441814854,30.75371718527333,21.20566115284288
784.9818980434076,332.50506801861286,31.20137165885323,20.90450879642846
784.2830689178016,333.2687198259228,30.63474072168009,21.35555927822127
785.2002931471093,333.04922949624904,30.496955165896928,20.883214721275422
785.0751083913339,333.1888986745659,30.797122741381678,20.81260923784304
784.4270907929376,333.2363357829822,30.67825131719473,20.77874853332377
785.2066860338977,333.0106099582084,31.062599739464854,20.954297613577353
784.2885776251103,333.2443337934821,31.599585862268782,20.8680837246062
784.4598114351076,333.06462783165864,30.885336326847835,20.99571239231838
784.5534349505585,332.61626479344733,30.341006690583875,20.614832100676114
784.4085639110081,332.70284761973386,30.306179931803968,20.891584867225788
784.4551283554465,333.09589098091084,30.305282130313476,20.977263043171988
784.9764066527631,332.73212685993553,30.398280683805176,21.024568952645033
785.1058697638301,332.68552220112093,30.332626113535063,21.070198396921
784.9991265799906,332.79181436782795,30.032475355722077,20.709445976501367
784.8198328625084,332.99176748111614,30.070542181069165,20.349767490927995
785.4849781761501,333.4518350221163,29.88101817442176,20.64430032522553
784.7493010885568,333.2982520954854,30.289072336066305,20.6376384254204
784.4415200298744,332.5776194982263,29.740939475670835,20.276985709362787
786.2132332435233,332.38829277750426,29.892778579912857,20.459000760384875
786.7862176496628,332.4080333348864,30.307799981981518,20.5898233628762
789.1619876428744,333.20029210746816,29.62433231458924,20.70585959254644
791.543669861823,333.1861045214231,30.283984424848704,20.39869894033765
795.5873631142648,332.76346277930446,30.187707291150524,20.601533582049463
799.6136591899444,332.71581004035846,30.201693051168085,19.986636306397607
801.6440276853028,332.69137726118794,30.80709327892672,19.73363262135527
805.7477901977293,332.9309294188678,30.342494374831876,19.913406393993014
810.084908132505,332.68597520668953,30.172179060395155,20.14365084907118
811.8253963425203,332.664628324296,30.18524789793296,19.578710367508858
815.3891089544505,332.2106428378688,29.437049358642778,20.18875708999897
815.8883539416539,332.3559309540282,29.61710426319572,20.235758081457853
818.284030476784,333.0144475002788,29.318669684298985,20.28900585081137
819.414282895387,332.6933474771917,29.672662747102194,19.955727486264642
819.1547122403172,333.23003962136806,29.123111253858983,20.10014381512991
819.43494367992,332.63822820163574,29.071936685657825,20.71751138315981
821.2246620180476,332.68615371703436,28.80848759637766,21.565165818346983
820.6748739851721,332.5954394435548,28.730101239757964,20.97573780602943
820.5813845603521,332.2678968415791,28.29522518808408,21.438210913313537
821.0873608615356,332.4963607399866,28.12859447940928,21.452792424121533
820.8828539919233,331.9852846340473,27.701971245252704,21.527434870375178
820.8583665725976,331.94790939807353,28.215006122232268,21.50775058926226
821.2571453660263,332.3977472106739,27.891856536082468,21.456255138889077
820.9530952266318,331.9602008671072,28.38027694665005,21.126603725451922
820.7953119178951,331.7842012135517,27.98369549378821,21.287553307745593
820.8799435015287,332.09472041763064,28.112388316358583,21.53002103791248
821.5302834639572,332.0309537007007,28.486768306090607,21.25369771746937
821.0878951538455,332.1005941241962,28.797904997019423,20.96393013298856
820.5755729205546,332.7890206906253,29.14079362282297,20.785974123467266
819.9417348413701,332.3407601506386,29.419183358462305,20.28340503258035
820.647492013093,332.5848400424149,28.950762493696235,21.00560649132208
820.8485893236618,332.3062578784991,29.048930626426618,20.9728107804917
821.100717276069,332.13567922051743,29.119460192574984,21.051942144115905
819.8507045662425,332.1549582452621,29.413329596831677,20.899094170124194
819.8224965762355,331.74291869813044,29.75051200436262,20.743403378847443
820.5078814442916,331.3362318573073,29.196711543725037,21.350695178374504
819.5793735679003,331.5134196927619,29.0496093308092,21.182706882462575
819.9093721129578,331.30428540517846,29.08815149774385,21.240766469439652
820.6155950935904,331.72643403529224,29.099750145548676,21.503992769736083
819.1029118727611,332.0378675983727,29.591641665027122,21.334790631854524
819.637459176618,331.65272730237797,29.656365922135627,21.22225359784455
820.5833639732253,332.4222946718152,29.178723256258575,21.199842253363926
819.9762582049485,331.90230686978896,29.865752690608822,21.11082303491437
819.4281821714866,332.46785763967614,29.811939590487015,21.33542854450977
819.7332735331698,331.80144892809466,28.939157488296452,21.214085038946607
820.1559934531449,331.92478564668954,29.432444407303095,21.50269802830094
819.2010509653484,331.354693188587,29.63297760486574,21.182209969919576
819.1512381991403,332.46903920441827,29.502253283647068,21.04825809061606
819.9608483874207,332.6227915377785,29.36949073179326,20.904675927486238
819.1386870365491,332.51756125250694,29.253468093761565,20.78752490263708
818.7027971118808,332.01254392100935,29.626996683770948,21.21811271342511
818.8405320578237,331.7092224304783,29.718774760797388,20.900988664248047
820.2465209429646,332.1013647013251,29.340697823645517,21.265285627376194
819.9522195739495,332.18006966148516,29.232282593974798,21.62764603128636
818.6328352324904,331.95459531460233,29.254049266547447,21.56661633721938
819.4697182122808,331.6323072335553,29.258973025213226,21.135605703506485
818.733726180217,331.7882297186557,29.55568212119354,21.013891488610998
819.782955793145,331.6703932436717,29.16518755407479,21.77484223198639
820.1466206320016,331.2056030750592,28.948761175216397,21.794335102971587
819.1192988685983,330.49219945532394,29.0042184246333,22.076400330418107
818.5159527681261,331.52199362003137,29.714365489602976,21.842749033702816
819.2891243364967,331.61762587255413,29.54875000159668,21.532562011953697
819.493332150428,332.2853231895212,29.57162410619034,21.470054607939034
819.7400664694629,331.47971005916645,29.528825442209058,20.922621410488055
819.0904534155014,332.0714406920854,29.486289603454004,21.14013525279683
819.7624976814405,331.828583734165,28.941739326313616,20.873330335954094
818.4491052929297,331.38824294187157,29.448619823626466,21.417160502522613
819.5165796747233,331.9668434570952,29.141055770351052,21.484816325560423
818.142202898725,332.564528163787,30.211429309835495,20.63453739083554
818.8840422906111,332.9207449314796,29.826655135743586,20.569660398800536
818.5568218537394,332.7050330136137,29.14306626724606,20.57943012934596
818.8116039336662,332.67131005863155,29.051729601155355,20.562983112736426
819.2648737654434,333.29228426295276,28.789622303495232,20.5957604988862
818.4314508475056,331.9361377767882,29.167954955777113,20.71499798453629
819.0723616838804,331.75819041355606,29.18706640566227,21.465198178606123
819.820931894585,331.83090217543395,29.163682774414312,21.389287074252955
818.7968316574186,332.1623604279577,29.69577914661243,20.989949341750243
819.6095088428879,331.8767359679362,29.744143704964713,20.915066090639268
818.8348546253605,332.7300082101864,29.713471170590353,20.440969707182575
819.0459533821212,332.6585464373851,29.600850347266118,20.464910550291535
819.4248884881333,332.364344329334,29.749450076381038,20.662291905389736
819.551037130755,332.1076811456201,29.746062160248616,20.9245252130394
818.389960029415,333.12719652250024,29.663605967497325,20.463016617901886
819.0115910560266,333.49887058451645,29.79769913220747,20.376253352763797
819.0744403243742,331.92079379054513,28.992854484500775,21.581481471307924
819.2102832404986,332.68586107306874,29.052103683427816,21.47077453954631
819.4967423150538,331.98911061696333,28.62671431680417,21.79830860719835
819.0420619578674,333.14616722654733,29.037192856685223,21.362765825461643
818.9579263671392,333.2106103601377,29.380346792825016,20.9380368809261
818.4564057612247,332.5317302277508,29.198532781952153,20.751473701333403
818.2963739400091,333.18738368012066,29.19096822909745,20.830079282670084
819.7495727188644,332.64953262877475,29.407704330749624,21.15959018176769
819.3737294542726,332.95298082011,29.62072300228622,20.914787694770997
819.2126810576622,333.1100992253252,29.5776784335553,20.880107128952314
818.6514534927059,333.4499210979051,29.453222872206588,20.5557540947186
819.7529774013201,333.08325457613665,29.659458692978696,20.632573208888353
819.5207763999183,334.0125388080399,30.09943089206818,20.91605048139479
819.0868402268263,333.8199981997804,29.76032694373463,21.47032635154398
819.2285920524733,332.71398375876186,29.455884499243297,20.968964644820772
820.0610308413973,333.11428884187154,29.486335633858708,20.96495017123597
819.5325997940902,333.93751263899975,29.382587648707688,20.638201029929046
820.0682959657602,333.8200108864172,28.9103999648295,20.331920808401975
819.9452916074534,334.28745979468073,28.900906457474658,20.97960725376913
820.1768561111622,334.2868261456349,29.039656033488267,21.386795683233206
820.4302306172746,334.06121894276794,29.113764238575474,20.87818630175481
820.6261166730834,333.5215670592607,29.34023236419386,20.787252169942644
820.7877740891578,334.79007176401615,30.25108212764888,20.042488625299946
819.4447492480198,334.6911214732404,30.62184255096799,19.814778128112252
819.7666275315336,334.57719295866434,29.959188959025777,20.22067655578962
820.1882749365025,334.58189390495284,30.165169428133197,20.468908110859758
820.7810444592609,335.1287852911195,30.14387491520141,20.517451693506782
821.1753507983486,334.8110330156298,30.153946237994838,20.846435812252466
821.134403444516,335.20021363343085,29.83104190152793,21.016960375104695
820.9147893236009,334.88085187374816,29.3252424939556,20.934888501479882
821.6783941920285,335.2569223083816,28.65084242468761,21.320388704486277
822.1986202689818,335.14817413226876,28.713418687414602,20.921825813032967
822.7077568462863,335.28676867845695,28.548507854659242,21.48033419275203
822.3314825634475,335.64734778384934,29.109883373509632,21.590152527777988
823.0880160899762,335.6132641487062,28.530087966951683,21.54910430009358
823.156266408563,336.1003876516847,28.83014343062347,21.709609448486958
823.3862970005649,336.7557707664174,29.67873953517089,21.30234836552497
822.8534171097139,336.80069590004535,30.057399502458054,21.251009281381908
822.8513098545576,336.5334812775235,29.666529929690245,21.292287219319633
822.5086736282213,337.06900030311755,30.084052953613835,21.25650591156262
822.6273214017516,337.0166761098546,29.66658618505849,21.112386087677507
822.3793252700327,337.4471226199197,29.520241722307613,21.160720617577027
822.7008916321113,336.99717309966275,29.674523360581112,21.174154823877647
822.5939029875062,336.6739021335767,29.876079211320743,21.99691987018269
823.6230839287053,336.8718306301882,29.729045644657447,22.117392642279476
824.3806535263924,336.9258092948688,29.468899888003953,22.542305426767836
824.1515473874432,337.92851406684616,30.378014180873148,22.344570886818587
823.6580789446132,338.24171251982955,30.71501242355449,22.418834865232164
822.6991459639117,338.2475219190623,31.44494279421334,22.291291075099416
823.5106952913413,338.4111710242766,31.118815937297313,22.777660996499094
823.1943108913787,337.7690082340837,31.408845363777072,22.650455247729894
824.1889709778434,337.46028551563285,31.15890662338108,22.67870012835339
823.5779794795984,338.58145416786067,31.45792999414994,21.82499130671635
823.7278916032164,338.46751467074887,31.76357217233267,22.63742252939069
823.813646765164,339.7307786556015,31.68068850139356,22.27960073835066
823.7159815319573,339.5624407808847,32.0445713068842,22.26751194901926
824.4206107572782,340.18263659015713,31.600438595816655,22.446095087668937
823.4809519040632,339.45076755903625,31.4114911025854,22.760609822273974
823.8665287341388,340.6067923836765,31.5403541674975,22.451632196385198
824.6318856712994,340.71898845242293,31.6298945713592,22.891852054112505
824.5488389889201,340.98149164269773,31.617663758256626,22.844643569232808
824.8389238047441,341.2659571394675,31.300930324843094,23.26411333300606
825.7134788106165,340.54738844088337,31.26009431994195,23.547961650508178
825.1019666804618,340.81206169971875,31.97251980152673,23.040853720798047
824.4967956772376,341.48822324635387,32.27015549245766,22.69736272458136
825.081245658469,342.14436433261767,32.18343257295592,22.725949263525287
824.1466654647505,342.2936882278945,32.13432356456467,23.210372990915992
825.0006429435948,342.66021969302267,32.44351805527086,23.132908164659767
824.453242562186,343.4897339622767,32.240513985629995,23.25733607089197
824.2045347283529,343.53601702659967,32.2890606931542,23.13775909163772
824.8522706207419,343.52109542352844,32.423848970593674,23.57700437020977
824.0606635767637,343.25516806999474,32.72718086593871,23.295479849162106
824.6500440583076,345.1111899467814,33.05697161965523,23.00752719628157
825.1778701624935,344.3325161940943,32.910989585405375,23.544633679545814
824.9354087889053,344.93367187592725,33.32700509403866,23.465675558754004
824.8367342000813,344.854316401371,33.04775252202804,23.78473814189206
824.4844809087627,344.6832126159482,32.826901286061606,23.46942118661843
824.9634918073531,345.3858004420813,32.19759421723633,23.767623258046058
824.7423215170695,345.1563877235796,31.974956353227405,24.31657590983889
825.5549392615857,345.4817026166105,31.98600295056734,24.183912155805217
824.9934304785447,345.2827537516828,32.660239383951115,23.717752046743925
825.5448310885636,346.65107030396706,33.56319406525016,23.514793182287736
824.6792181086189,346.6036413157416,34.009060284882345,23.5853375133013
825.6004637780625,346.17589467930185,33.94804484759868,24.12647594924
824.7557776136085,346.3474241701358,33.65034482791209,24.84913561838998
825.1421478009958,347.69423913353006,33.53182557063399,24.54411367042224
825.0718176605059,347.7634121054169,33.905981399981314,25.02209984039141
825.2186544417838,348.0453547398113,34.14775948804495,25.254335692055513
824.6340927535848,347.5243504436319,34.17451407095533,25.200362686513877
824.6372722371284,348.3054993421485,34.00383348757612,24.838095216323936
824.5347827783596,349.26734248705264,33.93037818813772,24.352118258028113
826.0561248492088,350.15996430151733,34.133703873099364,23.785536056596534
824.8726808023868,349.30727172069646,34.21596214496618,23.92640038236192
825.7915731096523,350.8323475343213,33.896653301385456,24.079541363373348
825.2579202670507,350.31633539572715,34.48008541066266,24.05592577754735
825.5632716019678,350.8428697333495,34.605810822817745,24.302383912948756
825.2091151275438,351.3940994373355,35.162157974718504,24.072309530001085
825.2565202672013,352.23969814893036,34.92584908502615,23.9292153201217
826.7292734189485,351.6579017489493,35.18211451767665,24.169567816090527
825.4929018935512,351.5799304906236,34.57842700931284,24.952682385602188
825.5794175033672,351.4640335789168,34.388098607448924,25.23582558813801
826.1394540846525,351.71142589539204,34.16683636797784,25.843480239512253
826.5186126112478,351.77202174964145,34.17771087791653,25.845297244139616
825.7694215613818,352.7016370582971,34.70089715254848,25.601560282033105
824.8674891708334,353.19731633882543,35.32484829362313,25.989287500166498
825.7775507624024,353.0321934461838,36.3944119333765,26.096077558349386
825.0276923863913,353.4694635817889,36.03576314966255,26.258096511267908
824.8689167808072,354.2262824157373,36.17519254073847,26.069459248682712
825.4771055883367,353.5624370999251,36.12529797030373,26.000457485096796
825.1240823828762,354.31445965674226,36.31493873919215,26.203358506029772
825.483383083632,355.05715215773495,35.96831863064349,26.262134823777046
824.6603408723556,355.1569580129697,36.45985142794464,25.54577700954396
825.3654149875557,356.7228098196507,37.24811037070107,25.134203362917788
824.4844045615545,356.34415983377204,38.634870154359504,24.413003564510586
824.8651794312245,356.70783905914584,38.70931096315325,24.85675204831046
823.7813806736649,356.4587770524334,38.88229447318376,25.65637149458901
823.6519787325205,357.06884070412315,38.60240582150263,26.11396330742044
823.9941023972931,356.4090378001118,39.180438360083414,25.898737949175803
823.4957856222209,357.4580338353243,38.441852789248415,26.184226189190838
823.1073271075237,357.0379530108894,38.1687658132107,26.7928038702557
822.864729844001,357.9971040726556,37.830366485352044,26.835741919109473
823.4301882535676,357.31985177962144,38.08139730282292,27.034765047467594
824.8264199739747,357.55850158454865,38.4857462532899,27.39957172032419
822.9641808061172,357.61867351862054,39.273930987015305,27.048526986792417
822.990930435672,357.89507927964667,38.87731028868723,28.017770136981444
823.5768204009935,358.0735051996559,38.53052545854227,28.19086086907971
823.3534208489745,357.3034414225747,38.73042477896913,28.497044841661165
823.0718073555078,357.93447333518,38.5422133866148,28.827187852197355
822.8773080277923,358.9365779090568,38.3013021094323,28.88129994200778
823.3821193602396,359.9672522772674,38.75914985202382,28.15779033217344
822.3905738018483,359.8889446782525,40.09147191391655,27.61895671438063
822.4272444285647,360.8520145082217,40.36626267475847,27.449722133330212
822.4365974344444,360.07073363741466,39.013503027401924,27.605028463796195
823.6502208656519,361.44837215019413,38.788071770150275,27.791139806843784
821.7202626316528,361.36690606934576,39.732288040928765,27.70442163918914
822.2611846476749,361.2489220692897,39.842277981815414,28.284963941736233
821.9862169285832,363.285858419835,40.7989891627681,27.924232205153693
823.014793114391,362.20958448525835,41.18815780174208,28.43501912898685
821.5165586205608,363.43216502283434,42.20559021980715,28.47783555856504
822.8074472445011,362.22979759781947,42.31348067364768,28.534298561823565
822.3858604141499,364.4871055770856,42.11603317288916,28.042104440144406
822.1225802723507,364.04333422172846,42.005900634508194,28.107694271429786
821.1828323738148,365.1204870698283,42.344840239181735,28.107315663013907
822.3958894767311,365.2483503749395,43.242428845544026,28.559117763156735
821.7148325951449,364.9347908115644,42.9380000786567,28.425762088843424
821.8191862560125,365.8517221847848,42.60059783518949,28.57667703138266
822.1519889460216,366.0629145161393,42.264374189304164,28.8634988901848
822.8376377718229,367.27591560449724,41.97830855712598,28.67864852316132
823.4284817489585,366.67047383088203,41.76574700618646,29.0720622351104
823.1600876561754,368.44003934414854,42.77656625268685,29.307378172841204
822.5414131127476,368.17327493746814,43.390373626781425,29.16168642898925
823.5501555778877,368.687479949335,43.17360867292625,29.528292002598974
823.0154546057438,369.7150469611139,43.017428494411405,29.596693373709726
823.0025967330128,369.2206708874009,42.71875072905499,30.487442401905504
825.6652345745887,370.42523647205064,43.22821806882182,30.463283328095432
823.9154880073772,371.13334917001487,43.44393801942216,30.537303870468072
824.1269254344015,372.3743356326956,43.26301670224163,30.493121577354557
825.7400324861904,372.7653956947956,43.57730967683452,30.413958070033154
825.4253901990263,373.83195892520473,43.883012525804006,29.76886621519472
824.8086734945249,374.70860321798784,43.6760599971159,29.744239047589666
824.6249180912201,373.9989316228574,42.89598791512224,30.71941477287902
825.2263145209465,375.15617569237014,43.70121068829886,30.359716391582047
826.6571773731301,376.10756964309104,44.20478444720382,30.485279797055576
825.998165833152,376.8780662541126,44.55916296300833,30.27167724578887
825.3834700258209,377.7374796097799,44.78791537745993,30.52567248536676
825.5085354461698,378.44997131001566,44.92080270258874,30.585259349711457
827.1715070151553,380.08739506902026,44.786660635785076,30.156869551505146
826.1599326460329,381.08432972196925,45.260239051992954,29.84213342241067
825.6215721555816,381.5889535061531,45.508809700921674,29.599396698273686
827.4749564516219,382.9584010520115,45.89904170774844,29.649605591389616
826.7642803083071,383.91372211785705,45.58405978970423,30.1361151683014
826.460666250258,384.27306356811573,45.65325388394814,29.833432961820506
827.8626127207768,384.2597231261846,45.46895074851336,29.72955663642945
827.4704717217099,386.2367863217698,45.18758252196153,29.814652008869963
828.5562208999936,386.489068698268,45.41787073117486,30.269342533984016
828.3056180837439,387.28526328143397,45.49707506143193,31.076240353049503
827.6487197134455,387.9357667639497,45.550911746677485,30.62894064195096
829.8703746058854,389.1326004048404,45.38225587338819,30.603646038926236
829.0970135831792,390.63832967521995,46.36862237471046,30.090618465498046
828.2490525323514,391.5716906831727,46.43062011132248,30.232862895515538
828.0311753829386,392.09230994685737,46.52995780801332,30.590370620206038
829.2286236226986,393.7999559073658,47.26925832518205,30.497045347290985
828.5943204865273,394.6322032628732,47.83053526469617,30.092836132987998
828.4697739292751,395.54607551725735,47.9933128292906,30.272842850644846
828.9094491296561,396.33654587651586,47.95905329461733,30.446657152269346
828.6912626397735,397.17156334242645,48.18754862352558,30.305503174236954
829.6187781151443,398.53953217270447,47.667730737931315,30.526500680993514
829.5477346092787,399.18841385141667,47.83130930515962,30.32204720287212
830.2618967481617,399.9173292833461,48.39817779358321,30.322130691430242
829.7383459441716,400.840603672366,49.030417633079466,30.123271375098476
828.4707986709232,401.7162019513518,49.108969926082054,30.084081028407677
829.493699729255,402.77341306751094,49.176401137283946,30.195631925361948
829.3631221702944,404.58123688590007,48.91523664031767,30.2461308053836
830.3800070712938,404.4119790850656,49.17782661576962,31.146984938069895
830.3028433200567,405.82634554076964,49.76027288359805,31.096290289982672
829.946977059319,406.08876250704907,50.19644010866177,31.31108747381405
829.952597303921,406.04769595768477,49.82011276595352,31.652039169144146
830.1284168738882,407.593291315158,49.916048688532555,31.795501927098037
830.2523362244766,408.46782709176637,50.50885547943258,31.6548811442594
831.1204953801689,409.0338883820972,50.36953967430428,32.2242445550757
831.4082450719604,410.3900708039341,50.68236687601387,31.814264087927825
829.6481203428262,413.01473543113576,51.20064246686603,30.706835372922686
831.4143382563615,413.98876845006055,51.1297077613165,30.522685827535227
829.7783451169657,415.1625600767276,50.84147546749125,30.243576151700587
831.2610938992549,414.69797493292646,50.8551117472887,30.366253097380067
832.1059010224725,416.12574629408084,50.037840206580185,30.770755188227497
830.921662609107,416.41394600090587,50.842292584916315,31.045413780863996
832.3183193763507,418.0305048616901,50.265153176100384,31.3771642710418
833.7490817645413,417.86786122354147,50.100009014953486,31.991574903681368
833.9837535944689,418.8429210873085,49.82627473093282,32.1483334567869
834.9256206901391,419.70500765887834,49.46705175766323,32.57673866752906
834.605334812156,418.8023219607642,48.55476206152689,34.070483808245186
836.1225312091319,419.94693422080366,48.328310465924034,34.394862641666556
835.2711495854876,419.96927221367946,48.50261178007665,35.190342257416404
835.0018457748249,419.95290772383197,48.50998173956354,36.02587254812749
837.3675402673593,420.0214523756531,49.06919734586428,36.93292382180147
835.9776689667162,422.50381758897663,50.02089279081651,36.51184020759339
835.8673087500484,422.45274041874086,49.67290546000345,37.0384090337579
835.7626880990116,422.20148450896164,49.17887054509343,37.90852740377144
838.4653932801509,421.4891591061503,48.414033207564515,39.73383574399354
837.0153615281713,425.5297274883588,49.13334300363784,40.35871456642947
838.1900780990205,422.6978732973631,49.5032847570353,42.07564989620528
836.9045210450412,425.1778443823356,50.559152354488326,41.726879925509564
838.5895052327371,423.0071788389338,49.37054565435882,43.57805817646724
838.7279140530754,425.5884730946664,49.46441791241162,44.26431467003742
838.2204017523015,426.089356297506,48.51136771537551,45.94089895138514
839.257619027936,426.0662181946864,50.03418505619632,46.86630307669829
837.9180701702005,427.34939795344064,50.75761563356767,47.30910312416181
838.510566057304,426.47769012032404,51.90348137469564,47.66690141502119
839.5730685043458,427.8064042674596,51.63106072343301,48.90976432520253
839.191046007951,428.48813290229924,52.05794751309769,49.852429835369406
838.2156352716129,428.6932612467151,52.90358335783648,50.442606710723844
840.038348611085,429.679345147252,52.87466683170889,50.71304674160503
841.5275214450033,429.88894631597793,53.4486337764058,50.94895482294962
839.7031349082176,430.41743897260415,53.819411740419156,51.61000604209927
840.8869740079857,431.46564138699074,54.39838333069325,52.172067790855934
839.9814980772618,431.36461026367533,54.56307421534963,52.87094825214175
840.1445800758364,433.5997739912196,54.394727865061355,53.14738784112055
841.8373820624411,433.53595162850627,54.64342317011132,53.27529979931543
840.0483414873834,434.195142731493,55.21484934242824,53.288611123424715
841.6028234612024,435.1823353324907,55.59401596424823,54.04129291514262
842.2463511782734,435.7261931546823,56.15909165841746,54.2140909340514
841.6367223315489,436.6465890576359,56.412394273264596,54.64205194148353
840.6858716996645,437.0399295970201,56.3529383343127,54.83044628643253
841.132069322965,438.17766554930824,57.048326662769725,55.25828701727797
842.4088921048467,439.2835504211723,57.9095361023632,55.625545879964626
844.185879105132,440.1946062388586,57.648681532334706,56.47180973668802
842.3921390093991,440.9752105169327,56.92200328416418,58.258682054029265
845.0239264779052,440.55414880419715,57.01258579496702,58.484385329697126
843.7592663807487,441.45210472322026,58.290826906791,59.499888210278826
845.5368051242344,441.71067891645066,59.279948409687705,60.01102580404262
842.9197170034565,443.234431192571,57.544199724485715,61.120229015473925
846.0739451246606,444.4021340061925,58.45988555666254,62.2308385077835
847.3107206603141,443.5561454012528,58.70590130740739,63.017479397262555
846.9843006010512,444.914232263284,59.2770923013109,63.134188315946126
847.1062081965632,446.39041728568174,59.73163832826246,63.257133985033164
848.2285751927675,446.91113747402176,59.372219277260264,64.25159372431997
848.8866583068038,449.23251208419697,61.10759175501333,64.59097360095441
847.8501653325845,449.75748427384156,62.28488368604175,64.15818119729693
849.5108021193702,451.90408916371985,63.525391042035814,64.26417376434205
848.1217086354652,451.86104475386725,63.80384766125877,64.18996332760337
849.5617515180065,454.59781342014685,64.4265256443451,64.93219957750264
850.6774737157198,454.61783853812403,65.82680083815191,64.83862028017126
848.3994736139741,457.5792754156021,66.58838318351957,65.03380902140032
849.5342153857346,457.37115839609504,67.14840746775745,65.16136107646676
850.127886432171,459.3326628364464,67.43806596902363,65.56606473162213
849.6086961056183,460.74028194639106,67.1875578100639,66.55020657574349
852.1156793372526,461.0209523880546,68.34448167806369,66.75350846747517
852.3351624296714,463.6257379210946,69.01894647009354,67.12393017254388
851.9660742810049,463.5356586606249,70.15329520151808,67.18192340098173
852.2010502270209,465.8666459508256,70.59006537827281,66.85693107079395
853.1084175116863,467.86421184703426,71.20402911025744,66.01042369854268
852.8121636588944,469.42091811206757,71.65822230048879,65.63933361339184
853.3302325028502,469.3217679773968,71.60077702495373,65.59637465056998
852.4391583632623,470.98399198754095,72.09020975466055,65.49758552386687
852.8122351565187,472.5366182058933,72.87864402825514,66.55895191116718
853.0977487478312,473.1305491963277,72.92823882486657,66.20879315829535
853.3061169853062,476.12941021554025,73.86330136114725,66.73544035967734
854.2217322186501,478.34641858143954,74.11872579596394,67.0045586414591
854.2528694934358,478.5818717317346,74.07198351553515,67.316567694644
854.9729102074834,479.87043422369106,74.34942971538467,67.6950310514903
856.5208578431138,480.79960349967575,74.48007262542883,67.70234255731364
858.5632674351194,482.0082781752189,76.19863393076697,67.1704868423586
856.4345146044766,484.7783572819964,76.33598044288274,67.25963160731919
858.1953135567805,485.2371645612319,76.40734194226663,68.38380729581169
858.4112754591872,486.48333387158254,76.38567133440802,69.1346863817908
858.200990551099,487.0495131862731,77.07143562623519,69.52107067137784
858.5981470369584,486.0557548145536,77.49926248987404,70.78322320659534
862.6342232061482,488.8602828850268,79.12069936200454,70.3536366510678
860.3254625762519,489.96209600117675,79.76951759025751,70.08138794886578
861.3238624568606,492.31583743882146,80.66837131529184,70.235560785704
860.9322059757219,495.9180506223669,82.1932558827748,69.67449789441278
863.2767703210934,496.2657804327207,83.24562375498954,69.70325741709571
862.1389767938336,497.814989279124,82.75241031245409,70.53222886918667
865.015140496155,499.60663616914667,82.53379815591907,71.36196332934519
865.2860928378723,501.2381387078585,82.71627480011368,71.24693178936647
865.9918858166886,501.93122410073704,82.75501647729244,71.59904201519089
865.9103847724467,502.18026548630684,82.52513326823943,72.94393390683206
866.5527397296088,505.50337221291613,84.47437730670451,72.1729669784242
865.9644039133481,505.77892905180954,85.07432637691285,73.06447226674005
865.0418927708357,507.6344650481288,84.16224283460616,73.84037832814819
866.702429942398,507.39338129822835,83.66973695003874,74.58139357122187
867.6581204575917,508.7336288386067,84.04875833206572,74.77615407518186
871.2620350310608,511.9260399790738,85.17753234980042,74.43749630688205
868.0754691052863,514.3228635451239,85.40804697570249,74.92274884442887
869.9415763183632,518.8636680926833,86.34869174144323,74.47873778703001
863.78142711725,524.5580192237917,89.14500714196052,72.50113781973495
850.7106514738094,533.3952558920801,90.90558842762113,71.13154844006749
840.1374620436926,538.2193149179326,91.84788098414384,70.56973982134589
847.3673419942498,538.4304687933528,92.99800915981162,69.09274123264531
859.2839048428409,540.3523381706428,96.35065540476816,66.2294022654913
855.0498273773276,541.6956811547343,99.49869238535533,64.19350567738188
857.0541233674152,541.0644788666252,101.31680395361141,63.09698705680747
832.4669242698765,549.2753646314349,103.53200796533932,61.623756214749065
852.7086537881114,546.6726937708322,104.81465458072478,60.80040092209945
858.2573330048965,553.7269001611766,106.85436680297742,59.57992187248982
852.7132256214138,551.7491831153884,108.33534375408578,58.94127265489264
867.0729719798813,553.004277114508,109.32365094864983,59.609263920721915
870.8695445890728,553.336691941005,107.94351508771942,61.27491102859214
872.9336545605939,549.5521272262216,105.8179802147149,64.06510550256206
876.4773630253189,552.2054130018994,106.42132103672975,64.43710422174487
874.7965314407401,558.1633902552711,107.9839610544898,64.04596145969143
869.8519515157121,557.2669090110851,109.06947577057356,64.69495894218875
872.4715675690534,560.5062826965238,109.9888358880122,65.13262392482699
873.7890484294137,561.2047887159954,108.751901468126,66.03936240086793
873.3350160187205,560.9159984280725,107.32387047957597,68.06588551878994
879.4210663696936,559.2771077676017,105.90379728922659,71.09727271212418
876.9052241347573,557.0642748834741,104.78035137274654,73.96035515308589
878.4935509594143,558.2258955269449,104.12316436199767,75.59744459086062
880.899570742983,560.446514385273,103.13997649468938,77.10971620495393
881.4478551415948,560.5920055962182,102.60138877132198,78.00749895125337
881.0621278840787,562.820010442877,103.48292796160663,79.48226585400519
884.0086092180048,561.4830019972436,104.24827761446372,81.29913624373083
880.552669214077,567.0211814468213,105.55466646097284,81.94389341055448
883.1782521419501,565.6936509386392,107.51819939673065,83.14510999885621
881.829598390028,570.261998096555,108.87156139733987,83.72466800998994
882.7678730837183,566.5006637679411,108.48888155303479,86.00462941471531
882.2003214877598,564.0645630657407,107.95945494453696,88.46284270571269
885.2569343656311,570.3961625171769,109.86950647150907,88.71124582310411
883.3798303467538,573.5218604701142,110.61698586012423,90.62047060662135
882.8713467418952,573.5435942296469,111.21346939126215,92.56212612584802
885.0980037306308,573.3996016041609,111.57024547879328,94.39596797185939
886.6226896537299,570.2754294097563,112.83615883843618,96.81749866285361
886.6014815787413,571.626600710603,111.79807212071478,100.56319940756526
885.927368939253,573.7034584864375,112.80319214313383,102.9968757092289
885.1801010379775,575.0449795113745,112.70098805749383,105.906891291801
886.3370116090055,576.4565254713991,112.81046861221523,108.53410197261252
887.3414025264454,578.9380635763164,114.8717942373572,109.98131600401928
888.6668367994436,577.0838219074575,116.63897455000351,111.80532780605444
888.5196550860169,574.1340612526623,116.81066076986369,115.09699188831947
892.4300461472991,577.702029747408,117.89674853560496,115.2704144493041
892.2808191589909,578.7661759935122,118.07500014968394,116.86681382492395
891.6835011237295,579.5910166888024,117.73115474628416,118.22278891513292
890.9656133374627,585.337681738415,121.82640493009998,116.10120011076852
888.5325049259884,585.5895762956699,123.16055230839208,116.74798258096033
892.9246515678124,594.3073107275529,126.65535181344049,115.57561148025569
891.0708246971972,587.1783976876627,127.87514058351016,118.17267668051963
891.62116717969,589.2539660767209,128.73468978371605,119.79239532919146
890.2075526911972,590.310127544089,129.61004343168412,121.32862147435037
894.9478192255422,595.3933524230011,131.6211485465878,121.81364666922371
891.7867126139336,597.9845906404273,132.60486413110257,123.05281206100103
890.9461104735246,590.8510523705482,133.54478612766067,123.6076216787622
893.4966628306329,594.5396658921896,133.85277908495308,125.56077984360917
889.9830043174784,595.3944720498474,135.18515888210538,126.50829133238605
893.8032108255735,598.742344077801,136.35201686963842,128.2944789628802
893.1835462282384,606.0622272419515,137.4142551661526,129.5905475192228
895.8633306244307,598.9298834190772,138.29944688707363,131.52741057238097
896.0165731907516,601.7051410901005,138.85517482959256,133.152638810199
898.4392589236347,607.418498238052,140.63245017245063,133.62358953809957
898.2620177497945,602.2147253925191,140.8602543960609,136.73339620023498
898.0303152073426,604.2166416914592,143.29338044062817,136.42685211553814
899.1421381871191,607.1288226091567,144.6100055248526,136.542180870048
901.1313589299905,615.2243287384755,146.40269507777577,136.2417163637909
899.2948817664474,601.2466326382861,146.12349000010727,138.00239115694305
900.145920198171,612.4000698796774,147.71410603636394,138.14888009273943
900.0244061552615,615.5929092169614,149.65691124849508,137.36433333421775
901.6807045307132,615.3797030856335,150.88339034903214,137.27363584517218
903.2113093370475,610.1519535208221,150.92003678113292,138.32314914258058
906.4542435229885,604.6737209118584,149.75598342313654,140.41901484268587
905.0495758077502,610.6920460960299,150.13424781059854,141.20020600418886
908.7908179555932,606.1694760422854,150.11880834523478,142.58971981468073
906.682341004257,607.2737090145199,151.17467354284432,142.33429041691906
908.4971757796651,621.6102098191802,152.9929753360222,142.25524670859932
907.8024587057674,624.622511271022,154.75043115082119,141.4401741584619
910.1854888467831,612.8770084254172,154.502117794144,142.43568309979352
909.4039980142979,623.5618705988677,155.89393463355566,142.31498219039256
913.1189005143685,616.2009541538102,154.98801536034298,143.82221070276083
915.0278581614373,611.7823069159919,155.0378776521888,144.82198219484667
914.5477340904013,616.9660983614808,156.24618415805625,144.84065266080222
916.3103261291452,619.4681910038189,156.93097293899723,144.78116952456372
917.5927767358598,627.1043715039453,157.89925601550024,144.64280644148613
919.7030173550213,611.6869236930734,158.18996137690885,144.5392083345924
919.6660394280756,616.397568092111,159.0795114867244,144.3120170554379
916.0398575866991,641.142501731754,160.8738315941906,143.3338151203902
921.8101235343711,621.6416644961098,161.98127275945447,142.80672677429575
920.5474333987512,619.3425528716439,161.90424962836565,143.24783790164574
921.4489181986116,614.5093844953476,162.09778850776308,143.70549164032215
920.3904953818021,600.7285407489628,162.24389942592043,143.42247927347256
925.6021290618608,622.9484191807142,162.5560332193678,143.35935510039974
919.060235683938,588.645647570018,162.858358259515,142.44410059229975
930.6988074369845,594.7264587916964,162.59986862305087,141.82422238112068
925.3182643161524,598.7937438750839,163.01809655020088,140.49218774825056
919.3306089671045,604.9737900038483,162.92536830786707,140.2273589718621
925.4167074762938,586.7280182642994,162.93956693463005,140.04846559182894
931.0321944643445,587.4745228917003,163.49938351639014,138.97234189181762
929.557300236355,583.248203898542,164.22414441118113,137.88493413991398
927.3129998085885,586.758106126133,164.52532060698513,136.17363092832335
926.5036277436999,576.5991563408311,165.3919783953814,134.58991344875628
929.5688857784446,582.1127290906992,166.11690055831377,133.27330109110994
939.6168837233664,587.7575207449866,166.3981629692515,132.53056989435174
935.0013783353081,581.4473290194566,166.91894005701363,131.6631861258682
932.7132356760641,581.1603973611523,166.92072195371813,131.6610087572998
911.898723477821,583.2012589202308,162.71758540049734,135.8752155478954
946.9223897272522,584.0321378173367,163.060877901635,135.47997360470436
896.6174273696829,587.9708058896098,156.30202820271097,142.9993001722553
900.5304201304741,591.9191822931912,147.85242139616676,153.073689180278
901.4784779449641,579.631737783692,138.5544569741571,162.55940678966942
917.4153048250155,580.9323524809819,133.7572554693033,166.83164054892873
914.1859289104096,577.9324614702988,128.53948218254826,170.14664459521254
901.8943620051324,572.1290826351322,120.48511141546605,175.22165873908685
901.4732096469688,575.4405535434424,110.20160264760135,183.22080726212724
914.0783049360288,569.2951902373883,101.58378687111721,188.8698789059738
913.2584394234475,567.767433921272,96.03745699082313,192.64507584101332
908.5463889701113,571.8932932982278,90.03409722702449,195.13108997436967
918.5802982921628,568.0882235633723,86.24130871902973,196.88676395946158
918.1470369788432,560.5612651584634,81.80579315292002,197.34510162194056
929.5440778831096,569.8566828829152,80.45991729226303,194.10177460351792
928.6621711853339,566.269229522321,78.41601312609265,190.43406428979415
933.3669546896273,570.3047670875849,77.7446119729136,188.9138219076795
934.477833470422,572.6461303234641,77.69061955185768,186.99282849103562
941.9573047388864,569.8070857783978,78.45033927689175,184.4359760986244
943.0143829382218,566.386661690935,78.23686687728245,181.90821961351588
950.9409961177549,564.5735651253935,78.9861872101107,180.27193582351728
953.939106729109,564.6605923829062,80.0461622001713,179.3613958868343
946.9838435376931,564.785099353113,82.55215424309814,176.2387101763249
951.0742454855606,567.9968134090633,82.75630289252915,177.57201977346975
954.5575017536082,564.2123402798161,85.64072724608235,175.24960956376344
951.9933528981238,563.6764376184037,86.44309531532765,174.1002568589393
956.6788839111136,571.4389549958687,86.78562581864485,173.05449494641647
960.7137180218583,571.3385051164872,88.54739089335897,171.37315011823483
976.1552357065574,570.4041606080762,89.65682149686126,169.35303040779272
976.267670839461,576.4567962410429,92.36941904454602,166.21872261994753
977.647834000906,572.7804594838151,96.7850599381476,157.8763973932533
976.9869321068645,580.9587185099524,102.24666332110978,153.71974468216519
975.9340548581711,579.9812859580553,106.5126312889555,149.1901441868992
976.5255897658545,589.3766591063713,107.8145301358507,149.5546656057212
978.4788192648639,586.1369356076619,108.55386028425539,150.39612785048507
983.9712165259616,595.6453072492526,109.97241849948658,150.9378982086612
990.5043895703077,606.4241183091048,110.32472113058195,152.13620222115898
987.9465728114014,610.0554871580398,110.45428687648294,152.35542815778
988.9672821442788,607.1614443302045,110.82221097653625,153.4372283367659
988.6820876052514,615.950752291358,109.98431717857642,156.49615704641704
985.5268813311872,624.9322702404482,108.44247199812821,160.45258144486735
984.3276162747344,625.5378311644349,107.18544114072735,163.05999993159543
985.5137627948807,648.3601208446514,102.87282534366757,170.6331520469926
988.611317115092,665.8127219441855,97.75712820989762,180.0498645207761
996.8464468537117,652.4988052759422,90.26466147252661,194.66675635183026
997.623575196154,646.1199832785796,88.3354042810025,199.35832216052046
1010.0546651848429,652.1435903689139,86.42899670352702,205.7855189905941
1006.3574546989752,674.0618514900647,83.80068398690786,211.9330932753922
1011.9196740687096,677.3420189180212,79.68830493600709,222.1541133236539
1018.3067985095115,677.4463070818699,78.95766281252094,227.95379629237362
1024.584477495162,655.4699029085361,79.25777073019691,233.7982405338165
1021.362104054701,658.4191813408876,80.19018612537079,237.51242704679922
1016.1130748649142,689.516628459326,81.06763808252002,246.18974045152407
1012.5681048610181,685.5675974321575,83.28997764933317,250.573705768953
1004.0721877119047,702.7127258475643,87.29833054039446,251.93706679702603
995.8006144348188,724.7468369414547,91.94607990828686,250.48573837755586
993.6919598147133,760.7714372741453,96.48447653868233,245.7160634690105
976.7028713829219,749.1658486874026,100.87664723771442,242.71322086710558
974.2645412029923,759.6684001668782,107.34119238131855,236.55311531415998
961.5488618322801,764.5959061450465,110.99020821197635,231.94589083340958
953.4986305206598,797.6780896280053,116.57705331965289,220.87369839752108
944.761884604827,795.024419478894,118.76299041041273,214.44892390387366
940.1427174270231,808.0944176247065,122.44028245721324,204.34125717157474
930.7183338601795,817.6269096399918,129.09816500075127,191.16970289716878
916.1904039165488,827.9906951237848,136.8036754617432,180.6095799734059
907.5747576595778,833.0846858038268,141.87070425040454,173.32471555477392
898.58542476624,841.1647847841831,149.55146506881846,166.5977832800966
886.6390711489059,846.1582030894165,156.3393043683059,160.74970389848124
882.7027380852845,854.6546121210368,160.85588114198737,156.57580883176135
879.8626872548721,871.2911184943945,168.14288575977469,148.81933851973855
862.0289881057403,881.8155565587584,175.2193950809877,142.33182847224847
865.0413134661796,891.6737291146943,178.92479540075823,138.99120815285704
866.8551083431013,892.8788370381544,180.6361143192477,137.562177861395
865.5070179520388,891.2457974876819,181.39745644876194,137.08183085684064
870.5563473691157,916.1467128782795,188.28988075974982,129.95226798946388
880.1353405823804,925.8173893580895,195.62483523593016,122.36538966973654
872.385984129213,933.501859469982,201.9263645332561,117.13465402053639
852.2588252622174,925.8710926502262,203.5027304545034,116.06572043592699
854.9628120483922,926.8914483745323,203.33823470350404,116.16123182667025
873.3988038008132,936.2357721349671,205.22955304802713,115.07596450904764
883.8250606942482,950.0593288225484,210.70379478483872,111.05419064194162
781.4370641998275,844.4735666271949,204.10875505883627,116.01006256682822
797.1758565711235,758.4778018057517,189.97006611397396,127.21874003686315
803.7169270771592,746.6288791084314,169.13191790738338,143.22618912260484
820.4923803101424,739.9206075300841,152.9581629306748,154.62188209771998
821.3500054801389,736.2851073766815,139.3067372443074,166.5704713441918
819.6335252759658,741.9457769899976,129.98819656927958,175.12425800256932
830.8740264881059,737.4474336900357,120.25578461435967,185.28034613848104
827.886479939704,742.2323709788302,115.21487219511114,187.74885123008144
833.6307380943543,752.0532651849284,107.87705311710339,198.43735456593205
837.885331499083,751.0744857387776,103.95050933971984,204.96728160322246
838.0047110296103,763.8774988256948,98.53609252948925,212.57537438690758
849.9819677897876,751.2962308097973,98.07065562351457,214.62566676635896
843.766640071999,770.5987837183861,95.48041033277354,219.38123676094895
848.316891465185,754.1483230403226,94.36542266404662,222.2825910852157
842.8429361538034,781.2535438615007,93.61802174048425,223.51572625560362
841.9933966424321,782.2824457886275,95.0389215945255,222.07558089725308
840.4686039831656,784.4929055652032,96.4524694441483,219.3765509591606
843.5659529053335,789.8563858412997,98.58353720955398,214.46336880738855
841.5213109231346,789.3937569142676,100.56326688318018,210.4884200955959
844.4349700374698,774.5756747834675,102.88972005496127,205.1017762822448
839.8865312368847,777.282788981273,105.91423809421144,199.68426740531027
836.1089315861278,782.3958044613594,107.79619673410416,195.68703292722364
841.1279653705705,790.8047475012445,109.81803421740383,191.28626015159173
841.8606215115111,785.9565959943237,113.17684341074238,183.6164895570348
849.5616321109907,789.8835971619262,117.24544332079192,174.40197782623054
850.9495136961523,788.4671219837844,119.3148496946887,168.9093018092231
851.0077883136989,790.0230568331692,122.29774103424135,160.85735146775326
852.7593905881453,788.7932795971648,124.94948805776704,153.75659843701564
852.9649157869804,787.7742391070196,126.87285428798054,146.90074898212515
854.9441866965418,785.4550033964424,128.37984810957434,138.6253410087484
852.992226354478,785.0739763458816,129.03110351240622,131.49850484345131
845.9497091403355,781.0927507591091,131.0360788891775,122.48492757461369
851.396923103152,780.9289048979361,130.5585268027781,116.27742871468422
846.1082973638199,772.7152623660114,130.9145010445036,109.73950000289894
841.2046286567047,769.4979767339362,133.09439228411242,101.9959325341392
837.4220664293656,764.0577212446902,134.0453514326993,96.00716555852952
831.7223333591089,760.8546807770934,133.99938872494607,92.46792350330571
828.4348636172027,756.949883217155,132.94857194502552,89.85003220350482
823.300111801683,754.1224711151864,132.79393464588927,84.68534976223935
815.9231924155774,751.4529178187456,132.4401054951267,80.60403380110492
811.0606713381076,745.5148613345362,130.94118581992726,78.24823511028282
803.0968609134235,737.5894542632801,130.72912962156607,74.55436007432833
794.0421655139385,733.3403219790438,129.4056781658974,72.82796090836503
788.5073010698538,726.8156410641731,128.0638260146378,70.86911064856778
776.2057666555064,725.3118075059889,126.9098815224099,68.02916252293176
771.279967052465,721.771916419705,126.39037744174942,65.5403955393105
759.6610131080738,717.5799634315749,124.07635204195776,62.4653314456854
748.9674996572644,714.5288454176666,121.85421375192624,60.36113703832153
742.9356770200728,709.7219798128755,121.19226641308916,57.3896259764803
731.6618236769135,706.2284989015893,118.61127665775726,56.221871307353496
716.8006266940189,702.385172238877,116.7041864469108,53.75848782094958
710.0140126455032,697.550218249149,114.55988810809029,52.12267642479506
695.8152200588705,695.6178180507555,113.6136183771808,49.26983785216075
685.0572752751941,692.3955356117972,111.33398334736567,47.146999890416666
679.5864728912769,689.4853932614001,109.58790787075426,46.515323550714086
669.5071711660858,683.7969247976431,107.70089326388546,45.002682612627495
667.189309355805,680.0988485189033,105.73066795942867,43.788053500490435
664.2192937980577,676.6037406209058,103.65688128775284,43.267887597876964
662.269120356918,673.5675160365518,102.37754829942676,41.92463966880687
662.5517502299747,669.5132158186594,101.45848843534394,40.290697837745626
664.4003318716049,665.1174919760466,100.40028265254143,39.46506578816919
667.2615197166281,662.2596073771873,99.16490456686509,38.879337049638835
668.5580405370011,659.3914672991145,98.10168003045843,37.62286322324058
673.0588988375948,654.0010216042976,95.9729411628833,37.33886947340908
674.665148499399,650.6668517265634,94.65712362485826,36.899571346644755
679.7835847888948,646.1072658141526,92.92504230563233,36.5790163419377
681.250150441427,642.7852273270138,91.93678683694043,35.969104096549664
685.9187707037279,638.6658970711239,89.96176564598738,35.91658018297537
689.7702074840569,635.3323251333256,88.71981194235438,35.87246421665293
691.9924549624578,633.2738676195368,87.72226742119094,35.36982043304313
693.2861772779662,630.7442681840394,87.12543660834282,34.87139687132906
696.5167160306663,626.7128659087942,85.68573857376785,34.75924605377745
696.9201164898059,623.8949341444421,85.15767111758387,34.09166376644167
699.9340133709666,621.7587574790725,84.08458688513939,33.467782584851705
700.6973422674679,618.8052541933669,83.05150621482491,33.03007928306344
704.8270410518256,614.2672090387834,81.17018424577984,33.657720457403606
705.2079264881951,612.3002512668584,80.41997776750003,32.780990420962
707.8985586484911,610.1298389616412,79.05992554789081,32.52014285884997
709.8585499020035,607.5713573210851,78.1610261573974,31.960240562264595
710.4235261887701,604.7240688587384,77.17685337235828,31.770207787708525
710.3673120981016,602.6798082373717,76.3578243917919,31.38349738295053
712.4285100263669,600.1355862339566,75.65648289851197,31.298502840739125
712.1446859988633,598.9386894541974,75.07238289233887,31.2214721586193
712.9616223323233,595.9704521551403,74.85028950989624,30.647658518208168
713.2744189429958,594.7799323148382,74.64175672336964,30.16075562717228
713.0583775548471,594.0138004072903,73.96639759750629,30.180786661811503
713.5417571883513,591.0640248875126,72.65628431395544,30.00943630747651
714.4716554260053,591.1347769278354,72.64554110231154,29.36442479150903
714.1434570870784,589.373822941256,71.66069956757991,29.08287168983881
715.0693614398692,588.1733778971839,71.06044868899417,29.340121975050437
714.927846764774,587.4237815289072,70.93911717859841,28.798537028345656
715.0423350755249,586.0804835224758,70.69052312436835,28.691056360071446
713.851798611575,585.4156590027428,70.1710294743568,28.463572797799344
714.4114382568621,584.8328246284549,69.96646773882868,28.00634702084723
714.2412378055499,583.733427602983,69.79436573274653,27.660043005460913
714.2672525502768,582.3379779167504,68.42700967182795,27.787618737102704
713.4613597563633,582.6794328086488,68.4903532535439,27.38206969062972
713.2780325421462,581.851988574766,68.13187074626711,27.152788699052397
712.1463021337524,581.3129656288174,68.07895225435408,27.044928657569578
711.8809074997132,581.6269051330964,68.08375610268246,26.927907707940854
711.9326778182793,580.0499733006881,67.12396053028561,27.034961222611216
710.9786303436156,580.8252448816755,66.80073652895987,26.702661421155675
711.0629120423924,580.3943511518777,66.6910598121583,26.456618594725427
710.4476850379849,581.1865237191087,66.67360916265575,26.309708014363437
710.0511068179993,581.9753976741537,66.40954597810754,26.374845670031146
709.3784068090771,582.7312020379483,66.5423802162661,26.405297556074068
708.5205709052962,584.2545158874607,66.70448091882474,26.595269302392417
708.3048858701396,586.434643422456,66.92237020364863,26.52181127906317
707.1342559292444,589.4545806035391,66.3412668041889,26.719518646785822
706.8610985153284,591.1518803221232,66.17698077905479,27.22155545725235
706.2164760213155,594.3000661289954,66.49904968733047,27.19875819577265
705.2192449376448,597.1540866812273,66.4326242795222,26.81504742120373
705.5056897484938,600.4390424356494,66.21323889833721,26.900916704595815
705.0434013990598,602.8707299356181,66.47874200597282,26.858570890907224
704.2274866958624,605.7304627898858,66.71306064538484,26.850530009947427
703.4263680924414,608.9328218760529,66.35392941064481,26.877369969784905
703.0841491134673,609.8957826649977,66.51281318844784,26.84809214971557
702.767667166944,611.4381895288807,66.33338484669225,27.023418364118747
702.6465348638773,613.7698078164159,66.6549983000958,26.758413772233183
703.2001054317407,613.661286654403,66.67505597971468,26.607596524086667
701.7526543180088,615.5595278197952,66.26604842858345,26.733765245777164
701.4148698211446,615.2930960459053,66.14132755300324,26.8950443185167
701.1435296677618,615.9386007726373,66.11919043118027,26.777600848824832
701.0884370464321,616.2555410307332,66.33602868617483,26.802311245451982
699.508380390152,617.3045969396215,66.55494174238751,26.712269658159272
699.3382517300411,617.2609293663111,66.92365224690104,26.5068797185682
698.7747716515167,617.2443867242987,66.82409532268892,26.722933082636747
697.3855051149028,618.6064319960716,67.23554580009156,26.674572290677922
697.3001701629016,617.0537999575039,67.45504677579848,26.97419447824111
696.235103418307,617.8395925031915,67.16425369409554,26.97309891266087
696.1214575263209,616.8152258082742,67.00962055083296,26.6674259456838
696.23824714617,618.1152235827996,66.78841480698185,26.42268933828369
696.1605241628943,618.0270727424573,66.65829846689077,26.413043302731985
696.8645542098775,618.9555746231982,66.55471821034186,26.352576344495624
695.8777370311045,619.827025141484,66.75385696623373,25.877852221185638
694.699818570246,619.8107356188335,66.47437894654458,25.736582846104994
695.5712214969506,620.1685711824581,66.46834002753025,25.365635420332865
695.1116087668088,621.2610033488774,66.94621425290109,24.832958911743713
694.790818313211,621.6687016637965,67.02222039489105,24.74557061177368
694.2635392135967,620.572757199905,67.17499697552456,24.855428051137963
695.120197562454,621.0468375730155,67.24077556990142,24.804768713970738
693.3769342117729,622.2408099395733,66.96480460776573,24.852606413411415
694.3153538248546,622.9560197386082,66.36432231710353,24.75720390041692
694.9504276816742,622.8556594782684,66.00732556963158,24.68253531601494
695.4262371633536,623.1658859301822,65.84641318118972,24.536390873138373
693.5918695569678,624.0506184654597,66.12740921244261,24.691194644326696
693.3207636034012,625.1900611274037,66.31911767490428,24.314131291378295
694.5358698777476,626.6926605638643,65.8348606411193,24.754945630661275
694.6219562273396,624.8970971696011,65.69236268244353,24.66312454511825
694.0316273174636,625.4987884577178,65.50835916625039,24.872814674153872
694.7625420490626,626.9324441911353,65.40786068907522,24.79279640304329
695.3139004834331,628.0231054944912,65.12376217751572,24.879798171483998
695.2455728733754,628.4387542477257,64.95227917612894,24.83156872588995
694.9525728972525,629.159855250106,64.71866084367254,24.83125827214704
695.3429764065679,629.9534870871631,64.89413983816809,24.718250159861512
694.567533540041,631.5489344677122,65.09772575699765,24.097533669103292
693.3505184232182,631.4581167291085,65.32590372051683,24.0113282542342
693.4992400194405,632.4227772959227,65.55675825041189,24.08239049768109
694.5167730076348,633.4318891213111,65.21549927990556,24.22645384374565
694.6028327604059,631.4220528816122,66.20222662952686,24.21017661611215
694.8916284875486,633.9596885865272,66.18816222287576,24.502657281477394
695.2042500388415,635.4605115753461,65.3680027676603,24.91402142423165
695.3781654146148,635.6398864149327,65.5408526224788,24.926392168137017
695.8973895956434,636.4504413295887,66.05392341592389,24.650510772434078
696.1461002827813,637.7805043394377,65.94989531977015,24.50056379555211
695.4990813432935,638.7040700452,66.21497714310449,24.30961765338344
695.7309614861612,639.49915328978,65.78874919810431,24.76450965306909
695.8848393657145,639.4604218180514,65.97976221565298,24.610661513686352
696.0761526555531,639.8320197828103,66.06125915325056,24.84315422047153
696.2033759428341,641.1808571556202,65.75855360726553,24.946664129087694
696.5242809728518,642.7949373145209,65.82199571779302,24.859205820487173
698.3066078885768,642.6362765333882,65.84378149587056,25.154234308695933
698.050087997992,642.6609964609601,65.82784590949409,25.271786238720964
697.1055948723687,643.8341499108491,65.82910263517459,25.154039071380126
697.1752693321329,644.9171702877214,65.6875354880456,25.391494106209713
697.5163157773593,646.3232804069416,65.5758445045599,25.425458121461872
698.5974914133612,647.9504865394302,65.78470285398544,25.573863344201204
699.2887531166607,647.1130511554886,65.58054026720316,25.98562168628044
700.3964695201347,648.0822413467007,65.01731948399012,26.117205474312108
700.3891613878108,649.6682762016245,64.97914410475032,26.002918652876986
701.5725975101135,650.4024245041486,65.28186924745863,25.95361897795123
702.4353639893304,651.8065042372546,64.72816479740175,26.37543354318759
702.6331426429501,652.5917864583386,64.39554078612764,25.971812770338865
703.0739648055928,654.4961154243852,64.90940761120245,26.169409511249704
704.4220388797015,655.2020459728137,64.88418889490025,26.777363859338877
705.3029008633902,654.604295562208,65.11808994659636,26.975931279919504
707.1355711035075,656.5728279605501,64.66584870761865,27.354237042927686
708.3761677146592,658.1907159953272,64.41807013527841,27.87671621667473
709.4180133420773,659.1607464238555,64.55515877622476,28.075173693053358
710.4994257387938,660.3898426808103,64.59211683114987,27.91064420404617
712.0800447039225,661.9679761742461,64.31449916303852,27.741116852641944
714.6180595968158,662.3491656723703,64.05979563305034,28.551723386293027
715.6513340500462,663.7250347940242,64.02225082357424,28.390419932642892
717.4390115738001,664.1826357871486,63.97429889229264,28.58845282398055
718.9334145179065,666.7098963917995,63.65139490341774,29.210326077264153
720.7427577493334,666.9041276417461,63.53573993279733,29.330409870152828
721.9699863199127,669.398590039263,62.712976035619114,30.06303267872611
723.2642007562694,670.2286683060363,61.549227515116705,31.63852859192628
724.8202270901696,670.8135933181162,61.11255626935886,32.31404754912799
728.9091341751713,672.43246284003,62.08404267461201,32.21325089192762
731.1889478136015,674.5680749819643,61.94287672053581,31.896829836437313
732.855131306719,676.1659991625611,61.82588181987211,31.96710882318983
735.6054807550014,677.6308188841597,61.72626591586113,32.18498300799875
737.4337264146756,679.3044039363995,61.91044661265663,31.854403737183098
740.091589242023,681.3839078167532,61.32690489121981,32.268898993901
743.4678409224459,682.0681138764289,60.79110256110509,32.56218724247714
747.1137871505389,683.2535669004575,60.65972684381079,33.17315756771106
750.224805936636,684.7949989271785,61.33707329337563,32.69912778093148
753.9807652263097,684.0614846789522,60.85940115873033,33.28806583615723
756.9427210157343,685.8811784497539,61.12564890071248,33.4915544904615
761.326619453288,686.6702263499161,60.50505165634236,34.25660239169042
764.8179502236751,686.8360342207973,60.08093427450378,34.16288184064378
768.3459764195767,686.8516209287988,59.01330046180219,35.36455873782759
773.0962696972704,687.1534362249574,58.38627767289435,35.63027965174341
777.5999304867521,687.1361485767136,58.1415388728614,35.62873473838815
781.1452063136425,688.5885130854332,57.570597147211785,36.404465458726776
785.4910919879334,686.8982952522474,56.903755798935165,37.80966125216586
790.1366306400281,686.6390061564755,56.32013222246798,38.48081349115602
794.9559158518832,685.2646880905008,56.623511643118135,37.98330771255226
799.6940617894959,687.554238525908,55.71850501569545,38.341036885530585
804.4772192396375,686.0315625465277,55.31493082280966,38.92922241095696
809.4366310361246,685.0703113115212,54.44356778586578,39.714482325351575
815.1662489607469,685.4108979043752,53.34277424313967,41.21751681748479
819.6249878003,684.8679918489116,53.40158726685338,41.68279963439788
825.1016740027427,684.8415437902306,52.39103159628188,42.40683666095501
830.3348248056515,682.5857349188947,51.18046061943161,43.80980896447896
836.9216308577879,680.413554026303,50.13218134749506,44.26898741531147
843.2433654424785,679.6919223915793,49.554155217054245,43.757654999753825
848.0420545308806,679.4680900780029,48.09611267257442,44.755856199839954
853.4672546279646,678.7962816970592,46.735340316541155,44.66335710078823
860.2686855456865,678.8917430794796,45.94614482478642,44.304860749840955
865.823019659992,679.3404132385402,44.642229899703125,44.09763624116048
872.3170601891859,678.9857534466067,43.61463716071246,43.59993423097996
877.7393040265969,678.97032985357,42.57958628398615,43.63382892058444
883.6657681932529,679.4531364802469,41.47235115746114,43.49285838506879
890.8737368070085,680.1828417490661,40.510206501971524,42.991076455180284
896.3082511308903,682.1050404709573,39.95049258199096,42.06533106904564
902.9742363811556,684.2457953723309,39.2825273610016,41.84378926098842
907.8306034992784,685.9822887403994,38.16503753240976,42.411272648142315
915.2736881631299,685.40128932815,38.10635233556606,41.6569767786944
920.9844943132651,686.3856146176395,36.527101485490846,42.44872482604301
927.5215279855755,686.6257293613369,35.274001815125544,43.05026254007188
933.9741170625977,688.0001689196603,34.509212149850825,42.66621105632905
939.7454235663009,689.3158146374462,33.43235937346222,42.397982479338765
946.176860578471,689.535475442934,32.92513911193966,42.249802139954426
952.8306205161858,691.7300078679591,31.808281620543106,41.45208808374272
959.0830732125672,693.3511712855155,30.883437186642503,41.50947104553532
964.9286784067444,694.4754230144789,30.211211592904768,40.837768530029614
971.784675461941,695.0303223717693,29.011344405119086,42.438803841785436
977.9922353059297,695.802133691638,28.113793305398552,43.1699164143741
984.9733298280372,697.103480437957,27.01804598786808,44.34324344862195
991.8522530441362,698.7419028127941,25.638941773687776,45.231792051456225
997.7353877684211,700.3158186557978,25.05712628935128,45.189939092789665
1004.5646447090118,700.0757288061221,23.777076153287165,46.41950128802111
1011.0580096126471,702.9854845206385,22.275769434090392,47.90309235227464
1017.2622907686203,701.2116566081392,20.974031997021637,49.45163163731809
1025.5448145965702,703.3607688430149,20.220884479977176,50.22617204107141
1029.7881788880843,701.1048653619695,19.524372819708624,50.362369605274
1034.2530792213133,703.6037167431406,19.33139046684945,49.877389335149644
1042.0586044092865,705.0227220003615,18.724249201925673,50.389869867613356
1047.6201164502554,707.7268900376517,18.105183822075638,50.57489993912064
1051.9876760563418,710.145505153892,17.88289820517844,50.05268502264957
1057.003962950323,716.217502317755,17.960930610758716,50.286662344093514
1063.5611589345958,717.6007852908842,17.919537642762418,50.071302748161514
1066.598249054049,716.1073941877487,17.741140828233924,49.60488842885897
1073.2156058644937,722.3350954316461,17.503441253059663,49.51923691762655
1079.3154761638448,725.1328355589266,16.542535989134947,49.99738747284964
1084.7838152902063,729.5204794004146,16.112316018882808,49.904979237810394
1090.9416588724416,734.9571515222152,15.631852052349313,49.569332786262606
1095.5529884746811,738.4333367953458,16.665262984894117,48.12185172822162
1099.985555593001,745.3000770893461,16.399848749474994,48.283706337669585
1105.9206324176964,750.581283449651,16.876253670945857,47.30426709728463
1109.1585602389882,756.7589040437691,17.680984747875375,46.29706935082082
1112.0066549296753,760.3965772075495,17.529574667191003,46.6992280395869
1116.2414333637641,767.1966921604665,17.908689712159983,45.7045260115606
1122.8196870850932,776.0539755863791,17.443822169709417,46.05711690509658
1124.8085717251797,780.3097894334655,18.09884488553893,45.01065959437704
1130.473915940112,786.9576282648825,17.351602004685585,45.41418923745141
1136.6086675464699,795.163603960953,16.818206618202396,45.84456496323043
1139.9083676653436,798.0360632472651,17.411819094841015,44.718251527477314
1143.088809741698,805.6293525313503,17.60604825771447,44.16029406068656
1147.8190440917688,810.8185770780933,18.28947279945546,43.31966387589193
1152.947633910599,817.676376121196,18.471138796255094,42.90072525929096
1155.9549032239725,820.7658020146234,18.89167020735032,42.29295797179515
1158.655655629757,828.1229847876385,19.208893938109362,41.487317210616006
1163.794130315709,831.848709023653,19.277283387615938,40.73332366793902
1170.1463076780065,837.1205118403045,19.162302251583142,40.35399034298555
1173.0078317058685,839.839533235794,19.25304594772086,40.20910179166106
1177.8841721151978,840.9810817819505,18.980174890109723,39.909391811965726
1183.314981643546,844.7906378506798,18.483956147744088,40.27293615338891
1186.8447431323873,845.6999132793278,18.866218982439666,39.636577264057024
1192.226754211097,847.5473861970383,19.73206819342835,38.541952483094406
1193.6355303545513,851.2502933847115,20.09508269423938,38.35949053999917
1200.5671155387502,852.5389495213582,20.092843722325913,38.20532403773243
1203.4018288648945,853.0169722743007,20.590867498046308,37.46611827748825
1209.1424208425537,853.9042228181103,20.10068085718092,37.46897488735591
1213.6078076093936,856.6096419055411,19.663382283828305,37.97356868881246
1218.056610323264,858.9626925832054,19.131727440499287,38.77071507136865
1223.937519963944,862.3707522676683,18.823405092122993,38.991680758747705
1226.474436298627,863.0631805727805,19.33280625606935,38.647042024957564
1233.6746938201509,867.3600442720635,19.033600035653805,39.33481353538818
1237.2198666848633,866.3334120893222,20.09113867512527,38.49979822443337
1242.678350028071,869.5105017864174,19.943463866456717,38.588548098126175
1247.913872389088,872.2122191249538,19.62933004072371,38.911431303591414
1252.8634493917916,874.4681746250163,19.54907328263093,39.39672222302187
1257.2033354961964,875.7312929829251,19.865040056975875,39.39429494018787
1261.6677836709594,877.8588092930705,19.76165659349742,39.58731091151064
1267.9625773185692,880.2522405434897,20.227644669066073,39.59549474017065
1273.2371740305193,881.229886330633,20.649984066821126,39.45250194060318
1278.9413053936987,884.6520179465145,20.317201801582893,40.091935646401254
1282.7851003487683,885.669743755977,20.78545848720803,39.7404276567411
1286.461708120892,886.9632444414008,21.107668949278036,39.9527615272113
1285.5868097364416,890.0702172416449,21.380497906593785,40.27737107198697
1287.0446200271151,891.8046257850174,21.645457941244196,40.65745430338745
1282.8901873207515,891.4282055523614,21.985701623167117,40.95174783218748
1277.5821982365699,894.327303738521,22.28034686001162,40.811448455412815
1271.4161160017775,893.9175479154953,22.05230396265324,41.632763574917234
1262.4466581750562,895.1237283708335,22.644009685675748,41.38590521245852
1252.5969241289508,894.3256303030983,23.732431940484496,41.23856547165505
1241.8845176428742,894.7836399983474,25.064915887368915,40.916509286971014
1226.9439454442286,894.7606949841708,25.13637171654481,40.94925238029342
1216.041302546853,894.4579639435417,24.817256418766767,42.24952097772217
1202.2241629472182,894.2850058856365,25.479699527948476,41.92333923176581
1189.6718745233352,894.833423469257,25.66306513303891,42.2678037414198
1176.3527173227894,894.1390403157965,26.085208269482067,42.40748414517326
1161.1468609039803,893.1039369726514,26.87285761527899,42.33896698121308
1148.6345539583222,895.0195705814689,27.326024134158573,42.771256720823
1136.3906168343792,894.7049282560487,28.29542952523299,42.51771420892073
1119.113495303959,893.5516883109451,28.261987954725576,42.25825371903145
1106.292275006223,893.9179705205778,28.909978934719437,42.14330452269709
1092.8745092263628,895.4912876537038,29.22749558660273,41.90116907198154
1080.9928059744543,894.9479180518224,28.802812719692202,42.18588057341283
1066.8621364029748,894.8213136395984,29.063331702739163,42.20154149360774
1051.8062265986657,895.6379914962251,29.77732225557123,42.13688978941025
1040.8832362991811,896.5957014741787,30.121025480272607,42.38546056951092
1024.9961710079072,895.4494395968292,30.267525829055984,42.47538217615389
1011.2380939353334,896.9916253901375,30.9378090025239,42.58362133019891
1000.1653349645519,896.345536985517,32.42796576854964,42.749042544232694
987.0056712207688,898.1811228698477,32.015474103283736,43.72278826366943
974.0690597911075,898.8087799048598,32.88672285677156,43.754394621921406
959.6887989742909,897.7706148731563,32.911444700976105,43.581658332483975
944.7554696905366,900.3800550837909,32.734672940115296,43.93288966277134
935.3278817390479,900.068230240124,32.747950878615235,43.82125621373743
921.9460141038825,899.7572446051832,32.81665021449787,44.112418069231936
914.7300690453818,901.8098021561613,33.72877447761742,43.941112009252905
904.1294708633814,901.5740406740841,33.35228834650107,43.66176611650024
899.5397951380205,902.4384603463379,33.41879246903672,43.1100029925051
897.6628085794171,903.4532318669505,33.75444898353673,42.91871023070646
894.4571061911097,903.913500190379,33.99139859428847,43.09477578531135
894.7411126966327,903.9565915381287,33.83922820576099,43.587522990934964
896.8848536117785,905.4298356896993,34.45298720112268,43.04096969488903
900.049057112557,905.6595836619713,35.044150645580025,43.120678347818384
902.7130732627659,906.5386454660389,35.698384771248485,42.847498367994234
907.202105908972,906.3496084600681,36.06823989662191,42.57050755869248
913.8179351215834,908.0172497164336,36.199600460961996,42.75521096019182
919.7886559331912,906.494008207821,36.70892444748785,42.6966760769501
925.194059212317,905.4139842290251,36.69580732710243,42.57843638538722
930.3571894586776,905.1573352034256,37.10360521450826,42.051706937387365
936.906777381228,905.8680496597095,37.43171265645557,41.492612574246536
943.6955426976392,904.0862965277939,37.427935380566765,41.83200179744366
948.673863458912,903.7480922649937,38.3516477856336,41.911075938125784
957.0499849452676,901.9729142576766,38.44256544219474,41.34183022622802
963.1373154526501,901.2595117138333,38.470792916199315,41.413850229190245
969.9894956252992,900.8753313535955,38.42709999033459,41.312813488251585
977.5830055720498,897.9871065216441,38.82982371103023,40.83919877913778
984.5862961909874,896.5889358747313,38.542963313609405,40.43443733935135
990.214726975138,895.802807857491,39.250959800422905,39.566265593680825
996.6824584144402,893.8637942052374,39.83539915112731,39.42292534829167
1002.9755205667664,891.6460680710609,39.642500516336,39.4142309834965
1008.8299812977448,890.2455821591489,40.47921237041911,38.90971851242927
1015.3490582671986,888.4236467851998,40.408673559075,38.460900223004316
1023.3934352985711,886.2788771073606,40.36714163378103,38.459485465676224
1029.0319075253392,884.1126607351939,40.59157810065505,37.59966843507665
1037.017088801483,881.3620343929895,40.85281344875826,37.38390919092712
1044.5681001155365,879.6594686134008,40.20549510531906,36.830486005383975
1050.5760564468187,877.7918340437545,40.119890784734736,36.44391085298948
1057.1831078715322,874.5695927200345,40.236526956608955,36.447255232912426
1062.5911743596498,871.8627352027556,40.09658817135298,36.53402543943687
1069.8416832375303,870.4852737852478,40.20444759759851,36.5346174009631
1076.6449407741595,866.1921371416894,40.07655019249219,36.20308215536512
1083.170513934428,863.6451177290072,40.35330285114202,35.536706380357124
1090.956184250085,861.5425465398282,39.936563316935136,35.75914268876895
1096.6985429204508,857.7381419697331,39.855989309638446,35.21695562076817
1104.3714189477466,855.2332288244132,40.2783065223199,34.70055396035811
1108.279159993025,852.3554065256563,40.81573924194373,33.649695261973406
1114.6656778295496,848.9044808927604,40.93260186906518,33.41423602285213
1120.9284316282315,847.5285905884562,41.629639895481205,32.863759093618775
1126.3776104405642,843.5625000020092,41.00685504760971,33.43730197992193
1134.8864211144926,839.1585339502225,40.85147163005082,33.32480771478198
1140.8318865843576,837.7969340876546,40.91650477876081,32.84655852252903
1146.5480593299983,833.8713654987315,40.111643609073894,32.359138457028024
1153.1015023335615,831.8734440692161,39.79579611513105,32.02232731673012
1159.8758468025312,829.3683205661081,39.50755372565342,31.359349396951245
1167.4530377699127,823.5493485003672,38.367022956661806,32.04201799284961
1172.5229799651797,820.4400166773262,38.26128678237564,31.999470243668007
1179.2532201200256,816.3530145456688,36.684582183743146,32.465763287195124
1186.0160878845259,812.1867191445303,36.09074095711095,33.83811801693182
1191.338286943934,808.4091333968032,36.36959208298472,33.50785965322454
1198.636594017657,803.3133255149759,35.13447009252094,34.16334451172784
1203.5168928342334,799.6550948359462,34.81619232936316,34.31286088916581
1209.990486223589,794.5918006298924,34.58714615276385,34.36619090131007
1213.5625243744946,790.5238110320156,34.207732593567684,34.61529780549883
1219.4482883349435,786.5811865280563,34.111954451417105,34.661616683412696
1225.4605073226235,783.7459267027468,34.98145454063241,32.944392860978496
1229.1903866721,783.8446166574906,35.01950191391447,31.788892665026296
1234.2288633009418,780.835784619675,35.078846835857334,30.31045583810007
1239.2423956837258,779.1153728061255,34.34403461087784,29.46816646242198
1245.7165221806333,778.0888317811558,33.842102150815,27.815541915986923
1248.98558327275,776.3150358528707,32.57619914764245,26.981430872624237
1252.4082398390042,776.1345560511531,32.25257829113511,26.290636001419514
1261.5164596913498,773.7576704633972,31.55964665834324,25.893476772268208
1264.4378499059835,773.4831124500206,30.58672210981335,25.8551976674334
1269.247748685891,772.3153400790665,29.27639949506643,26.784818565957973
1274.7893146802842,773.3062661073745,28.68730894915152,27.00507036256746
1280.6203382256174,775.1114541608284,28.231957415125592,27.14006702787658
1283.3564683398504,780.343511320646,27.35456870765556,28.368866717335504
1286.3082073484134,772.556086399032,28.04533898535999,27.73275617238004
1290.7100674044734,783.3613699607548,27.813548804880444,28.08108568589726
1294.0179062678346,784.0275903985676,27.40929399838533,28.794144611907523
1304.0125245187498,776.6667658842997,27.086099824435482,29.36612113220359
1299.2341795551479,790.7201736936121,27.29451552068258,29.262116945463397
1306.297982143872,786.8930818228312,27.310120754305675,29.458681496809227
1301.9430509580131,795.5952337057142,28.114998175004473,28.673180755335228
1312.7514867478085,799.2387810921331,28.809672921097604,27.89628600614865
1316.991804880968,793.4136037060999,29.604396762200437,27.27837505403277
1317.4604946100171,798.7681108560716,30.419848643938085,26.653081914977886
1323.1362703522323,795.9312964135185,29.344603311851714,27.51119194403578
1336.9496835464747,791.6492532641789,29.723361640163464,27.033549269326237
1344.777218456801,792.6954732975852,29.81400409978445,26.95591761888032
1353.0973716615604,790.2490988397406,29.785578946369423,26.986063823845694
1353.4878123874053,792.3909348464857,29.15629894333469,27.365041918692597
1348.4105015445061,790.0006147268685,29.426483068097557,27.195854963713142
1360.0711036817672,791.9660067739547,29.894854370357727,26.634709074115445
1362.4529159306903,790.9047020516912,30.131900782393117,26.46360518742
1371.5479350886053,790.4931416294005,30.368929269541674,26.265251909000106
1371.8525926202346,794.8723219001417,30.000780783026272,26.550151941858537
1376.1362635711262,795.2255287495218,29.982298477495547,26.567516192908442
1383.809346119703,793.1900529151471,29.971056170869318,26.57592113161628
1392.3318903489132,789.8702269168679,30.259429473923444,25.730418022584047
1393.6081161878813,786.9918497727446,30.631335925488813,24.787480061532463
1390.4804054400258,793.9854138264702,30.44238524407532,24.88811287937422
1396.60688664238,796.9514131401831,30.417046778881165,24.908208806849416
1402.1160096763106,795.5062369416588,31.056564192160327,24.511130679072135
1392.962704960222,824.0425384840428,31.455865045846377,23.98853827545654
1384.0562094624192,835.4678893844482,30.96893882038245,24.189910907018728
1381.5007522549663,834.2582429586878,30.71561497311163,24.39401406318109
1374.3050350812036,841.3920536325503,29.124281261860368,26.050599449159886
1377.9153164240568,841.9266679662122,27.609501466473684,27.55231866734923
1403.889989805452,831.6785209615098,27.36369169098803,27.840904317989608
1421.35439344263,836.600852232885,27.658688890509048,27.608260360444024
1431.9996002235116,837.8807296129861,25.985714598765217,29.268483455924407
1428.9359698806384,837.3498948931567,27.039046928341048,28.461164977682948
1432.4620129474824,836.4686702614094,26.95420160504726,28.533491517598065
1456.2383055173702,822.1029855229032,26.158475290955344,29.345305330548214
1468.9466210825976,820.7178873655159,26.155426008644806,29.349452498670324
1465.7016301799629,820.566786745949,25.59420074833243,29.84901324011971
1466.9908168633494,829.8041772424928,24.911916816182767,30.4954404379503
1472.581970511669,824.9001709630735,22.553152114453425,32.86006405788501
1466.277965719843,825.896789453758,20.734133995773703,34.445464914879636
1476.572036382713,828.3155884474716,19.77480164525386,35.41725127346086
1477.1429267205679,858.7718687213967,19.372134956035783,35.62091692189952
1477.6152477881612,870.388928443548,18.691057020058263,36.00805335223067
1470.9564587138384,892.7593867109745,18.702523832949748,35.99745679418453
1443.3226963598845,916.9127821026157,19.014894121912132,36.18275051407589
1446.3018161482078,921.6049487432786,19.46568975110688,35.327758930443025
1448.414548510087,924.4581115707834,19.909918974187082,34.69054939100336
1453.8126590608367,919.0674442129325,20.20756135993065,34.39986643702738
1457.9043120463696,921.757463719454,20.511858576426402,34.1139722451514
1454.1383006307046,925.2379154592203,20.75052403547214,33.91439078710323
1455.3472155438917,921.4790778593149,20.69580069827955,33.97226383618765
1464.2845225454553,920.5703369481791,21.240925464683823,33.34527572971771
1459.5037306596585,918.4513971854918,21.275419163645438,33.31375370479942
1455.768397809846,920.5538863005526,21.215320760334635,33.37785229886614
1446.3093929228141,932.8579329608176,20.16646690219632,34.48167876288202
1443.4686947887144,935.2319361863032,19.12987372566282,35.64909522832312
1449.2526863611304,924.3332974605669,18.766139962850257,36.11157958897537
1440.2842691625003,933.2561138445367,18.485221903445133,36.365558103384465
1432.9500970127476,942.5154778706936,18.7332065914391,36.13586966288706
1441.7869271243358,943.6127419331829,18.678482906959328,36.20087565846823
1439.6226459078366,942.5926659310376,19.38206131400253,35.45041925669196
1443.1668130730127,940.6636067686318,19.171298566444424,35.67710790926235
1448.4487040368522,936.0511367049324,18.95240532589909,35.920280382242126
1455.228466231955,935.2675724164336,18.94678833010246,35.926316940158664
1435.31684547568,950.2808281352743,19.08005028942977,35.78258367020177
1430.90011072628,956.0614155256429,18.20461647554719,36.596408889464506
1425.0739757088475,953.2447435065676,16.76207030252644,38.04400721152019
1429.0687796408426,952.9252616780359,18.14043099780094,36.63772569799039
1435.5501491231016,947.8037202334122,16.483845330707425,38.3337123347965
1445.7809109155473,946.2121087705165,15.26766781515218,39.55742421894668
1447.1661401626093,942.8561094404313,16.542716752058563,38.139746060269275
1444.1627586164732,949.7436116493399,16.5177725574959,38.1640294384727
1438.1618323258738,953.9991965053014,15.54060978835295,39.14032081663744
1440.821297844368,950.5824698917542,15.023371714011015,39.643482295685146
1447.4863354998738,944.7364073668815,15.635665864058836,38.975848968355294
1452.652946305019,946.4711752016884,16.294942651595672,38.168593619862605
1454.1085468913845,950.3663119381584,16.39337096685574,38.057485987071516
1438.0133428141664,941.9697825299664,14.05183484638977,40.57176386626061
1419.5759890085696,943.4125810760156,15.077757057192521,39.476663004287836
1408.2038825124475,950.7936012492253,13.790807787474051,40.763269584748336
1380.7239498753554,946.1804922350394,13.79015517835729,40.76393123952379
1364.0292783767968,938.6328358336025,13.99849079022084,40.50446098423127
1345.9422801521212,934.418900982473,15.646955470773317,38.55311163131437
1334.9036995641702,937.0756196149846,17.207513176826467,37.0079820521432
1320.2863025892038,931.506506231145,18.674860608814924,35.83929830499092
1306.2136624133243,932.4090789080075,19.222612502932463,35.34912749769839
1286.703946324549,925.9981307385252,20.505663149721265,34.200002184441246
1266.103420916215,920.3754678722545,20.0229867019847,34.51030174815953
1249.7177585628717,912.968307367276,20.664657478007616,34.21130240746958
1231.7455592013644,917.9993626132783,20.8343560362275,34.161302625608826
1213.5251028673667,910.4221515505435,20.696300656126866,33.70967044504817
1196.3510992286588,904.5865323821542,20.942280040476547,33.385077292263645
1184.4931289610452,896.2601988753914,20.69475011671931,33.65591409033534
1194.2497892564377,914.5052210615211,19.784815451227274,34.123415952206805
1185.7526040345642,948.5543686613478,19.378638867385966,34.16713430235806
1177.0119029245507,951.0404430938236,19.239988749766603,34.219910192502994
1168.229781100237,949.1472793241368,17.934925834062835,35.03682492822675
1161.831501367914,952.1387680640787,16.847990921573025,35.70042099189146
1151.9700059665054,944.9866255301004,15.690833790430146,36.46813264981396
1135.927972853116,975.7301458443987,15.372964439816311,36.7115302536389
1136.2239669335274,989.4637469676547,14.927238656493888,37.081537708665095
1132.2978344417322,990.8566749800822,14.073831375985085,37.82952067116071
1129.3629650290457,1000.5290336067708,12.324436252078456,39.08152125225606
1126.9482390630474,1003.7797671685805,10.15395970964882,41.020199621190315
1127.695718302275,1001.3117593633148,10,43.50468239099317
1129.3394525189651,1006.0105498817124,10,45.341015729502885
1144.3652455945266,1014.3620275457365,10,45.36052782394012
1146.9219654024619,1011.6043804446293,11.042161408757014,44.18923135461513
1142.7828922410263,1028.2960926823719,10,46.209508661356715
1151.301671995665,1042.1741052516832,10,49.129384935698226
1171.3915785788702,1041.3229390400898,10.5173494617634,48.580449687299655
1170.1649910436417,1043.7548087861178,11.835302216431762,47.10737215012327
1169.4285656731415,1043.3261395884906,11.544422908298905,47.40079380257599
1170.8672315465683,1043.3069615764316,12.377739459709012,46.49909833066522
1173.1825379190427,1043.3735973830994,14.326867715889202,44.4322768363481
1163.083450373347,1046.4291788312012,14.078343664824633,44.67060696687801
1162.3629506477298,1042.9992845529407,11.491865851655007,47.23007537493096
1169.1608473797096,1040.8869194166025,10,49.21923283266615
1165.623029186274,1040.5210730940767,10,52.561261066172726
1158.213840915705,1037.7221456535394,10,54.53716389036258
1159.329081847216,1038.4879884481586,10,55.59192959316232
1174.5017340917839,1035.4217144993863,10,55.61033030442725
1183.98283608153,1034.447585497548,10,57.20323274732429
1179.2895897169365,1034.8100931456397,10,57.68479594425926
1177.13425023749,1030.0321467927977,10,58.96789011173526
1184.4038718388424,1033.501930680698,10.53466751049124,58.38598549053671
1182.624332263018,1029.5717796563756,10,59.96566839474198
1175.6544235487236,1031.1588442979987,10,61.612725654006745
1176.483103527571,1030.8086149881901,10,62.57959143557473
1178.1168052096618,1029.5808273787914,10,65.80673536994487
1174.739459409262,1030.201937549875,10,66.79658952690745
1164.5934156317962,1024.5313412662215,10,69.06509685251541
1154.1618169684662,1024.9090450229216,10,71.23638492436594
1148.0929283042205,1019.6419304520607,10,74.3804463529227
1132.6111453910125,1024.058798838138,10,76.81512789284096
1127.114633931662,1022.0570500425505,10,77.22143057396656
1115.8617004294647,1019.347322520735,10,78.78984430061139
1107.995156182791,1016.2304772293634,10,80.91016923317763
1097.4281186003936,1014.239642921634,10,84.60764323017283
1092.3205212493194,1013.8733595399764,10,87.36945656216788
1084.4216593642486,1010.4788033693683,10,90.98505525248989
1068.3447703261627,1010.5050479391996,10,92.82157654220963
1066.2415284056915,1008.2346394403174,10,95.20138542039075
1054.2348584075226,1009.675734593349,10,97.61103185291402
1045.8885029692901,1008.3521555971945,10,100.67953799976793
1029.2158516783966,1009.7310798057301,10,101.62068731867393
1029.8899849791778,1007.9813197236773,10,103.56145172735509
1031.1091357608093,1002.6616859691833,10,105.52564370533717
1022.4653312106384,995.6306467533287,10,108.05691082723177
1031.5824223895324,995.2438709146153,10,110.31837444427975
1022.7943040271057,998.2003316911564,10,113.23743645748156
1013.7339936633362,991.28810744607,10,116.01994330489339
1003.7268554110778,983.4071109856816,10,122.78333240486933
980.6431838412536,978.6237087731964,10,132.1082805379494
1003.9104277864079,916.5953132368737,15.192215753490299,126.76402485766516
995.2582558518503,887.1750459501761,18.32547045024213,123.12687541006437
992.1029908863104,888.1074971776019,21.988763318867722,118.68655686710856
987.0157083053377,892.2078576506152,26.352123093697557,113.01807774237098
985.8506735431238,898.4292585325308,31.316272789710737,106.76476772734961
982.2221120641359,901.5361868904404,36.8478546328793,100.40124559624346
979.9648448829385,901.160560020777,42.78513458071573,92.92251505212295
977.7349141000459,903.021942583778,48.944228724778554,85.62759373524872
978.3264184536102,904.7645586017404,54.41028694269858,80.02554088709849
972.6674250014145,910.669379461105,59.66342065571435,73.8723418105812
968.8012719713693,908.9905040350312,61.992517983199726,70.43088402167658
964.6569276654111,910.2974726899648,64.70360468547878,65.93035682705141
963.5403313924002,911.8608675461164,66.52308297163765,62.93192394403369
962.314549728601,914.2281652123797,67.1989422730137,61.45759539236035
963.9904705232784,911.6083997753909,69.6593203034099,59.048580524303226
962.8615484321617,910.7877200012473,73.3469090868931,55.1767021194043
960.5006083235162,913.5489209541279,73.83326703398153,53.84629154283619
960.375889022486,912.8916848351099,74.46932129980866,51.65964059094615
958.6731929820818,913.154028443484,75.68980022220036,48.35767256670279
957.8234108322002,912.631063771293,77.01392371581306,45.95163085700765
958.1854938515141,914.3200944973215,77.74128813372816,43.95093380199965
956.2302720935168,914.0930778747821,77.65136973031991,42.807934261662744
958.4984435340949,913.6887483396764,79.42243184412811,40.168919295848184
954.3900196583584,913.9292041036095,77.18379806636528,39.51072486836371
955.6779174593025,912.652311346702,77.12220195979262,37.74466041422217
957.2864999818918,912.6159656868507,76.3598894956382,37.28719547915652
953.8008299128081,915.2694251507488,75.87823528718701,36.27055880081099
953.5946283730339,913.5264238980615,74.1907974872951,35.347908046908174
