651.5,377.5,46,117
649.0566920513209,381.8534329204389,53.43295207136952,108.47506935027673
651.7968664715597,383.9182053899565,56.44407833617732,106.02785573486511
658.47769757076,389.16872238919564,59.352330764851956,104.13391745477065
661.6065767392456,392.1458058995678,62.19542825521244,101.88700961218797
671.2759434788752,393.6070564016793,65.53440626276962,98.69495974479241
672.9131907910449,393.4420863819544,66.86610804193351,99.51143619767329
682.007742334128,393.51171934677024,66.81116404390218,99.66873413179603
699.6553908418739,397.6392259648859,68.12691286581277,99.10238151720776
697.4260747432908,405.7742073169269,72.01936566825705,97.15757597865313
717.0919827364074,399.8974497367597,69.48191842592024,99.15293817725646
729.4351392593153,406.88647024966946,69.28087874131043,97.22405620142474
733.4621529341267,407.37856982839025,70.72183506478328,94.43581470465828
739.7700646120136,411.3931577094738,73.40948041323337,93.25108607841635
747.2484629137898,411.90305183209045,76.32149637071589,92.37459775553016
757.3358347059238,418.89311902092834,80.59972329120856,89.52444441880904
775.6154328501956,423.2225663175095,83.73749126658119,87.45055940053686
770.3345147768327,426.18046908764745,87.46627000974239,86.18781572702122
776.6994686340266,429.5315163465236,92.21020873090154,84.12307796738662
784.2197680478109,436.0160251923944,96.56258666419717,82.53170004615274
789.0040435736238,441.0529975676676,102.00616634987617,81.53994867024015
814.0289052259982,439.2552512721216,105.38380357979526,79.8024906692912
806.8071164232495,446.1456719195038,111.75569157957986,76.9703245301664
835.179508017624,451.20903428949583,116.47781589205155,74.90795754775067
858.8810167514298,455.3055781049362,118.95454390783844,74.2438463572996
853.2476252054001,460.6060912607244,122.60453336739039,73.32179324366024
864.4867058444838,460.1508077089806,128.06837533934495,70.75465677582827
881.3129170750782,461.25874572161285,131.23423977390829,70.01340657644568
874.8492949922031,477.04361265078677,134.88255232192148,67.18959862141821
893.0687550835623,475.63436052271203,133.96082116508202,67.4934038953289
902.3387390410765,480.5086033660372,134.51217519524414,67.16803966101008
918.8358189377253,483.3772552120475,134.7364831143489,66.6492628091995
925.8393229403713,487.3570175513354,136.0390826148553,65.42715153699574
951.9882256778316,492.95471033110107,136.18230954960268,64.72320961149764
971.8210213003806,493.4388530553431,135.64460221563738,64.75752769389737
981.5480825850011,496.8917858872425,136.37010992593733,64.25076042639981
1004.1944128493546,497.84018374590823,134.8791805068496,64.18904092195137
1013.9978565014917,505.83605672959465,136.87599384039288,62.2804868262216
1044.740313006107,502.47558766998156,133.194860433213,65.26552692756442
1052.0715426447616,511.2833754623668,132.94586665578183,64.27811944887307
1077.5244790500603,513.6268583117608,133.9219327795102,63.61347020592609
1082.8092115369682,517.2066173483565,136.4250052278749,62.1706669917435
1108.6470167042085,522.4588269440037,134.8838019368515,62.955979779819174
1125.1248907842178,522.9573611286268,134.7436818285903,62.861374787095144
1143.966918936748,527.1338756893703,134.58660306259264,63.6194210669143
1148.6536983850901,525.605059253483,135.3222789757836,64.40626431542843
1161.2135988028776,530.2652226534201,137.08752033076047,64.71760274535144
1196.6536381591568,537.7251722778603,138.8484099409559,64.61477827216696
1211.6669737409725,539.1074514200119,141.68283802048862,63.854495548242724
1223.7162317686661,543.521442623406,143.00339125526267,63.01696781522166
1237.098552533376,542.6717395170722,143.03275607349912,65.1995823563748
1242.957862066839,541.9625970600075,142.22887852268673,66.38444001415829
1256.9176750020897,547.0870041596764,143.16902819539786,67.66907784881712
1278.496514939703,551.0481151655813,141.93933446519074,70.22561369528384
1272.8157720996971,555.50601593609,142.84843710382054,70.07916506716928
1279.3169472824038,549.3265184591625,142.11959004193517,72.84761436672731
1287.1574326498942,552.6175919343877,139.70703952637572,75.73750854634272
1277.6744100107753,556.6883206064107,140.25099808891545,77.36178682851764
1274.8513718346048,554.611240508827,140.1479356091639,78.73062411909817
1290.5434616109906,561.782259725395,139.69145228442,79.09559118675567
1287.5346880468408,562.7813933518818,137.297729271118,79.44577912444052
1278.5685498658918,565.6231466356967,135.44823111214194,80.91585274556192
1259.7145487274317,560.43606506477,135.27819307534116,84.58375234524001
1244.1344343667142,557.8159992084018,134.3864351024406,85.75630145070718
1226.922903458053,561.0711135952945,134.5956755086297,85.53919163062668
1208.015260771607,564.054770863283,132.92456027727397,86.95841703071524
1182.1232676026655,566.1642865238955,134.808728194747,84.16929529639674
1160.6328920077308,570.8171740725771,139.09305680771178,79.73210673925564
1121.6529454529157,576.8258587434517,145.4754123807209,74.16632650501994
1089.3727836720795,581.9217702457356,150.83953843262762,69.89427469491011
1077.6236875740578,583.0625798682869,147.6628458325285,72.12289886564
1049.53204947466,586.2683391340594,146.7469437171154,71.03268036384966
1013.8016951829302,581.3610212289248,145.32281801102403,73.27245417079263
994.7194204916007,587.6594474049143,146.39894652576314,74.38720879818368
966.2521784769098,584.2144424340356,142.52160575656097,79.2219294714474
934.4684807385288,585.150280369814,145.32299094889908,79.24099709392436
900.8769623298504,590.5947533362321,150.17102486708603,75.31398238972588
895.8186973416001,593.0679281501075,150.8572465016066,74.40407647230214
855.6627803096877,597.221077852823,153.42024786279472,74.30164021079216
829.5075405484274,598.9704144157032,158.2290107715458,71.76968212285452
824.8567017625046,605.1712199516165,157.60293108020784,73.14708182373275
796.6797525499119,603.2203507426179,157.13852353615502,74.09453056697117
784.0065947536191,604.1114368703248,154.30869357515178,76.28434627428008
742.5516955924148,599.3733022379769,154.38693367002105,77.80717964114879
721.0078852550845,601.1945463880007,155.9243872609415,77.3923980118622
716.0487048804396,598.8119587688823,157.95151218183182,77.125162628456
684.3474406669395,600.4362372603083,159.41424416107782,76.35971416611183
689.826329636481,610.0904835596851,164.29048969764187,71.6293465673583
685.7602353422361,605.7587655814089,165.7244008126821,71.63332436351038
682.3174913158987,611.2658638396596,165.88838179290804,70.5395923626949
676.288944098079,609.3183439085142,169.2491957491164,68.98986808771777
666.9863069370987,611.1807258617392,167.4788215725418,68.84060109327011
648.5754278329264,610.1164454687864,169.90589594299587,67.90083254491681
649.3632096626732,609.0108338882076,168.55630255175186,70.0538643209542
658.9515824504583,607.5301196974867,167.02509912095678,71.26136344500301
660.2959982218727,607.3549583044985,168.45420323562934,70.13766908773012
652.1514042803121,609.12020136269,167.0358181817387,69.477902404178
656.2055842490967,615.5432116676191,166.10486217101894,69.99818619190263
664.0100995766613,609.6424413273952,159.72077849159777,73.93579903116402
659.8646689491701,615.605692816361,158.80038848773012,72.66819154578594
653.6699769068952,618.9763948719616,160.69880768275362,70.71640211201398
671.4348531453854,618.9798680401872,158.1103813471304,71.0935041480701
668.8481725634493,620.3372385733309,156.02017601701462,70.71647942280134
668.0425417154624,627.1814721115054,159.36170082696398,67.88063342494351
678.8845753653101,628.7861990814432,159.2313234839336,67.71292300198972
673.1090761626704,631.1352540416709,158.71881957750668,67.33317484072019
675.03236361313,636.3788774994836,160.25860436820716,66.5104090881198
676.1514426184751,630.1189494705153,159.14314633348434,68.95777540759205
681.3846695162858,631.8879026589307,157.67751841982079,71.3477574241634
671.2729105978376,637.6079807502108,161.02601146118522,69.23910129500871
672.2123857311425,637.5164692396502,163.08124932209313,69.99121194067992
674.7893309818444,638.6117110303315,160.2642392661695,72.41191057214672
663.9193601566274,645.7439772399478,164.17732239609586,68.80410308272386
669.8250249475643,643.0799490293163,162.94404056660233,69.59311321645032
672.46474712386,647.9187212408925,163.41011442156113,69.57545324611768
678.0953157951449,646.9483742446167,162.41771201093698,71.6106649911973
686.5509155318795,648.9990451456163,159.26286591576377,74.05627877467805
686.9347538037335,648.656040783692,157.2033411893773,75.74010239224921
684.4235365033712,653.5391112237579,155.69068200576976,75.50267473843572
683.8008519885227,659.6653377136519,157.51067837530667,73.05887272910681
691.9313317769092,661.1472242407626,155.8682710064804,72.11309693974727
692.107920070749,665.7118291089291,154.15017845181345,70.69103813954095
684.4397651370152,672.0481066531825,155.58504865253286,69.20825279590744
685.1378054761518,674.2022874928774,157.35904291398737,67.81084463824588
672.940560126815,675.3550474192639,159.96591879027335,67.60549921250546
674.413847216566,673.9806990841676,161.83928422411373,69.2556834715806
693.919844945357,674.1918150521471,160.09678949895357,72.59136178723877
675.9525870342072,674.7119589596111,159.18164254049123,74.14261597784973
667.9445716611833,680.7982113725875,160.5952276841221,72.94259287949727
671.3279075597937,685.0429862103402,161.75193053976386,72.62628768031004
670.8123208574945,692.1581621352964,161.6103783860814,71.54856949739005
682.6269213188996,687.152511934031,160.89797319386213,72.61205591218871
677.158976553702,688.6968899426773,160.8367933654315,74.10225030001703
685.540445331405,685.1466993891232,156.87290900216425,78.61349123035205
684.4426151314468,689.1401246035315,156.30300877509688,79.29394770155992
682.6430664263197,689.5091853579725,156.9666274980648,79.14902699548101
680.349915445553,693.9330325941041,157.75825530150183,78.80164151369638
676.915968328845,698.4630399017205,158.00534856293297,78.62997738521887
690.7624176574249,699.047498215155,157.87888285865415,79.51408481192365
671.381886776425,706.5197792398426,161.50767380766575,77.17330732370544
664.5377573853691,710.8925177002905,165.58111878515098,74.6365363049094
662.9759421277612,716.0715104901765,168.3555478893579,73.10679493442687
679.8430855676153,708.1877208957197,165.75915468640758,75.95109722209531
672.2340125249447,710.3930415029729,164.73014653590894,78.30712241994246
670.2263795897907,718.1486493925414,165.85333019186157,76.54728279284407
667.2594874980091,724.1449419746394,167.0898373063328,76.22609197679259
666.6717889247224,721.5163038359706,166.9313580815226,76.0380214218548
676.9926540939155,720.921869388487,165.23107595480639,76.83665760479147
666.2060282280403,722.5979648688757,162.6494090159023,80.30265769549733
671.8064631334312,723.0487020133083,161.68624538950786,81.19478587321534
677.3377828944435,722.7633060646607,160.3451415501612,84.6114167941007
673.5660461680436,733.2376503453407,162.60788809332368,82.0902985757582
660.906836948086,740.0146122389855,166.9277828210807,78.59401867884964
674.2788897040625,741.3123715836714,166.08200990495288,78.64852607247033
678.438889892178,733.6594496607753,161.6517347370043,83.80472506657802
674.5672760979324,738.0400829551612,161.4587731508433,83.61548377687846
670.0928725577411,741.6539410789677,161.4374998555547,82.78446171261508
673.2656801057296,744.828699973328,162.46073689809694,82.42784811014324
687.9115583532306,747.6878666889809,160.6047523452337,82.08888775241519
696.4441734197728,756.152639758063,157.2794199401156,82.32099704027658
701.4715216711785,758.646441264496,153.78346834468326,84.26614139145448
687.972974187715,759.7969805537704,156.0842151213027,81.42287202272959
688.9228775859299,764.2981372575906,158.80685200086793,78.75396983182495
678.0197257117233,764.1785507551707,158.2730220822888,80.63717388448569
678.357426101494,764.3837403511548,157.32972399487477,81.52440342569489
682.0078042483798,769.6898376716535,155.7282656060713,82.51888107168443
678.6057113582447,764.0149461660687,154.28062033165415,83.5701573460988
674.7392372249059,775.231966270733,158.45239253670132,79.53495136528593
681.7671642002971,775.7408301733899,158.70530304362157,77.77439536964542
691.217931244502,772.5513298405037,156.84170993421563,79.30888118861589
672.8500828355924,781.2869460533417,158.34414182893926,77.78916109967103
676.1287793516941,772.8065016437884,155.91787043217278,81.58840879786696
690.8710825366721,781.2872551254262,154.2386553738623,84.07262441454728
683.1819480253072,787.5363175632751,157.53877841575724,81.04004805416935
687.8833396895377,782.6699350762235,159.9086496206824,82.43542975800902
686.8294510961136,782.6092866834078,157.65095258344002,84.63429602835097
676.9438509736873,791.2987997703652,161.16331417472813,82.24845203674819
675.3685240981036,793.725038548381,162.868665916313,81.61241611203367
673.1734065352734,794.8671144403816,162.01998130701847,82.46460899928196
685.3156454654849,802.2704239302025,162.5041687603164,80.19872240336818
676.4761134222382,804.4215496944012,165.2880292564167,78.32334169787747
671.3169484799321,808.8241404371676,166.05673565164898,76.51779876977875
673.9367543622919,812.4353928508086,168.1011934250457,75.40999855141379
663.6689353465259,800.2106897457751,168.1740476431012,77.4319336005921
668.1191889960994,811.0290029370182,167.41743453951077,79.09591871407773
672.4379153327974,823.3430812033059,165.5241458561357,77.72241229746885
668.3616119018845,823.8427894316757,166.80154147910028,76.62127782476068
679.528807074026,826.8516672809776,165.30546709856247,75.14603788085657
683.1703357434368,827.354447595091,162.094808422308,76.10555477204653
679.911362748227,837.48960230935,162.61915690525075,73.26715871938322
683.0300842160228,837.2113683814147,159.73599897141395,74.26080363728835
697.2779496127575,842.4572399085002,155.18455643172877,76.01283118248243
709.3850467945427,843.9308443997945,155.18145597074613,76.8247750891455
696.8090376853777,848.3879851623458,152.21056655052644,79.0558678621388
696.6533230081649,852.9967532280781,150.7848362951574,79.98501637728059
694.2147021229908,855.4645837584554,150.918056172958,79.44318084753174
691.6629145510602,857.2404979066175,154.28046949354652,77.25561000607965
688.0254255982475,857.6130759689776,152.7094934578268,77.84250730428737
690.1558280167765,854.9531905181373,150.78924619599462,80.02213028154482
687.9534483323272,863.456224095201,153.97790654107416,80.56371060361366
691.1538327002689,865.6399961786761,152.68758902665667,80.03810374020637
691.1403153086579,869.4803410572971,153.98543906313645,79.56313774547682
692.8350003720799,868.326934373532,148.68057687849227,82.09219956292857
684.8317703584823,875.2275445409806,152.14376584092912,80.27427657605384
690.4582338395433,877.452816742557,149.22955538576514,79.97778729146161
688.4885703083818,879.1278933379407,148.2120433634629,80.42042522885299
697.0316407263502,878.3660769300045,145.54096638555816,83.12715206938353
686.5382844974022,891.735081172672,147.17363488288316,80.93354284552304
694.9826682886048,889.7670953321647,147.33092404791435,81.50110417764562
670.5469893748506,896.7816376952435,150.28629295330362,79.28185011707627
685.2983516062359,900.6885755009572,150.32714568474688,79.23858579181237
682.5538594117643,900.2105853717317,151.6318644601342,78.84445253917792
691.2749253533908,903.8716083261043,148.90948393491345,80.21899419299362
693.8225323915036,902.8757816258606,144.50679333814938,82.46372769330213
695.1393070461822,905.3089972257596,139.99297211717112,85.39292361066106
690.2100889978722,906.2120550420832,141.48863717955064,84.06460795984628
694.2321612061777,908.7115875827225,142.08524460162354,83.2189285177585
682.8629573799573,909.2074734131999,140.85723684879102,84.0655493529128
690.0356432211396,905.4112527502128,140.42462399363575,85.19169352922856
678.9338229827688,907.379052274386,143.02721313981107,84.47632148397977
693.8425132782365,911.6936053326742,143.4374116656969,85.2775666247275
682.147294629357,910.5157573614189,146.89994292707877,83.42707245798532
675.1656704778349,910.5530089413973,147.6649881432702,84.8692651550766
671.7916246630334,913.7622678965914,146.96726564018252,86.23992132458332
678.8330599867095,912.2244125441774,148.19647156143404,86.94513647162634
664.5619692524476,916.0893493658083,152.43857749895193,85.22451776076807
655.6881386042198,908.9174344760281,154.08803513634982,85.90504893345599
666.5190876902528,915.2042554620642,155.09257220598298,84.8543132647895
677.0476449720117,913.5267791256213,151.93351176539014,87.79654335008996
667.9608643070269,919.1880855647736,154.9519884853745,85.42462074125541
677.6799328975383,921.7928333582447,153.75475706607034,85.50232512837337
668.3230496212408,918.3952138105096,156.24702894398274,83.75625963552562
669.5367140925011,919.9995496897576,158.53841233132655,81.8943889195863
675.656883155388,923.5967534709516,158.47660203758403,81.65783276711039
679.0410914245404,923.1288425066608,160.34839088258002,80.35347992533693
682.3560440269525,913.7456856818472,155.94303115657658,84.4154440571418
674.2953562920939,912.6050440765506,153.9579460550049,86.59667924725291
683.7379933624792,910.5643320600673,151.75772478593834,88.45107419506029
685.0375961771676,913.8145073540664,148.6650508123499,90.21681400012842
677.1905067582023,913.0853206317203,146.70261916138875,90.60164163126014
674.8390601837228,911.6536391233515,144.13736674912957,92.41785534742267
667.7891453646181,914.1547672493823,145.0130562201028,91.16133044912075
690.3321017435878,911.0764575464876,142.54729498193873,92.84222420412269
678.6560541586516,907.8139917786335,141.72914212019487,94.80079526619811
675.5882524191402,919.6437078167017,142.39789007324725,94.0621128543682
691.5304915398829,909.590996342809,141.16080982675692,95.87701799514683
694.7303906609111,903.6962185470368,137.23228166908166,99.69055086635449
680.5302461089912,908.2785960224005,135.92475178793617,99.54027936747025
675.9628918364849,920.9707909793882,142.3898031025714,93.33419603308461
685.95168399878,915.3278849003807,143.97630950674096,93.26639147662213
667.031699020243,921.0341928278621,145.38356309418631,90.32069552064632
664.8998436964009,924.6739567399508,151.4067735301547,86.46508737420325
665.3503353267528,931.0417896626025,158.38070110090226,81.54302302273521
650.485370090008,937.6991726079714,163.04881631255105,76.28618998569608
667.4019473781048,922.0117941192937,158.08153316580103,81.40815078995581
668.9529639538558,928.1600835003586,157.2715775556501,82.57155776085816
658.9709416262012,920.696130680107,157.49510173366434,83.2734301906071
672.5987211928542,924.3929474566402,155.4357305733809,84.89898647213542
666.6908967869881,925.5678776413968,157.20085371982978,84.0256856223901
662.7483576192924,927.2309145397804,157.47194270204147,83.86236302343754
655.1535988367666,920.2023904153294,159.2092355356477,84.38230761938561
635.5629680453417,928.4128448976323,162.5675982537514,82.02898936828078
639.7633546568854,931.2541902124772,162.8026149018798,80.31405810939494
638.8780817593039,925.8924066892533,163.3829094658493,80.25235065022729
627.7486634554084,929.6827719774592,164.4641795453199,78.26407164623379
620.3357149807517,935.1409389275796,168.4141819481244,76.04711003755799
626.8586991270543,928.2886170101386,166.15939045147883,78.32643038611174
632.7946518717628,926.8753579968349,165.20184214742557,79.3479760025173
634.32992037695,921.2277636454354,162.7796942380796,82.17555911449588
634.9495096841264,915.1536096287562,160.42798384253018,84.92797214358188
628.6071080918075,916.4860157435063,161.94296051959955,84.86567680365374
641.9897290447892,915.3358791125353,161.24308917332868,86.61669010494444
642.3997662763194,912.440349959293,159.0368823507635,89.78129024339906
632.1492522084297,919.3980878316007,161.3454513800976,88.68819361102729
632.4717353882767,903.0322826040398,157.46307447505464,92.47623297545098
632.5989987292262,896.3123202085782,154.94145294261537,95.76675705531476
626.2975263269531,892.0278593408798,154.38351956570412,96.6808845745555
628.8172113813223,902.3626901412115,154.48890195940703,97.18771947962925
625.2542721801915,897.9112697013556,155.34996455432614,97.50533239303235
621.0849936649731,898.634767158181,154.66741295744353,98.55774763181694
630.9750972150551,903.8140171476423,153.13672711277255,98.97861128509649
622.78002006218,906.0631648914078,155.32852860480227,97.84216653609082
627.5775405721497,905.8640101335495,156.27405307558556,97.42198226833341
629.1423490369865,916.318552186667,163.42400958646368,92.86469717332905
634.0400473590792,905.2191517274283,164.28189415413124,93.774660658945
