993.5,708.5,34,104
985.1064897795605,718.0049272775261,38.47686838704593,101.75874400146628
990.3058400094438,735.3209134839195,40.6480388760708,100.52488865410928
986.2676274005968,727.8700387992887,44.40401521833769,99.27242888640784
988.4961169498481,728.1123671663009,47.823460909263716,98.60975617523921
979.4052582865954,740.7387586927166,47.712432645559204,98.65123505478094
974.551274857585,738.4819682112259,46.81261713968836,99.10942852081428
984.7738470551471,724.9193660920056,50.28702077923198,98.88755634323921
981.7233782489197,724.7816849844712,52.83500657894266,98.85472439784637
978.2603710075368,744.5400343526746,53.436760826875755,98.70038756939847
971.8347741790315,738.3788235922717,53.26269832696527,98.79485136467962
970.6561830567674,732.6632609171675,52.70545686734601,99.0458476636795
964.0978216514125,729.2459893792919,53.33032405671791,98.70210847853589
967.3133725178704,747.3240432234771,52.34115500202453,99.16321499304631
955.2377593731208,784.1612540954401,45.36915512575243,102.96962821005793
953.1994055379247,773.5278122214456,41.40989020092988,105.5522754315575
962.634252600105,767.239029351371,40.67586387747239,106.02945550581329
957.50139531773,759.8198340654301,32.78439765608968,110.71472126842994
956.4890835501503,771.7688333066423,24.268717007289034,116.64962569433068
944.9979960561622,758.1656692785845,15.03690273745287,123.83534103377158
935.6651582045421,769.7841679112466,10.194107905414684,127.86790935072251
923.1156762838364,768.0709844220722,10,129.13708719828827
914.1866611242294,768.6757268893651,10,131.9342722618715
901.8970798254013,774.9042077721456,10,134.24914773080755
891.7587140798569,781.0010089860332,10,139.40084216277364
887.1688059568405,779.386824327853,10,144.7760761317678
865.1180552244186,783.877197290236,10,151.0590345069283
838.0179213285446,802.4432697493276,10,158.12195031872568
816.9953325986862,804.8238342719728,10,162.43582299004893
814.1584657430649,793.6407728210977,10,166.70862695259038
809.6362789869308,797.9462848077457,10,170.52034296189944
802.9988240003586,809.0297235737839,10,174.91978394178565
786.4035118818283,823.1884669505375,10,180.73222577714571
775.9219673871994,835.5620256352518,10,186.35638907788325
758.2282971143723,870.5126915704104,10,191.07419020317136
731.7973831892014,874.7767332968958,10,194.21562808198766
709.7354115247726,886.878664436457,10,195.411971415048
701.374587893486,885.7307517762101,10,196.7347500751185
682.3902033567429,893.7476660235131,10,198.75798372956024
669.1660536527634,893.5959716022526,10,200.87798958410528
647.2186449766159,887.6811942088771,10,202.40113834973812
633.3756331205368,886.4340840836085,10,205.7683967133926
628.6542013883591,880.2280188176212,10,209.82547143634613
616.436204791069,874.2496046609062,10,211.71841215364574
615.3087236881256,882.0599357680824,10,213.33967422518208
582.6580851078033,878.0746429163286,10,214.0000048780305
554.1080000400543,873.1289908915317,10,215.22158255585916
524.0377123355865,867.2364667203016,10,216.9428930290566
482.51660561561584,863.6745593850223,10,219.3038459709469
475.223664522171,864.8478496633237,10,221.6296835318673
444.39028096199036,867.7417223404295,10,223.6726152101264
402.192134141922,864.2660197667869,10,224.46725394276922
382.6584084033966,860.0998212407303,10,225.69329628144268
354.6853668689728,857.7653342452562,10,227.07414618791805
333.0587818622589,856.675532298483,10,228.72829466621573
317.7938930988312,863.1820242810918,10,230.83798659668903
292.1187927722931,864.5677468969434,10,232.30983226616993
262.87260365486145,866.8802096887102,10,233.30326243367375
233.4409077167511,859.8480648699993,10,234.7307532124531
215.099116563797,864.7704497408613,10,235.45794487362213
174.1817810535431,864.1601635334591,10,235.61926907942683
149.07534337043762,860.035901541424,10,236.12467287001576
116.1803925037384,863.8860627247636,10,236.4018228086343
101.73945260047913,863.3127713572858,10,236.84529830577404
110.8750479221344,863.1866054614966,10,237.3140234340063
95.46611046791077,863.2903128342327,10,237.51283302873446
100.14584374427795,861.2156062179405,10,237.89441279002065
90.37898755073547,857.5500792315945,10,238.6291599618704
101.00867962837219,857.1468349842911,10,239.35029255624906
117.32835698127747,850.2978046896254,10,241.22604841993348
118.2471861243248,842.050139079291,10,242.01434839060244
105.39128917455673,843.8196014997968,10,243.35471269982884
117.64733451604843,840.0218710426446,10,244.35657715569792
113.08638519048691,845.2145734389354,10,245.75830176527717
120.74640983343124,843.1714646798024,10,249.0720113179785
100.89238876104355,845.9130744113498,10,250.11287689974444
103.48850077390671,841.8310933240017,10,250.32310276920379
99.89349073171616,851.951038797189,10,250.53976432832238
107.71088498830795,834.7021880779502,10,251.8795029677279
116.60089868307114,840.8297958667562,10,253.29024102628532
118.04837149381638,840.9556510051746,10,254.54209260381103
118.75048619508743,830.3786549039419,10,255.68886930639843
115.69372874498367,839.6097602655899,10,256.0628612045623
123.63636094331741,828.3893748883661,10,257.89107359414186
130.61571484804153,832.1516646626429,10,259.0656899074044
121.63216763734818,827.0465554410022,10,259.5578163859644
108.93429547548294,836.6992876917257,10,259.9807263657186
89.89246159791946,833.8754588068916,10,260.6275606376144
124.51984196901321,833.3453406012494,10,263.1036649735891
129.86546403169632,823.7882524277773,10,263.9942676358411
128.02506333589554,824.440711897251,10,266.0307793609558
129.46071416139603,825.021051663641,10,266.94428281538933
114.44921571016312,830.4505430125213,10,267.3720299302506
116.43262964487076,827.6737779658073,10,268.17354872454524
119.49499970674515,826.7302884357553,10,269.02675555450094
121.03709977865219,824.2523603471038,10,270.0958166878587
120.30320572853088,831.5862046425557,10,271.5458534692694
121.96973061561584,826.0084173050188,10,271.86723586834205
121.11215376853943,810.8750867936928,10,272.38154131543246
134.0521113872528,816.6591751608721,10,273.6553607740061
143.04570746421814,826.2098257412215,10,274.6071239596208
120.6217896938324,825.9350466281626,10,275.0182171835595
132.10815691947937,820.955387897202,10,276.5702480014989
138.8431842327118,809.2002414718041,10,277.41232223962356
143.2263104915619,813.5501483807008,10,277.97788355915935
129.19460368156433,803.2721042444657,10,278.4711990807749
143.39519000053406,806.0723064874074,10,279.2591288691836
137.8512761592865,805.693392723059,10,279.9044246762885
130.43549180030823,810.1093364092095,10,280.5573891411456
122.06932759284973,804.250485592966,10,281.18796785645725
118.28771591186523,805.9683989158802,10,283.35255500991474
140.84884452819824,803.642538254167,10,285.60378700304943
131.08635330200195,810.0347986716995,10,286.27939685951276
133.29637694358826,808.3566028823169,10,286.76058935876443
145.7781856060028,807.6426082687963,10,287.84892768663406
131.4867808818817,808.5556119753627,10,289.1230534541193
146.59806036949158,804.4984718040423,10,289.8708133919444
130.84662508964539,809.4265092384015,10,290.2859263055136
132.24264061450958,805.4282989162996,10,290.99457906260193
136.4156962633133,794.309250456054,10,292.2172665134888
143.35603201389313,801.7239025724608,10,293.1959475864613
139.1037698984146,799.2275694838403,10,293.6676086100462
142.87179458141327,801.8180988682177,10,294.3539800514051
152.70245349407196,803.0250653583331,10,295.4581313588176
149.450376868248,803.4905742438505,10,296.0031401228171
146.67943012714386,799.812987974698,10,297.29863696761
149.90810430049896,806.9907182593051,10,298.490525374531
148.30842804908752,794.3350275118862,10,299.51684598680055
155.91239142417908,783.2854811443924,10,300.2841420756698
145.19653391838074,785.8207567066204,10,300.4504850819208
146.2217639684677,787.8497328276003,10,301.5115213539075
150.25103318691254,792.0607426537791,10,302.9907897340815
151.3670951128006,791.7925855720612,10,303.2562406625208
152.6440395116806,790.7665083203082,10,304.6334368177525
145.22260081768036,792.9462347381863,10,304.97334578314377
142.20511639118195,789.1795632026328,10,305.5559408874843
145.84272468090057,787.5155276155973,10,306.61763151307815
146.03504188358784,791.6741352262975,10,308.17745810838915
152.73528631031513,794.9147439283873,10,308.56547097459514
166.56267984211445,787.7944010517103,10,310.1330677005444
163.3427120000124,781.245730224885,10,311.2812096776814
160.55125506222248,783.3317653296633,10,312.0479917783055
164.64649422466755,778.6568072572278,10,312.85453290791776
182.55085022747517,783.099303425451,10,313.6985387556753
161.12663872539997,782.4309756679962,10,314.36269336221017
152.4920314103365,784.5049697495601,10,314.60217782862935
167.20467026531696,790.1094186848062,10,315.0326556447828
167.84300000965595,786.628641814244,10,316.0456810961122
151.44314916431904,785.9026395473966,10,316.3754033631904
167.1972852498293,784.8181867041556,10,318.16707849485334
159.04443986713886,786.9911843943248,10,319.270778701673
157.9854030162096,786.8073784351864,10,319.6558030514881
164.79694171249866,792.6059419320535,10,320.1929343280174
152.96183390915394,781.3876186502023,10,320.5323003894004
152.77669741213322,781.6401986913477,10,323.51506631342687
154.40763880312443,779.8017758404061,10,324.09544428192675
153.19207133352757,774.4460327712364,10,325.58257949100584
144.37432612478733,770.4442313411996,10,327.2592031907707
149.70740641653538,780.0949527488783,10,327.98658994999835
151.36121298372746,778.7431086313832,10,328.431701315024
163.00557734072208,761.318058161311,10,330.6697760405686
151.3136427551508,758.7430742106145,10,331.66388780945425
161.3491537719965,750.1716100254948,10,332.5147362541565
170.7013790756464,753.7695380031238,10,334.18093989209933
164.9858553558588,759.6352741540605,10,335.19046299733026
160.94702745974064,754.6701390842446,10,336.11998831732103
164.5514538437128,751.2301398149116,10,337.21659061193793
163.21082831919193,741.8990372557171,10,338.42970286533676
163.93634904921055,743.956899893599,10,340.75858627792735
164.7245445996523,742.75038014688,10,341.9897020243027
156.79351241886616,755.1229429488285,10,342.7680253644975
149.90290887653828,762.3328582883828,10,343.6712346939338
150.62816132605076,747.5583770586554,10,345.74352784186516
157.50865210592747,748.6637340500813,10,346.72405130865957
170.76066435873508,724.2765441455088,10,348.78133288172063
168.39068354666233,725.0195717931725,10,350.1240961460397
171.11426676809788,740.5787803136681,10,351.5311422092966
170.30693651735783,736.1402414087297,10,354.5678565166709
167.79005290567875,735.5839802052164,10,355.95861692218296
159.72697784006596,726.7453839469752,10,358.42089225574307
160.3853030949831,731.6219731524255,10,360.22047778374616
169.892859056592,734.7816153248715,10,362.27123814710626
175.02984054386616,744.2938144621562,10,362.4730399762967
176.52093847095966,732.4638495022004,10,363.54193977535857
172.91747815907001,723.2151008335359,10,365.63572960841515
181.096077516675,716.6844209744074,10,367.35629857807584
182.16289348900318,710.0712609340877,10,371.2297295977412
194.13993568718433,713.2827030914967,10,373.4683805459847
192.759851410985,709.9244988496104,10,374.0789659897489
190.90228183567524,709.0689413691007,10,375.35530479362757
179.19749458134174,706.054944499092,10,376.7346402580407
181.96416552364826,716.5201827157663,10,377.4179715029148
182.95401038229465,717.733356994833,10,378.77279307455717
195.24941004812717,707.4589426171615,10,380.86180203619915
186.02815283834934,714.880328464845,10,382.641724356335
185.27978892624378,713.7563745475363,10,383.43488105703364
178.75366158783436,706.472552214313,10,385.2000078325501
182.34542866051197,714.6572094327317,10,386.6636230069187
168.72483177483082,705.2047672094691,10,388.0625202860855
166.27399130165577,706.3814414101907,10,390.58172427950916
161.1388327628374,713.2561708045604,10,391.718963259935
166.08843250572681,713.9647093476927,10,393.4326535190987
164.15997679531574,724.1968169515058,10,395.2687122067363
174.98475439846516,721.2396230250738,10,397.4297791272119
166.54831106960773,704.6734374507082,10,399.42269066595793
168.09298093616962,712.1715439744992,10,401.37267703549014
170.28836591541767,722.1532684522153,10,404.0635955269573
173.4477313309908,723.8302287580061,10,405.0179463234568
182.2596104890108,722.0597673829789,10,406.11516947519885
175.1383879929781,720.4328839149248,10,406.64543449060693
179.3032172471285,720.3272131676389,10,407.8128890256259
171.96808703243732,717.0078793119914,10,408.49893003175134
169.54036529362202,709.4403501959202,10,410.86409080295607
183.600499227643,682.2858776422647,10,412.71371965660495
180.6110897809267,679.4830187109494,10,414.0665002023411
177.07162626087666,681.8558258587558,10,414.8384459119164
190.49934251606464,680.7103817976422,10,415.7214469329701
182.97640331089497,679.9377333404375,10,417.12266042197695
189.67623384296894,682.7192864782085,10,418.48350672593324
185.86321838200092,678.3980906750264,10,419.71975371330916
189.21892841160297,674.3793972945363,10,421.23100455281127
187.0472563058138,667.3007447948252,10,422.7514601488522
187.92635513842106,680.0339324026352,10,423.7641250791062
196.3317182213068,678.4540204595646,10,424.67538925188364
181.81113792955875,683.1365606251471,10,426.452511298038
174.03660179674625,678.1132727058916,10,427.20415572480573
200.44898582994938,672.0457897303316,10,430.3639181618266
188.81599785387516,671.8908655043962,10,431.2234316475148
185.5916767269373,673.9157014523182,10,433.550607972496
184.45444287359715,670.2919650012617,10,435.63120026700403
210.6719397455454,664.5606542654402,10,437.41868803350786
202.33100594580173,661.8657407693096,10,438.2896952168092
195.90660704672337,648.4228189671912,10,440.4007795284433
189.3740571886301,648.6040988200878,10,442.5381721389343
189.08366878330708,649.3407740872346,10,444.50824654474985
201.0509033948183,637.9614316112518,10,446.9631576167109
205.70666463673115,629.4940368770588,10,449.5645377757096
226.35144574940205,630.826929370621,10,450.9083181419787
215.7815833836794,622.9827998507611,10,451.5971369885222
210.83117540180683,640.5491618173908,10,452.14286077865154
206.76735313236713,644.3556194041488,10,452.6578667095666
212.62822444736958,638.1407502210968,10,453.5397954748406
211.2526845484972,638.119007074346,10,455.04694784977073
218.22227807343006,639.7010834768582,10,456.3838626831435
211.81955666840076,629.5707624812246,10,458.0517808279751
217.6997413188219,626.7306425426091,10,459.54003462122193
219.76551647484303,618.8845495877392,10,460.74243915126186
226.2407137900591,623.8256662178836,10,461.8955194972353
223.6977860480547,633.8526194673518,10,463.22719306116505
221.21280355751514,623.2394667309401,10,464.4290272510296
230.19197244942188,622.3196031050666,10,465.62811770105696
224.63712806999683,622.0169780609127,10,466.3580324759848
227.50379653275013,617.5176938645279,10,467.4852486730147
244.15668959915638,602.5089752942911,10,469.9215700908322
241.91548843681812,612.1311310776739,10,470.9012194005313
246.39234848320484,610.6265077119605,10,471.73042648771684
233.34418411552906,613.5038072605275,10,472.9612914866521
230.95380206406116,602.4836123309876,10,474.43809224966253
228.85601229965687,613.167777049675,10,475.74718819680925
234.69143863022327,600.9089565693607,10,477.8586764322182
238.05478830635548,597.871706300238,10,480.1660554170426
243.7034766227007,597.9026554277767,10,481.8852546932838
245.3473014384508,609.4419032704061,10,482.5827237449636
248.72132535278797,604.9354148555595,10,483.4343560464583
243.70550866425037,604.5181065498922,10,484.4206305222445
229.5323271304369,592.6553298820176,10,485.6881188250347
224.83163018524647,596.3683137620746,10,486.5451615477085
223.28770597279072,598.4199537058795,10,487.73361683237067
218.0629392415285,593.3391777170337,10,489.66708806055044
216.45211036503315,609.366151066987,10,491.0526402620112
227.77616699039936,610.6623037218365,10,492.60612505240977
237.49119003117085,606.7727293546808,10,493.9234045469141
237.48327454086393,601.9897195777398,10,495.16805302230466
237.3858097260818,597.4067875599521,10,496.17444745338787
241.90093404706568,604.7320196964993,10,497.50554484106027
241.3545811837539,597.2998055526498,10,498.1736459192867
233.72552234586328,603.6116298763958,10,499.7413396256154
230.73387391027063,611.9882325837365,10,500.1717336829799
234.88944250997156,611.7192619054515,10,501.60371145178897
229.85815913137048,601.7281669279263,10,502.96565261228375
234.3347054189071,594.5814373209662,10,504.49093479373335
235.1111206477508,593.3563435978015,10,506.07646924876775
243.5898165171966,584.6659268444866,10,507.6864582958638
254.52207035478204,566.9541628170693,10,509.2050638653469
249.92824358399957,572.4241581332767,10,510.0695690443946
241.6574878161773,578.2063707017946,10,510.9197843339944
240.8970724409446,573.436828414367,10,512.2962807893427
235.33380807098,582.9709462207366,10,513.4585501662277
227.458123809658,578.6448250438367,10,514.6595639014056
227.1057515507564,579.6175320501259,10,515.9302033746975
220.27223876770586,571.3585218232654,10,517.6120746127202
233.27547172363847,569.772106376197,10,519.3215790526945
244.21956352051347,557.4485579525021,10,521.1801722532336
236.81311181839556,552.7483965245142,10,522.7249233623835
232.3869524365291,548.8407256530795,10,524.6750116567665
233.89946833904833,542.1970079350347,10,526.5329951504121
239.27494231518358,528.6886856637364,10,528.0239457995764
250.65522376354784,541.0398800128371,10,529.6949015227616
264.2705477839336,547.2511894593872,10,530.5808544451521
265.98376742657274,552.0280195971452,10,531.7038260971264
269.4465912943706,558.5540248130694,10,532.8830225591987
268.85663071926683,556.8027366029485,10,533.8375116209658
274.58697167690843,553.7854980750965,10,534.7673109995152
269.74711982067674,543.9997707765824,10,536.2673163167584
269.56505157705396,535.505297733509,10,537.2738233617675
279.573349497281,529.5141621748683,10,538.3139510388022
276.58805348630995,530.3218468880668,10,539.4062914016814
269.9037497257814,516.2563335304889,10,540.4617661301429
273.1762552475557,513.7304214552277,10,542.0443884774579
265.99309971090406,512.3799856230934,10,542.9400290473661
274.82647373434156,514.8878486811686,10,544.4046205238365
275.02822612877935,520.0158624760963,10,545.6992311328335
276.75691722985357,506.2579809959248,10,546.8390556776493
289.20439075585455,501.13485294655254,10,548.6519783794822
274.27361129876226,517.0337717300122,10,549.4828906599749
259.11559318657964,513.148238220688,10,550.891554762669
270.7069055950269,527.1377402751725,10,552.3679587500134
274.38159584160894,522.6719973719296,10,554.0865386727102
284.881424180232,516.0517524357201,10,554.8870833241817
282.4041690742597,509.29908551272763,10,556.1420194879768
275.9384355461225,520.970894332724,10,557.3029375230328
287.32920359726995,515.1006645466312,10,558.4911395573768
278.16604899521917,506.5831243690004,10,559.8369212828775
280.2045876896009,485.74928765167743,10,561.8351306061953
284.9108931934461,479.68594181750217,10,563.5530669721167
278.02567218896,472.67110753222585,10,565.447441582098
283.27009748574346,472.61136134104953,10,567.0508599030569
296.9572389042005,472.3213951392776,10,567.9383911358701
309.95923494454473,465.95156790416445,10,568.8726600164969
316.70076965447515,463.4847002421249,10,569.6911757475278
307.73198436852545,462.7952954368577,10,570.6608908157973
292.053374520503,467.22189865793746,10,571.7379774568287
292.66213845368475,483.5283668484996,10,572.5331984243372
293.89576374646276,502.5001247220544,10,573.4792090444151
294.8772922074422,504.20649898821597,10,574.4232334117197
300.9926114594564,500.1192600263987,10,575.3927428829006
318.930996469222,498.60733573121917,10,576.553969093003
331.88183932658285,500.9556027934147,10,577.4263765617821
359.70375590678304,509.125826284148,10,578.2096955257501
383.8154655015096,521.8795258618127,10,579.3288050831894
399.38601928111166,522.3654278776619,10,580.0718262048418
400.5475032841787,527.9279535353048,10,581.2412494913013
415.7889555012807,523.7635497845545,10,582.3020492375227
415.2832966959104,526.8235329121673,10,583.5819896175815
420.0419636880979,533.6545827923067,10,584.2738050718414
410.48580371495336,540.1029305549519,10,585.3732509802666
421.69404231663793,554.3272497362702,10,586.119270897049
419.2193936025724,556.801837650326,10,586.6156364507734
431.7096413290128,569.3864167137257,10,587.0698341894524
422.80209719296545,576.6678551075016,10,587.325517048507
436.66747175808996,580.737560977482,10,587.8793721771375
446.13976656552404,591.6407617830807,10,588.4121639100563
447.57020329590887,609.1287263862378,10,588.6513187796701
458.3146891510114,614.5425143380608,10,588.8681516742419
452.54163216706365,625.1948077589216,10,589.0280118540044
463.87828396912664,628.814274962366,10,589.1392342311733
475.38506268616766,626.7053948417943,10,589.327008090786
472.55271100159734,623.9236481315478,10,589.4725518347652
473.34755103942007,624.8020434618161,10,589.5933910503653
478.0923024928197,626.8617303700873,10,589.647851557706
475.67834704276174,626.3252438797207,10,589.8936787831483
477.34790830966085,628.0846609776459,10,590.0667817954737
459.912428191863,633.6529810498997,10,590.2777206533463
471.8508933102712,639.3146762596134,10,590.5241220277422
493.9319994961843,640.9127523788693,10,590.7044968602295
494.79848717805,642.5897923990449,10,591.0331308053213
496.618370286189,649.8528522990916,10,591.5907855718782
497.0062967753038,652.7136235352978,10,591.8742713472993
521.4907022928819,651.5235091890274,10,592.0399385774377
507.457532546483,645.9857752450425,10,592.514568757888
499.0014091944322,649.0080158608735,10,592.7948427180291
489.28233685251325,653.49224292907,10,593.1407396634839
493.5138308024034,651.6266984364997,10,593.330114457188
492.97212543245405,657.7002265011317,10,594.3380170528994
509.4006284689531,651.733595084145,10,594.5259109293534
511.48835506197065,640.725131441671,10,594.7365981325144
499.84077682252973,643.2110183363311,10,595.1989545349969
509.2661251043901,645.9832705601009,10,595.5768419789368
508.7676280355081,645.1542996450816,10,596.0821007893376
513.4089954709634,647.8800580567872,10,596.5913822294762
517.3240621900186,647.9107939193545,10,596.9107262487415
521.1692148065194,643.0173290743005,10,597.0568773972846
533.5796924447641,654.7662879760899,10,597.2408844136522
543.2330280160531,650.4902169037172,10,597.4780508198721
548.8745623445138,658.3670538300561,10,597.6738446261909
553.8472328996286,663.8701759777333,10,597.9215266079971
569.2875548219308,660.485258833442,10,598.3003673014565
574.572735867463,659.0110892428751,10,598.5263425337682
572.3016584729776,658.3380187589946,10,598.6155738926881
575.4122718190774,660.9017885522395,10,598.7590509039462
574.1085447883233,655.7365225133865,10,598.8015332837764
566.9668902968988,660.3187419897096,10,598.8193004849998
575.4758872603998,668.5124341938551,10,599.1023815460688
564.6749333953485,671.3771407539869,10,599.3377482796263
553.0980767821893,671.8783081472307,10,599.3830225839437
547.5283665275201,675.7329580490364,10,599.459806478605
546.8894808506593,674.8573873771629,10,599.7116558063227
554.9470722889528,688.0379789006538,10,600.084492992495
551.771354935132,681.3999142339086,10,600.1535042916228
552.3036357974634,681.3463061839834,10,600.1592995046586
548.2587344264612,676.494233508038,10,600.1992164172183
555.270395479165,680.3460498531995,10,600.5052597065095
562.0846159076318,691.0270947711977,10,600.6707463170465
556.129450998269,691.5566535447831,10,600.9202907075891
556.040860532783,687.1912478533326,10,601.0008173233393
552.4688540687785,684.7645330520862,10,601.0570019001973
543.3349171867594,686.7163096274934,10,601.164501357873
532.0057975044474,682.9098582547538,10,601.2333295679823
532.4224586936587,682.1475649889657,10.017160502646606,601.2145180769069
528.0214922426509,687.0766574801306,10.018847165953796,601.2126773175994
527.253616659902,697.3430405615999,10,601.4150681676003
528.8334890296683,702.9620879089157,10,601.6564618457716
524.8170324256644,707.4940452012145,10,601.9307602280928
526.4703570296988,714.0055326662484,10,602.1702603117578
537.5179396560416,720.541695904087,10,602.4178953839323
538.2311671664938,731.2771688790153,10,602.4942917344907
537.1198255708441,712.8203053089009,10,602.6488025661258
543.1581418206915,715.835854899743,10,602.7915582123225
545.6658842256293,721.92013197404,10,603.1494303790358
538.0768100908026,710.0177068138798,10,603.3239649187167
525.9904701402411,706.1513306836825,10,603.4489648559605
520.9808828523383,717.8231382779888,10,603.539738781728
524.4908394506201,726.3984502851708,10,603.6898120940241
508.0132298162207,734.1917095389102,10,603.9414598234227
504.21880027558655,742.0263022857796,10,604.1451237941006
486.90743896272033,733.4295905961778,10,604.4281734855598
492.9297454049811,750.05103938574,10,604.69663988959
481.21716663148254,753.3480065179685,10,604.960842279033
479.1212334325537,755.1232187250865,10,605.3065577249502
480.4606848647818,754.657309039337,10,605.7030795238367
469.72825917508453,760.4992063822006,10,606.1097522911124
469.6466311728582,760.5218503757463,10,606.7669074864891
472.2680351054296,759.5872578876956,10,607.5269272709401
470.2653049742803,759.4486145839815,10,608.9914220540278
474.152401140891,761.7647323997826,10,609.8410885449229
465.42731778975576,757.610055147084,10,610.9305124015165
484.3902637278661,753.6414657312473,10,611.6151315713245
491.8732268130407,746.7027537899914,10,612.8685158038728
487.43883579131216,738.6738637673302,10,614.482621761671
502.7876812731847,738.2485980186239,10,616.0395546071977
527.2108341967687,714.4313634102621,10,617.5847255756303
551.9323231494054,690.0801799642868,10,618.8908827507838
584.156581572257,677.9012107982619,10,619.8028410108124
613.961528471671,657.275652535645,10,620.6382051251574
645.4901291644201,635.1135088500289,10,621.029078037161
675.8316208636388,625.2230716085357,10,621.2996337640437
702.530095747672,624.0835646818022,10,621.5784184972565
713.5800654208288,614.4516879925991,10,622.3548328558871
714.9138768231496,618.7270773704345,10,623.011448700131
700.4199469601735,618.9260234582009,10,623.8744473660821
700.2138574784622,618.3902563593606,10,624.5721814946693
694.3181265061721,613.8715523314183,10,625.0720338559736
703.5642269318923,609.4152309524234,10,625.2868187572129
687.543268985115,617.101531331056,10,625.5154924903043
694.1510632699355,620.9283171046477,10,626.165469755987
695.7003503507003,630.9955135643588,10,626.690292763689
699.7898221677169,640.1759672519144,10,627.680520642484
698.1472548907623,641.7905378284945,10,629.1787344926805
691.9821490710601,643.3343591216269,10,630.5161984318369
693.1446222728118,643.2438160574922,10,631.5222197579367
690.9561049407348,636.815434175799,10,633.0553608177706
696.2300202315673,645.575853972311,10,633.8381749417877
704.6789471572265,644.4646838808674,10,635.157704253074
712.688593572937,661.5250718200227,10,636.6207372736889
712.2640678649768,652.809241299903,10,637.8457733291873
727.8820039993152,656.9950538904675,10,639.63240467882
724.0304994350299,642.9248114887021,10,641.5191281908469
723.2182865506038,647.9296038391931,10,642.8354159111295
721.9804534083232,647.9600450512003,10,644.0654767520764
728.9457043772563,634.2803737003176,10,645.8668093525235
745.8771885996684,627.3420907549986,10,648.3689340963108
731.9716157084331,620.4699764447673,10,650.3361565674812
722.6320923930034,619.3296532895912,10,651.4018581575654
707.0634459620342,610.7426903374684,10,652.6027787670112
712.2574843531474,610.6935685496708,10,653.5057431019981
701.5809916621074,606.8610394283603,10,654.7182566554408
701.0674146777019,603.4134046073996,10,655.9134625919179
695.3334211474285,598.0470212488792,10,657.2491937102037
702.1735371714458,584.4102188875615,10,658.5372561354757
701.1443337565288,580.3205348501324,10,659.9659227828743
711.0860346918926,591.3724469735917,10,661.1023977608093
712.4271771078929,591.7895692814584,10,661.9251954100141
708.313823855482,599.7782385112894,10,663.0807228561139
711.822914279066,592.7915539610328,10,664.4890952372665
702.8895799284801,596.0053555533366,10,666.6095257669537
693.3597861891612,604.5926130688099,10,668.0043733763879
688.3578797942027,604.422089041914,10,669.8360168901177
661.0679780608043,621.8159794334962,10,670.7999946823927
671.7632094984874,634.1343072268511,10,672.7878050380657
669.2806204920635,636.4012790906625,10,674.3012236380185
665.8979891901836,635.9363245944221,10,675.4563227335534
666.4882951742038,635.425100863817,10,676.6791554225631
664.8470169072971,632.1725811818922,10,678.0335948299002
676.5723758703098,636.9570873746451,10,679.1650323879369
687.5747076040134,644.3022911902999,10,681.1166249549916
701.1550975805148,649.0664399594364,10,683.4802837460644
719.8509994512424,635.8956171936342,10,685.6225560324294
714.1275144582614,624.2008696838145,10,687.2118248405208
705.3540206914768,625.2966334214454,10,688.7565687466371
687.4419227605686,646.4869311811835,10,689.5253644014774
688.6633711820468,658.1276085297409,10,691.59508773781
684.75517926272,660.8324937464006,10,693.2699597147688
692.9275415902957,655.9595367217958,10,694.7783897857072
698.8544648652896,654.1306065899678,10,696.9111505334481
680.4009698396549,654.7000054919531,10,698.2488284451146
670.2822068696842,667.0463928658235,10,699.31090027025
650.0502809053287,668.2859947771371,10,700.3521720736145
648.7620451217517,668.9582257144923,10,700.9124769969235
639.557404733263,673.9673512545103,10,701.7929008817922
649.4910146957263,669.1366976469974,10,702.206061086015
642.2390343910083,666.0500996503663,10,702.5824922286606
638.5270795589313,663.8274043888598,10,702.9175111620129
638.9667611187324,663.3199084601611,10,703.1372775183498
643.1991028850898,669.1337818736429,10,703.3384720366012
637.1061935489997,663.4898469205,10,703.6663094798133
631.8124098842964,664.7188583987586,10,704.0619292253988
628.6120693748817,666.5827696108583,10,704.4135483485928
623.2562348907813,653.7616011619227,10,704.7400607377971
611.7393319671974,651.5498245777084,10,705.3274916318271
601.5323083465919,648.7083480885748,10,706.0104093241446
601.0881515508518,664.0578425715235,10,706.8189314971634
616.3256488805637,658.5909607463948,10,707.4060669583337
623.2503043180332,665.4350594573245,10,707.8602683707027
626.3280097013339,668.3421205971576,10,708.7415425143763
609.7199755674228,666.5307045054586,10,709.2168009882864
604.8479181295261,660.0654352749327,10,709.7552782158178
615.6531845098361,660.4438241630045,10,710.4702505798643
611.3367725377902,668.5817610873564,10,711.2287681343588
601.7344947820529,663.9574508674484,10,711.9845592513598
584.3765560155734,667.2952590061275,10,712.5654880408351
576.0573020940647,679.2832927617026,10,713.4476473058081
567.6990715032443,674.8355273064453,10,714.4248670972429
557.7484823232517,676.2712965970368,10,715.34247660833
564.0419941907749,685.5761508583919,10,716.492718723437
558.6175590520725,684.1470153497671,10,717.2317880805302
558.6291228234768,688.7844776036764,10,718.1154815460396
563.1758223474026,695.1270627574747,10,719.2589817401517
546.3757468163967,685.1627980503906,10,720.5437619172595
538.7860604226589,687.4545635632733,10,721.3912292168419
531.4032345712185,672.6843315638966,10,722.0796767666205
521.1734238564968,654.2406228123832,10,722.8467138680361
538.0232315957546,633.358471661353,10,723.5621689716105
526.8884859979153,605.4349896074643,10,724.3490210798758
524.289832919836,580.8067055691777,10,724.9358236840372
534.078241199255,560.5935772625942,10,725.6260535332881
552.1930406987667,524.5268147279664,10,726.3998145034225
555.0951708257198,474.82359022331474,10,727.104992455597
551.4049814641476,412.32240020934796,10,727.661434373179
541.0238760411739,361.223307785635,10,727.9343109930659
521.7054689824581,336.4834712702512,10,728.1844727628471
500.01376709342003,323.55686323164065,10,728.4466549045213
490.08200630545616,317.25482896527643,10,728.6772836484314
486.3723486363888,300.6168045038831,10,729.0460487882591
484.138158172369,295.2403097153201,10,729.5857986955853
464.9900067746639,299.6002520564832,10,729.9369665645286
440.1740697324276,312.3405447956663,10,730.2963926828421
418.85699781775475,308.8251813215478,10,730.6286533301147
401.11473402380943,324.16904304102144,10,730.9487633720024
388.68643602728844,329.3333840196078,10,731.3687367340435
385.0278545320034,315.98960850027476,10,731.7875499797409
380.8947578370571,314.5193617459472,10,732.2331227578052
366.27065047621727,313.39055940253456,10,732.5389455756958
361.4651003777981,313.14304733342846,10,733.0048873616125
346.1806765496731,308.9260217562957,10,733.4284719402555
350.58713349699974,321.38301427525107,10,734.2103296452647
348.15980681777,311.92889887250186,10,734.9503990585512
362.6265226304531,302.2546815995026,10,735.724956269955
360.8619562089443,292.28970478439095,10,736.2444751772779
357.03976306319237,296.15975952564105,10,736.6454084041283
354.54918441176414,296.2206639594531,10,737.2312959147353
353.13407000899315,296.0280180948885,10,737.5813209911611
360.5275302827358,290.1617178028045,10,738.1355968759273
366.32398948073387,301.8912649284452,10,738.5223526154906
370.90470656752586,307.33807621840407,10,739.0122749574479
386.9820419251919,315.6941034731171,10,739.5305518689203
383.8853300511837,294.29830001471737,10,739.8558654507588
389.60997661948204,284.21228463063034,10,740.1331685120236
375.0981338918209,281.410744713929,10,740.4831541491068
379.69709143042564,282.76818896383145,10,740.8448836054633
392.96725592017174,283.49670519306005,10,741.135260252307
387.06911930441856,300.3569127489561,10,741.5114218311887
375.7622240483761,302.0851329322236,10,741.9397230093773
367.5700634419918,289.7374602907876,10,742.5293821045051
378.77233681082726,287.0291332082955,10,743.3330024979745
379.89166352152824,282.4248090787182,10,743.8536462634156
372.94789358973503,274.673159850791,10,744.3723131808789
359.62927290797234,271.1345925870848,10,744.6824727822965
357.8095906674862,253.73710047428966,10,744.9634685130137
356.10698041319847,246.07611443927527,10,745.4140836189312
372.1298895776272,251.15230410001556,10,745.8473080114398
371.20110473036766,254.54158862341603,10,746.1475429807522
387.08629378676414,262.4657570999252,10,746.542057285058
397.0698581635952,285.5715887242666,10,746.8608276911605
396.05116721987724,294.3292342048905,10,747.1265597554253
408.8988959491253,309.7373291274084,10,747.3061489478652
425.87248107790947,288.73649941458416,10,747.5741505365995
454.00720474123955,294.83357130291387,10,747.7868737872228
456.1775550544262,307.44946261416106,10,748.0113899928534
445.32571026682854,313.8513521288426,10,748.2419832932022
433.1673764884472,313.4028273716774,10,748.3822828795351
425.84618374705315,324.2989661260053,10,748.5821451871634
425.5204304456711,312.9774346188928,10,748.8503588819304
439.03898799419403,330.3189666774565,10,749.0225727799398
435.43127381801605,331.1884172785674,10,749.3152775366566
433.30375134944916,336.12234750535146,10,749.5045288232008
439.06115758419037,344.1251801836982,10,749.7665293295444
413.24884831905365,341.67614916755883,10,749.972039272132
415.3158107995987,332.72164718115687,10,750.2525642410296
406.77453768253326,316.1842710069615,10,750.5642092896156
414.9318014383316,329.5541101826864,10,750.7892125635321
410.5483375787735,332.3275451209424,10,750.9717213872765
398.3950124979019,322.5719299207547,10,751.2485996758354
406.65539133548737,322.01990745616,10,751.4672036593995
417.9862085580826,313.3195706940303,10,751.9604637009929
398.55875647068024,316.2878746248716,10,752.218178902207
399.186311006546,320.4728915554571,10,752.4521794648641
402.1864297389984,339.43749148694843,10,752.5521696653581
412.26115584373474,348.2866444120554,10,752.7797881162916
419.8113763332367,327.364800684262,10,752.9520735943394
419.73783226311207,336.12446118820645,10,753.1062755356692
422.4397210627794,338.17397635251797,10,753.3382550718533
435.55724711716175,326.860253671947,10,753.5898306820186
433.4150611907244,314.076024962677,10,753.8544989617646
432.3802296668291,316.50191513496986,10,754.0948926703711
422.6110741645098,299.7110289400321,10,754.3583133146411
409.3463398963213,309.7355948458815,10,754.6176112209599
420.50566263496876,325.6077530452409,10,754.7858924784912
393.91503305733204,319.2798040913061,10,754.9668024026571
398.8599955588579,315.5631053894948,10,755.1499270554252
406.1632596999407,316.5481472528257,10,755.3653959258094
397.68766136467457,326.01191486162634,10,755.5231096553516
392.0300852805376,340.2176763645792,10,755.7108698678297
401.8943650275469,319.5305496516355,10,755.9282286098792
396.41827507317066,331.87487388926,10,756.1250018875598
406.09947796165943,340.9956570946116,10,756.3651687990002
407.18579740822315,325.57478849063244,10,756.7235094768072
399.55935783684254,316.8904438853294,10,756.8098252590686
387.4621946364641,323.1998178827266,10,756.9287481627116
383.0329796820879,318.54297713912723,10,757.2212409139485
377.7727872878313,326.828801782205,10,757.3867895037695
383.39988155663013,320.6689056539241,10,757.574570346757
376.11736984550953,307.1380099829569,10,757.7666164341749
376.03856574743986,297.0087657826673,10,757.8904708168097
402.6080943271518,305.7088558546802,10,758.3502149891901
397.70369302481413,308.0445990099706,10,758.5287233380332
395.6283246204257,296.17817555922016,10,758.7614882235429
405.2567673847079,304.6979568138837,10,759.0050906922431
420.3053723499179,294.16557119285983,10,759.0890117145643
428.87362968176603,311.92108511616243,10,759.1877861140529
404.60765563696623,292.5596720864996,10,759.3849964812399
397.0716725513339,289.66906340465533,10,759.596873615894
394.0674506351352,291.975724754344,10,759.8411067827581
426.8161078616977,311.0731523648915,10,759.9486960196709
406.02117263525724,311.2585254356556,10,760.0436660911306
413.882168404758,305.9098038740259,10,760.212957702244
398.856645219028,298.7874540670172,10,760.39391753965
409.7378545925021,310.6365866701332,10,760.5261557971631
398.82914220541716,311.0851868834687,10,760.6910398069089
405.4580546543002,324.32350954661234,10,760.9007290906069
392.3068028613925,292.8596859493468,10,761.0688509860657
408.3116227313876,300.73347904301164,10,761.2690949989313
410.06256114691496,312.10281046347495,10,761.3895038895721
403.7045012637973,312.9502872581417,10,761.5348274952154
397.64609061926603,300.98397915302314,10,761.6466448315512
403.81411515921354,292.6814251509762,10,761.7493381322759
402.6644782945514,297.63205148799085,10,761.9431601118721
407.2923188135028,303.2274395404833,10,762.1626804470117
420.1613325998187,313.0155096126518,10,762.4498425335097
428.95029973238707,320.36029352669357,10,762.6012619109315
413.2237906381488,315.9018011467408,10,762.7282753192135
414.0083265826106,319.13994263569225,10,762.8918391430684
401.8200016543269,312.8329496690212,10,763.0340433457586
407.26913457363844,319.6912671274587,10,763.1603144271137
426.5325012728572,305.64673833107736,10,763.4461436415804
406.91846280544996,299.0609953617473,10,763.53735690568
413.5280323550105,292.4281310812805,10,763.6979514562986
414.2875212356448,294.9353167413527,10,763.8213608025055
402.7041796371341,297.4853423897601,10,764.01079162239
423.5424021407962,299.9393485587525,10,764.1872042569394
419.0139239951968,298.35787270323584,10,764.426003116868
411.7298883125186,308.4047388957127,10,764.5385275983693
414.9877439662814,318.0277132593238,10,764.6618663619919
423.63509618490934,316.93325211590025,10,764.8381577093553
421.1199487373233,342.18761534233744,10,764.9651658145864
404.674746863544,334.2439426223379,10,765.119177666939
408.2168449088931,345.285251946532,10,765.229226025997
412.28487621992826,339.8075290461928,10,765.4204134419708
394.54374539107084,336.6687943935674,10,765.5669151301868
418.924333922565,356.507603542667,10,765.7650025509816
408.30629479140043,328.1634323728314,10,765.9430795403111
407.2488522455096,327.96039200035244,10,766.1087309285748
399.4582691118121,327.77403950235635,10,766.2695867119205
417.32831191271544,318.9281296057078,10,766.4046304584647
409.8973183557391,325.12650520048754,10,766.5283756373134
399.60209035128355,317.26072256881616,10,766.617612638327
398.79905407875776,303.48697192973293,10,766.8401780034076
408.8608111664653,301.6102059462425,10,766.9316578158474
396.16105645149946,301.18876135342873,10,767.030967971438
398.91021817177534,288.9379137917898,10,767.1027238246963
395.80717127770185,289.43056788073284,10,767.2163928549478
402.2371010109782,292.7500020764069,10,767.3526781005321
399.3766445443034,294.6192708145526,10,767.4680584613836
398.939316265285,281.619218597753,10,767.5484699018187
410.0089545175433,287.3150969257099,10,767.8581721768742
421.23286294192076,294.33561288670745,10,768.042879733944
414.3823537752032,295.7278440823144,10,768.1878225551325
397.6229867860675,284.43583435565483,10,768.350167280058
405.3256053850055,290.0059524483914,10,768.4300839495044
426.8681697770953,298.040594709712,10,768.5826984594559
413.69736003130674,314.5792459014309,10,768.8191396673267
424.7216606065631,323.16732507423717,10,768.9091975997903
444.34039305895567,312.4027566368608,10,768.960333833674
451.97204684466124,300.0391138566361,10,769.0605709016917
427.07962702959776,305.3806076218745,10,769.1938322649527
420.1115713045001,310.25475629292765,10,769.2907535812936
410.0511464998126,304.1400253747178,10,769.3818916338388
427.2421045228839,293.9645015538225,10,769.4858651484321
416.9172716066241,288.40656771971493,10,769.6004653834808
395.2088365480304,302.3037612162841,10,769.6894135038679
390.7683381959796,291.85760690527025,10,769.8811567877608
415.4123697206378,311.8915606451428,10,769.9900033058184
405.6869697496295,334.49948407889235,10,770.0546320547744
400.41190480440855,331.0745168822335,10,770.2246972731348
391.02447079867125,317.4149727731994,10,770.3049301292646
397.7009577676654,315.8980283226989,10,770.4240169558332
405.419908516109,319.8939068273614,10,770.5317825371454
413.3395476266742,301.0500945412973,10,770.6124277391564
409.1948962137103,326.95213344075273,10,770.6945117444448
402.0960168763995,326.3744529225358,10,770.8391967545343
402.54754128307104,331.52097119138733,10,770.976537223362
395.9073239788413,358.77287761435815,10,771.0723642699985
399.9580756649375,346.77117855998193,10,771.1919637795078
398.0904046520591,347.66854260442454,10,771.4093082537939
418.29626478999853,340.5386383145962,10,771.6131609466098
413.3942076191306,330.577347775879,10,771.8542196546595
407.30597987025976,351.0374950107292,10,771.9394755694806
421.9405786022544,359.58313509115163,10,772.0755761611991
420.8758353218436,356.3314487751221,10,772.3509891603846
411.64825048297644,369.86204706041997,10,772.4751430078798
405.8083366379142,365.39564130273664,10,772.5859235021283
413.0426887497306,363.68574674914316,10,772.8498273897412
416.30924954265356,372.75761604830245,10,773.0694120030926
411.2606870159507,365.0794767863392,10,773.2230242443652
388.96972861140966,375.4147689239452,10,773.3742726260136
398.9166995510459,372.7957305301231,10,773.6105269420392
408.80754389613867,378.1692336326663,10,773.761458511611
407.2721350416541,379.6840355166881,10,773.9564836688909
408.86010267585516,398.41479901939783,10,774.148299864155
408.3669940754771,403.98482998886385,10,774.3904419810091
400.81817501038313,420.70054306076366,10,774.6012658982446
413.5079180523753,404.0647449036681,10,774.8308280632658
425.762405090034,420.90710453555084,10,775.0835592084359
420.48951452225447,418.8377714032545,10,775.359482095343
428.228451423347,405.49981780468505,10,775.6862701060805
424.81344478577375,406.44827020889875,10,775.9702208102722
424.03702127188444,400.1523929928822,10,776.3217523113971
415.3211923763156,407.5583921948231,10,776.66269084294
405.38542710989714,397.7541865114786,10,776.9604752259864
392.1328493282199,390.38776380642156,10,777.3350404542158
381.76724111288786,377.1742778606302,10,777.9252966475564
362.3014532253146,373.65891157262996,10,778.4381030074313
355.1112166568637,372.3447192876901,10,778.9287979868569
343.5916262790561,386.33306877105576,10,779.6191064664147
350.09086095541716,368.09276157412836,10,781.1964844711093
362.0796953365207,371.13894057748536,10,781.8030705561922
357.5882888957858,371.6727708567657,10,782.4388349282041
361.1527401134372,373.4964398080382,10,783.1468103267455
368.3828340694308,385.7901002995216,10,783.529063318388
354.6407037898898,377.8638731392758,10,783.99800704928
360.55043279379606,356.175522038855,10,784.7701293245846
369.95320665091276,351.44010060044377,10,785.3630367918611
370.97023712843657,328.46897783892547,10,785.8957860075246
376.6032432243228,311.0692755821347,10,786.1496621092409
396.6567958518863,290.1654381898351,10,786.2852101238207
384.94387947767973,284.8569870856365,10,786.3794415863682
409.16009651869535,266.51084810428733,10,786.6348947504825
407.44126331061125,245.88042822120548,10,786.7599198498982
414.7882324382663,223.7131731257016,10,786.9887514825564
420.5667473003268,205.27776100431385,10,787.2022537954002
408.0761333629489,175.23374444678166,10,787.329326522281
413.9407221004367,123.6509409230706,10,787.4140543582773
430.2101503536105,88.24959148680165,10,787.477434383159
429.2507448717952,79.44275172663669,10,787.4968431973122
409.3903589770198,75.81800756548091,10,787.5223091311655
420.75336366146803,80.93886477941203,10,787.5403193203076
411.3934336230159,65.63936290291332,10,787.5583542164935
406.42067151516676,60.56332591381306,10,787.5789756342692
405.3154600188136,63.47050679732138,10,787.5982487206156
408.2284663245082,74.07404444632135,10,787.612269461434
431.4873736426234,76.11720446008133,10,787.6304149185332
424.98411398380995,80.44214513261846,10,787.6467466090425
428.75227528065443,66.11617350365026,10,787.6826849231312
411.78325252979994,57.24350392239285,10,787.7029569469742
431.60229855030775,52.01521624886317,10,787.7329766604886
416.81049137562513,56.46570622543902,10,787.7422302049565
404.43944435566664,62.497397064549375,10,787.7583239295678
393.5934436842799,70.74712994810022,10,787.7834744039212
428.9292972609401,45.59134000653415,10,787.8289677086842
402.0574386641383,38.85992612514582,10,787.8496129305673
410.73884277790785,28.364972609986182,10,787.8689255547587
415.2010448500514,17.47008927878295,10,787.8783424857198
408.20750027149916,4.19112402443983,10,787.8839258111785
417.7543676421046,-4.8017534817823275,10,787.8865188973533
413.74267273396254,-12.109959043932065,10,787.8906301025244
417.3319170996547,-17.61473490999822,10,787.8925686525888
420.8169272467494,-18.32823023811619,10,787.8944102256872
411.5284808203578,-12.821070036761796,10,787.897090975017
382.6535723730922,-13.44880287249049,10,787.9028468018852
398.10500555485487,-18.825025486816116,10,787.9189972841375
366.75851660221815,-22.166057766607878,10,787.9238634336868
388.7174037024379,-18.750681772236078,10,787.9260906472138
381.86153581646107,-8.531896504669874,10.000103997051248,787.925985779806
388.71208076924086,13.98839939209671,10,787.9311856122494
418.2308185622096,23.62879874285352,10,787.9494572690121
390.94815330952406,35.67218320242051,10,787.9560568801516
395.62624149769545,36.493240717863955,10,787.970348847899
373.101419262588,53.9309959367547,10,787.9937031562113
359.31884556263685,72.9999828607327,10,788.1204273368197
369.1821239516139,42.3133742333103,10,788.346248504018
363.903047375381,30.326019688216775,10,788.3911899855625
334.350951962173,25.525375542918482,10,788.4100998887079
303.2257097288966,7.532630086005042,10,788.4325552190387
279.6693819090724,-5.589394979165718,10,788.4473305996244
293.8448322340846,2.005476931694261,10,788.61043196986
316.22342186421156,31.950163905382453,10,788.7625886316144
298.43078880757093,59.57792359064359,10,788.9676252913656
299.98773866146803,93.5148126424748,10,789.6216944777423
321.02007775753736,139.6643620393271,10,790.0729542655806
341.3414335772395,168.0272536630623,10,790.317584226118
355.36258225888014,163.96537764305083,10,790.771673790555
376.91563134640455,171.54474145475325,10,790.9670082475335
374.1905437037349,158.5113685237447,10,791.22647261541
368.2130556628108,156.93179132983522,10,791.4609780030611
383.9353504702449,165.08457870299497,10,791.7012368443881
386.8964727446437,174.32514605508237,10,791.9611147134555
336.4462202116847,231.98039300643597,10,792.0797284767639
347.09880619496107,243.62661209429126,10,792.1770264765904
334.8417280241847,287.6911823306375,10,792.2758828300698
352.26190357655287,295.7125155218584,10,792.332322282589
372.41658382862806,291.08177571332146,10,792.4148868758591
376.6169565245509,315.0093576292021,10,792.5110360628967
388.4635875746608,325.4347489446705,10,792.5813311602313
403.36591129750013,325.70941584804035,10,792.6307015723561
430.5303323790431,321.6213022808336,10,792.6673889881416
440.9781559035182,308.1638338244886,10,792.7302350652603
444.9853070303798,284.8914715696947,10,792.8410453902778
430.53446417301893,262.1067275452107,10,793.0034403911502
419.7815430685878,250.66459265106317,10,793.2257953540058
425.01543121784925,241.89503039518917,10,793.3792062884833
434.8019807860255,232.05810508673648,10,793.5216371513603
426.3775356337428,225.1488630947323,10,793.7024153324512
419.97600250691175,215.15471278702,10,793.974863210449
421.21716778725386,206.35743301544682,10,794.2260961849919
425.6510953232646,185.6048379843441,10,794.5442936019336
436.85848896950483,187.42099064775664,10,794.8269212413409
433.39783208817244,184.72339417321695,10,795.0513340085355
433.88534762710333,192.99334096272162,10,795.212717208701
417.96394946426153,198.3707242752942,10,795.392262450316
426.2853596433997,186.2681552076566,10,795.5753688015336
421.9018762335181,162.32879350852647,10,795.7547551941786
430.3112523779273,154.32036416436011,10,795.9528186783488
418.90393140167,149.77837171061503,10,796.1395772522208
423.0952155813575,148.56731715857092,10,796.3080898120432
419.2280743345618,148.31703490014354,10,796.4320349899087
402.3243973478675,154.41903967130293,10,796.5807352177926
383.2603047117591,160.80581611627747,10,796.7477274099358
392.1064894422889,143.5468860221407,10,796.9301116765785
394.50322606414557,134.37333360592146,10,797.0619436055746
409.9478128179908,112.20737694928596,10,797.2039918065409
389.6610582098365,127.03624144124166,10,797.3084660391822
396.2546599134803,127.40865211638601,10,797.4078069146168
378.7681639418006,143.81511711463338,10,797.5090042679756
392.6867506727576,142.31978786422093,10,797.6553841948106
394.2062146887183,126.39008162626027,10,797.7597975099653
398.20716359466314,119.6765839959308,10,797.9004749453069
392.6336629614234,121.3356563301466,10,798.0578227542923
391.6265099272132,105.3853716246258,10,798.2535238486835
373.73117377609015,113.06110835967661,10,798.363805177471
369.4302871450782,118.14128456242958,10,798.5028397501145
363.35515954345465,127.18813534170079,10,798.6622757800731
383.49172761291265,117.44141380974361,10,798.8225870538263
371.9980838522315,133.30953323999313,10,798.9684740478194
399.750683568418,123.36441295976323,10,799.0625243464384
409.39869286864996,120.515874155024,10,799.1589735799098
396.95630338042974,119.51873427378052,10,799.3388984458513
377.89639165252447,125.7599830218274,10,799.5003838370257
387.68010499328375,102.95599481317498,10,799.682414972348
370.6753595098853,112.89733387084146,10,799.757864832479
370.4140032455325,136.11659018055173,10,799.9468432103729
391.0224589034915,136.09059050365562,10,800.0259349446143
390.54024838656187,156.57357637313606,10,800.0844611914932
395.48388957232237,161.94316258135717,10,800.2687344766501
400.58600091189146,167.9671853671179,10,800.4389258283464
418.0297799035907,160.01786703232318,10,800.5946044290882
415.25880479067564,146.3523285494947,10,800.7960884992374
389.9477257654071,168.91835984013943,10,800.8758522424108
402.37185906618834,147.02455930904534,10,800.9973957179291
395.5186996385455,159.03196247454537,10,801.0848766794095
404.1359682008624,150.27250305366192,10,801.3123984264498
383.84593676775694,162.54903826530153,10,801.4368373110319
412.8148069307208,159.92340082823165,10,801.7201012827669
388.81851290911436,169.3443241735531,10,801.9361216422949
402.4773807451129,130.91592571667906,10,802.1783937147344
400.6630759164691,140.02546603683902,10,802.3144938147709
404.46653866022825,144.0298623980118,10,802.4283121382628
390.58540558069944,147.05177326046544,10,802.5111126133677
392.07333516329527,151.00676116055774,10,802.6614109373286
373.04013013094664,171.06777372432947,10,802.729353918916
377.1348090097308,161.0119105764398,10,802.8386101982159
375.6896039173007,162.5181465609566,10,803.0026325891523
383.5135303661227,147.9080574234847,10,803.206480145102
376.1068335697055,171.57007612398348,10,803.3769953564091
382.36989080160856,173.25358808662315,10,803.5264800103839
415.8175874873996,169.2444940545691,10,803.6594938000475
403.97351133078337,176.5302478374611,10,803.820867780284
404.48456835001707,174.54057200241408,10,803.9774591068264
407.32024955004454,145.37156931484776,10,804.132473454127
402.94431161135435,146.28318811351227,10,804.2919110515382
396.1939244195819,156.27757646796726,10,804.39689578672
383.2442879602313,179.08535062129778,10,804.6250173714164
408.3979115411639,180.09425833749793,10,804.7838274292047
428.8830876275897,156.46385062257127,10,804.8945192628667
412.61301850527525,173.9274710849245,10,805.0693596369883
404.7151966020465,182.28496423743712,10,805.1568235120168
417.7018098756671,161.3561502470049,10,805.2185416112894
411.8880524560809,161.62472765906784,10,805.3919917528503
406.2820091173053,167.9369667650285,10,805.5430567538197
407.1284541413188,155.27026958195302,10,805.6787296386474
386.6022376343608,166.3351951104633,10,805.827805430992
399.86527913063765,161.2127577670393,10,805.9866892120783
404.9828056618571,188.43645024802692,10,806.168927663189
419.54479639977217,199.025425202492,10,806.2503371140001
417.1533464714885,175.60899634571115,10,806.3711358065657
425.90323489159346,166.93013377488444,10,806.5084992386244
437.4781832024455,168.7223168656189,10,806.6579518266104
424.8204283043742,162.30012099701867,10,806.8153795287767
434.82353823632,175.16442655749108,10,807.0035240841014
432.13910000771284,162.7711031951058,10,807.1279489003026
411.6641320511699,168.35120717124903,10,807.2751283000059
420.86792366951704,163.19065763784533,10,807.4328438829266
432.66382973641157,165.4147451350471,10,807.5975639004249
432.22968377918005,174.7503759141179,10,807.773954777586
433.2093990072608,156.06941248089964,10,807.9063398654581
423.9396426901221,121.00190718129983,10,808.1930991218843
425.4432811960578,107.64991281606058,10,808.3039005202095
407.33412554115057,114.29375723956332,10,808.4166213716903
394.07553865760565,138.11336631740926,10,808.5001052423656
400.682810805738,157.20744339758625,10,808.5623134782519
405.2084465250373,149.77031313141623,10,808.7400894448571
411.6929660066962,152.33382052920155,10,808.850028384638
409.0212669596076,164.6021792490754,10,808.963890397405
419.8256769403815,144.26427203030073,10,809.0975180978937
394.66381361335516,163.22185232456974,10,809.195300777178
407.3608675226569,158.52804883738895,10,809.3416996750625
411.70892050117254,168.43458620196304,10,809.4637331307288
406.7310862764716,192.83687549074745,10,809.5935341307967
405.62578048557043,196.03261180496253,10,809.71339878264
399.7958168014884,193.40798063963837,10,809.8781889338754
413.19005336612463,186.9655536047752,10,810.0325752072761
403.76734866946936,175.66598076977073,10,810.1547235017968
417.4426082596183,166.15216602093273,10,810.3324041164161
404.65852584689856,182.16942804677916,10,810.5352457873795
407.2769690975547,180.1018353148749,10,810.7777954288919
389.4030448421836,181.72864592281633,10,810.9863419528772
404.39324774593115,175.3642423972791,10,811.271302301376
393.02886881679296,185.19654835113403,10,811.4103155004776
387.6020547375083,199.94394065307608,10,811.5095345739617
407.3450223430991,177.0655710494147,10,811.7398798909036
410.04238571971655,182.13019720226924,10,811.918387823842
406.4350944980979,194.82353002216166,10,812.0817061623286
408.94061341136694,192.62736051752682,10,812.2929695986307
404.1431852802634,193.33919087143005,10,812.473433317666
391.67884220927954,190.49455840994062,10,812.6473035529923
396.1233793720603,202.98493543844103,10,812.8988988917434
402.00509133189917,183.90934009105376,10,813.1951892264105
400.49102332443,178.2535966099399,10,813.3134398376251
403.0228424295783,188.7112273588893,10,813.40281891895
396.0607381090522,179.54996353043282,10,813.5689535247154
414.44922306388617,186.06990130202541,10,813.7629818664179
410.7205484136939,195.7487221299637,10,813.9688720861517
420.4656188711524,189.88863762064784,10,814.2678994803327
399.71450688689947,204.5888446410924,10,814.4452041741848
418.9694202169776,224.12673997457802,10,814.6637593629265
410.2676561102271,239.0419303458272,10,814.7366016581478
420.7388074621558,261.0855465310362,10,814.8627329351908
421.99737729877234,269.7004478961641,10,814.9626611924838
404.06145849078894,272.0333345958778,10,815.0779155869407
413.8227261528373,270.2136612544155,10,815.2096796053755
419.7851785644889,277.94511850829554,10,815.3338603582356
412.80786218494177,285.4957964857625,10,815.4584813472713
404.8533972725272,291.0904727713476,10,815.6879930262843
419.17516507953405,288.07304559595366,10,815.8277243721589
425.2775668129325,283.5569148126471,10,815.9376932294214
423.58383955806494,281.71948137938494,10,816.02293879048
407.22251906245947,284.4325496349553,10,816.1563239544491
408.70635452121496,270.669299723284,10,816.2780042892664
401.7288593277335,267.4119006594945,10,816.4286599989376
390.63530292361975,277.0243480986098,10,816.5289547111612
398.959995649755,279.43296350812363,10,816.6583119315317
400.9259962067008,283.7521277797764,10,816.9391232502867
397.0929745659232,258.868340014086,10,817.1527322594507
419.7489460930228,264.8613942271068,10,817.3304717566879
412.33613004535437,266.81351869938356,10,817.4471969713751
433.086433313787,272.7320607061458,10,817.7789495514786
435.9642044529319,266.8460898640193,10,818.0005801471696
423.89472641795874,274.9956100197489,10,818.2076700542162
419.60275235027075,264.26223402164806,10,818.4204108962431
414.3097969517112,273.04472585033545,10,818.5520195698009
411.8686017021537,268.9532191515961,10,818.6779898917181
413.2941202148795,271.4387309207267,10,818.7745217810082
413.8102510794997,276.016716089377,10,818.8886901842471
413.49910282343626,260.42683119937885,10,819.1773428682961
404.40331100672483,259.9479310899172,10,819.3650927403681
424.0674688741565,260.6906279924089,10,819.571061673994
415.60802482813597,268.4263808332026,10,819.7771368258417
395.5746557638049,273.05905507597987,10,819.9447450358438
409.284068338573,269.977031715626,10,820.1063269852807
425.5148937627673,264.33402816938263,10,820.4056845645229
402.40460895746946,267.02785767069446,10,820.5390927043858
421.3157436773181,268.05443428052286,10,820.7520925818817
413.92934393137693,266.17672828803734,10,820.9166556441232
405.37178014963865,267.23366089623255,10,821.0854008441452
406.71530651301146,275.31364942729823,10,821.3008529354562
401.1974532529712,289.8148511013248,10,821.4513178582771
400.8891951367259,301.42046069604936,10,821.7345749871873
413.08347099274397,294.8562032880784,10,821.9829876455365
401.8709837719798,295.5419284091959,10,822.2722848121683
412.50436847656965,299.1929180946598,10,822.7218966468375
410.0099000260234,284.00584202256175,10,823.0561871119564
407.11404817551374,280.8476828194552,10,823.2638653242303
405.72966366261244,273.1108951079613,10,823.7035633744764
379.79293041676283,274.5249911282078,10,823.9490140646964
363.63902454823256,262.49013675190014,10,824.3995039910177
365.16252022236586,267.3549600010902,10,824.9470591451644
