839.5,618.5,82,268
836.9189409693205,619.6444832371806,86.29015047746425,266.1525548126033
835.1459617012691,621.0376435580447,89.13574144364365,264.76639054962095
834.1904039763778,623.2800587486986,90.2441463602842,264.2591080523006
835.3246605506064,623.032149707884,91.86853749344331,265.2332954593295
835.1854789672847,621.83675405683,91.52734029917812,264.558483266793
835.9144067161386,625.1660375982776,91.68591734903947,261.00586796993923
837.8904722904188,624.8480937949163,92.27280053992638,255.8834452586686
838.9481214923226,622.9247856629771,91.84709282863875,252.97393178087822
840.7367498555926,623.6501573507569,91.81593791064665,248.5933735897974
841.2834550573754,622.7707122306908,91.51012486530792,243.95563783429358
839.0996365906716,625.7542390572585,93.04945154747949,240.2918020690368
840.0175943379661,624.2864055948087,92.28773894805508,238.21099522379484
841.9724337461602,626.3863020702805,91.48955228864928,235.4865575403758
843.8086450480293,626.5483088187408,90.60799009941589,234.50967845479022
844.3494942723989,627.3555931239428,89.67138828053487,236.55988140124043
845.5490983271297,626.6427692086561,88.92348751550975,236.48476915338372
846.1515558752585,629.1649691476218,88.63035849865906,234.56263842904727
844.3911686541545,629.7253021073709,89.97447383365883,231.66892685048384
848.5154269437716,629.5022837766336,88.3879607715755,230.3597377343323
847.6175202930639,631.8737258772729,88.22605462776224,227.5649753191713
847.3575731515757,635.0464337923405,88.22175854447055,226.8481362445598
848.5233457752564,632.2473749321529,86.64770643542228,229.51401514772004
850.8671982166311,628.5361825867659,85.07118400392127,231.55396022515177
850.0448051455497,629.095317037531,86.13721339645394,230.6717911777332
849.8911604882226,626.2345238620782,86.57775403540428,231.88710759684562
848.0010301452794,624.5783004577942,88.02353848876203,231.63533206959826
848.0302493802193,621.8878602487557,88.17289796342794,231.4909639601483
848.2204329613934,618.015027884068,87.50662821152005,231.422833599802
850.8981589593714,614.7609654448884,85.82755494252342,232.28872796744974
852.2170629470337,613.8309434137293,84.91557346904514,231.48652222622474
852.3542274485513,613.6579956929116,84.45857032627178,230.75747579430964
850.5120048112851,617.5044605629189,84.43169639265906,227.88760132162918
851.7090323455963,618.8516692199745,83.36829964064896,226.75997792612742
851.6093498576823,618.5255062919206,82.79966335810363,228.96833775116085
851.2245190532484,621.3504000759663,82.64402568012905,229.2416101234076
851.1318754282167,622.4808422821926,81.99732751616419,229.89389008816744
850.5171522395779,626.8032601542506,82.87847588023163,228.6429204062158
851.0046357931751,627.736300429214,82.7905749585116,229.34405005373765
851.519184209328,627.3627516761976,82.81789308802067,228.4715671717014
853.6314833577167,627.6594388353177,82.59343641187945,229.43833262873724
854.5119504321565,628.5071400337906,83.07779683392249,228.69957196543783
856.6368831203266,623.0436057697182,82.6970766125352,228.23807638378054
856.6485223713262,620.0162705822385,82.9505403900658,229.02652046708334
856.0033248434795,619.5026701534049,84.09934400114764,228.96636332685628
855.8155246717745,619.4591200593866,84.76018454769978,227.92747109755746
854.9156068844586,618.3571324613838,85.36783054808977,226.26103537437336
856.6856845110741,618.6048679883294,85.26088614462093,225.02770143548403
858.57665556002,619.0205913943757,84.22368095659547,223.58961112544733
858.8522913352075,620.4916942403325,84.73339675954524,223.53172473895364
858.830980840932,622.0395862683623,84.54363893745207,223.28777045012143
856.2985047249796,623.1811180247614,85.24491176032988,223.973824101935
860.08584096519,624.6659446593402,82.7175257903766,228.13392966761626
859.1309930410328,627.9206290291731,83.54043024254995,227.37776241263043
859.3128586906028,628.3824639426693,83.28918187860006,227.55924090106794
857.9309937245292,630.6505357000771,84.17763905989275,227.26241003502565
856.6132553196663,633.248672223678,84.8816604958545,226.93138328375272
856.5588382412686,636.6979397515931,84.27740417327584,227.14701305717665
856.6232666794858,635.030667154626,83.97101258250032,226.68803684684448
857.0420714635487,634.5883775881542,83.07105247674677,227.87816607820727
855.1129776146263,634.3407519733474,83.72051949054004,227.48080717512659
856.195175463853,634.1246494444354,82.55137616292086,227.5165846313747
857.8207246590225,633.0056206593297,82.02484947744634,230.285912705584
856.1907735410273,629.342745581777,83.20817142741097,230.47600793438946
856.3843747716318,629.0816752280209,83.22722951622396,232.0005884984307
856.8717452227216,629.6279342471202,82.39598272832403,231.26833681789256
856.480955244709,630.1326860005439,82.24799713545268,229.72273638054122
856.3614342262726,629.5919444555792,81.5420271989442,230.31115178868123
856.3896354460397,630.734978880255,81.07614895603488,231.9821547204881
856.4543111177815,631.1066040373478,80.31941360557418,232.91533641981403
853.7061961226839,629.5803366498152,81.22560386569731,235.01224268058945
853.7822060954206,629.8923513236458,80.51827229998833,237.80559557322366
852.8706910126224,631.1134935150784,80.31984980025601,239.2980750987447
856.2551318563229,630.0924876168168,79.04247421255585,239.5313684523509
855.2208634811783,623.5742291203137,79.39955394876118,239.6101208198079
856.4924755920972,623.4110700770875,79.3526328084358,238.86300431496687
857.6906083536379,620.0148323420173,78.64246884117875,236.64514195551754
860.0276009328786,616.8581401208046,77.82991480452338,234.01922967553077
860.8076008862923,612.2727642788682,77.32168820740367,228.91531075851253
861.7095850697392,611.6567882812765,76.40977892826332,224.71605605050985
860.3891183575533,610.5355137603763,78.51547217929506,218.4717400486703
861.50294630297,605.5263541358896,77.87949228524215,217.434315126501
860.1010957011148,604.6886742623811,78.85257761084745,215.09660047547703
860.56969725017,601.5384625978536,78.51316087967675,214.79957021032442
861.3078301597002,599.7655273704241,78.49774219997472,214.2831366452554
858.8028588775165,600.2649748193426,80.06065445847968,213.32549337700942
857.4386655109781,604.5080084795234,80.04213324210878,211.82634450604985
861.0975712018086,599.4544516127985,77.7382416907702,215.10646477407596
859.1596755458041,599.0229139950128,77.63864209167667,216.55449641719434
861.4328839379548,595.5929859660034,75.49067711249016,219.34327131371396
860.6246576154708,596.2600489601363,75.07309312110553,221.4825514018797
861.3174013153222,593.5892179243394,73.82892735068873,221.98697897640298
861.424020534158,594.0922260401578,73.0843839575345,225.46868466477957
861.8708495779164,594.3083868104646,73.22697479236574,225.69794255426928
859.6758379350099,591.9032008012703,74.90823543245723,223.9256515134233
859.2513139739046,587.8079551432209,74.93903609600474,223.2633844219295
859.5572112518041,588.7029177239992,75.71723270441306,221.48111828958832
859.6493307853417,585.141078816167,76.46432920576603,219.54367034994266
859.6368383639025,581.8895383408038,76.20715364730019,216.4952042501929
860.2098476981635,581.9147044175274,76.2315128293107,211.43552751895646
858.833745617892,582.755742495699,77.02417101989064,207.7612435970341
861.3361858182602,583.7044485058225,76.17021577860845,205.7993224159705
862.6050948000441,579.0246359614451,74.92800776606018,206.59507898208108
858.3760456672551,582.8606757105501,76.59180738280381,204.00726805381748
858.2809952974235,581.8268226987033,76.30243924038324,206.99886478738807
858.8954934680221,581.4051096589509,75.8804684509819,209.92209457210828
862.1889442106088,579.1222871884361,73.34444072221714,214.95303199670604
862.7613784992401,573.8940623880056,72.28408732166812,214.28781087460553
861.4621303771056,576.8094872780412,72.92716462157824,213.60367864290487
865.0273478262002,574.4178338172355,70.93288103717079,214.2190034630757
866.0786036203082,572.5171165252575,69.4899844291756,214.68445977745472
869.1064110143241,570.5350454402035,67.68688018878169,214.5219821317363
869.3351870299474,566.9266950003326,67.32878896050744,213.5126097464025
870.4789918438591,567.1991440290483,67.58840695376246,207.69526696393456
868.409966978507,563.8380958759808,69.58502225339072,203.50119314983027
868.6569621928917,562.8464478135852,70.65139213708318,199.7744892364744
868.5180925319111,559.0773554675337,71.43493355398063,199.28894651158512
869.6079552058816,557.8958431500816,71.05119938836694,197.89273171129338
869.8636482141826,556.4723934097127,71.57380089389008,197.33971311265518
869.6816190597074,557.3148449380028,71.46232452533516,195.3036209791743
870.3870236714384,559.1951127450184,71.35558899324107,196.43610408767736
870.5201725541058,555.3837476759794,71.12055151715812,199.59922233305514
872.0264863327573,557.1056773910051,69.73861560738499,200.10732942712792
871.3766339309677,554.577570676057,69.73327814411829,200.87762271389676
872.5591585887641,552.0292871552305,69.27672818860988,201.23820447646645
873.2373377033258,550.8281347478762,68.92340920032376,202.3730071024925
871.8467733762415,549.3883703641645,70.44390820056182,201.78707747681887
872.2405335236393,548.8072813800374,69.90545203833726,201.2416858459216
870.9169678224288,549.7853577053932,71.83255307338389,199.978382831288
871.8478947794179,545.3458016559673,71.38508102109235,200.39071522127742
871.5661051531581,545.3456351259093,71.7712687147264,197.5574360777952
871.3873264017218,541.461024823604,72.4750272798014,196.8889688085656
871.537350327071,540.5561865117087,71.91891197428832,197.07137854850617
871.99319872504,538.6357927165168,71.29552937183733,195.71087123990318
873.0544559223574,538.0507520359058,69.58430472873223,195.69391990154003
874.3694930796272,538.4985238154494,68.82160554961442,195.31568243185419
876.6017270077075,537.6256651257048,67.4622237816344,194.36227237565913
873.8004687791778,536.9480841102146,69.16513997128345,193.81898176705974
875.2699847730795,536.9624063918957,67.70649412144236,194.46342152233552
874.5715898004552,539.4133501924623,66.6933607516427,194.2150311402879
874.9401265650758,543.1105822587062,65.43243183423698,196.08580386235332
876.6350773841558,540.9747214234668,63.79117776668706,197.80441588698855
875.8237416883749,542.0585150529644,63.898414416275074,198.3371276525753
877.1923210762468,546.3317453901568,63.79841546490262,196.44407502872758
877.3520314324619,541.4566347290286,62.76462658793302,197.89949559262232
877.7460473417897,540.9408026426099,63.81087979010573,198.33274468872693
878.9723101642994,538.8533994402904,64.23046761134898,196.64624919440968
879.2419281575261,538.9856314961178,64.65801687698996,194.10879080289348
879.6431237272429,538.0379604677967,65.2807904371108,192.1004220174031
879.8822775838509,538.4515360370241,65.10188564628669,190.5085702873841
879.7790596037123,537.5728890691789,65.9026888722651,189.5597117839569
880.4482585062207,538.9783341785092,65.88085646164991,187.49131084361306
880.3841074988345,540.0074161656586,66.39075611455237,186.01107559121897
879.6302022366909,540.0799599737588,67.12345728815822,184.38517554463664
880.6153759461953,541.193766185931,66.40210457721088,183.89788320677144
882.7403906053515,542.1656085196528,65.58840915362784,184.62214034802855
881.6239925336585,543.2699593258135,65.755553641817,185.88129752705842
881.6799453408868,545.7854401544618,65.68267365071168,185.64536312577394
882.5252119653908,545.8109441036739,65.07611512075123,187.43437314212161
882.4946932780902,548.3305501603243,65.48343536492989,187.53189646812135
883.006394522827,549.4372791174958,64.40374395138795,187.88977887627289
884.7286845664636,546.5691280959336,63.10739870832262,189.35625546087059
884.5674418240761,547.7218314458753,63.6673537470448,190.250274458314
884.1069366830138,548.7482747692994,64.62235276946478,190.50988137416408
884.3712176218123,547.0595820449258,64.94866282055965,190.86101479158484
883.5187963734164,547.926487373266,66.25433751144121,190.95437462612318
883.7232689403735,545.3491252371591,66.5135791017131,191.27475403444527
882.7763850537672,544.6071269221445,67.89519819662283,190.43345330882255
881.6911928049352,543.6338829792297,68.59751576351587,188.41018411457404
883.6597434525034,541.6481883522002,67.75295735511342,188.26746480616356
885.3250627460243,542.2811928028094,66.58332688765495,188.94587135504145
886.8259532018235,543.8668130518573,65.41169824923469,188.04123933358437
887.3569350044879,544.8582931381284,64.65658659717374,188.32285678822421
888.903657340803,548.8103279172446,63.374423605604434,189.7533695587881
888.5240904190291,548.3080072413528,62.74374462204206,190.42603273850793
889.1891710986297,552.5880343100416,62.357834263722005,191.34873235479253
887.7348151468909,554.8403671782513,63.35761491185902,192.0339207634231
889.0140900481164,553.9927903912608,62.97108983627567,194.38538072339824
887.9364642473131,554.7786044913267,63.93604085404281,195.14250623305932
890.1347263494132,554.5650422102199,63.23737546026739,196.01161157444398
889.921256676565,554.7569951442282,62.52000969598609,196.92089713938032
893.0019557226017,553.8874934773148,61.81875803106732,196.1223595605788
895.8941333117382,552.2781744859099,61.69764090134785,194.0941298866809
895.2750258934157,552.3356996500547,61.86242841846626,197.14097721769312
895.0322429155704,550.6047059000996,62.356104279913666,196.21755965397412
894.1836784709675,548.7099549079649,64.38250228027604,193.6870557445364
893.8629545441953,550.1032723762086,64.44975141098098,193.63842573091574
894.8178372788515,549.570810440715,64.73933772923588,192.82553054062345
893.296289898432,550.8942759652559,65.93356721946013,191.71138586086545
894.8726248647607,551.5594889110574,65.9532667669357,191.12661872456493
894.0618546225447,554.4726060932088,66.90549596634884,192.71190817923178
893.8110018724217,554.455014914608,67.68381803992861,193.26083703644875
895.3042692757064,558.288286704675,66.77762934084217,196.0098122169959
896.1291038547374,558.2252964395018,66.44706521188616,195.57685960849497
895.5610972571847,558.4658318861618,68.16737487191182,194.71164774685207
896.1322414530413,562.3454832526146,68.01432897430482,196.1627465489808
895.7623113824922,561.7362340883828,68.74333700296833,197.3828752225708
894.692525077717,562.2006369082455,70.04203058944339,196.8289514166371
895.5618809052396,562.2844042213968,69.15608461375773,196.6705110006763
896.3289088913026,560.122203228172,68.20061271660582,197.70001781500667
898.5774321030523,559.7019407421966,66.98600504814175,199.30635703170475
898.7445133189409,559.6423893900268,67.71182372407638,200.06122183149563
898.6416422848955,558.51148162695,68.07284709748032,201.38725361379107
900.8907424991992,557.7424152202727,67.3067044787025,200.49885248969122
901.5393514162422,556.003231318902,66.92871567522566,202.21510099921989
901.9438603005652,553.2515451177472,66.1701797661742,204.1889583735294
901.6430393772386,557.0856952380976,66.27650838565091,204.0435458395852
901.8569807012168,559.1096913179656,66.86124022629606,203.51853532352595
901.1174852948277,560.0014406039611,67.15419528677785,203.4684916942384
902.3330091932198,561.3517583917212,66.44519100424542,206.0601377463732
901.5660359092379,561.5260928740666,65.9674121464889,208.77637967035406
902.3552858757431,564.7985094937679,66.8716790801626,209.54491045988215
900.5676875975527,563.4658194152339,68.51313156362923,210.18071503063118
901.0170310406029,568.5922206148704,67.58441690802275,212.75120154889993
903.397935628317,569.8801606804474,67.75293610173526,213.24269040196833
904.9241314704683,566.7611312950953,67.51649123483068,214.10371164749535
904.9273734206301,566.7346644656371,68.24445558861552,213.78319452053637
904.3845303632202,566.4006169030469,69.30569610821564,211.6338477054094
905.5762690645183,568.5735718453145,70.02413096567479,210.11873334737854
906.707714000474,567.9428473700084,70.627254143843,210.17202320890232
908.0381987189679,571.7146292341736,70.54830236699613,209.39607479887025
908.8567350320661,571.7325875659341,70.9382678381812,208.74945067351535
909.2701752325793,571.2550355962749,70.70919323520876,207.31624918718998
909.2429434068541,573.5688321210652,70.80494447275197,205.98402457060803
908.0059032331433,576.4435944147733,72.02825448974455,204.57247357785712
910.6101526240722,577.6600725581524,71.51563516726792,206.45376060774942
911.3218139569668,581.1905393076784,70.42823268632927,209.20677955468136
912.3921099543792,581.9878075128524,69.77973187039854,209.87213393908726
913.3446978376486,582.0393734673381,69.10340909114915,213.02419764779174
914.1603879046273,585.5197490400233,69.37491141397109,215.69532058689407
913.9866270809634,587.1526742653855,70.46994820326287,216.93497236013798
913.635437126078,588.1487077770589,71.62484103293646,220.28752842562784
913.2568569814092,589.479838746169,72.85830478048791,222.63957350950238
915.7254470498026,595.6596271333296,71.97316426696182,222.0568245473761
915.197674460041,597.1003627984679,73.05200916103531,224.61409776208228
914.8533874626812,592.5307479596612,74.33796438992397,224.29634482708593
913.183770525556,595.1866721004393,75.68897936063269,223.1526474473242
913.9317727935852,598.7157913448846,75.43042637791912,222.01583668517918
914.0328984438446,598.1013083809672,75.33896695431245,221.24935461973536
914.4329215956916,600.4678086711111,74.59423303826368,221.08872504545963
914.300380469293,598.0027892287952,74.59054030479376,221.0857614581675
915.3933229216319,598.7504610434448,73.62983709891492,222.1546528008684
917.3889330760284,600.8308923484681,72.40397643024363,221.8362861090958
916.2218688796867,603.2386361632005,72.53121257095867,221.86750057847755
914.0937115365168,601.4175075724812,74.90397923598175,223.603971722471
913.3712877627536,604.3707498161939,74.69442917665859,226.22105062005534
914.0145744890809,604.9607486411963,75.08664688935582,227.78592101013535
914.202650942621,603.955314385391,75.75637120052204,229.926011288933
913.1807944192379,599.936692303376,76.37318469494292,228.73430781349774
914.7986754321917,601.3560561398165,75.82193456898366,232.56732830193272
914.0165382244332,596.6611792366291,76.88129273379468,230.89733822708195
916.415305271689,593.6177407185999,76.05482249159337,229.1993775403622
915.900392910185,593.30602237024,77.26657255608814,225.0360353102323
915.5309864175501,593.3230610327257,77.33023401443009,221.68229994426065
916.7119648433479,586.0523247430572,75.80680120639454,217.1558861710588
917.1573641599563,587.8762509278054,74.70997879068614,216.2371812357968
917.007002388869,584.6694778017816,74.76509567201796,215.35454056386374
917.8737266968029,579.817105966107,74.19476804118106,214.31866362211483
917.8220813916469,580.6447449070902,73.19798900942632,212.99991723023595
917.7844998351089,578.6417354128554,73.17899827123134,212.37018067976504
918.3938411089096,577.8389627817045,72.25516723534702,212.74175398867482
918.2550123892048,576.2702017737865,71.07490030875915,213.3685450226839
917.8394998088656,578.6958828847859,71.29553224329088,213.951510879909
917.4802147501575,577.8112031515071,70.93864681432792,215.49334688548214
918.6261240768288,581.3594031433073,70.96557544301379,217.58323573549995
918.4246031026541,582.7972279842426,71.06327570058423,217.88760590912878
917.5169870937426,586.4500509777951,69.75287471707975,218.88639088363269
917.0796077202508,590.6092343918555,68.22702277871485,222.9434379501651
916.2585246007557,585.2438646323584,69.04442035525237,223.69536048307538
916.2381722524608,583.6022945424604,68.9334207553726,224.4562192545614
916.5410225557383,585.5458202264839,68.64412619020108,226.50417545868845
916.5813620303936,580.6637282930099,69.07285118490616,226.83034815620283
916.4633141706735,576.539088112618,68.74649077336484,226.78383784468446
916.4597322424469,578.6654079430259,67.1467113801156,230.23431173977684
917.0986081176809,572.9885067528633,67.33658727418647,228.37828765068076
915.882283825676,577.7791245213856,67.5653431503716,225.14323159895707
915.7496942118983,565.4470678546329,67.7537287445256,223.53060390463042
918.8994475650876,567.1134257550477,68.01560766970827,222.02325162060833
917.3413837546404,571.8111961691986,69.10416528137098,222.248526069406
916.8552371261687,576.6382546618577,69.28608276917615,222.2627869603698
914.7365084356569,584.8323958747899,69.05063356069181,226.20337149312365
914.6444015031335,580.7731267339719,68.7120072238839,227.7688387527258
917.5520512156792,576.7716622788324,68.06631400759379,227.81208329105658
918.2906723375816,575.5187018065246,68.86467410448734,225.93898783628867
914.1356108746256,577.735027041207,69.2832369527318,230.25722237668953
912.3479686992717,580.3719080651465,70.13659532954739,236.1188401200703
902.5761794610322,587.2012050381358,71.24991028673944,241.8620558664745
907.3794154202467,575.5034092737517,71.90498259591047,249.6427353621615
895.3802800860522,588.6100788254585,72.22632760511979,255.54558430806435
892.1887269420639,598.8449437270936,73.17436242474318,258.125504697055
891.3613127746756,586.1804208221939,74.6779989586868,263.9479129336121
887.943634614833,597.2012311186419,77.22499563634351,264.229956052264
891.2948891955276,585.8945214810008,78.15460040851738,270.27044785257056
893.58394022909,579.9299186380866,77.99192030413059,275.61164418094654
893.2317716536959,586.3644125212137,80.87399445252325,274.2999092986036
893.6383306070337,584.8406651318815,83.89796083921311,272.4940882470374
892.5116811934521,579.6084059115639,85.67281917303097,276.8654288922623
891.9352904876549,571.5272445190024,87.4404810272447,280.1830279759083
893.0784986096751,571.3234264245509,90.15327800189345,284.99965550163375
891.2908444828709,564.9658216081027,91.56402069229998,285.55164568262575
890.7980265783114,565.162501276001,93.17449640334297,285.931791498101
889.1506629031578,559.681808649029,94.63409771128411,282.89181204409834
890.9412724626196,556.0462898343811,95.36231682096758,281.30692792809367
887.1520102726848,558.0433600318288,98.14760971356306,279.0989930633651
888.409286343289,561.6154003057077,98.40397856425248,278.68657955738587
887.0463310646314,563.6060073036954,100.25989007047332,271.9659737576691
891.4529953739575,558.2667181797403,100.04897653666006,266.4495008123416
883.0102539700779,548.1982032417751,102.90281356957797,257.72575760172435
885.7899853614326,542.0699918656635,103.09422769040239,251.77955317194065
883.8767463910286,549.8809284360348,105.22926445288857,245.08115338935258
886.4160621526534,544.496498501382,105.32146747096003,239.79584646483482
883.5835933417003,551.0832894489246,105.38774510064815,234.03239030217156
885.1562879025103,546.3903835018853,105.11229316050094,228.47796705831058
881.0859406885995,553.5845080774241,105.81136866894977,223.66743473462577
878.8108404689306,554.0511456521756,106.68380922249987,219.36848604309995
879.6404485967662,555.4788156092707,107.41878017881885,218.13003810908089
878.8223459528074,557.1940542980158,108.23278236700892,212.61647090309955
879.5624266249774,551.0451905565476,108.70006355425443,210.33652733501043
880.0681679557322,554.4655754102076,108.15001632994753,207.78320889493276
886.3312293895071,551.4805011080592,105.95080348131836,209.5843397074816
886.7919300198814,555.2886951432803,104.23685714038498,211.95088849617045
889.2312926896361,547.4586350809178,103.68005314944742,213.64521215025314
888.2733351907327,550.3814065614805,103.06010164830688,215.45817224470034
886.577091168906,546.5567529862028,103.09514349826526,215.41373568950618
885.8428285987583,548.9644388695646,103.60779187092542,214.30320625180792
884.7563310609885,543.9220193071351,102.17774076764717,216.65564209831604
886.436288010365,546.382461957998,102.31424987495183,217.04880508684298
888.0941053689729,543.8785149205424,101.61572898639511,219.26856077216667
886.198384004347,542.8975300591876,101.88816689386965,222.01030480308088
886.5739826755546,540.3273930691589,101.72390465439406,224.75029973803345
885.3807221667394,540.491981618698,101.92020746180431,225.7134473011637
889.5785306261591,544.2317071077186,100.32662873571377,229.5382546696801
889.2026744610745,543.7484637588968,100.0245183100695,230.35745796225808
978.5877736109476,567.0903566853463,103.50374017633882,228.67171135496494
883.1900832280802,532.4424794808208,103.05598739715172,229.40613306137908
880.6711555513625,530.9564638831703,103.17500997165634,230.82605871068245
880.0738978525768,536.3798691552583,103.02323513847684,231.79020130676506
879.2709398378043,533.9010590045066,103.01984471336323,232.16383627959425
884.22200774051,541.0906992291453,103.06128667437048,233.12041417534857
879.1619025481498,535.1037874515766,102.89698644660294,233.63088361976824
880.7103942615831,536.3807860982977,102.82944032327943,233.92631927157743
878.694995711269,529.4692986626749,102.8574164552796,235.50930963049407
878.2130410407375,527.556118658589,102.74798073122578,236.31691014960637
878.0339451368519,532.2538905533958,102.23958460211892,238.05514588574957
872.98276137603,536.0260004123752,102.2601621533648,238.31163350803135
884.8844843829231,516.8336059175513,102.43304212834796,238.71483222668294
868.215306201367,520.461531547591,102.60646624048387,238.74451582530727
868.3809155399454,531.7395392254173,102.27767027048233,237.84616762968886
866.0746570549322,531.0614452116115,101.77364251699773,237.697966728887
883.6711697072456,532.9295328263793,101.75686385543764,238.05494879076383
881.9864011017878,505.0510238146343,101.54862034278136,240.95074931547447
870.9851075031231,514.5159794115027,101.3768644309798,242.07311664041436
869.4515394048984,507.11364796447623,101.53369679632884,242.09710936845173
864.1070978890091,511.0013461763425,102.59755598624945,241.86070964119125
873.97845579936,514.1710127846586,102.72305000441492,242.84413796020357
883.0618438596359,511.48333434843585,103.0393461647469,242.74761248935687
873.8456979814023,507.22488099598763,104.31169529426093,242.0700125490507
872.4479197777907,507.85125100122656,106.9519208796124,241.79886656466155
867.4881982833266,507.6064241874998,109.633789291209,240.6868809213326
859.6646754856932,503.6943104664667,113.73307583038455,238.03497883153855
868.8913767093628,509.9457439810218,114.49355010728854,239.92929522070227
857.8712872870349,513.1913687059191,116.12614190055284,240.1554453680755
862.156193772479,507.24772325316474,118.61088863730603,239.26291869240754
857.1008112507044,501.66678204944867,120.9690615940633,237.91972850615076
868.0960653574415,489.12624841205013,119.94484862289875,242.67386096649466
860.2300322559046,493.43470173722096,120.64655651145827,243.58961670781565
872.0934874761336,482.95864313092704,120.21371726850992,245.67063826305485
866.4024686925388,491.6314145251322,119.85246393451561,247.79882365457615
865.0006899077666,494.71425086053137,118.80712333168134,248.08557121845803
865.5307969424681,479.1671867841982,119.68121051941202,248.1702541806947
866.1825008117568,483.2181069905789,120.31623642799029,246.32349303734233
868.8619383867119,478.4672351575223,117.31002598717131,249.05368557125342
879.5190291911055,487.68482387147594,114.70528651705607,251.33011130801904
874.4681724961995,479.09560777455283,113.18033669886006,250.75891352749994
872.2095576738052,467.43974676196865,110.71447022090716,252.39375376250717
871.3634766896196,468.86206245244864,110.54459429216838,253.63416295085273
879.9568711909976,469.65107931897796,108.59029773631165,253.27242136066212
875.0059712627592,468.2338516313805,107.03058693452442,254.86963665979192
885.7094738707759,461.6441699816152,105.85785562901343,255.01622121939326
882.4524728103237,456.6761873593104,104.22851573179042,257.05768334739525
884.362871503167,466.17562216181653,104.21741764305506,255.35504024384784
887.1608938891482,466.23076871273594,104.20255392043954,256.0788536469262
888.6339473972632,462.6161765919664,103.7578602495465,255.83123410886324
890.0992656587468,471.10163744991786,102.31364638454579,254.86750500465465
886.9729549111092,466.4368093483563,102.36753264269946,251.07166815815617
891.0586812530295,464.2898100445782,102.29400705236483,248.96561994030347
890.2374242113942,467.01821983856667,102.83024068958275,248.5432623274242
892.1797806149281,469.5395484523567,103.53004917615517,247.93039178197296
889.4299387753802,474.21785418620277,103.8822156509663,246.7115671795152
896.9794955799009,467.9870544403349,102.77289963408789,246.4426187662828
897.1750647108925,473.79839862808547,102.66084074975616,245.6882355970804
899.9003533905898,475.3935974497368,101.31852831345722,246.2819690038876
905.4706200416217,470.30142321483197,99.83152990061436,245.1664450753208
908.7052326066921,465.56779895744876,97.56992920589857,246.38935364715508
909.9795565948721,463.8282291757871,97.7203471532294,244.84901584307724
911.0766946917136,466.38967524025674,97.45614279029593,243.37596240012735
914.2984752031618,465.98379490843683,94.35448259289979,242.2354711526039
917.3130275631036,465.31814974994177,91.52014916284178,242.5709103104982
918.9818385445304,464.8186728753142,89.60144056439836,242.92768856412889
920.25642902042,471.0671295319435,89.34114568287075,241.71345004029888
923.2650418796827,473.0770748849717,87.87903900197351,240.43616478201167
923.6775863680698,466.6466663223099,87.09164887150975,236.77426347776984
925.6368268582023,471.82273892970136,86.11232084725356,235.0103016660021
926.580728457404,467.9332716842956,84.41931732538781,234.50364026295364
932.7349832818209,464.7989913654922,82.67753817582161,233.6575005831777
934.5656237609063,473.0941721812737,80.49744456124819,233.331812184647
937.4943129705254,464.6674389416801,79.110904688763,231.3508823015295
938.3199402170935,469.2062187018669,76.19695595601024,233.8455607496008
939.3003780198965,461.0789735763134,75.49268073034818,231.79416377841773
943.5711222513382,478.17274452035736,74.34044206910042,231.25730243232192
945.9654559653221,471.6661911486163,73.66093124971418,228.75315911476886
948.5924578036529,471.571585174748,72.65735624965791,229.09729667710087
945.4578520344119,478.53769966790014,71.28639959813745,229.47023488897776
948.6157509194749,476.29468002868504,71.23336008301632,226.7368561185493
952.0378336222147,486.85440557331583,70.29459781474372,226.21321878050838
955.2909640062165,471.87114399497875,68.10835676872499,224.4350291075927
956.0387829134759,481.6351955890376,67.42941667091928,224.0446193246264
962.9931649188438,476.0383071694529,65.81879509334986,223.1906647642598
961.0932180941656,474.48686828478236,65.19183365542585,224.3905777032022
963.1123052161633,476.3662921273023,65.28251320934305,224.55104511787854
964.7859905533647,477.92909498260644,64.83715226051095,226.13961177055154
965.6537597146347,484.26446871168787,64.40652602827245,226.5473440792344
963.5984622033069,484.92728434320804,63.99531338033493,227.5791733150038
965.5457451725615,483.6036921579139,64.15435633617382,227.8750626912379
969.0324005572328,471.5966006756084,64.14504912975842,228.1419216659807
968.9102290733096,472.1937134211081,64.07228817523787,227.9789236444256
972.0201720191029,472.74074170633196,63.259809567434075,228.4838647861132
973.4592274625626,475.4197261284869,63.02350599824852,228.02847334201084
975.4063027493879,470.8918269964539,62.55891465540233,226.65152185784683
978.0235901447635,474.00551562782823,63.08356141845367,225.61491617484054
977.3994016039151,470.60009733890763,64.29794984181183,222.80983936156855
982.2200987062936,477.06062114364704,64.79121158950835,221.82785005592268
982.8343845579649,477.14944529352493,66.15592210891353,220.3212999884362
982.4813315349786,470.7206083811011,67.10268272773047,218.975237508047
983.5686741265297,472.1613521418608,68.21630997977859,216.27633579218218
980.8213065215731,471.044265814087,68.79035179216983,214.3754333554141
982.6879698740597,466.7451278168287,71.51142705710623,210.34340310603415
983.7565606548053,465.09753582364243,71.24142214756962,208.2253418912959
982.6502005006562,470.0335824231438,71.23763907413874,208.0480500228595
981.4657662492983,476.7494693669398,71.77281073466096,207.06957375031874
983.9316678816525,474.8081119235658,72.38089299088749,205.3797745799075
1070.7426513250487,580.5606712772646,74.57989473202475,199.70558848969733
1070.5551844783736,586.3442293681342,75.15958158585181,198.19970868948883
971.6644356759101,480.2466400568196,75.77935128550531,194.38565574473523
985.6968871891594,467.1586101848935,76.48987512363072,191.55231225982766
982.9777203859884,478.09923528680184,77.9499548885727,189.1680446304739
982.3068890300036,479.3486802952598,78.82330161176311,187.7996955805456
981.300155256137,476.05411141540617,78.37682729548258,186.78865652903457
977.2539074914764,477.1024335214994,77.57854142221599,185.95483840193876
975.0191092871058,479.1028365531847,77.89771048949585,183.49230257362976
975.2823467224019,485.4258189404967,77.72831989319576,184.19972467797317
972.7861187661747,486.1750533530023,77.09557553404372,185.47153931357897
978.4638038838008,477.19728040622226,77.09129763735356,184.11821107689002
972.018244878088,483.2114020916721,74.37687441953106,185.010382630612
975.0781997360967,484.86474659052874,74.27855255217688,184.4046323345283
973.8414636842235,487.8793933379184,74.93345749913178,183.82912807391045
968.9311326144759,486.5795518450599,74.91076159877083,183.84360097471225
967.6071792897959,489.8141376048161,74.89798318572245,183.88051103631548
973.5205172520123,482.3084571360595,74.59814747125068,184.20907931025454
975.0921708747981,485.85348408836313,74.57658748100447,184.49289768576804
1076.8337142756823,589.9147667408319,77.48182160208752,180.6754623857135
1090.436729010275,579.0939947321128,82.76783085970871,172.88205843562224
1079.5837453567808,580.896270236148,85.02351893085743,170.2826007636572
1083.4376606205865,596.0984947649706,86.6136668044299,169.77248268440562
1091.4418691681701,571.8614077149417,91.27754241861325,163.8073638767484
1083.8788053844855,586.8828637255324,92.48609987184676,161.42541682138756
1093.289258005609,587.9231145179041,92.51171028511715,161.37271269720017
1086.2644300124648,611.6241802014263,91.6288463586861,161.42342404255817
1086.0186388186683,596.1497952756583,91.60799831682058,160.72603186101276
1099.468057039504,601.2665321521625,91.83597957839623,160.56049595895664
1098.2759950633963,607.4973502997149,91.74009206744614,160.78966891372997
1098.2808682727125,610.902625574536,91.08082876830147,160.19288160108698
1111.2602472285412,602.3420884521622,91.11979157502805,160.0950723314304
1100.7060683758023,612.8432882032043,90.72517000194163,157.8865132376713
1105.392656056302,606.6237869923426,91.43111146223112,155.26177588278352
1111.6697985009964,609.5867154353125,91.45028238338917,155.89224347880773
1111.2283583713297,600.6764020409241,91.5768418085627,155.6165892159487
1034.3525108104902,511.27215196119084,90.1047973062183,157.1308999222904
968.2805670448381,496.38553141100806,82.37984938830365,165.7989431161618
969.1842765469638,488.3040544598463,76.37749983061603,171.6081267624428
970.4176871748754,486.7866417408394,72.6520046684665,174.95718949703792
975.3782651808501,489.30235855476656,69.01895652852645,178.6717590201235
979.3009982225963,483.4450899902556,66.37248460473256,182.70379197205193
984.7521187025908,480.3040721330162,63.265268993406806,184.2510702631299
982.5172164331375,491.38781127367315,60.918134655207716,184.27931456177197
986.17884590566,485.17392260023587,60.13113822236985,185.65984497566325
984.5650895712879,485.82642566044456,58.24176522903514,188.07326770541977
985.9597228245452,486.1494595349484,56.508240271058526,188.93979489469035
987.2161265006215,482.06270583885794,55.31585199201098,190.23415714145497
989.0651777937065,485.35976528923067,54.4906672963895,190.09768985585228
990.5414712586653,488.48035398266876,53.75925508342142,189.63868038050566
992.3239661387584,486.7674052350273,54.10620637471848,191.191094337161
989.7834783262034,495.6180538137018,53.976330807354145,190.95941883813714
991.6237054172404,487.0621928864539,54.923097255925704,191.11133425037224
992.035372292263,483.8613742747956,54.82406442684392,192.3061843643138
992.2104489914396,486.91826155299384,55.348378401384934,192.52657490420026
993.5066270598484,490.60108200824766,55.96334676941967,193.11955406510373
992.7139602051229,491.52924544864237,56.47396999055127,193.32108684350928
990.0609306036624,494.61149896879823,57.02531565816342,194.82252676364683
991.3093079874956,490.17801601867075,57.5739095347538,194.0247368426738
992.378980714325,492.7904661983275,57.69330951299474,194.0778654483566
992.1076314992799,490.09893651653863,57.574392154148526,192.28255672035107
994.4796027031733,488.5702275540972,56.74320928882689,190.7640678916939
993.2581116395836,490.1711702751917,56.37362370512972,189.63979580323416
993.6687690517916,491.7634660791692,56.02196984830226,189.31955785204795
993.188780829468,487.2880619706332,55.41367215259143,189.40018498544083
993.9149631238707,490.287882403213,55.427983918194315,189.371759368389
994.7355647868706,488.48702325607024,54.500919874897974,190.2230001102606
993.997685723803,488.8920305444289,54.35234664593823,189.688614726134
993.1093802000996,484.91298971749745,54.20367593026826,190.51878671965758
993.0542139891702,490.50868005967095,54.09048826691158,190.10005293930223
991.6830698966887,484.8749342121535,54.24292292671261,187.7537970375964
993.5084881314004,482.62322335809534,54.572440766371386,187.66543379164168
992.9496691614569,478.94478255261504,54.76757630776743,187.607597728347
992.7311644380017,476.6279060040462,55.10410883407334,186.74146765058836
991.2074978493421,481.7457751451958,55.27358742574474,186.08162849243473
991.4770321011027,478.16257154131233,55.22890365804612,186.4951937507387
990.4126015985028,474.3931444152064,55.79502135708617,185.89813129305074
989.5645781493475,476.4483054148172,56.016940366717186,184.32237331207864
988.4718931723739,472.1180312537744,56.59743785553056,182.84651568933995
990.6017331562773,471.16452549994733,57.0334346913127,182.0750100937989
979.4415408412161,475.7797193218306,57.552885483544586,181.3896959592487
982.0819423727899,473.66881384719943,58.25261029820477,179.17685028848547
981.97774694045,475.34639945829394,58.34864975279367,178.50119800436102
980.3362577178898,469.0187997813192,58.65574256825989,178.04522182120107
1063.3539103716626,462.9383669063198,61.98908960446461,176.30974433999873
1060.8251301402931,462.7535137776574,63.04449524008545,175.4691701789274
1058.1293345055778,458.9301849327044,63.66404375820371,174.93972999896044
1060.0721112073165,456.2342841920429,63.122621824452985,175.48333735796905
1059.0981808212482,457.4375507176626,65.06290739478736,173.54972350262008
1058.0376660245176,453.29097062295364,67.3083417464636,171.3436971762299
1053.666227196291,455.05220402814314,69.82159751570978,168.96086962423553
1051.1886067603164,453.45081041327586,71.76399239461713,166.9148403637968
1047.7403519870077,460.4557698920202,73.01277302125169,166.33712374548043
1046.7545938811052,457.48630935236235,75.07407118049048,163.4916524679236
1045.91257198937,463.8048406712809,75.88651457448042,163.3905738693931
1048.4034630407932,462.2754347096794,76.40627170198067,161.94587007222864
1050.3650834563496,451.3960491358754,76.3447628769409,160.6489008633914
1040.9974739915144,452.6390935445868,76.82486629757786,159.05843620673522
1041.5740412002601,452.8377213971994,77.34211652554865,158.6783761341913
1039.9488603105915,452.34083575864383,78.81566145994582,156.94968761821158
1035.203087276855,454.1393168661345,79.27717346217219,156.93528808824306
1041.1052213323667,444.30552856058375,79.19428558491342,155.12083573816295
1037.9480846473489,452.53048895208616,78.9560911319204,154.16088706972107
1033.9371901362344,456.096531166472,78.78258386661246,154.38662792018528
1035.5625011902,450.702637564895,80.28367121989368,151.81324626195016
1040.1834339388151,452.4321957339018,80.2653383993601,151.46941698944246
1040.0779702691373,457.92538330615156,80.81840453576075,151.68915566025058
1039.9947770463912,456.2532228063382,82.41540330692123,149.43214447222465
1038.0761503153935,460.271157877695,83.41195948040333,148.25788998731755
1034.5686081899926,462.1944905693946,84.20961743115643,147.64735484149767
1023.1740677842682,463.83818834393173,85.02092839092043,146.79574029446798
944.0225547676489,487.099125917067,84.76665767122938,148.57728235400808
947.0794608603019,490.62484380903817,84.87135515999579,148.39739283852887
949.7275394247207,479.11459919538123,84.87100300857519,148.34687529094035
954.3266127880095,498.3410595267353,84.38346667170717,148.93410813165022
954.8883321719443,491.02165033799247,84.42140914849676,149.3432474014699
967.7860939910606,481.2372004912965,84.29553654175844,149.18544535841156
953.0549171840983,488.1575539392652,84.37046950138624,149.16828868677834
957.5909395508955,504.63266269323697,84.10898404055769,149.28490848962593
955.9441425277433,507.9449465266009,84.16689273835135,149.19630435820687
950.5594395974429,509.5954980359215,84.238139381118,149.14619721397057
961.376603079809,496.1057778792373,83.99593087036502,149.41540383898456
957.2320968506945,489.6538926825905,83.99557088444134,149.42454475382345
958.3720468797669,504.4188012010524,83.93067789302306,149.4308185677297
963.6301538632638,482.59055365966185,83.78015892572421,149.73689555969054
984.7357973084786,478.1497734586544,83.33239132240394,149.45673187112925
990.3760566216669,473.98258713828466,80.66647287760695,152.2292258306859
981.918116653814,469.65829874656333,79.02420919759012,152.79858756438492
987.3294571982854,461.6484519384422,76.82350305371573,152.5261783669065
992.0880450444131,466.1559252984732,73.69108488022862,153.7443067887511
991.8301957591445,465.10362808918467,71.68508402220733,153.23734563100382
989.0620294500204,465.25670789906826,68.90578763502354,154.36397021095127
988.428509993568,469.61093312560206,67.18909503967329,154.52910831989536
991.7726970592735,468.10173728380903,67.03674357137876,152.71409593930292
995.2254903155313,467.89246307841313,66.34194006362388,151.70400827602865
991.5048623439001,472.95569980906623,67.7269468651932,149.0111700495552
994.6626998744985,472.4650440449335,67.28601431193093,148.36784719271168
994.618772809383,471.02783604981255,66.12601194439728,148.6396246999061
996.0622651158405,471.23062052224236,65.15376336396811,148.03893051793924
994.9731240695492,470.7138008944422,62.594131847999954,149.04696496669914
996.7803885658469,470.9666705827211,61.66047744150976,147.17998579922482
996.5233946379645,469.08991355256427,61.14253330092904,146.6473980414538
998.5759797770718,470.3560479278173,58.71485683336817,146.33409482134326
1000.2031084145411,470.34815227130684,58.33307637460689,146.1737672538539
1000.9256779532653,470.7523383136472,57.22859816723378,146.03312532178006
1000.8933044150995,469.0299490311145,56.74790605985351,147.74688462834635
1001.984347427725,472.7758822875601,55.14643978700953,149.59471213858757
1001.733931911819,474.77103294153034,54.743500014416234,152.47042483440066
1002.2431575487885,470.9653086628864,53.64712220904322,151.4142451034195
1002.8359035678534,475.5433077659487,52.696262573571936,152.07334565980702
1002.3456803776096,473.9085377389324,52.6799622947806,152.60233424212942
1002.6909449567514,475.9995992859607,52.511272278342645,150.76052744369662
1004.8021051730385,477.005067854888,51.607907505634806,147.25041666463727
1005.0105386641549,477.59709748771456,51.654058761946594,145.95629619306052
1003.7892209351406,477.6126431702917,52.37464736786318,145.6254750336425
1003.9229310736647,474.2876619738853,53.29154074571474,147.66831166733056
1002.9720818309638,472.49258999036334,54.71089895487506,148.93474781538941
999.8263080614186,473.115461735446,57.19580110059397,145.4696177476179
1000.9983092510972,472.38375790837017,58.21954364387475,143.38889388435922
997.6921944336164,473.8037276654961,60.27065038454934,140.92918563136067
999.1531568975392,474.50331546693525,61.596805233467364,139.96396241963012
998.6422295247652,473.67118470948884,62.77468823483575,138.59925655399923
1000.7178619750676,474.0522406932247,62.95898317920164,137.6635608405711
1000.0207270196571,471.8866416725826,63.57484867536891,136.41316441469223
1000.9777425897363,474.1339413103504,65.31336656360708,134.7549794763148
1001.875936990268,475.3397203852004,65.55216000016901,133.69128714654585
1008.0738679978269,476.75424126954147,64.27583533856648,132.6890681355847
1007.3305494779753,479.39578915224854,65.14615176822353,130.16402471926105
1011.0319490221264,477.5907301892811,63.5903680607808,128.90946616967105
1011.8988385957599,480.0002728941988,63.109693481041354,127.37536963999312
1016.9007102295301,482.0453362214065,62.07703957659929,126.26680202373994
1018.5661910928785,480.54532785579283,62.14514644388129,124.73005270272124
1021.0929553121819,479.7030044069885,60.79581255102033,123.18232612430145
1025.1126202244543,478.32810314529866,58.488504535099864,122.20866010558214
1025.4673418481236,475.6236545574338,56.81246224057708,120.64317488079914
1027.5314946946442,474.1447064211083,54.94319785689274,119.96891931133281
1027.8224517849847,469.81917765513526,52.9522792263675,119.5684202560596
1030.011187057232,468.58644047541844,52.30483850326843,118.80669434579423
1030.7553832196122,466.6527542721233,50.58721795017772,118.22687074560967
1031.9065355631737,465.1651483543436,49.18725397321778,118.43198079550913
1031.6229461179275,464.7503120028467,48.666482872483854,118.227504328581
1033.7503474626687,466.37781108711846,47.99289818722822,117.11326753546484
1035.4145521769026,465.7742664037262,46.78914615126243,115.8334541884737
1038.0027032355463,464.98300744156063,46.24233202530776,116.31814503589291
1036.3589178753625,462.8523190481405,46.266117860268906,116.91121809462955
1035.262132288316,463.693866027499,46.3306478394462,114.69730150121569
1035.1159880192392,465.61871663809944,46.28601623542586,113.07485538598701
1035.9459554568361,465.5628507986316,46.86143983687111,111.219932764233
1034.4570116359225,462.4729401544218,47.00085749655087,112.11593485404421
1036.7597723590334,463.61367374843854,47.85785664969427,111.69635404811363
1036.2420843648404,464.2033134947285,48.53168853564994,109.79814592041336
1036.4905193357333,463.8711624323901,49.410433713798184,107.6924459183964
1039.0358878287905,463.15063660586884,48.83189422219088,106.95855793902325
1038.515847210572,464.8101838144507,49.31962857342323,106.69868121328102
1039.777652623983,462.72829477513795,48.74163732973133,106.32970534750949
1039.7262424304624,463.3543359708995,49.61487802965412,105.87836570138587
1041.9313374472667,466.8611642489925,49.71425764097317,105.5603010717746
1043.3921009187056,463.1074707761573,48.977107891546474,106.25329592760127
1041.3484774315918,466.6929125413276,49.38635274670979,105.50023809611318
1043.091643141421,463.67283600059875,49.25891209891712,106.62245532933474
1045.141796160389,462.8853824911229,49.774200924872645,106.22910909339603
1045.6989930109658,464.2506555542751,49.45737339918016,105.76138273408989
1048.5465241121349,464.32576536654744,48.60800812295897,106.07250908017593
1046.5432351328775,464.57803721037993,48.98504063126319,104.77372575227503
1048.6098236623616,463.17260070722034,49.512012669737445,103.93908379353681
1048.9820952318007,461.69552746712293,49.18687946156513,103.23217184782831
1049.06760473334,460.99573026019397,48.49300016986664,102.64472478829764
1047.5293461748315,459.29449088921984,48.29994216786524,101.80811833279706
1049.2317504862804,461.02265097875033,50.0018573303678,101.37062368474196
1050.5714928358645,458.97956302452144,50.53531904614689,100.88265189193636
1050.7214084595062,459.72901865541877,50.69333685439221,101.5392989778437
1048.6528061202116,458.9514872279995,50.79592220162172,101.92959444815315
1050.5454888008953,456.82812212268,50.34558715756048,101.86029892484439
1054.6000205268626,454.8719097807707,49.80776889910761,102.57728903835053
1050.523818986164,458.58984302183507,50.294964594487794,101.24516563254622
1056.2294240165616,459.08320429360776,49.56250838653684,101.5998385863229
1056.5745571400282,461.82366229581737,50.096374439027045,100.87222372554989
1053.8725784665164,458.6362604492777,50.977336790933414,100.08792497874887
1058.5103684600494,461.94906053085793,51.00444921719729,99.81835337241215
1049.8626495230228,457.61326840538135,50.55359497699267,99.66793425880233
1052.194925470649,458.79450038528773,50.74726032112027,100.16427857802704
1051.09831084814,460.5717895738463,50.4193218110115,99.48214983736932
1055.3191259614903,460.7000288820886,49.30224650450724,100.98188130961455
1056.5574247424397,457.5049515078052,47.18312493862615,103.167737561935
1060.006529232266,457.73844113016384,45.27816919002163,104.85764227221958
1061.3168433945273,456.4759673750099,44.31996793325598,105.1210896623645
1061.4320256335573,453.2598899399626,43.83453956378507,105.77220243346011
1061.008780145378,455.87582636107715,43.84015777555615,104.64228977342091
1063.6541588595817,454.65633416080357,43.07096196976852,104.75392141174576
1064.5199210645455,455.17433470829957,43.466940478084425,103.82122995555196
1064.835924091651,455.97299423390655,43.701726625869576,102.85118351023408
1066.042212623046,455.685841506923,43.50464729524154,102.95615999448408
1064.711131179396,455.0393579225987,43.27838888546836,102.39360512658033
1063.9271472632154,453.82395041491066,43.78793594050883,102.20856015660475
1063.0959725568318,454.86484611259436,44.39404741725605,101.96700757082291
1064.7499618322074,454.0757749799967,44.01163124824896,101.94749990411057
1067.1525258875452,454.0406427271178,43.723741754516894,102.65427078851906
1068.3254598163783,450.6610105467672,43.721851348175235,102.7780642820633
1068.5418093447806,452.0598464106484,43.600194838596295,101.52520082284799
1068.794120745751,449.8015718448566,43.9184050382697,100.52984571477705
1068.2334318379267,447.5693718106261,42.85646161635394,101.31643487587414
1066.0393662349782,444.60051592574234,43.26425210302793,102.13027818021806
1062.960334465442,445.23719455245094,44.419355437022396,100.46715733312712
1064.0963415047436,442.0012766888978,44.68337665772008,100.2790370818399
1062.1978542187687,439.46591643727345,45.59812619304883,99.2326582999628
1062.0009586297324,439.43316961243397,45.10720831092952,98.07715020537148
1064.5986760290182,437.2446543906547,42.693943331235985,98.81792371571771
1063.2403109427157,436.3162037027871,42.571623926127906,98.84030224809203
1060.9360502415955,434.634277943756,42.57060868057157,98.4009327788343
1061.8363187591383,433.42637906641585,42.40081240724314,97.8650060042483
1061.4526408274653,430.8824027370945,41.886729681492724,97.41042764940217
1063.329649776244,432.75419887923454,40.946396724273725,97.77003675443487
1063.5633808900852,429.64300847869845,40.07367444033379,97.52186225002609
1063.1635419162901,426.6603869660356,39.912002125759,95.86145963783946
1063.3463692896164,426.92946286325304,39.42545535357633,95.24190101911395
1065.544728948053,428.65433382550316,38.52851693002846,94.50290609816902
1069.4148299388837,425.70252536926057,37.861176619815154,95.77061393014877
1070.3164129861211,424.2311763244056,37.98926634275379,95.56100784734286
1068.090118081269,425.73983107486606,37.48121190731002,95.80572370271472
1068.422560403677,425.34110060920676,37.48701815662098,95.40269916612252
1069.3906232676648,427.0811079290168,37.78091652799551,95.89151201254057
1067.816940877094,422.39033911118406,37.90956998063034,94.8515847281621
1066.6257463730462,426.0797378759995,38.73348552089939,93.06744700382913
1067.1002160273513,424.08583812864504,38.57027126941439,93.38386430974109
1069.0771625975776,424.70887206494626,38.29716116233264,93.72344437777423
1068.9787838566615,422.8032967723679,37.91743205664028,93.29199070725474
1069.7266575532844,422.00781568798175,37.96449033508625,93.33234495633405
1066.9896674727847,422.67236218336075,37.67498744860049,92.54174625449745
1068.7723187872043,419.77761469823065,37.047966832700915,92.46480426644466
1068.5634025982708,413.8360659125434,36.148387549419674,92.8974671530657
1067.0669319911751,407.56980231075823,35.46006031001309,92.90250469446559
1065.60084169327,415.1694096971615,36.20497860914671,92.03230946816794
1065.430247607482,410.9707466451192,35.566981557143,93.06632046681423
1067.0437173942748,406.9328290473685,36.16157852454282,91.78520967079956
1065.4240573581742,406.0895019135117,37.5119275064272,88.48099632376707
1066.305903824847,410.1073115970684,37.48731869764651,88.33908804674154
1065.8543907083924,409.38229614636094,38.10421545591599,86.23287552850924
1063.7526326357709,412.02807605568495,38.25875470296561,85.81407552889202
1065.0383511712032,414.58699703793036,38.31080057468205,85.26132755854182
1064.0049663521784,412.32406594283,37.61583167398962,85.3672130374694
1063.7505202988684,409.69612523404095,36.75519393727911,86.3287495530088
1063.9065017860194,411.84871505432926,36.57297495625979,87.12900909852839
1063.4228883733115,413.5984200105943,35.65869664995395,87.84364089589828
1062.7306606969623,407.8299832270487,36.67078882273003,86.96791776041383
1062.271674907952,410.24142169854196,35.953663373926005,86.68735677735765
1063.0897111772701,404.2853986940357,36.790424707130846,85.3489068757257
1064.8145885451295,406.625824589488,35.805969577735695,85.11236718046312
1064.9263919243513,409.5033295231214,35.473290961064706,86.03516178325856
1066.2618424999375,399.66953221000705,34.622142383859355,87.45028830035643
1065.7785991546516,399.79210144277664,34.666567154264996,87.00441736525852
1064.9927538544066,407.2029064611424,35.157020319414215,86.66306054813148
1063.5235925949994,401.6390863187747,35.23708745187594,86.71357528355054
1066.0242364105868,402.50346598446777,35.16129258422059,86.60441374478975
1063.6997032721215,404.8548460640969,34.59819636649151,88.71036368379814
1064.772534603181,405.2107180839306,34.00211260947847,89.84335979648972
1065.034096827904,408.47230211628164,33.397009689945335,88.98455606970884
1065.9004408133085,404.30081383959714,32.78943639847281,89.73813614633221
1065.835666720454,404.0298412922591,33.02224004235826,91.10979530083793
1064.471821872652,400.4719783268801,33.954508137619854,89.78697123617357
1065.0090608571825,394.79312625710816,35.3537209167739,85.87823975254858
1064.2077132141094,395.98346498903163,36.18527473344128,83.38611478304873
1061.9795016667704,402.9788032114907,36.396319810693775,81.84074320873606
1061.292758102805,393.6809705886951,35.23335392997286,82.00166838779884
1060.9024827603027,397.7100908426936,33.84883288913237,82.52754100083462
1059.615216446334,401.13270499815684,33.34279887240104,83.16270276177703
1059.7900418944432,397.95538405273066,32.6653558383214,84.07762068412356
1059.1250593665177,402.4618930006207,32.64671383087885,84.69349759425168
1060.5581030952067,397.83943999731747,33.26427062055614,83.74405908028928
1060.4604791520928,399.65978628367066,33.27752312983942,84.02867688088914
1060.0238187075265,402.85707858805216,33.42702202132934,84.63673919519138
1060.0703411410707,398.20773966866693,33.1578685853342,85.04775796108586
1056.3035502978025,399.97520205207564,34.024262104298394,84.5530038638241
1055.6245418625654,398.2769516078307,34.102164681674374,85.94732250705945
1053.5306822133753,396.06570153422746,34.464701542158,86.56135621978719
1050.6210617526592,396.1899363509243,35.585475685788396,87.12786917945296
1054.3785869430408,392.16270515598796,35.90145042862135,88.79015446437577
1047.8137311545142,392.3466680625182,36.904334765684254,88.18706274238268
1050.0838341864921,394.87324187575217,37.21552144770035,88.02819507273225
1048.6201756348305,392.75263890887715,37.670335365751306,87.99364798524205
1044.6954693665916,396.4244976555956,38.39135425217418,87.37897254502786
1044.989970190656,396.5855076362554,38.77898883499087,87.31129725567295
1042.2476384905,396.59603471599587,39.28912582996833,88.17228872283223
1042.3121067235759,395.1848951972958,39.61780631885842,88.28798759818402
1044.1169929469766,392.35381702177597,39.413175940920105,89.19351638956189
1041.4490590547148,395.53513942486813,39.34142138810238,89.11481619015849
1036.3358717890433,398.00641838115433,39.481442617443314,89.52013482635321
1039.7884977236965,394.0399863462692,39.804804601591364,90.68026186990897
1041.2761086112391,394.4549363512506,39.7845927637928,91.11532894387713
1042.1674402487129,394.1012713722202,39.88774880475541,91.7368259410342
1037.6983294491988,395.9453619697763,41.18748974048396,91.5398785716057
1038.266576324308,394.99198997076,43.337195559967945,89.5200287891206
1042.403012945612,398.47095625527527,43.318049276588205,89.58868275268293
1040.2356460129608,397.7231808734701,42.95626185969456,90.08547871692727
1040.43469979746,397.44292002699643,43.23810601808645,89.95332350805725
1040.1763533409267,395.6816694996453,43.56951692429372,89.82053109809884
1038.7773820106347,395.43140283771345,43.19962601821163,91.57746822578794
1038.8571237689703,390.84054601743117,42.987952443607554,92.71699799031491
1034.8332697485325,392.5350145548848,42.520815590073525,96.50629501574934
1039.9098959017697,396.6071387490897,42.60049155966114,96.55318870955392
1033.4073207615452,400.4529155362355,42.583190439353594,98.54154579505246
1037.19337847209,391.6931516454436,42.04431247553914,100.11986282987102
1029.3188698197348,397.19901469044464,42.59560257688068,101.855954733033
1031.2738594181153,392.0353170493286,42.18764040129851,105.14123385010399
1031.7708033283513,393.2226988855908,41.756839269345036,108.7240664796121
1033.2555380331546,388.9303558503177,42.08525861553686,110.43140555766558
1035.10004442217,389.5139585439289,42.50572907954107,111.63955922882332
1036.8191766609425,390.3406530774386,42.867422592642555,110.77609114750264
1034.5053567544855,391.63066865735846,43.430336529702025,109.67220620882387
1038.4892315230543,392.55532760727806,43.428782575907896,109.81350582264125
1036.9639060420834,394.96945674865145,45.285618425735514,108.18292229117617
1032.1547150795518,393.06983863204186,45.70620066818174,108.69934211433059
1036.4503609129195,394.7054867696868,46.5900486193662,109.17379888889131
1031.7424702019787,395.4709862055485,46.70365070470013,110.83473031120465
1037.0373428748399,393.0571160690311,47.59926931924379,111.24344182523681
1038.5839427426756,396.0226427193526,48.399321002639496,110.91373311001256
1039.1762100791311,396.7990558240802,48.971338429910176,112.03284388938786
1038.8183523801247,395.66123295980174,50.141025333088294,111.75453811609856
1035.8702514002498,398.9767005678528,50.91628851491436,112.4517121643702
1040.9546136176643,403.48254494926766,50.28629660877191,113.1024017126976
1036.7988090482806,394.0841747055151,51.39237081254154,112.6782216374586
1040.8776612113952,398.6215300597918,53.28152813487229,111.864345622814
1039.1701114471598,399.9732341345044,55.06841497298933,110.68674330434416
1042.6755388877336,401.8272048892157,56.52115738951042,110.3131492814176
1042.0394901816683,405.8691707343736,57.34367431105175,110.28642851334298
1044.4554940880528,412.5216941157488,57.3798133946453,110.29898295451106
1039.7163079372667,403.49217789156944,57.75818436107336,111.91139255435908
1040.403174693472,405.9092384602073,58.95729344662422,111.23319573730426
1035.4217694109893,406.19006759925117,60.78303812413855,110.43646466764014
1040.7070492208534,402.14486796409506,61.25336633705202,110.23343647060616
1038.6856998994435,407.19515444149295,62.331575758298726,109.30059289355702
1040.7627112407843,413.023032963028,62.19787873632256,109.11279143978126
1035.9295352440138,404.21454224542634,62.42123851947556,109.63761169639575
1035.6088558306485,402.08864672420214,62.67464749207078,109.99643670681598
1033.9158326283507,409.6868451360732,62.457474149122696,111.0057798580495
1036.4530568888524,405.78873630684683,62.72951648810466,110.98566899095893
1034.604422493677,407.2786408594614,62.03171567930399,111.12496617845446
1036.5685025670011,410.26049363264127,62.130431028566406,111.47306635719232
1032.8041132552278,412.8437064848431,61.83886186616327,111.11671975053649
1035.3166127189822,417.03314930817083,62.025905270350194,111.52808774310222
1037.3930142053061,420.1389763053496,61.46189700595403,111.69305165722241
1039.82716707492,415.96763351373875,60.66166215524555,111.62072201980212
1034.49690197424,415.95659435117665,61.59723107578285,112.71540702770366
1035.5549509016942,420.8447967156369,61.58931898900207,112.6965859169472
1035.1284952901854,416.77800178410104,61.71523444585669,112.73971881743357
1039.0245661600609,417.07770599295577,61.69543920268801,112.70105832119087
1035.387963013609,412.03876076407334,62.34372178953687,112.9332799862311
1036.4631287244383,414.1979269806373,62.57066297377422,112.99855160278581
1040.080366415206,430.87718488850305,61.99064992973267,112.36562172455434
1038.4976322452135,416.38816282091426,63.371097799098756,113.48991753819868
1038.7056028201812,416.53836585880015,64.28700872760105,113.51674415109234
1030.3885810038862,416.1993978319363,65.29251327480297,113.7445252744668
1042.2046887532579,430.7533219629119,64.41460456927247,115.73327277667575
1035.50703743175,427.16029719975654,65.40429617408026,116.87564735715529
1039.7353936819136,432.49618170396866,65.38699388340879,117.80550951328183
1038.20693042031,429.08559631507075,65.68303969792136,117.96602193155002
1027.173573596091,415.3467066629795,65.8489679001922,117.96804172950695
1035.0099956866202,428.58456764349,67.56721411220033,120.80649442058547
1037.3417898797488,429.62521422021587,68.39192175789489,124.27201046360597
1031.3263681416493,423.27607378197513,70.96346519289561,125.85087414953568
1032.5526027180656,419.09252448149607,72.68723266954902,126.7295198391168
1034.290517970435,422.9971488401435,74.38653205525182,126.46432419951978
1030.6570821927317,425.479097694139,75.96560654110915,127.04889365079998
1030.4169018960104,422.5977490943835,76.56097421468951,127.30718106027194
1026.8164637451516,426.97703407844125,79.43311135014693,126.39641849953561
1026.0800219260486,422.98498281853745,80.52250865784394,126.57371254766343
1028.0121159054324,423.6047851486169,80.20122364554841,126.48685218071753
1018.3015475990117,425.87968010656203,80.22518351583629,126.30728626385068
1029.3935459283098,428.5173916207851,79.44423441888553,125.78250410454523
1019.1087213718898,432.70120762337064,79.27020257774589,125.24842207572294
1024.5532008686498,422.5854423461394,79.21783625848117,125.09294968523915
1012.9811924921775,425.6116978873877,78.53796804743688,126.42792601424154
1031.2759067407499,428.7289244863556,77.98692303417862,127.03180165465417
1035.5680965605472,438.6743916460221,77.98713526012367,127.02857981395877
1039.029651829535,438.9301425549309,77.99120453553303,126.89325813830548
1013.3494888909651,430.25141078774897,76.98565898322963,126.39981911529631
1022.329324782763,447.34971637065195,76.90345340141575,127.89823053249816
1027.779966324891,445.6627612339603,75.65083574532153,129.9559535433463
1028.994255897847,446.63909878394804,75.65947145078891,130.4744984598503
1024.1158128553025,444.23527973516326,75.51599838213056,131.1260987499553
1027.8656876168354,452.5394552946193,75.5602885853216,131.31330274578937
1034.4620474935184,457.3653749890753,70.38845048478774,136.88512382593248
1035.1822828980028,461.9522471507763,67.92450927405528,139.61315867733515
1037.8925981202021,467.26983004470446,63.65658056515282,142.692794677809
1039.2306763998145,462.15791326687975,59.91723497623496,145.13366448071173
1041.6718764856812,473.22385308243787,60.35571521755669,142.95769076390215
1044.2660794532435,462.2073029089539,56.464986203322795,145.53415277468844
1048.1782475143516,475.4095157862349,55.5217760080782,145.97398246751416
1044.6531183724603,468.20460290271217,54.47328513109434,144.82183657013087
1047.0299607958698,471.74972355985733,51.07105120438002,146.08546660136068
1049.5355324754667,478.29077250554826,47.58769302718568,148.02164683192706
1054.8491898625325,483.27096530869267,45.43868979175037,148.64861111730076
1051.2727827460683,482.58119930101026,43.34521763246669,149.63005306814
1052.1868164903199,490.1279829143561,42.053769986015894,151.96517007606747
1052.5991569130776,483.5943953630118,40.9368825848955,154.1567348271936
1052.6810470520525,489.8225267286034,39.86010965071519,154.50679896216025
1051.1797762823276,488.2187082944991,39.28252895772782,157.04998709227073
1052.298551100858,494.38042757736076,39.88161753287068,155.9657729604463
1054.1466392624548,500.36354431358757,40.24626321971753,154.22040950599813
1053.76047027045,506.54180591339616,40.25588258581072,154.4010624385831
1053.6777382575026,512.856078535269,40.90312672349562,153.95746802338954
1057.3463152837885,516.6605949948395,40.58539091051704,154.96274155413877
1050.6035657582825,519.9660561367488,42.63547755460772,153.4737765724138
1051.3178063524583,526.8568703607168,42.635681316131155,153.18600550820574
1048.4605766445602,535.0239251140513,44.006657283898654,153.030954076488
1048.599638416668,537.2655965729715,44.504025454160264,154.56503335789668
1045.2962652058254,545.9136417044348,46.63812754677476,154.12690665698193
1038.3662138941727,541.8513013179962,51.10064811594183,149.56260065159978
1034.391743223461,547.9716759514214,54.74869567379621,147.9647537590169
1043.607947167727,563.9294366615724,54.609235554429084,150.19279465560962
1037.345037762615,552.520490543077,55.65953423068113,149.4761028471901
1040.751858779336,572.6375969518275,54.97305560742539,153.02308662392744
1036.0506673673358,569.0793212951157,56.309669235869656,151.78618716220439
1033.0765307269442,573.7756385974274,58.04001410707614,152.0485131899054
1032.0519478161623,581.4270841195134,59.49954670224522,152.36975811680261
1029.3460615089898,576.9354862909311,61.74788171168612,152.43449388169427
1027.5112649754399,583.1086393847968,62.711724313393205,154.13961076677785
1022.3397224556701,585.000858134622,63.44335725027136,158.06626478552948
1019.5952872708244,579.1230076047859,62.756547459440256,163.54809346971334
1013.0038767982686,583.5337749602791,64.02827469269901,167.80479438494783
1004.706627532642,584.3924593936299,66.36104779823194,171.64196853658729
1001.220881357287,584.0812529229545,67.86240493699744,177.90459067593602
996.179833607288,581.7778079986201,69.85932206175133,185.0196735406571
993.5938972873258,581.3117197988817,72.31556870031744,188.8001985576878
992.9819198051756,582.7688356483533,73.72344604482697,188.84377177703374
990.1129827661941,586.5325874282928,74.12293358714541,192.30782247740848
985.0478956386395,590.4112865883802,74.80317574386586,196.2425532923655
980.3622019210018,591.40991989201,76.44072080624699,199.3559953986375
975.2087886708954,595.7084597869203,76.75646702234124,202.55915135710782
972.2773479945519,594.8044144232668,76.95988544625622,207.77759216871965
969.7863327716176,596.1545250696038,79.02503194665975,209.60476898548174
965.1939875001738,598.4158874450387,80.3296727840421,210.10715829406018
961.9190524223064,602.2016268241562,81.80697547685553,214.90911550994622
957.646275919956,601.2460665936292,82.12582293040884,216.39683622458224
953.3402800197866,603.1247188138968,82.8068001929363,219.26395004271387
948.8370316643783,602.1019699106084,84.1731473103998,218.86463960458548
947.0426964333456,607.9492023864608,82.83728011377384,224.02732568437506
941.3190841880369,605.3569640002888,82.63617773061199,226.79906508718162
935.006928809227,606.3218125942611,81.97183034614183,229.29173976355588
928.8737282008983,606.7734050521907,83.39571180266744,230.95032028005448
919.7650621486615,609.5388814414287,82.94812119290765,233.87283582433247
918.030500566931,618.6234785884385,81.96767942259187,237.0451713765043
911.2279802223891,610.0446429432975,78.1640802038387,238.8597421189957
907.0621133347138,612.0424153111848,76.9154583349632,241.9115382531248
902.7826183616535,611.9907652751947,73.01499183729732,241.35113500269426
898.3866244840065,611.6997413782574,71.18103545501795,242.53443857106691
893.0154325240725,611.6664280136483,69.64896621173901,245.48125281172895
888.5670304827506,613.3322047913636,69.6835190126444,247.73022656190165
885.308836303016,626.3241632066572,68.53443200361392,248.2053093651033
880.1138938839536,631.8391467016579,68.18045755066218,246.24196224814898
875.8948765025959,643.6002751352189,68.33305949782557,241.19595889054824
869.6329680322079,647.7357283473649,69.57732397888488,238.71836072431304
865.26255349078,655.1209479652116,71.63237635123046,237.0025765636929
857.2714466038668,655.6172791692343,74.59036965844308,235.17454725091193
853.1814386183286,661.9244598782388,76.29330719171438,235.6750759314745
847.9232956310102,665.8697075962526,78.08404919052094,233.37557866820703
842.0745825541834,670.4724918994481,78.76401261376685,228.9336919503965
835.7725747974519,670.988948263429,76.53420301584094,236.64736602205602
828.3271736566905,673.187086213754,75.01095424145535,246.22156627191882
815.5511160743583,663.1771332919257,73.8450308471597,250.09922205454043
804.9262436156911,673.4912452602848,72.0683189316085,254.4351151679931
791.4884751807864,655.8740378386618,71.04423955996273,256.81625471216665
786.619287952487,646.7657338926555,71.30690791609769,256.1517915134812
780.6913978039299,647.43779759381,73.14696975312873,253.19109530738484
775.3427457747231,657.9887012475708,74.63456941243354,251.42569661497544
768.3464615941309,654.8151880404934,77.75322019396697,248.86726839351036
761.1968342660922,652.4295458587312,79.06788622699773,244.848301025162
757.1784807054685,659.8004277561288,81.28416831467578,239.65576589857994
748.1082400971997,671.914861683935,84.62164049801027,236.07150749426148
740.40232965437,676.2683542453703,89.17766170868194,228.99797919760056
734.6842513330223,677.2394645836767,90.31573218499541,226.19707541170445
727.264643676291,683.7503691169318,93.57821867765703,224.84159477537023
720.0888106008669,688.6434277357711,92.35379020112518,220.67773477035752
713.8076518702384,697.6076073407258,91.7775445062541,218.17212603347048
708.717829164652,701.3025950776293,89.33198392377459,219.00471144223178
698.4766858293514,698.6578594440555,88.705751993912,218.55397694460896
694.5533316044249,704.7872760887377,87.92612434604752,220.92775779098687
682.9318508028983,700.8418165260837,90.55543085876863,219.76604649179535
672.829964724708,709.504376437203,92.04418951112102,215.77865326257444
661.1937098143575,706.0531613424126,95.68269855362381,214.14868332092942
654.1704752926473,706.9167673902676,99.30121196960268,210.34552656312536
642.8569813868341,711.2937210027815,102.06420136814316,203.95880707651634
635.7987189830341,710.6254680656948,103.56976903005234,200.8306842542479
632.7983954322765,710.1113530514269,102.43198458249528,199.44787683771528
626.0775410685984,706.7809786412694,101.45450862509801,198.33359742927058
612.1582377499759,704.0328306214114,101.72196543629326,192.8103698483809
600.3628765813918,703.1170693759877,99.72236337160588,191.10464086675526
590.1455820873684,702.8488384436488,97.63659522769474,186.1833013894226
578.0119617534313,702.057247953934,96.18191206744412,180.14796401634356
569.251782687299,694.9154650509936,94.09305541699362,176.67456227766894
556.4646001888757,695.8164213205599,91.77204611574453,174.39019087885418
540.757586385783,702.1899700424407,92.06074756531373,170.7434113901097
534.7012841743427,714.9735287908271,91.29285119473724,167.5189700560566
522.1001149418164,725.2225615955249,88.99245833654768,165.81854047876556
512.0488379879262,735.3969104948306,85.9879832831465,164.67306876963158
500.9313884459949,741.2741978230258,82.64690504156967,164.3368185837611
491.7115767936146,746.0157460495848,80.22088770607147,164.27903894125126
483.92880967407734,759.7926751944391,77.00031011348094,164.0442877072066
471.2958898351511,779.4413195670454,72.39625767097215,166.86152380330253
462.4888926015543,777.3380413918602,68.04160894968913,168.19876023790147
457.7600317913277,793.299237427283,63.130701114575906,173.569378878726
446.4070399499436,793.3335924716953,60.03932914548864,180.21277454093877
430.08897123165974,790.0784352747736,60.09211163210527,180.4315278080732
419.1886606763134,780.4753031887071,60.42312634326173,178.55495392173455
409.72507531243065,783.6324510713355,63.07290182261421,175.97389208515835
395.65504400752303,783.4900504913643,66.5268834998122,170.0060725480791
379.7873888017622,792.2836104211069,69.01825355794044,165.95467256011497
368.71732496749644,787.5554128834069,69.76872897427461,165.81732812593236
355.6099626675995,788.201914407285,69.84051686752552,167.07512373273238
344.2572074889716,809.7539489565854,66.7724733765148,174.50461252597725
331.4895845423277,802.9087976151258,65.96746162514924,175.95667878158946
312.4591171852641,818.1618858055505,62.85307285294823,183.62840462241977
310.6904271380875,825.0450335783626,62.58192404715501,185.08176411372182
300.8488605065633,826.4486882396459,64.98266480837228,183.92713053902673
282.7174273359221,830.2952372884031,66.85694701269185,185.77174739970303
270.2570867295635,839.302038969653,67.45891599091196,186.3163105411095
252.72596496264703,825.9998252579336,70.18813263875859,184.33044598761964
243.97157950714953,828.2407587308953,72.81732972773209,182.21321450922545
240.87048296452963,829.9384386062964,75.00477757752881,181.1798902713477
245.2395193774301,845.5107917254286,76.38223285841731,181.157748348879
234.37041935764114,840.5551826026117,77.06960205693076,181.38726016598514
222.81950374280586,819.6995353127088,78.83690531724099,180.69345296966787
196.32419028727682,824.7600517358861,78.98686450368966,182.66104126283946
195.44091097649823,836.6060517497517,79.60198453138243,183.4316247769783
181.14877757039093,837.2225012737349,79.85965603720051,184.66451147081807
183.61548736619469,853.4464138639476,80.6935866424314,185.8886146961544
186.35004995205995,851.0237025362572,83.98224440679705,186.56932253830274
182.52849344413548,848.2002862857853,83.31427172165725,191.20625136988923
172.44453854828376,852.6126188680795,83.53776928191536,192.94738687211003
172.98531539580276,870.3751602350272,84.43870600721884,196.4783496704411
163.77700729977343,870.1556749760211,85.56129868548356,196.59216436403042
153.94263977923612,870.9276540198368,86.2130392502398,197.2506315178693
139.89942552505818,866.8280453834349,85.8998515171406,196.9756247000972
142.21832697905592,851.3563162641071,85.91545713651944,197.01998358877705
146.4847578615345,858.9971121457514,86.09722835953833,197.60250658684092
139.79866593772996,855.3750555274157,85.9401620621889,198.02057431035936
150.16052235662409,854.568734387273,86.92037531082642,198.59099540209948
151.19162751408265,859.6121023302035,86.7137772738939,198.3964571251863
140.92399931218856,876.3628154604394,86.71423028717919,198.39540089034924
144.8700034930761,866.9467529491969,84.48149173512702,199.6185705295333
144.28258152322704,864.0241374636905,83.65358670860807,200.03420793746625
135.1011990033191,875.2160784415144,83.05917744727648,200.40775129004632
116.75572242099477,864.1840655057797,80.47189803746228,200.8217813576826
109.70776801205378,847.9841245961701,75.73653854479737,200.87282818544662
95.75051995316679,870.8678573050095,72.01632435068171,203.0539597221137
13.323108846990515,912.1306526451525,69.67705476615926,205.48229512825336
24.252589975012256,887.561979159553,70.81249253452984,204.10534842879818
20.145237250605838,875.3152315994663,62.91197886713174,210.8723287326872
14.160727225836428,883.2653137561309,59.61179763798403,215.68248775309817
18.850447513109273,898.3829598808893,56.90871480956261,219.97294471012444
28.585115408489017,874.1657464350315,56.71962384607363,220.17503746487733
24.323137244676868,884.1401772397093,55.25186951085613,221.83261353862721
17.548151301349005,890.705020606792,58.96132244609584,217.36484449092404
20.8128410013137,883.6500618732482,66.24037753255561,209.27668189514537
7.608237377410404,879.2955229667389,73.58577824654873,202.1918945043066
7.922838161606002,889.0314322544968,75.80083737075397,199.75710710249672
5.586650255970532,887.2350876664283,78.63921843581672,196.20987890497676
5.305667725915356,884.3893235563579,80.90331953566096,194.35413110506744
4.197203605515092,889.5189176829491,81.48918145413482,193.48437575898944
7.713844264320521,890.892759818072,84.18421739726615,189.64465071153722
-0.9547433678850723,899.0827846973172,85.49190886651132,187.72328110594006
-5.50325103864548,906.7113435119644,85.5534398940673,187.52696593636236
10.177549161027095,899.9858278354405,85.39256886483933,187.770935521832
101.66270602772926,864.7485649480209,85.45036182088812,187.769471001261
102.48741314617024,857.226739891411,83.83471329489646,187.3792965752963
-6.70440719414659,913.558834315732,82.76120065521762,189.2049530025332
0.4055971209177329,907.4364044354211,81.69064423456163,190.76047312539868
4.022464353408026,907.8471365615177,78.98562204222509,194.5348474199583
11.728068289814999,902.4986133022081,75.41587439737745,199.31195680478842
-0.8001693949734658,902.8099504181912,72.31905615733524,203.9886399870679
8.711707421829047,894.0353237888247,66.34166444694799,211.63247484980482
13.025638099306072,896.5928347795344,59.17756275271476,220.62162843601237
12.0690995238331,895.8006226609702,56.06691820871442,224.2332562330161
16.34853745629345,887.1022867879317,49.17047549122414,232.50716625271394
22.548558914830526,879.8183784796128,43.69154034316244,239.09493468972533
17.60560052077846,873.7012560340912,32.9072987450361,252.07484799202322
25.525381699857693,867.3032040308649,24.935170888525583,262.00847159648316
33.54335182637335,867.7774112644391,16.141806757778202,273.1447929996959
29.923963298822706,866.1040501965946,12.909146358655859,277.149288391687
27.501069156879375,880.0937323770047,10.514361713160202,279.7365648847485
31.35352923022583,875.4463602084681,10,281.12673673494413
26.677015081513673,878.75571250794,10,281.93355780128377
29.28583122836426,877.953316435323,10,282.8409109912107
24.479351297486573,874.044910328611,10,283.8673799200278
28.081270948518068,869.1818565087033,10,285.9842742076399
21.40684248553589,870.66104843383,10,288.56655073870354
24.421322361100465,864.5916246840576,10,290.68809572512583
20.906390205491334,862.9453434695986,10,293.5261813207002
19.64048244105652,867.7794797338352,10,296.00396878215645
19.4647568766959,870.8659079269189,10,297.509567271935
19.8829332892783,877.4418553878819,10,298.36906589706706
20.667889625299722,875.7198579727983,10,300.49392553817773
18.83697059797123,858.6324540431988,10,304.87320880020894
21.556189090479165,860.500729374288,10,308.1080645978388
23.852470428217202,862.4686488107584,10,311.9777801148515
24.46494534658268,867.3100728114878,10,314.63207410405437
23.17207995103672,849.2209274625617,10,319.106360514187
23.016393155325204,851.4827104786851,10,323.1874077860782
26.166080445516855,849.8827063744011,10,327.0149859085104
30.837050885427743,844.2097328800807,10,330.9158550010332
33.49896928714588,837.0996331574128,10,335.5945181151922
19.432113856542856,831.6234336662574,10,340.91861070864786
24.422505110967904,829.9442574959874,10,344.57155525089775
24.729462057817727,821.1533535870926,10,349.7005813914412
32.98473206209019,784.8687785291881,10,355.65248297209394
32.400984675157815,776.9008186810921,10,362.4342011607175
28.755169779527932,766.5589630965519,10,369.2919474021246
22.551669508684427,756.3474122412313,10,376.31185945364734
21.32314518140629,745.8138851509209,10,382.3074147634184
17.59358909772709,739.7119072886528,10,388.60892374112836
16.37349072145298,733.9247692816575,10,398.0902627624738
21.933560759294778,733.4349269848854,10,406.3541313350525
28.06927576707676,730.1478667552303,10,412.3549676451927
46.95800295518711,727.5096455145754,10,419.55702651005504
51.63659468339756,719.7039933480836,10,426.79992931563373
51.25593748735264,705.2576741129284,10,435.87434001799994
46.059877783525735,694.9466400120116,10,443.73782133628845
32.3474210803397,689.8677417782335,10,451.21986373356265
50.183667570818216,680.9552593445867,10,458.4542047452655
106.44545117067173,652.2805009096389,10,461.9563552821533
114.30049315141514,638.6585050443675,10,465.09455401342854
133.3264330928214,634.4935846755122,10,466.78529610688236
127.87770262407139,656.5978890399674,10,468.70153097538434
137.02768316911533,647.7913811436222,10,470.34685630024023
136.12308010505512,633.2815326992038,10,471.27498519591285
127.23176464485005,635.4750719631701,10,473.3923293326227
127.64325413154438,665.7953000962132,10,477.34003834973964
121.69033035682514,631.3954982115531,10,478.40979897941133
110.67150482581928,626.0874508402295,10,479.5928120951664
86.73652634071186,623.2404163568337,10,481.5445011581645
106.07004913734272,622.5949395816474,10,484.5358294310182
113.03352388786152,618.9322179964095,10,488.7205109876481
135.01816782401875,625.2831758541292,10,490.85743098845626
128.53369364188984,623.1118729109796,10,494.5281989488445
109.44454988883808,608.0360287662254,10,497.8413614662581
115.6359923784621,622.2025110396463,10,501.7178924638499
102.67731127189472,599.732344658835,10,503.62070767786497
83.61911043571308,574.104111166121,10,506.6669886586545
77.28873762534931,591.4743614309323,10,511.68896981848513
72.77836880134419,582.0235079457851,10,514.7038550419531
73.05408570216969,567.7098453198965,10,519.068580348662
67.41774126933888,566.5485487231167,10,522.8969863063895
68.0998796527274,567.5240253207455,10,526.543038478411
62.18697872804478,559.1354873141092,10,529.5066598636927
80.82421818422154,565.4535415605441,10,533.8536007635232
70.8474268023856,577.1448693589567,10,536.6254117957262
75.03706541704014,565.0111977974211,10,538.8720411126451
79.6896742885001,588.468485005101,10,541.4722181316114
78.48605886148289,571.0145716403379,10,543.8306941226123
69.25331655191258,571.7143861946295,10,546.8391041070468
75.170725971926,571.588728350529,10,549.656777646276
71.65604534791782,559.0161812383072,10,552.0805107104413
51.4618066851981,584.3726260242022,10,555.6911227255654
105.96231403993443,589.4944175865465,10,557.507906231431
127.82677021669224,579.8413342454351,10,557.8408005900455
149.07930508302525,607.927440754949,10,560.0023697670625
136.42129555391148,603.9340066816684,10,563.6959821076546
153.98952713655308,611.9867962227818,10,565.2211784770878
158.8925322596915,610.2957340340807,10,567.4272914113519
150.56331244157627,611.4876015802115,10,570.0918689831225
156.6068491046317,598.6523335753584,10,572.8901916291812
152.75455561326817,614.2825354098206,10,576.7918744470732
148.67098084138706,592.0854177927388,10,579.9729634715201
145.46629658387974,596.2319136068918,10,582.9172441057873
154.66616860078648,589.3229422580416,10,585.2847854973351
168.40062847780064,589.4366975021062,10,587.7622158051043
177.3490079944022,588.2549274843291,10,589.6990161777729
163.90613403962925,585.3571555533435,10,592.7138004667613
163.7529376600869,578.7423487665984,10,594.4141181189259
160.79442296968773,583.3101657123173,10,597.2042387746072
153.63545070635155,581.5442137366656,10,600.2340113234183
164.61545501695946,573.0972602987947,10,602.0096091781638
149.451267585624,567.7466697078555,10,604.6591088414875
134.95217548357323,545.3050719883258,10,606.2134201557911
144.42918621050194,554.4810872241881,10,608.1693311208342
148.41675005899742,545.4994276530751,10,609.8453863928208
139.23254691110924,549.1361435217093,10,611.9686269043926
145.33948384271935,544.6833465698348,10,613.5622400838068
136.28767357813194,547.7872047867315,10,615.5818004520767
140.25418554292992,537.0976256699923,10,617.7303011080404
146.49259315477684,531.5571702937,10,619.1578696136156
147.86209641443565,527.2880765542286,10,620.8676002138964
144.69309078203514,531.9142077948459,10,622.3241618903768
140.38351427065209,529.1450048067248,10,624.2766394265248
152.7032230948098,514.4553289855015,10,625.8913979445817
142.95985685335472,518.5252317901179,10,628.0308224531469
144.75000058161095,511.21046761668117,10,630.2123718266316
145.62773792492226,530.1926821981074,10,631.2539202943946
145.11286769853905,517.1441516801215,10,632.8003908152294
133.42603527056053,502.4883247018242,10,635.002150972996
128.9039419745095,512.9074547886943,10,638.119258841248
130.0262828920968,517.1359730294016,10,640.244075272736
129.38915102230385,503.5464567855679,10,641.7804476194124
121.45531456219032,496.7820728191542,10,643.6001148289731
119.71816949592903,497.593420027189,10,644.8310523861702
125.50411061989143,498.19110227921493,10,646.5531127993394
111.67785577522591,507.6668150985113,10,648.4804064905807
104.93019370781258,486.6349399893873,10,649.2890373850981
91.87590770469978,484.84359206502717,10,651.7702813600391
84.89977435814217,482.9999740495042,10,654.453568702578
83.87136118160561,467.1393053408035,10,656.2204631420741
90.38349716411904,455.6445070423265,10,657.982110596572
79.65944092022255,463.1430387349874,10,661.2271774907913
71.51160995708779,470.21325129811294,10,662.5984138940812
80.43676273571327,464.0934774882946,10,664.1925671884616
82.21539382683113,443.0051532895388,10,666.1024614355825
80.56040017353371,453.98452196032525,10,668.2411590915682
81.20774547802284,432.62877639406497,10,669.5603391278974
70.74437992321327,441.51131697865486,10,671.2201522916033
96.17370693432167,430.29644780209867,10,672.8418004347548
77.03261654125527,455.21791882383957,10,676.0801991810679
75.87321345554665,441.7972686321239,10,678.4297145150607
63.67620246158913,458.5857518572216,10,680.6181403683321
92.35065810428932,462.8991328576502,10,682.9869666700872
109.41678206669167,456.69158887290365,10,684.8221214730764
91.77576415287331,459.96554856897114,10,687.7285849773648
103.76750056492165,458.57129254610294,10,688.7591681748346
85.851287891028,434.38908413063933,10.628663293343935,687.8229868612306
77.62915484653786,433.1035249817864,10,689.4770345913286
74.94970314251259,436.76430575142405,10,690.5944216833399
104.66538040386513,418.65428027819615,10,691.5371174357039
79.64269439922646,423.8186542197382,10,692.6437438125685
76.53455798374489,432.59922387094576,10,694.1465464657198
85.2290512775071,428.78037196651155,10,695.449216381003
67.18845526920632,427.48502377322376,10,696.5076153947606
84.27020613895729,417.9397362725609,10,697.590717404143
69.9568287585862,427.1819772482689,10,698.8605040989672
86.38141982303932,449.8985635931622,10,699.2050642583017
103.42836343501943,453.07995519658556,10.02108393692844,699.1753484685997
102.15547280060127,440.6661361140066,10,699.2768933415214
99.14722804771736,464.65774002831733,10,699.5302463344331
94.61236839042976,444.26293494092374,10,700.022748812687
100.78058700310066,428.3326245612295,10,700.3783723186575
96.50591963813145,431.37689178967787,10.56245204332346,699.4499149567926
97.52041330274027,423.3427162728663,10.027553602274144,700.3258669654523
102.87558166729286,430.2647970459396,10,701.8118741433658
84.26471893535927,447.0746414941557,10,705.3440788626563
96.58131115185097,420.9240027013609,10,707.8636563139685
91.11926929699257,425.86723439859577,10,709.2024603297771
96.36550085293129,441.4028914959028,10,710.9488188646552
87.1277727340348,427.12848580927044,10,711.1599684947558
66.88142912136391,450.61160245172584,10,713.1505871690736
74.17073480831459,451.0320469111483,10,714.7518011593168
83.75674192653969,446.4900437851591,10,717.5338307305395
97.8962396834977,449.8259435737848,10,718.6410424028304
82.00433389889076,456.7367143512036,10,721.9424580776071
103.58403436886147,446.9042002010232,10,723.9524208414689
105.5758952354081,437.7072117832825,10,726.9253580956514
91.53965084301308,415.49757402433,10,729.7805238113103
76.17003433452919,429.45066042957063,10,731.6055750608876
107.93888847576454,448.8080357404259,10,734.2842227240892
115.05730383144692,415.57752852135764,10,735.1590555216007
103.138072416652,451.1979554250381,10,738.3762476737124
115.47985307918862,448.1687750053471,10,741.0099247038141
130.7740005706437,454.8960752805389,10,743.4224458499026
136.91619961010292,426.74843164766196,10,746.2678849406077
142.93041984783486,437.8617887101367,10,748.2816474239346
153.2734116767533,432.35106773165415,10,750.7852194315589
211.45883266674355,430.4551598738873,10,752.0578326763132
277.16906063305214,418.6026364089315,10,752.4009411296622
271.0128201697953,419.2374047405012,10,752.7242626618278
306.3512677405961,404.53876229246754,10,753.0509699364351
349.77625553356484,381.1108875300199,10,753.2713358553733
438.4538602088578,360.6998274679591,10,753.4214741679715
415.22560970531777,351.57270281525274,10,753.5417417686723
433.81805698620155,363.05379383270014,10,753.6191200517707
431.90084008919075,348.3865210102163,10,753.7310323349219
445.51036672340706,340.62580594015924,10,753.8379479334101
425.1559508298524,372.18108727673507,10,753.8727710024459
433.5829070066102,349.8019795728507,10,753.9967777310154
451.1651995633729,342.2429993576665,10,754.0850216696846
434.25629071937874,359.0454929047643,10,754.1665923452645
437.2694426034577,357.0763619718956,10,754.3259943572573
464.63023667084053,349.76838109019747,10,754.5816818057732
483.1370764230378,322.6681525694195,10,754.7433052291651
497.9380608056672,328.1044676021361,10,754.7860213093618
