916.5,692.5,70,183
915.9326809665812,696.3837915256845,69.82243930871223,184.71662696297437
918.1015692481965,695.1405513878585,68.79981491375564,185.17942512116417
918.6864874439112,694.6798946031022,68.91858600046797,186.45053680378444
919.9315571362381,694.27656977129,68.99686011183155,187.05156667029803
921.4678412061545,695.072345728227,68.76889884837216,185.81683501194226
922.3849061200928,696.910093611805,67.07008159261737,184.62693399423677
924.646645372057,697.5518375040795,66.82789075882422,185.4693171527575
925.0256820751954,698.153306746948,67.17667751337514,184.5958649477
927.6450691416471,700.3740755827542,67.39607522495415,185.38393867287704
928.9747633036155,703.2974930004654,66.91635079757793,185.79869288774785
931.3698171133257,706.8109928843018,66.96171433141686,187.90236843593203
933.342363370444,709.2095306262939,67.09612010819589,189.3003183959783
934.1561379532026,710.3214973535669,65.74590846399332,193.18642322191965
935.2065116232992,712.9158600313177,64.62408796124433,195.69567874715523
935.2002341894483,714.0510469945809,64.82377746737494,195.684884479137
936.7460887497039,716.4605290409561,65.62351755989175,195.39484294421766
937.9076576021292,716.651122357797,65.76401434600777,195.99250184724457
939.4469774160038,717.1374567857029,65.86436651284481,197.0652963150261
940.553145817969,716.7301478196704,65.23448307900871,197.77251029073722
943.7702318430175,717.6976767743698,64.45117086167527,197.54984721490308
944.1643219038342,719.7854784831387,64.24132435629872,196.3661416187917
944.6075793862485,722.0102210121618,64.6679503798199,194.62395746215873
945.0397588693394,721.1649994020299,64.87237648501117,192.45403696057465
946.4603639729285,722.5421832526425,64.81655522436625,189.97093363360568
947.8428730918802,723.7714330146352,64.43975014411666,189.92950712101862
948.9663676478733,724.5411177935152,64.46447643473356,189.4408586125673
950.6722932942322,726.5857696493854,65.74116178599782,189.91404393357251
953.462426100864,730.0299424055403,67.81222187540138,189.61739945199375
954.4501370782358,732.5017274627932,68.25133091316565,191.69602086199376
955.6107592883707,732.8042975341242,68.34842979848375,192.91642996421223
958.5582477075093,735.372544547267,68.41180504913468,196.2109080372309
958.5040001744223,733.3645830042553,69.42115243788692,200.52720497550706
960.200693545581,733.8358984463679,70.79335636329432,201.76720200761815
961.4433658717076,737.6130696453686,71.23002666274705,204.1818995266089
962.4795964609403,738.8901356661415,71.90007437252626,204.50163976518394
963.1501501576703,740.0338654484685,73.13683758644243,204.25764891429031
964.3934942796118,742.1193420009502,73.6566193075406,205.23544563766575
965.1236837055131,741.8170592231954,74.37840202533314,203.7623313206622
967.4083500302888,742.2930329913606,75.59020779588681,201.9116810436626
965.0718184717596,746.6573638659504,78.18418627816445,198.16194642995052
965.3371889172066,748.0316107970505,79.2091684583687,197.04376214950702
964.1073860900289,749.4745780702053,78.10437224771873,195.49823712048556
963.3066428137774,753.5427331666974,77.5189100239763,192.40192545884292
964.1845215540415,757.1910795353987,77.04276329650773,190.47508907901494
965.5573833159111,759.1420677841256,75.84007432629609,190.55390415031712
968.022819977038,758.9752295119725,75.00698933793532,191.86775189823652
968.7711297724223,758.5727171676801,73.57638245004891,194.46474052171965
971.4256722288477,758.0280565487884,72.6031372855808,199.1908267627075
970.7776169924347,757.2987130756447,72.79891311408906,203.3042600030164
968.8573166535409,757.5459734798145,73.38625365622613,205.1193834169364
970.573201259596,754.8903936807238,72.57388136908848,207.98180491697326
971.7884355409848,755.8711558343493,72.94248459509859,208.0375623804283
969.7108887181721,757.5453863109968,73.922442151399,206.5308659964159
968.106435737863,757.0869357995657,73.7940466193263,205.33077120781581
966.7806845216732,755.7843064251155,73.23271254772342,204.0720789889277
968.2527485715905,752.5117603902386,72.82784912684377,204.6149122810629
967.5592676463817,752.5454255965831,73.27033860472945,202.3243820240136
967.4495977121736,745.9547549294726,73.15048873511036,199.37888276680377
966.7434959328266,744.8301881531577,73.1918324324307,194.99719175354628
964.6577412355045,746.2144190971989,73.6126723477046,193.02288593998793
963.9087324316749,742.7861041255371,73.89898534358547,191.61065792737872
964.54123747115,741.2897153247052,73.08633282503159,192.87324155645496
963.4289983865564,740.7913839870744,74.7510205617658,192.14997549026162
965.4830846157939,741.547905311036,75.18259724879849,192.08956205090306
963.8126316643248,740.9884449424803,76.61848005374472,191.70387701790327
961.0905573993377,741.9662883439125,79.27505190830374,189.7465475132408
959.1201295643212,737.8152753881596,81.15514636503416,188.292046477725
958.2148191110643,736.107741825381,82.70206943872509,190.285300592113
957.1968182200304,734.5944250809005,83.81665624944137,192.51571210956223
957.9214544238956,733.4015576411429,83.19931054516414,193.2716237812221
957.2940820221482,732.0330317325007,83.30802110793613,192.56591298521002
957.595323147295,732.1455687314059,84.38145147627978,190.87094219403411
956.7021192814398,730.051725877856,84.79756809413675,190.62630253797457
957.9402418075445,724.9020866453164,84.45996535302368,190.58874037347613
956.7200598702963,721.7942160743053,84.5902284336814,188.88061333617733
957.2912020315802,722.1190611066673,83.46291011005391,186.04483685520856
956.6001799649931,719.606464283083,82.06851266913114,183.0184891739471
955.9200734097479,718.9759518034514,78.46632009801154,181.16675478148005
958.4613534369082,717.6694448700872,73.74932489664388,178.44299382215848
962.456682599779,720.5351022467015,70.27520900559469,175.6936009801695
964.4689111147395,720.2488807963821,66.82882351030739,174.48727820240276
963.8108358220901,717.2488632843723,64.81844125487737,173.45694251414187
965.3429844265164,716.7113903938056,63.33977327080205,174.59686285660908
965.1680703937765,718.0831114719953,62.594015036385684,174.60257860580836
966.7517278367167,717.341095388304,61.95087603284468,174.27911005316685
965.4480836709031,718.8176002817177,61.58855534233142,174.987124598386
966.0863389889166,717.5188376894585,62.4500831031396,176.56984935356013
964.7821070526496,714.4945007354437,61.77027149540318,177.78984131578886
964.3177667197217,711.7189804845485,61.80336096186103,180.1051995685099
961.9155003721273,711.2384649741643,62.50898714002085,180.87875688982786
959.4157445838277,710.2109811529706,62.288870382574785,180.31686581143583
960.7499847404754,707.4627823299779,60.532185566220164,180.22956327736745
959.2784220368012,705.0382394075407,61.37349908773459,178.41692741585177
957.8757107930755,706.0720496954823,61.97373020136101,176.68933387425113
956.2130096793368,705.7301664627118,63.281357846929325,175.18759494962472
953.8628082541514,705.4981737809632,64.76691980832281,173.59134862748368
952.1121091433567,706.9522979078877,65.67303928998318,172.74698796976514
952.1759459441761,707.9952068388338,65.53151151067581,173.47841845229402
952.864741346465,708.9939950653056,65.59152203399381,174.027983551322
950.0779522072454,707.4701965402289,68.03569624444012,174.84322977521202
949.9493395148024,707.2770557524274,68.46542565204336,176.54836639804103
949.076968192462,706.2392853286489,68.85452562037081,179.41583547731418
947.7663382944892,706.6804662111844,69.90813450212426,178.96772028211515
948.2099980339983,706.424102552756,70.78756345145071,179.5204064149935
947.9228004580465,706.1741752377293,71.3448169426791,180.4226447599612
947.4324153214158,704.6875716384361,71.88270259193604,180.77127610519972
947.0337236695555,704.4882482118053,71.92238586962134,180.03892541989495
947.0876277468955,703.6347195070017,71.80978023626932,179.2490808405189
947.3104503139051,703.807798228323,72.41093714616481,178.46147917971757
945.0589199652006,704.1947195917865,71.71544285089804,176.6952547012533
944.7123005492604,703.925266826415,69.47713499469856,175.1857522005326
944.3416055492903,703.1068696107493,67.54034787633728,174.221247584394
945.782481088653,700.0865427630819,65.11385963740626,173.47570504788672
946.9048089696441,697.821892019554,64.06060511863359,172.49440263021856
946.2038154214923,699.2496098480466,61.96606907307644,170.95496397774218
947.0586713677604,700.7147407578688,61.799272882406314,170.1248930360122
949.2510422097738,700.6899669585875,61.56436916911314,169.33863140377022
947.614282952939,703.3035358143744,61.17645613180313,166.84771595934748
944.9419784129275,704.6891844438628,61.85720727496704,164.70705843225466
944.8569000674596,705.3452903053809,61.09234751263679,166.0957930402426
943.7942270831494,706.5923969127585,60.24901166897082,165.91088215550445
944.09768040206,708.6004068903231,60.17945938123958,165.88134887373036
944.6117103560728,708.4351797586513,60.44884608175745,167.69555514932674
943.8516141898297,708.4243761746903,60.74149017262823,170.60869497677933
944.4385502945347,708.1272412014016,59.820332865380756,172.44452514407524
943.1698828863173,707.6423782629295,59.16911887848629,172.69372903453484
943.4518281065334,708.1580498421187,58.48473924306464,171.2797913503426
940.4235946545774,708.3691069509457,57.91731765439248,170.77259460916375
942.0294606733386,706.4649345543772,57.146376746936184,169.2746125361507
941.299498306987,707.7377084600781,56.200993233026786,169.17956640512315
942.0059446316139,706.859018570143,54.87884453527222,167.92917445457041
941.0158924219206,707.8073579728664,53.84437514217407,166.8240914061312
940.7037851953318,709.3527101300571,54.537949769590526,164.15932110845438
938.7752284041026,708.5101491404608,55.3105110639935,163.49407434947233
936.6502252182495,709.6829485466519,56.44540417733779,163.800034889965
934.9521635499163,709.5279663771894,57.37780623867451,163.02336185115115
935.8345612297596,708.826116444399,58.995459552236184,163.93592543404947
933.8371399492369,709.6053957723126,60.405478743302,163.1947922080432
933.211349700019,708.5056276003727,60.91083692451893,164.58337457719915
932.6721138396375,706.7014959878048,61.91760349020731,166.49390428087344
931.6575216972751,705.6847540738331,62.8662498597023,167.406608117667
930.9105225298781,707.6728538678816,63.86471189693652,168.754388860991
929.4863599244327,704.7554620517489,65.6867931827327,170.44738973263628
928.482880809493,706.3049617983089,65.65640671847459,170.91889752749535
929.1452159420743,707.8667979248526,66.3523563225443,170.58563674672865
925.6320186975387,708.1936741763666,65.64235545257614,168.71564526817573
927.7446742489167,706.661475715314,65.46304483047186,167.55034400912848
925.2928675332614,705.2136923027847,66.18048720694253,166.19600095641002
922.5469849063652,708.0902101117963,67.20806960703618,164.81068260446943
917.3717846495401,707.0492371476157,65.19020878340608,163.28962646145013
922.4901497200528,705.5313351566346,62.95706064311287,161.08462386382251
923.9102104958492,702.8204258245469,63.070782208280335,161.59810588859358
917.8935808069065,703.2291551831848,62.257012853866115,161.4450569279782
918.9197349583822,702.8982690512323,61.63030138414386,160.8696556346018
919.9762361190077,704.9170237311,60.6111216613502,160.8566518901008
919.0839331327242,705.7395801721208,59.25600337930895,162.3437733430048
914.8254563515247,705.8937233513101,58.469507310970556,161.532408345119
916.3231077431792,704.547378366296,57.924961554334104,161.89748353090647
913.7704188770949,708.8868570783909,59.25360803383222,161.32897685134554
914.3727495702472,708.6721052438404,59.435295848730206,160.9318524314953
914.6096355833479,708.8289106104926,60.46903198121252,160.27743426029434
912.0405289470533,707.8073472779724,60.091700839281536,163.46427118095735
911.838529133524,707.8587145187233,60.190523999636525,164.71423287979923
911.8317503661713,705.6909187474894,59.6096464385551,165.53329343166672
908.7524040291496,708.3512135518215,60.39251752217473,166.78426134482237
908.8190340687651,704.5376992113194,59.535614140026325,166.760342455026
904.8840217464749,705.322364626725,60.198002905090036,164.9104612337327
904.3323797906291,702.7896446219538,58.290984273141504,164.25789177138165
905.8836544534188,704.9979354944362,56.72573994500637,164.926753523121
904.1289111173385,703.5592572276787,56.910682664225035,165.24404550242156
902.1930811542983,701.4850293204768,57.65173784634802,165.14180847243455
901.8478950731388,699.4281347581579,58.50468848712232,165.24316788286964
900.9246901110179,700.2550742097125,59.653472714705174,166.83702996372335
895.3423467036785,702.5445236476156,60.658867308314726,166.29650884975777
896.6620584206041,700.1230875822808,60.781560306653375,167.5617261418654
897.7137312189155,698.3953209684427,62.33140937593937,169.03190387313524
896.3842012049263,699.5294376530583,62.66861195152529,169.42902380209122
897.28786933115,700.3837709031511,63.144375588833114,172.74809539623527
893.1195745071147,701.2925610579429,66.03437004494788,171.30313203334907
889.9619123164531,699.5830571983452,67.481881792757,171.66202036205684
890.0310164869841,705.0183262308635,64.128907902989,173.9969561968615
892.0725595239584,700.1654185766114,63.53072087307713,175.5702002849677
889.6182220706155,700.9955822688748,64.40011011997274,176.32266391415857
889.379717945517,699.0482809664597,64.06557019674227,175.93593688718317
886.2072167133814,696.1393384551656,63.96590055331697,175.92861419950546
887.5620263397655,691.4821185541327,63.92688099956921,176.71248873973036
885.3132243273532,690.7341667012415,62.99483567136649,174.97125155157656
884.3977149245663,689.6503484928804,61.43907802964394,171.49796971344654
879.3061845842154,688.002304393914,61.25099441560707,169.13634974334974
887.7016521036999,687.9814407524677,61.37426492778562,166.71503190600293
884.1958584613658,685.8966777001085,61.13157259895886,164.12198476853382
884.7134375378646,686.6284119797878,60.86297637137247,161.90462629084794
880.4841598897132,685.008521409732,60.4968799495357,160.99602858192998
880.6093061866569,682.0707080745328,60.20235069191916,159.7111742762236
876.5065953780883,684.8439423104732,61.4319474761402,159.03298621510953
881.7276873431409,677.4869351439471,60.72807626728739,160.14057240179923
879.8376324290746,674.4544952662541,59.32317518538582,162.0144917499284
885.991299678306,677.247483077989,60.69407955563664,160.0751318700955
883.6909682832362,676.2130894525808,61.60572814938011,158.64026559460592
881.6816147028202,674.7310998244416,60.84104145034894,157.99631800533365
883.850480033586,673.3668371747955,57.79209231252191,159.9895262532153
885.8223667749669,670.0956561787858,56.75401975177246,161.11234593261253
882.6184588147559,667.6117864859617,56.54541921787917,159.68705562847194
877.9515468152329,665.8117362111074,57.89700826209131,158.10203464192577
879.4254129037927,662.6285479704846,58.32662426955727,157.4088193529989
873.7229974789227,662.7156321356165,56.977449687168175,157.12954959380934
879.6647926184088,662.5452975363405,56.114537928398605,156.03342892209906
877.6674194308844,661.6548370131213,55.61379756714999,156.50940759907647
882.3966592003579,661.3451868748417,53.97209668802334,156.36224006595853
877.7305639545604,660.56130426976,55.46177171102116,157.0156085728789
881.1138876864098,657.2009855234564,54.19462118412016,161.74014683185857
871.3009717759898,659.0587899362736,56.67900593769963,161.29702278558216
875.9005920356325,658.7689166571482,59.45708132112411,161.58632413528335
880.1033227095253,658.4699657104279,59.39052626148545,162.58577548722758
874.1596250833313,658.8169231598688,62.06778510029937,162.26070879295864
876.6788916298244,658.6869430166793,60.298530772037886,164.324159479652
876.4971924431809,657.2038498791601,59.4557950644379,165.74390014655145
876.7457303493863,656.455381890645,58.132357417024124,166.87359298264565
877.8804589414299,653.4905316554074,56.93375167813519,167.3079984053609
878.491463578682,651.1388160539884,56.867342355375,166.32144433293024
877.1939384932899,652.0381910186287,56.91363425780284,165.460702771665
878.0681378314728,651.2306185453641,55.594626727143265,164.9511524171383
882.7418307003786,650.5727538491379,54.28715321314766,163.10393129384357
881.4165800587048,651.524477963573,54.24917817241386,161.51099107774502
879.8159465264833,653.057560041487,53.76688701122505,159.03035976598366
880.6489832911884,652.3974182801729,52.97211608649022,157.19674814891752
881.130384852327,651.7338952926245,51.930828853678776,155.89758414972536
880.9473021491698,650.8206894854758,50.77665894333517,155.450514633423
879.6593440841281,648.228202813115,50.71859670656692,155.35677332131462
878.5518264083436,652.5601892836512,50.37817255877664,155.6871374621515
873.9374019992894,653.0148091729912,52.3829203102957,155.92343732485173
874.7364009549169,653.0202331361345,53.791044988151995,155.53755137080174
872.1369405676245,654.3015384139934,54.88837417567005,154.48895255576852
871.0228127116701,654.81115737803,56.4584728369693,153.03493337435742
872.2791268848632,658.2410425814571,56.35728963142183,153.79202335721277
873.913973693546,658.565900121341,57.054968908343085,155.0906708663273
872.3629089080418,655.5265396381498,56.870610661587335,155.90547295606197
868.9189152317452,658.5514093770415,57.41641060954798,155.5788961293404
869.1690174983662,655.0899988376955,57.39874596850278,156.00137436211568
865.5131103982168,656.1480408470792,57.8484390636074,156.36552067476913
863.940299375497,659.5221305020182,57.39536153934476,155.13462194350458
858.5970608971825,661.7065942711638,56.669192202333655,155.76268699325658
861.5423504745035,658.2739398126184,55.55322595128681,157.68150943726363
864.359006501053,657.5438522057996,56.056034217554156,157.74982070875504
866.4800262256987,665.5400593267311,56.73378980457872,154.5425131258276
866.781650805337,663.5257044276389,55.61349467057054,156.0685936439217
868.2169269334902,666.2058226011172,53.70949902294117,155.84228225805504
869.7489574223322,667.8115770684198,53.45351919531202,157.0186975177859
869.0458191980654,667.8957985233683,52.65586931900134,156.91549835124908
869.965327850364,669.3757527608662,53.60328213487222,158.26353035934633
866.6395990760475,671.4581737846433,53.63385860287789,159.11509866259166
867.301314741358,672.3805354802383,52.766518944438864,161.2636950212338
867.7986524359079,670.9756255834081,52.8170058754761,163.4228218751359
861.4481216278399,670.950143773857,52.95442594345535,162.75220570412293
862.9250960427141,674.6449381373654,54.742011823637256,163.69902654589248
861.4571778013411,674.1419301088397,53.609867540086995,165.16208496921047
858.2941300393568,671.0707528877167,53.378983884673325,166.12055574446407
855.7195511033526,674.4987242377608,54.25199057641431,163.99534405481302
855.8930214772155,676.8166514575922,54.15487894217192,160.52988546628535
851.3963210145084,674.0870390806468,53.86121436160462,156.8946344740213
850.5886469056198,678.0461204292835,53.737813075292486,154.5752056787255
847.7394748282927,677.5756966731003,54.22429132799974,153.34518789377452
847.237349840986,676.426734513879,53.53196291916734,152.48300436118876
849.0500288504652,676.2179454436715,52.614162101594424,152.79445081384327
848.3070300412894,677.447538490739,51.35506947374545,153.8445349109008
841.4904201788216,682.551180421569,52.09250672797796,153.66745868321306
844.5295909412108,683.2855001786706,52.588004867658725,152.70785088201865
840.4115136302446,686.8096492193825,53.392887459714565,151.9788200735441
843.1735267797832,684.1863014370882,53.47574802434586,151.13741472794592
839.4964351384534,683.2952921068796,54.02829699532927,151.549772295605
838.5464828889035,686.837431283895,53.888302145216656,151.91774346855195
832.7811105666369,694.9330471102976,53.2706083360755,152.48300633784132
837.4990018827851,687.58793872669,53.95049876896451,152.07433566151383
837.553583428715,679.6526691735205,54.427853428321576,152.9518814130557
835.8719839610396,687.0676925973681,54.48422577218075,152.75562362786042
827.4949067461665,703.9473960214552,55.01317954885083,152.230561262108
826.5036573803746,694.4993380084466,58.15348360403527,150.62310482413608
830.5955515374562,696.2384288016876,59.07737942530902,150.91170099148394
823.8900244394582,692.7749978404702,63.22363831796048,147.3898095569852
820.4329949940218,694.3080906499622,64.52203797192527,146.41067342225404
820.3700387747203,695.2831462965153,65.24812704293251,146.20441665185297
824.6177231704901,698.7942462391187,64.1479441988112,145.70108616667062
824.6313830277128,699.3552922733555,63.67128491575089,145.07092628170116
826.5881576576394,700.9734913945578,64.7495912772356,143.75749940713263
822.5973418592322,701.7404081671821,65.59700513494472,144.5386294410618
826.8274760374362,702.2738477375548,63.63573255948143,146.49249319353538
823.1090821697642,701.731870909477,63.62561229769436,149.0876798218359
827.680847364107,701.4982109151682,63.89987422926008,150.27655671238549
824.0509046723834,703.7440192657385,64.26227340283802,149.25191617701628
827.8869249575455,702.4413996387792,62.96579263933734,151.12996612849042
825.09132938895,701.9061008581632,62.44628793760019,151.04884853030617
827.2407939184981,698.0025570414989,62.11720012034068,153.6207667529292
822.2659353073194,704.3734453841314,63.82891647294696,151.29099358481525
824.0639653052515,700.3143980791434,62.69880625087136,152.25532966894278
822.744703810961,699.2436433205776,63.72331413706572,151.26023773801532
818.1219635443091,696.8913271685375,62.21041282680268,152.61634380270047
822.3258587440774,691.5125179873157,61.00844346455853,155.5764629853039
814.2235978198763,687.5232843171299,62.764256778720004,155.00361883275554
818.165361905723,688.0796146012569,60.07140052780305,157.32885237041268
809.7077954741558,684.1934644057919,60.18575786298323,160.1892617777612
816.1184440726207,690.1403321069703,59.796251971595495,157.89185320340752
813.6507090575595,684.7655170244861,59.98260081260033,158.55142027328287
803.6546147329612,689.6236462209863,60.78373797864269,158.19014711740425
803.8490738949114,683.1871839742832,60.273943320134755,160.98461377847389
803.5932927367563,682.4753994250572,60.134673698655035,162.93423177562292
801.9319588486351,683.0399029960747,61.11864404142588,163.34419724978355
801.9546238170666,682.9114756216009,60.29062292385681,164.38843817770146
801.083425834756,684.0376584619111,61.63703417921518,163.93312333078325
799.5368434222058,681.347662036103,62.1312653075685,163.78468429000432
790.4555503397419,686.0382350574205,63.79872093355616,162.8492760861146
776.5062303815108,685.6586353230153,64.65793786112657,163.0630879888351
778.3611067421843,687.5629084521387,66.85526340592325,163.02660641641
777.9528623534611,682.4585246258516,67.69954913542367,161.93417320228494
776.5691050662381,679.6453645372767,68.97646336235087,160.05270329078127
771.5800098432907,680.1808125617854,71.66223914302347,157.63502396139125
779.0493967683464,677.9773770635944,72.10481008813923,156.4512262794895
784.250979732004,671.761115248336,71.92382548101422,155.55966372073638
782.3816528249134,677.4338317572224,71.64325560516245,153.14237515791953
787.8626254341593,675.4833923654566,70.37645694733959,152.78262953272935
786.4077432753118,681.2802156675473,71.61967956944001,151.06274696663382
794.586884668876,682.4978984406564,70.84551562539014,152.36184511212699
791.9985592150906,680.3208724828452,73.03438476988418,151.8133420388884
799.6824100562685,682.852334005154,73.81614864844134,152.68827233060478
807.4073877184876,680.9547656801517,72.00389626589778,155.7032814552798
815.7007400193261,680.8864460092551,71.425055662634,158.76824764224216
823.0313493077294,676.0505275696233,70.1976282464106,159.99413019869075
827.8843355076152,674.2900945505468,69.34095527748626,161.58026284603582
834.2641009110314,677.7358252120977,70.14767050336867,160.95853018351755
838.6088768655203,673.4482247648637,68.43908182452395,162.08292636759745
842.2655867099761,672.280531328777,69.57658700896454,162.440862392145
847.2041780638374,663.5561070055464,68.25208527048014,164.55584205819835
849.2847753840942,661.561849627807,69.8174474079206,163.20791958833553
845.8489487409646,666.5489448419416,71.94140047979391,159.895485198732
850.1772912692587,663.9482859246742,71.70251251182877,161.3360391496761
849.1224528296001,663.4987610069284,70.97985296536459,160.67297498484731
847.2929014012107,664.9976523988953,71.25843571678155,161.22908791281228
844.6799282878069,665.1463985387586,72.21341112220853,160.60131339197957
846.353786319071,664.6849253108849,72.41682392396869,161.51165590821614
845.3571515851868,668.9343456385167,74.80834236224564,159.02231671016693
845.6764617836008,667.1087759604959,75.94019389592154,158.27819573219352
848.1489228455947,666.0348450696333,75.76344689705562,159.41125696536517
848.0286641450592,669.789570952512,76.73763912236447,157.75580147646332
840.0927652280175,672.8386472328988,77.7427653942533,156.41915499631733
845.8983765991567,671.1949628898722,79.31563135894505,156.56464817692316
839.3302586168991,668.7711463564005,79.41767142349676,157.11032745129438
841.069750923841,668.2166545345115,79.54003878600774,158.38202685792612
841.2047964243353,664.9291234365663,80.06586958753964,158.20431100053273
837.2080485898421,663.6834368738342,78.72800253222194,160.15182726678967
830.842484818011,667.8978877883997,80.21176698536905,159.54492355701313
833.7240817065624,665.4121174826829,79.85430345576367,159.08942454518615
833.6079375381021,660.2318095908995,80.57641212401957,157.53143070961238
827.4597898050318,665.896760980421,81.99843715101193,156.66259703762495
835.3849377901217,667.8446234331896,82.6138508671116,155.70537802007306
831.673104134233,663.789237775084,80.38423982805904,157.62695131916402
833.0786493089794,667.542441020601,80.9395156265611,157.89136639947986
838.7542817578301,661.8208071254231,77.06942090631945,163.81072366737484
825.0982237966435,665.3957119587556,78.70731578987429,162.10781341477247
829.3839403179003,668.892414441985,79.6929639698948,162.09027524289974
836.9400463120897,666.9187674100668,75.9585567376805,167.85043611371995
834.5586158588216,660.7615860754097,73.43274710436094,171.3855247962178
831.7738540233279,670.8058755601986,74.24132450154457,168.67578913413504
831.2810353614904,666.1132123629766,75.23490751366106,168.84542586946046
834.3444018523454,666.8236165413655,76.35463163186552,170.91152618692297
832.9758133349225,666.0635766684976,77.26187681150957,173.0309188937602
830.812975034227,666.0724351834808,77.3789838862283,172.2373310041707
835.2871477982754,658.2829307267324,79.6145945043716,169.9523624854166
826.8819790107823,663.9410856375301,80.77500875477301,166.08872705270664
826.1459379401616,661.9658599510755,82.10538210475832,163.28883939439658
825.2913758312332,661.5342756837448,83.64026938425775,160.93601142522797
817.1569313904645,662.0668255165299,85.2005744340081,159.76257391772964
822.3030593392364,661.9586879293115,85.45557309884235,159.47314337794057
819.6862093700225,665.1623985534585,86.67412773545112,158.66949476987492
825.7266180220057,665.0676825177774,86.8743592062039,159.1366505708476
821.9504342938715,668.2024386995222,86.58233531649466,159.50507527629713
820.4294460960435,667.6703612666907,87.17943575656881,159.02875834973915
819.0508153208151,667.868672297539,87.25895673314268,159.1193186370092
814.7924270536066,673.3748910840695,87.61756447483502,159.79518596507103
815.4262835829282,668.7487055358527,87.7227874265524,160.5176841672178
818.6782059916617,670.3751292981257,88.227964844956,160.80169877760528
817.2188223602943,677.2485168603267,88.24066044478796,160.79239714105705
808.917667980935,674.6986366161416,88.21927382997144,160.84657008975455
754.2915022796227,681.2424020252975,85.5766543658968,160.92831455525632
814.2881628386828,672.0072898924253,83.45561718332353,161.59389900471643
812.2657472586394,673.1096210520705,83.65749418462724,161.0602683989119
811.2414835574555,674.2921296770432,83.73668877277859,161.0269838989053
808.8678642594944,676.4568822199761,83.98521435219072,160.92756800066144
800.423514476909,674.938700662363,84.15434757214666,159.74868825318632
810.393374136944,672.9320910450278,80.92477038769665,162.34696248148603
810.5844067771358,673.8324405095318,77.40502171574218,166.0609553821595
809.9120020740527,679.4179943908257,76.24317900513289,167.4447077346231
810.6325989480272,680.7318822929639,72.5726687841765,171.17610808925176
810.4031206409676,682.1784272088659,70.59707749714215,175.6061998866287
812.7930949563003,686.2411913641091,70.505937307639,179.20341365683058
810.5802573806894,685.7984991299452,70.34283396307202,181.98714609898207
810.3148185855888,689.1522851451317,71.06197094625007,183.51982084137512
802.451592246166,689.0142369704042,70.96318730460017,183.4780404048364
810.848229555755,695.8608617495713,72.0943111076634,183.22159180322836
813.3773970816756,697.0153546739508,70.17354596014962,183.9454576504839
813.545107363066,699.2415326641216,68.52629952590118,184.34445150076968
809.2397425204728,700.2055884781764,68.33115534023806,185.10587477523268
808.6046371740194,704.1295657256447,68.93288992840836,184.10755683501407
805.6110863972025,701.8472697366162,70.77060459926022,181.342245210471
793.9081940102056,713.3399757700234,71.8046299585811,180.0919233993939
746.3393121728878,719.2897435816172,72.98044905313851,176.55561848146758
724.1059301549852,724.6558222984704,72.9575471038364,174.71462868844725
734.3773005787818,726.2355729431262,73.30745304579389,171.5516701248477
725.3339269092942,732.8306555714363,70.87425524011576,169.14680321570057
732.9888167038218,740.9907300573246,69.87138521221776,167.5581958775298
726.3492998854094,744.1899217792118,67.41199836259229,168.29247616056216
718.1327982589789,746.4264044166403,66.7482036723381,168.89745230339952
726.7465327286511,750.0863564869572,66.10152620638246,168.30707325202937
721.9853549069985,753.6018899789897,65.63414147798363,168.8241529926653
735.2047940949924,758.8359368556484,67.02282543414913,167.99423901840086
735.961999557202,763.7754588053812,66.69207513614126,169.7107399339987
737.7165475143846,764.6295490450773,66.48502981229136,171.89441111819585
721.162972427707,764.2219248664207,64.34467479765819,175.11173333567743
716.8029009540053,766.2545736866537,63.45942815002984,176.1567138247892
726.2446541165441,771.2449020099425,63.53828220703236,174.9348948781017
723.0107234266001,769.0421873245394,63.25888921527738,173.56484397852213
717.76878727382,768.0719463867983,62.69428339431167,173.0981879832156
783.5311191578481,764.1659010115623,61.68966967508356,173.62269490571552
784.6453636962557,765.3317723357475,62.67072525692935,174.17448859615124
787.0455504494598,764.1505942423853,64.10620542254853,174.39661961083263
787.08844483544,768.4849937201661,63.88390273194997,177.91949774877696
785.2739120230073,769.5512753674902,64.41930776378261,183.72670849053605
791.2792018858185,770.8123982955672,66.2334322083872,186.1987353432751
794.045026674253,775.3283996565598,70.07295649016085,184.17672665128862
789.5060924095721,778.8163345406864,70.28502606932724,187.38730593393862
790.6011697664319,777.3365519598171,70.72841699273837,189.07283993341525
791.0767490852684,784.1986270563042,71.52594979469394,188.6497370655754
789.8478286548743,782.8904873478184,70.81678058658883,192.18582242651303
790.8364424049195,788.872698574301,71.20622870180918,196.56061048380164
790.2591404832178,788.5401742029279,71.38312146370757,199.84578380502379
794.3531975086372,792.2393840989729,73.2837239198267,197.01075474474527
791.7908311486327,795.7187580653306,74.33995564419988,194.74211606495976
796.6802180307961,799.955635330236,74.6592682369897,195.36520716198
797.6088013279497,799.0249970514727,77.87726262290725,193.1380294729855
797.0090016559434,801.3547605160974,79.93663017876133,193.39599779443796
799.4360141327295,798.4954928776194,79.12752996121216,197.19041026103025
803.4280995736799,797.1035019303026,79.2812355899314,198.08962843801245
800.8782129471824,795.201252502946,79.53511736724892,196.90396635064798
807.0450752398558,793.9094386852387,80.60133231895047,198.90641400959925
808.2195310664634,793.722571639374,80.31913662146948,202.96148355054743
816.0074640247403,808.7828846193174,80.54430277126076,208.78879460237943
815.4120654806147,797.7087386007129,83.30131704357889,210.2777600862437
811.3352327632488,788.94681710194,83.98670597760872,211.24832702177756
813.4524161379446,790.4874242845863,83.13268552643487,213.6783669670932
812.0542344870734,784.9837911431102,82.93903642087467,210.14285428123407
811.0400639740761,789.5496772590059,81.1239793526918,211.7066978178754
814.6826601377259,791.0076800698196,82.67835707086341,207.3276959518175
817.3854620136865,808.4008568611138,80.28075512329409,210.46658574691472
817.8814196897025,782.2657299701533,80.42415054034306,207.3732607324489
818.5938826082771,776.6555465007291,80.29786030519124,204.8041856089194
818.58622841993,777.1983421998867,78.43900362374953,206.31975402162396
817.2634530950539,775.8058805548977,77.74448569478162,201.81386672658
818.172171766139,773.1987043482615,74.60487785662467,205.6421777370359
821.3361183640585,772.867839779618,71.80657312170779,211.99423308815943
825.6834909851212,764.0588370784968,69.57573559824066,218.04530771952767
822.3843134675826,758.3354717224056,69.48685194008078,218.04876202637564
828.5547213609103,766.3574717506981,68.88931847154043,216.644435202823
825.2328492729048,761.8221083014678,69.8185116755667,213.7251690058855
824.7953357627048,760.9825470677158,68.46684363523674,213.87573715305413
832.9109441899467,776.3250970505438,65.18517550206641,216.5268340868122
826.9518976104689,764.7873658129947,65.80694107007953,214.44215938539668
830.188308135612,764.3197761699095,64.80187199962117,213.48145701873528
834.7132041126907,765.4689678030622,63.30540379119139,212.2733665638234
835.3016571549125,781.6227678845245,62.22100200692485,218.06533381422906
835.959839871834,775.0255187736285,61.71269483495321,222.98029578876753
836.6671408417061,761.2008998300728,61.40575247353246,222.695457366675
840.4441130688335,756.8145010528664,60.78487486421762,223.65738427365724
841.9208410965791,756.0549695620523,59.83895140531473,223.07376657214934
842.4939062569872,743.1849107933226,59.95550137662812,217.60615095531182
843.8497736605736,744.4354206538915,61.11015727456388,212.3749864950233
842.2985323877913,737.495994507483,61.877608072310494,207.71304822997874
844.2331434328422,743.0414673019552,62.61565097778363,205.97544183628577
843.2673414678968,747.2250469523904,64.50172093395082,200.7795176199494
844.9560406065216,750.1950419247781,62.6609541216595,201.67410761978434
844.5106516517297,741.2418763260187,62.87761458529742,199.9116880543637
845.0342251848466,743.9968964310233,62.78944003273941,199.99802712444483
846.4825530593126,743.9289935648754,62.47870104139078,201.7301545587441
845.5843695537459,739.1458054590062,62.05957318138475,200.80094437521902
844.6936882692867,749.1744623069164,62.67206184416783,200.95006302192758
841.6406848985932,747.0965619886223,64.4668312503496,198.87129601630411
847.2275975845126,731.1698175094414,66.4698247261669,192.78069699248817
844.8114654333193,738.0849246010134,68.28305559654675,190.61716600636555
842.6404970554198,742.1099289056571,68.61848114095046,188.55112851600532
846.6873009662577,741.3257148557885,68.88465744555654,186.37638373175497
852.9161003627778,744.5279177166433,67.14040894853667,189.3305423868764
849.2244716529464,764.4163026611399,66.07569883890272,195.40258078645746
849.0607792423159,747.5812475787817,65.64321491912818,197.68851469690145
849.5354242176284,750.4292791341051,67.14306384827944,197.09074393702377
848.3478018260753,752.6562522232613,68.15529441019396,194.9988506761918
845.605997331439,740.5656362594816,68.91869761562273,191.54878835326272
839.2767674944822,743.9837879907875,71.2724736042335,187.72843390149998
843.5059038400456,736.7084594049353,72.79236177126108,186.18842525594368
841.1173767571764,750.218661775229,71.93017662578117,188.0180609511473
841.5112945871698,732.6561471677196,70.98497202269914,186.4953202381875
845.1030505985576,728.1797811191892,69.18090078437783,183.47604458378356
851.0454254593019,731.6546083469001,67.58791818325074,179.30417399905886
854.9856985815217,731.2920752542722,66.09973977862441,176.59281211424621
859.1302370769165,737.7214227421996,63.56286053029669,177.94529210329608
858.6248733066478,728.3345834020067,61.08543246742537,178.1734709820463
858.7086262161557,728.7734418387208,58.44061312988541,178.2419175841315
858.0865782566647,725.072407442809,56.90542600214507,175.87971463981006
860.0311974495368,725.6615493055289,56.628208585791775,171.15320908781695
859.0056020214569,722.4795529971285,56.680053424114,168.09375600301868
862.6728171095535,725.2308539534887,58.67268013268621,163.8162184871564
861.1321766289013,719.8393933747731,58.633399494259216,161.12348599621131
859.9364630972415,719.0779235033184,58.88624838108048,159.67144824583437
856.63326816349,715.7923672734844,60.289544242998716,159.5733698218659
863.6123511405458,721.3419283366597,59.725865669868746,159.08786368520043
867.1190637755662,723.6347546863825,57.39089003056498,160.18538178119542
860.2802452910623,716.6273716616031,56.99209953985607,159.83056660822004
867.3127027116441,721.1642038175627,57.47730600606553,163.53779276108358
866.4539893384485,717.479153064848,55.57970484794633,166.88441051330875
867.1474704360131,718.1445628321862,54.242385774476844,171.09309169198048
865.9338313061912,715.825436365574,53.920287498704994,170.98979704067133
864.5499241327911,716.7218980500827,53.434670525314736,169.56924129212206
867.6092712997456,713.7327509956918,52.93590407455399,167.31529186300105
864.6360192214519,714.6922090553434,53.16192874276857,166.08779313976646
861.6721026736959,714.7381830005445,54.0330191701287,162.11332457370497
863.6921263099216,718.4415115433957,53.7843389516629,162.54457623281476
859.9920370447056,717.1452716506814,54.587869265847246,161.79532876146854
859.5152463789932,712.4023072982042,55.50178812809381,158.21351130400825
851.7622883453381,717.7037745447584,57.653774675750554,154.67302054411513
855.155513773962,717.2296931530612,58.741666736898935,149.73211949236548
850.5620383401279,720.0935958666998,58.98229611714033,146.40791928779018
854.4898353214218,720.2462312191216,57.66600784150325,144.67714187194065
855.8057198952589,720.6384187834274,56.845409748669,145.21888676228798
855.2725898009874,718.4377793345016,55.02603980644429,145.23529942249945
857.1426566883198,721.180996915252,53.32930012052462,147.29844006666264
857.5525546169738,719.3286061903668,51.7929926560465,149.4361208723211
855.0529691296649,720.6957933924803,50.171667834460635,152.22150850727903
857.0673519887305,722.0750218309327,49.087642411739466,153.91453392636424
854.4814254366479,721.3205474306169,49.544551630101516,153.50557763475626
855.6676948166157,721.7327294778089,49.093150203082196,155.1389118855565
852.5520157706057,720.685137559861,49.20007287029736,156.7340295006921
851.2403339850664,718.9140665324861,49.457763376190506,157.69464265338797
851.385554088703,719.4582893496095,50.17483371178703,155.57933356336883
853.8388962848725,719.0398827475299,50.008491459645754,156.7420079831195
848.1448789468003,716.8234225166663,52.30574969230861,150.6665971460186
849.0025817898085,719.1587284164084,53.31292682336985,147.139366584518
846.1374548895848,719.2851411430682,53.19684759693137,146.37802118366946
843.9901519241212,718.7679899633364,54.94082319681918,142.9457035747188
843.9456093523507,722.8468203076117,55.1101830638302,143.37170873394672
843.6406122190085,722.4009027818549,55.01916632845077,143.57516652429837
845.5257463267707,724.3048436192644,54.59760555044191,144.3150620253827
845.9850338812496,722.891372039347,53.54664874895535,146.50881926211804
844.3080609762466,721.7494391654425,52.13075098062269,148.70394655355852
842.0022300831994,720.1433424162982,52.46745797087975,151.06718859291615
840.0506496509088,719.1295107649903,52.11860086060733,152.71296741004875
840.7836790040783,720.3931051644615,52.03710905738261,154.91213034908253
836.8569096121795,719.910515252115,53.18541522094087,155.36705948617617
841.6753135640117,720.6000919012257,52.46841665870725,156.8974029721651
841.6857156279725,718.4305027980901,52.41722430219035,156.78111395431523
844.918326435074,719.5543646614085,52.59990660720717,155.52203208577941
841.4234985070185,720.9346214064811,52.496081399475514,154.07819354337272
845.0974069834983,717.761511996623,50.71501640345548,151.82124292186592
844.383466654138,716.668175175612,50.74056880938374,149.36752712144397
842.9911706999623,718.0232990456954,52.539935636291645,146.6407425959876
844.155364949571,716.8266314373858,52.57374906616655,145.94820277827435
841.4345961272768,717.8457276504852,53.4001314907232,145.696892156542
840.7329763924749,715.7324372330097,53.21039653596473,144.41132461121342
843.0753496936653,716.5354049208472,53.58782759166511,144.01856441311253
839.8543438907438,717.9666138854504,53.884761015287594,143.6164195113261
842.0438959988757,718.6224058895109,54.908857425397215,143.6706423212136
842.8248668305993,717.4573581138458,55.39732126426935,147.13035782856042
842.7249327582911,716.8370605021456,55.06519429122132,150.71995445958405
845.0902241344368,717.2820931750812,54.8086119928789,151.023085052777
843.3294919378229,718.9221166392405,54.89861028350658,151.11789054335776
845.9382512530859,718.5500810311714,52.06980405913896,154.0975782050374
848.6289551894732,717.3979189751678,51.46463987304037,156.7195066800091
849.2877463800143,717.3779205377442,51.56944449585697,156.3813386972304
848.5383495935666,720.7476465075275,52.823552985124465,153.52005748634724
851.2807899295279,726.4892314359955,55.4941860766296,149.88917635240318
843.6958534699057,728.9711987783897,59.50162632528071,145.05609110354024
840.9492482164549,724.7335754112786,60.10684206594722,146.6801758809754
836.0318856848332,724.0636756646104,59.24544686704431,148.94199658450543
833.3716896446667,719.3367059970435,58.64586700447577,150.35376920973926
833.3844059806181,723.4160525113837,60.26160113879405,149.09406442797675
836.3218505310136,730.492169769227,62.15232177921389,148.42427944384528
847.0404708246732,730.925541615457,60.69620606982454,152.8725501137206
852.2746581251243,727.9714912436482,60.51192723308242,152.73091626490037
850.3990557434172,734.7227304338742,58.505481144293256,156.75643013298347
850.4901245945118,731.1186643392006,57.552554414889904,158.78923072977085
843.4875526907275,737.6655637042546,59.69984433299323,157.65157442519987
846.9378851001434,737.6462185441819,61.21089311432028,155.7042385774758
804.4967650726941,738.9563847231616,61.25690575222673,155.57356457522934
846.2030705224993,747.5049043849997,61.14021617829986,157.47793287484416
846.7858040171476,748.8904295870507,62.27374706803145,157.95009278644653
853.777023974484,746.252975785762,60.8224226852801,159.063313968583
846.4969978981395,745.4414406619138,61.64899629182649,158.98898746106107
848.9892429638568,750.9368968716292,62.72767087139053,159.265501532414
851.2858241067455,744.5969261936864,64.53415677515767,157.78025505260612
851.6838425322367,746.985737508315,65.07324882756444,156.3381724795778
856.5237392006834,752.0059027827315,65.93736933191853,157.04384126698733
865.8658359703021,747.9265759596141,63.567922649370495,159.16264515507405
858.3014290110351,749.4679768241413,65.87838196127609,154.4504252913303
861.782525196285,748.9725816020056,64.18603364595216,154.98164121501375
866.8853782476147,748.4303336202528,65.19554799464788,154.01404724893865
871.843764329618,747.1268958034242,64.14943089045559,155.02932949785296
877.084178345833,749.7405782965977,64.36360446019836,157.6403138538521
881.1013613359221,749.0805333052899,63.13924605219417,160.2268066770822
883.2523957744646,751.1146428543622,61.523598569457306,164.66815483967983
883.1241334100506,748.8038526513942,60.384824102042174,164.8166426896159
886.238514389582,748.9322975248892,59.37641050113369,166.5894789710684
886.6911632650264,751.1378258507685,59.9626523477562,169.74542413892027
880.2959320551196,745.9560949268721,61.04717452098765,169.15833495369304
884.4433121540183,742.5251158969843,60.89434776435235,167.07981087388134
887.4040487546722,742.5050023342665,60.51623336583988,166.05746110932523
890.938958379202,743.9650050433031,61.16778719798778,164.8961775197127
888.2040819160922,742.3811016598574,60.04294087722852,165.8777111886119
890.6373997355938,742.6441139707008,60.77033371112569,163.89461252079045
887.9286963810179,742.0790164557388,61.09630594151779,162.87264499883446
891.0327019042094,740.6404214964151,60.858494956932915,161.14685144275032
891.1429995266101,737.6464561730411,61.22011114697252,160.96111608913236
883.9453449456538,738.6344121312741,62.09424969273537,159.48682953172477
891.2826843077589,741.726388457419,62.301989601032375,159.00842230484972
893.5140017572397,743.6864524983908,61.63061661346306,160.9153368025571
891.3703011576629,740.255568024719,60.538620420343634,163.15482753639986
890.9568486098717,738.0568785477304,60.14910784567613,164.4625024536643
888.5425617749434,740.3569641734586,61.17226397784371,164.0151112582077
893.4999558295847,740.158203232508,61.047256485321164,165.0697053861836
883.9138860645843,742.2560061660605,61.410958667909874,165.52943208438612
889.776448412845,739.1347901140273,61.42496399153007,166.6331040985783
885.4460047663395,743.7888461899727,62.07540378240495,167.65191627072323
882.6668898870457,742.0904123914244,60.79971687686894,170.1316724710303
883.9178529782597,740.3486660115838,60.24892144223605,170.41889786430212
884.4400323784339,743.2826941346236,62.39839694669719,170.61042242114002
880.5102662870992,738.6187940267017,60.99831227755999,169.4145104787805
881.5085079937031,734.4595828612099,60.69699235274014,169.15175414460296
882.2263245861155,737.4777709254415,59.73144079528429,168.9689618288536
876.4727577721422,737.3497389293485,60.15873090211264,166.46420686275707
875.0564764383172,734.4864151822635,60.53918017979397,162.91646699730788
870.6798579929313,738.4525698273944,61.488176366983105,162.95468774015757
867.973399638257,740.86472315976,61.649184297187276,164.4431700387443
865.837597464482,736.6941633623792,61.391316293663095,166.8643305652076
875.0344869385611,738.6207939261803,61.60593769035337,167.97611918125773
870.4566391807883,738.7494816385899,62.187676716335915,169.04294152560348
867.773714833927,734.1152941965873,60.994071445825256,169.17221156646906
870.0612423456957,736.4639625318042,61.39641100312883,170.1202992620327
862.4986769833654,738.0200620370236,61.03207029224269,170.04214785520085
866.3196653600124,736.5620083915762,58.88534424085289,172.41397855098006
859.2277283931168,735.9641891066827,59.057225720115326,172.94217217638538
864.5409117941832,736.9856592552389,58.88345367506258,176.98916670517022
859.1888316414677,735.3215674998389,59.43684570046424,178.22290880209073
858.5519843415847,730.8916876283097,59.643910890440324,177.14769196739041
854.6652198329252,737.0236653407444,60.84013125297416,177.62925713425693
849.4052433125496,728.0872513450721,64.2473304256223,171.5792163969638
841.786447714535,728.1506571884114,66.59664552149282,166.30197689198698
845.7771798993783,728.9265909958757,66.36177128928784,165.12449609427512
841.3834885893873,733.2788980136788,65.31217881161362,163.91938996272162
838.9855226102286,735.1119619936451,65.8817599856292,164.70296188148177
831.5725056611282,739.6922360775945,65.85911243394,164.916187288412
836.2146044680454,736.4388234394235,64.14358270874682,167.74710042295416
834.4955578003603,735.264666720293,64.82763937915435,165.53875893110032
832.9788741560624,733.769399799968,65.6301147247722,164.91392941229896
827.8474382716879,735.1353521707942,65.96240444701236,163.63357122044357
826.9596763845378,737.8263110630065,66.1888365245734,165.13946843464583
828.9087502936818,738.8965768730208,66.59952039802728,164.60654143745813
831.1773746399036,742.1102852502547,62.27370639772805,166.66459450110563
824.5983655022405,735.9654449106868,62.605400210163666,166.92673497333234
823.5351074451892,737.6912625913928,62.65157164729493,168.00588803355106
821.6174934256533,738.5563712694315,62.17295023720915,167.33611658220548
821.4133978952168,742.1409649501204,61.45389992501984,166.2971472498497
816.0110818947477,736.0310229408673,59.991733906548866,164.14967878269937
821.1055806133738,739.5623239893341,58.494676776913764,162.19968607220972
815.7862221977982,738.739773487656,58.55517610165623,161.53402204756625
818.2739271553369,740.3333202890221,58.55654230962588,161.7695220384313
815.8237731513635,735.6065391674349,57.851451185797615,160.08138449065115
816.452301868959,739.6933157872734,56.866392066656374,161.09151273901134
809.8900223974035,742.0002756031063,57.80230469323898,159.5495578480986
813.1130627525415,742.5858958445345,56.86636535564365,160.4000961871872
812.610361139371,745.050067458029,57.826674244670286,160.6282728500299
806.9122045990473,744.1613328245008,57.748969228393975,158.2827658139857
811.973081588982,745.0812611394623,56.75313459056535,158.83747142847793
806.6833789608584,747.3250461024915,56.003745367442775,161.7587440660489
808.5958722664026,747.0311558069461,54.85370387239731,163.9103950871323
808.768381301717,746.6070588278211,53.298135135913014,167.74685789761605
809.2154265825408,742.5251817919632,53.55761844492447,167.88707624087738
807.5092105110461,742.9726189654851,54.55262614752964,168.25980564883076
806.5362434206837,745.4779856421673,55.08317710853563,166.95445631150352
802.8518717018771,741.6015434939663,56.32191709384783,162.38878096129878
798.0134083882826,746.0540603750446,59.581635049466925,156.25563092526227
794.3602306901479,744.0612168732393,58.20693060839511,155.20308512552813
798.9072057113152,744.4897673096841,56.840646944081854,154.5145819061467
797.567757947812,748.8706714763858,57.438472763217845,153.59774856740268
797.9658082984237,746.9190759716238,56.156214644696995,156.14740320951046
797.8999951684973,749.525092699583,56.23397183965243,157.41523244356398
797.950514308385,752.0596044634439,57.61202901886139,155.29727397931873
792.2042509969275,757.267520783317,59.13345101988911,153.16971705826154
797.3036203653152,755.729495296064,59.19303213785021,154.83686348030784
800.3995153954332,757.0207759727376,60.443925774360814,156.04923401554078
798.4700571583375,755.8708195993538,60.340112317674695,158.45017536115355
798.7058848479327,758.5782783380386,59.376243897893985,159.6945305545299
796.0458991584829,758.7817979909696,60.48415244110024,157.84269564014713
800.7411812053668,761.7819770383871,61.03424882401692,157.11987155333836
799.1901859568809,759.9546589452931,61.51003220772286,154.04681704280998
799.691111852639,759.6116350261577,60.199414408783184,153.6589966063921
805.146096043424,759.9530334802492,60.37007919066535,152.07522470927157
802.0303852893705,761.7072316334096,61.06062478705969,149.43004384942313
801.8227518650971,761.396769248431,60.50005249757559,145.39317128280186
808.0394733361885,764.5486623817942,60.024740391879604,143.55199144612922
805.6964680717019,768.2553350043715,59.43031392820745,143.39803560145685
811.7705931324265,769.7678146838434,58.25572141479044,144.9424360218709
814.0601955072929,769.2644870013312,60.16925205095255,145.1952158332874
813.532069420836,772.9519274798025,60.992765878004704,146.64193006830038
814.9959594454388,772.3049641734156,62.08097227136524,148.6623676230564
814.6620570623332,772.7239912400631,63.18887481661189,147.28187885698318
818.8360012458834,773.8228769253965,63.498052794726384,149.4354563632696
818.0751812895877,771.029014880992,64.22260348822448,148.94503256389504
819.4981613688373,772.0410633860371,63.474694639310904,150.08071963240283
820.4495558567772,775.7839606825022,64.53260546010759,150.10244476145743
822.9354705797086,776.9204176771498,66.1082813929679,149.05422371287426
825.127143992991,778.2899131220751,66.67172478475644,148.0115711189603
822.5750135032162,778.4342644397632,66.85223822478586,146.89703009657157
827.1220749005108,776.9271979888024,66.20522751363164,146.07870021086492
825.4959680696986,778.165652147266,67.18015273836639,145.40795985410466
825.8356419309556,775.6849183932028,66.6522921278977,145.21277014329797
826.9995396598555,776.0962299464467,65.83173052820642,147.33651120116266
832.1422155578362,782.1864896692571,64.67192995599987,149.910413943347
830.5990182919571,781.3196837596635,65.79563997561964,148.793693740821
832.1422616373601,782.4226940319753,65.88932453611082,149.63030410707074
834.4057129671929,784.415990827049,66.14644039298564,149.75967016124116
829.2750271685386,786.6301515431504,67.76660524896127,148.6046317337989
832.9963914481634,788.0241577679084,69.28491909388639,147.53811610473275
833.9258046123748,788.210480701716,70.71049179805648,146.55723511634426
834.778796653528,789.8802664246434,69.78882938151368,147.56089153380128
835.7591497095411,793.7802517601916,69.77056306402795,148.5473636193577
839.4169112557934,794.4148375004467,69.76645039861715,149.71561989801808
838.7174133128066,792.7861561218884,69.81389534789182,147.5908353429702
838.2592019003149,792.4960197441342,69.81915984958712,146.5718043760972
841.62654112014,795.6323392946558,69.54960315600022,144.80927040811054
837.3003490724151,797.1714326876537,68.37692545335423,144.38490032209643
836.9501706588336,800.4101548087226,67.6960919805294,144.52394262933592
841.0609128187756,801.7144534915282,67.99598236309903,143.91463394189412
843.1589311635744,804.2602372680942,67.9196084351897,141.97654215017562
838.540146524254,803.4838945179506,68.582400110681,139.72463980942885
845.6600488549176,805.4271503856444,66.27310692396325,142.86687753998388
844.5354757422699,807.6335784124019,62.73187982391062,145.54025891704114
845.8461253418575,809.4681861419438,63.151799382365056,144.55203582284096
841.5474964755817,811.4294821765399,64.13112670262397,143.11396395056343
844.645323441577,813.631490120912,64.19611339181873,144.11695766341225
844.2201277102849,815.6538664847376,64.42696350737602,143.39869557640117
846.4213306246841,817.6882326142338,65.09803256261094,145.11545335341953
844.3300957192919,819.6989583524692,63.939670139966395,146.97913180553772
851.2578921109545,823.4511372958782,63.723787782971925,147.85865453395408
850.4718770055457,821.7616543581514,62.726952932983025,148.89962702600002
848.9033871279285,821.4907743555907,62.112571318131,149.28285338346487
852.2798046278605,819.4372240180121,60.703622693694115,151.0582766217936
853.5581956797297,827.9799182554764,59.128651755765276,150.74324527882288
858.7396070843533,824.5273063149078,59.578851560043375,149.4989120463126
857.2359643508603,821.9574743774003,58.071478099111914,150.01878536728105
857.7010589882539,824.1309223456473,57.7555638625672,150.32086384942733
852.3206965381924,819.7917766022679,58.84743595659887,149.2319634492842
852.6683685412387,823.5996887444607,61.92283365163229,145.9570605668761
856.1653266449823,823.9399863439571,61.92007736006912,146.1001211520134
855.5033521444126,828.4613329048427,64.26345223019662,143.49738564895546
855.2413419899256,830.1811395750335,65.21880718372687,141.9675507843353
854.1217238294807,832.787116496793,67.73388554539363,140.59395462781276
854.495274064588,834.7697573685114,65.65440275382144,142.32990341034662
849.1008108090962,837.3904431401056,65.4248718520854,143.159251109254
847.863122946302,836.7535456394146,66.74781895065946,143.2483998618187
849.3560548592949,842.0020576809621,68.0618761604404,145.7819152913577
840.4370730699585,844.9775445314431,73.25017867496504,143.87820425900549
847.2833156878853,844.9693700294353,72.2075080448244,146.19490202171863
847.9057581430976,846.8528449357963,73.59554649903899,146.67468587446297
848.5415043255662,846.377845026145,72.68317858597777,151.17474501230794
845.7526900585004,848.8871729397036,74.72776969602151,151.1597236380106
851.381947223101,843.4327913408972,72.76130382110516,152.41972699370444
855.6507204913454,846.1534576861366,70.47913743827233,153.97732952585142
855.3403485874109,848.8488365033023,72.50320275073433,152.32372899791943
859.78191896091,849.1343057143346,73.22062219202941,150.29028428160447
850.9700687654373,848.190502666887,75.484074017301,148.08180244391292
852.770398542865,851.694383345067,75.70353455865238,149.42991228811448
848.7887893243386,850.103425728666,77.98727196619468,148.2181684060788
850.4798489204109,851.1371318137918,80.91306750793679,146.52067297290682
851.8668059972977,856.1599884412182,81.1997266936256,145.78848491794432
853.3499004559702,851.7463234825142,83.70058975916007,141.3142525260872
858.0276085140151,857.7323445560653,87.49115829272843,137.9475007918876
844.3179367194803,870.8157463671376,88.30632822151983,137.49552947565113
856.2156136351085,873.0719108059352,89.60615108704069,136.64630465536814
846.4836902208507,874.874565991754,92.08425343923797,135.55640828328785
856.8107818548687,878.1723924579198,92.925410518492,134.52926731384693
850.549799408144,878.2706188141109,92.48450099940476,135.96000852922975
853.246560558693,884.8169538921705,92.54524524646352,134.6696960467554
842.2019067172903,877.4839101622789,93.08070275531878,135.51379730811342
844.786824235451,889.8726585963894,91.74393465930488,137.5880593968015
851.6760222866969,880.5607053197991,92.61949878477937,136.93745461270203
853.1372958034777,882.0009325167049,93.6858314318512,136.21132832672419
849.6084560794706,872.3873859612646,95.77931181370363,134.70432872520237
851.4835858630315,870.6351554983595,97.67919205523648,133.55894595823307
848.0223582013491,874.4630312826417,100.12555456320217,132.1578688243305
853.0079282984175,876.9706277312636,101.86241550584518,130.3904345540247
848.7862881617658,877.9858142492554,103.82096696597708,129.1317183888829
847.5773420889062,875.459421140838,104.89191001120179,130.58563623566175
