722.5,297.5,50,156
720.3764410911436,302.78544631661737,55.435370505166944,150.1133376943714
718.3059165706075,307.14582754442034,61.07426066600544,148.80815503460292
721.4524506797565,308.2174507652744,63.62936177448988,146.72791447241613
721.3104644959601,311.0293743622906,65.24674476277178,147.38745303201546
725.9716646131736,311.76508731139876,64.97410153212903,149.32054979119349
730.4016175991185,312.9570701468474,64.71214744927728,152.2563043885457
731.6886035537061,316.0639065737684,65.41334491266059,152.90434303677887
734.8948618905097,318.04023644942004,65.56630370292075,153.32819056773272
736.8806713046876,325.930066957292,65.9285319204634,153.16522686339007
740.602643388385,332.49007936503403,65.71616228843841,155.15506056078445
744.062581083977,332.9566798413832,65.12840016324571,158.7107483486256
746.8638996314569,337.0186343760936,64.81852677830773,160.93930490878256
749.3009156447243,337.0936446530178,62.023823527178834,165.73581708122202
752.2447737463843,331.8545775847521,60.67015015909441,167.6071711655683
758.505073077661,334.2039366499154,58.73624812129704,170.81756834972532
758.3715883287167,333.66190085748997,56.5949334318686,171.84981360653705
757.9142395470392,333.9734995408675,56.68469234032399,172.10896114134368
762.0147349400579,337.97994270147353,57.46820816134236,170.00492835101545
762.1409620658058,342.72502120923787,58.33507430245521,168.99283396518655
750.9490321132088,349.50731054820926,62.69340816089634,165.016448227002
752.8870400990226,355.59888584490204,66.19020016885239,163.71756925532057
756.2276661629929,361.79709001710887,66.26154775709824,166.43263304072872
761.8287359203688,366.7370403016713,66.36285501206092,166.0412731210178
775.2881491235408,368.2482473170057,64.2387711899452,166.94056052162352
775.5929766266436,369.5167102372927,63.71710651985988,167.31809557849513
789.7709860406362,376.1865554202765,59.7807577968551,170.55394194043294
792.3965800524414,378.3640237485032,60.42698445754036,168.63963047471424
793.5695959397257,377.8243433493004,63.622263470172896,164.69526051826762
795.9861758361092,381.5407001324905,65.158823659553,162.24933665525657
795.1390791155876,383.9170050727253,67.09869740297776,161.25064017734428
792.2161643417982,386.46586865309246,69.5666928689068,159.6837281411217
790.7668257902551,388.48176128792073,72.31067201733832,157.52647056425997
787.9911143733221,390.0545731353899,75.79900881833669,156.73335779842938
795.1155471265656,391.77568704231317,74.21134860359783,157.64166442366968
792.9266476024403,392.4473983040423,74.32318362062885,157.41274456859225
797.5646926995903,393.05040832261056,70.5966730466904,158.1914905379253
807.6009237555535,395.33090364756623,65.37042236817453,159.16460375840583
812.3985952890284,399.2117770482844,62.98385625206086,159.19731629992617
829.8032249225763,399.6765395810613,55.92721958933518,159.62777193677243
835.3644438051894,400.57311812133287,50.460165410992566,160.4151855540137
840.5249171673667,404.50206523217287,46.103321908531306,160.48611718758886
843.9976889997263,405.57562916287486,44.922201137336344,161.56188327950827
848.5259501184662,408.7479814927078,45.412359350295894,159.81927422378516
850.2402607555898,412.1837558159853,46.63568986590459,160.66046266066527
852.3179756936464,414.32714981717805,48.86198625474514,159.96608736846966
853.5681292402531,416.06985017236246,50.91410931442473,161.8417024547622
856.7453327066323,415.76217777167346,51.782324776227966,161.2281538569016
857.1387196089727,415.54011051021814,52.37570498518116,161.72632208763955
860.3277138144533,417.2443997027294,53.46171155407821,161.38626234122782
862.7753033332312,418.5761273108607,53.61766138081069,159.93747778307682
862.0242227781589,419.0568973569275,54.30373578145602,158.84624862334113
868.1450242849304,419.74780984397074,52.039134911772905,158.83745967620928
867.7822794020733,419.54245484322126,50.78053458768901,158.39865650460493
873.3397548460968,418.45871386873114,48.10432156890496,157.54691953192383
875.2533263559892,420.00323079148814,45.98683299953649,156.91444772864608
879.7269845482318,420.8753064779467,43.47079961218269,156.29448167944417
883.4778762112815,418.4462406775131,41.32167694205872,155.516243098274
885.1592810846329,418.5697887734401,39.59235501598128,155.87698255686405
889.4350340310448,421.1814883814749,38.69393483177559,156.60975103870098
890.4370589966712,419.33651629400026,38.10299599118268,159.1859014829144
893.0240902759106,417.97785734164063,37.72819214165786,161.55904232035388
895.7095722232409,417.36386823881355,37.630443540881416,161.23173078067725
897.0809000842718,415.88380328301827,38.73563408842739,159.37800313687842
898.9033697071561,418.357912803761,40.04109042676498,159.74283770333363
901.5395389759234,417.9883452832551,41.42910650348837,161.8852836393115
901.9899779373126,416.86490201865547,43.07377892708446,161.6050476709522
901.1260408849698,419.0223831785064,46.0637218994535,161.1874835846641
902.5914753689999,420.5954470515728,47.92039908923011,159.3307622573316
903.239065009998,420.8477827839654,48.08818171938934,157.7103676594593
902.9223566404803,418.72843003214206,48.33674932731719,158.01736315829942
903.0102418180498,416.5944017807947,48.3188405327612,156.74002714771896
906.6353491856428,420.2747572607645,47.69357286865084,156.72713694659902
912.5144614699234,416.1042848061314,45.254126338114446,157.32129192361427
912.6632759479646,416.15256643157807,45.34936467896621,159.2002495219487
914.9723664513658,414.8373457887129,45.018028402540935,158.13916582522668
919.4994673668425,414.5126683655287,44.30380955803771,156.80640635656204
922.6812808159823,414.78808189265965,43.41061351074083,156.7535882687461
925.1200247870661,412.79546339146043,42.51746528262356,157.13483876945082
927.4135437797546,413.26020156312546,42.565841897618746,155.49441020377358
927.2798094481054,412.00570681828253,42.331833498215076,153.88412555405506
929.1892567135988,412.25181172002993,43.15443467187917,155.7125374794574
929.6410215789796,411.7485305392336,43.93727734044781,155.74972351544275
928.572723520394,412.56007099656415,44.339314040848045,155.34906257796985
931.7828929513258,412.7500416770728,44.181032483366614,154.88043013137548
935.2672313123694,412.71070594440494,44.944266466845875,155.18299777233412
935.7126961774326,412.6829612480609,46.4889532299446,154.84548987035782
938.3178961463564,412.44065958882766,45.79128818208126,153.76045410210105
936.6636615012286,409.86639338697006,46.682651320756,152.62172740394854
938.5958965800437,414.01950033521507,46.00971043711253,153.8934792438476
942.1869617930313,411.41691876018416,43.87646297241057,156.2543778866158
943.652370102962,411.092374864105,44.037433213968754,157.4518763924467
945.8503743145494,408.3547929532375,42.056094542914856,161.45648073637568
947.3957728590115,404.0151780566052,41.425378077617545,160.63623791153725
943.2364016099414,400.94314464191643,41.12393949207842,159.0485060920805
951.533113592816,405.69928698219417,39.47857937673217,162.63993253975988
953.8472198017143,407.67219061626577,38.869009384472605,164.8805228241069
952.1633783701038,405.6085666046823,37.9547041037727,166.4909623374472
955.9565209285853,406.2517606303486,37.19032555342962,167.97268003143023
956.4451053298864,412.2458120443297,36.65432291331835,168.94317438669552
959.362589638479,407.47088285093645,36.2856299881192,167.44672997807183
958.6978931296883,404.84122068538113,36.69323163101711,165.59816704111603
963.5482405213652,408.7716204079687,37.917254750800524,163.65462442806373
960.848085327714,404.91148566650685,39.92833727097643,161.69977737198602
964.1366252187966,405.3562310795745,42.33097474345013,157.09053208837696
963.6209331956507,408.1266502672321,44.2148493340611,155.21726501929044
959.7481444667623,408.17462394421017,45.26539371841239,155.14633745258615
964.9070742797824,411.3288019770308,45.83004523128821,156.9552842815372
968.5303455050212,406.42584345489274,45.841778289691405,156.92608875409707
968.4256340171526,414.86931871390817,45.16102401552007,159.1930536413396
972.3370465934078,409.25114038821937,44.40271826837473,159.66939671239487
973.6676341508207,410.9766971555367,43.867821315551375,161.3153338445693
978.316427640346,409.54694751893044,43.847437896376206,161.07960587626582
979.3784839956716,409.30506487708374,42.71184664244362,162.54651574127706
985.4659768490452,411.5717812741203,41.97254800082088,164.46646019406055
986.6333446831416,410.6602430829875,41.10192139577665,164.06141791826045
989.4435878120219,404.6248958384653,41.01491006019622,160.35886659584241
994.2235475450365,404.67753303192876,40.62813874937935,157.081898168617
995.409648798842,403.6840372398078,40.39583239617202,155.52912201070197
995.8197063593728,408.25266493422276,40.97650176760298,155.05376142015086
998.8992301658761,407.7188827448814,43.37458592186931,150.00981266101624
999.8150753594973,403.74092306431237,44.149119117848414,148.61204282842874
1001.152195833778,406.8921178696064,45.847972728002844,145.2375728440766
1002.9875444496494,405.3850015969493,46.29694541050573,142.7243409995898
1005.3418647417509,405.799661688665,46.6704037871792,141.88751025000568
1006.7694977949627,408.5087480694581,45.81187444566338,142.02561810136507
1008.0478019555211,407.90095664514683,45.47202938252684,139.75395872815537
1008.9701264496832,416.2693494478236,45.175828599196734,139.22101147119056
1010.7858130965583,409.510279436323,45.204158083309345,137.15608932225558
1015.1569849676175,413.3844533902033,42.81661075079768,138.37017427582316
1016.1508005617254,407.8743377739902,40.69778221434484,138.3853081190282
1019.3261078878639,401.94160054398736,39.88473040920536,136.791563600152
1019.0807057900412,394.15272639754994,39.20346553212735,135.38783797029734
1021.3504460108087,411.8149054711575,37.3237846663981,138.76956502816043
1027.874486128663,416.8133836660736,34.855100678553114,143.2558840518414
1026.5729117837182,418.0872554337815,34.371508397831505,144.12181987776904
1028.9186249702693,406.9545843151281,35.07625025669316,142.6459836025025
1033.9808211636305,411.62956051582745,35.02707034860836,142.75232430718293
1033.011958917229,396.34550674102815,35.94428464472553,141.81242671456957
1034.660318304723,394.11884240105445,36.93844464247342,139.41206477027995
1037.4832788480408,392.09217748703804,37.952096157156284,136.10568104393042
1038.6652935293032,397.6042103144831,38.03846881603949,134.3997153646262
1039.6826807407804,395.0458840629134,39.65110001747445,128.38663382845908
1042.3333884113738,401.1122227510791,40.08406921303098,124.72491611551874
1040.2837978175949,397.38502920038593,40.50243565754669,121.62843232151934
1045.7136103018672,403.5796212112851,39.37355886557674,120.9170913935931
1052.9649979616743,404.59336034888463,37.105497100345154,122.4074902202922
1053.232005551339,398.22230131901125,36.22949025803659,121.42857995209704
1058.2848217116953,403.3171454010614,34.90634389923815,122.37009448575063
1061.1871113698562,404.4399020409067,34.16845264367637,126.4763344409233
1064.2135351291745,399.23602581942845,34.19413591346162,128.21514920077433
1067.040637341869,398.2253020170919,34.621947479283676,128.02317021548166
1068.7252184085671,395.47012470182636,36.083616396760036,127.77262911694773
1070.6270033449189,399.0772557965787,38.01949507142008,126.1189295380693
1071.7035639062217,406.11276639890974,39.24597375846085,127.78000595913969
1073.1781961801532,399.74893543765455,41.655446679317215,125.95085178057585
1073.786482897405,403.1783667045881,43.909065200380226,123.40526839862525
1074.7587765997241,405.82521259764366,45.71738745608131,121.7517440872608
1077.0659220382079,406.979502156892,47.563637827435215,121.30027296570476
1077.845156320463,405.57444176369785,49.200786700287594,120.89170621776081
1078.7538996116714,404.91865098175765,49.60613637389821,121.51181966201995
1084.2024885809385,407.27936164166255,47.381365585632665,125.41322015007142
1087.9073202841923,407.61077387250305,44.71930607240472,127.14363900122606
1090.7653131986922,406.6425841681203,42.488647487209946,129.44581715157062
1093.6465196548281,405.87071076162067,39.37422074856795,134.69531919833463
1094.7709236565515,409.15886067446115,36.94419152820424,136.1650942399022
1099.8131193131978,406.25064855597304,35.57448660864924,136.17051336136927
1101.8845487928763,411.84239854348704,33.12907626055194,140.42932085857035
1105.8833390004315,405.95293818490245,32.25931776774376,138.87816058971652
1106.8329694297897,403.4548685109439,33.059479030075224,134.99406331196218
1109.3478369812788,405.2192894334338,33.56381727991095,132.2704519056917
1110.1805697291359,407.48874578466564,35.16956340834205,127.95487481206803
1112.2389988110667,405.30760848385114,37.00291486209496,123.47287107812582
1114.406077368064,404.037999268532,40.501814197990655,119.01212241052792
1115.8560270769144,408.27721367909345,44.83654441133254,115.19787625236894
1114.9636882737311,410.46497372207165,47.43711221068432,112.94734782176229
1115.098676198217,408.46318675523827,48.85361235391552,113.4651298338134
1117.4313419800626,409.605424113237,49.69510623730686,114.41278540689372
1120.230129182415,408.77001409238216,48.25203184023137,117.82603732764701
1124.2176700605623,416.73273278390604,47.846647940840036,120.99321125746538
1126.330812891678,414.44897200217565,47.137878653196346,122.47343228190942
1129.6733109295785,415.72573701371044,45.76770239017,123.97321742149855
1132.341478091294,415.18979077716733,43.83940477557111,124.49807569057867
1133.767231852652,415.6848655839389,43.72093925457907,123.78115156331395
1139.8136793283754,411.3198478324666,42.417551215363716,122.79509781760139
1144.3520334423094,406.3965837400553,40.71812322278612,121.79454100333956
1150.1615548036013,414.7126955720711,39.26002448518804,125.7242088950941
1151.3672679675574,417.60621205061335,40.8958894361149,127.25862998616626
1153.4046663281074,409.30827715715,42.74076377366951,125.10065265090068
1151.851054366482,409.1373901927335,45.82453796865482,121.22112693144865
1149.8147083079773,409.6414934229452,49.42684456401406,118.02729205687129
1148.6127344277077,409.41454603286724,52.22525130392165,115.72441717989213
1145.857942874065,410.9086546702547,54.974855639997386,113.13555513783285
1145.2955654464504,411.31912586056916,56.19785661514295,112.0875194182375
1147.520008665806,411.2149923674142,56.518122817727985,111.11341264241673
1148.095880961693,416.5192832735836,55.135942958863154,112.40158700225808
1146.32542759006,417.9945505538577,54.641805508861694,112.68912102233728
1152.2969755092515,423.63551015297236,51.515763465339376,116.78286462775796
1150.5549604798439,432.59898457024195,49.98932980955484,118.94809413794528
1156.5506579054506,415.56904487292996,46.660289427640805,121.1836803959726
1159.240281873479,424.27044573167154,43.05398987586879,124.33591713063788
1160.7832001090528,425.07922065035604,39.72315128398806,128.0474173573558
1163.99466013083,414.9922534369992,38.7541001064006,126.69927231629609
1165.1568496184998,410.10192761859196,37.2368486664039,126.34662031083762
1165.3988123634576,412.4326431333217,35.92266844292588,127.0056681975463
1165.7085995333694,409.4500076623591,37.2255932829427,124.62863300238655
1164.339109514545,413.9811261399824,38.86705654545993,124.72945337441047
1162.5285656245262,409.11459776905673,41.16219417977624,123.05050373808797
1161.0970174047116,401.56965255262463,45.24902714398742,119.66118236370116
1157.779544824097,403.7241082706903,47.93303717986568,117.16944238199952
1157.0109767900433,406.65473174762064,50.02921796671556,114.9623974125443
1154.0539400114799,409.9888159661054,51.18975482263987,113.08756059865223
1154.6589147434918,405.7583095002706,52.04096663829432,112.13914684117378
1153.7786098100887,408.6908370681972,51.12167538205348,111.41233871841271
1156.6237410562892,415.676401955981,48.185350134067974,114.51987753720543
1156.6950988080364,411.53410255083554,46.101924562824586,116.96506318145018
1156.1196892034468,409.44322210049984,43.87921767565952,119.88801439641455
1154.8147956789046,409.93817005574243,41.46907436204274,122.55843686056309
1156.6182614348959,405.33269400855636,39.594450522560905,125.0920312812903
1156.6848394152466,402.26302867478535,37.402267843719706,127.31294783292645
1154.9200915502247,401.17205546300875,36.412090703127284,126.60416649807209
1154.0807701885503,401.54631284279566,35.90596069660255,125.68589249477156
1154.3678427760863,407.85088420975427,36.18125895719953,126.44570632671132
1154.9169557626826,408.51285839681066,36.94434930728716,127.17854067507167
1152.642722727958,405.6588812400611,39.49357020995772,127.16999279893456
1151.779874786036,407.4805651580184,41.853912926744755,127.2643082592235
1151.0146053900692,401.0472574723815,44.77854237114448,125.31845510174982
1149.241885143076,398.85113405061657,47.67269083908801,123.69987869546273
1150.2989407415055,405.06308099511733,48.7305392808244,127.27116779748903
1150.1411843539809,404.34778045477157,49.75595255426376,128.67944898948454
1152.9270828354972,403.09949660825714,48.66744769404482,130.44432329548175
1155.9048637116978,405.7275512775749,49.849866879601464,129.41834272195248
1158.1548336334436,404.64261268181383,48.84836444074244,129.18002251052056
1159.8103737614924,405.7332075368015,48.24873762244986,128.00017748133126
1164.6652651979912,410.08733322846535,46.75621224914734,130.25904245389955
1170.8843675369312,403.36088995895295,44.32162676529773,132.0111786419722
1175.2813709271195,398.76636645027645,41.77689566927813,132.44560606093665
1179.9027524265582,404.66073536533816,40.44504756831928,132.92432333182637
1184.6345992529011,405.06673560458324,39.05919472068726,132.62291883064253
1185.4799841312476,404.9868706685845,39.41276581291697,131.95156790830558
1188.5561446663226,405.99620546508015,40.803207975951814,130.44940915954498
1192.1945216684478,404.67419052855564,42.46099281294911,128.77127974228034
1194.608078966867,404.8703637492259,44.31683872636459,127.47594838377601
1194.4102130428666,407.11573177728854,47.84566679247432,124.95949542682511
1198.8241263586028,402.57212105782247,48.955284847891605,124.81089609549363
1199.3730109708354,403.13830251340687,49.883471062040485,124.71312593201306
1201.8931016053946,406.0337951705896,49.42897123136793,126.20921041516351
1204.8087146995304,406.4178037936912,48.00842438345876,127.97336727937295
1211.8065773538865,403.8704725062482,45.477559990884245,129.23700568433708
1212.5309009180721,406.37819064203165,43.99964513790982,129.80626570564732
1216.3898403610513,408.03763875049026,42.14760239544502,129.59506268407307
1221.1795740696487,405.32941928108414,38.44754858298644,131.2191971070467
1225.560595324342,403.5266048167959,35.83344051039801,131.60836318505255
1228.8910470995831,403.84773262222564,33.90156137016358,131.10426386901582
1232.5143136611898,405.01568314790836,31.878087424348788,131.136220035439
1237.856158663309,404.8932811726712,31.047128171147897,132.2984133787661
1239.9781410497676,407.92651703326976,32.02584492060035,131.68266292145444
1241.9449981476646,406.4093801452477,33.7897186917252,131.75300013019205
1240.8294237695086,406.8735333830724,36.21374357837955,131.46603551960533
1241.0442250455899,406.1716776227087,39.581935368258385,129.19299089676284
1240.6225236988544,408.63638518123014,42.56051162091819,127.77685474090157
1240.579927434961,405.530716991858,44.60730194895942,128.48497294566516
1240.3474376378465,405.23825613187336,47.16697377341343,126.89664351359588
1241.5754615312574,405.76510531524315,48.86486618739703,127.44184772997858
1242.5658794470849,405.73844332889536,49.1793699400927,128.7487552531273
1246.1696153193225,401.5781616001436,46.99248897778325,131.80333179122783
1245.6448640546266,402.31358610519806,46.67305842554772,130.38684855759809
1250.2017081183153,399.4998155422502,45.50747086503471,130.7923414008705
1253.7693307309855,399.7059927183049,42.208678362243674,132.89541010822464
1258.8123703560366,399.7997196596725,40.23424576436324,132.83376436016445
1263.2456827387464,398.48572484777804,37.727051312053746,133.75975145862378
1263.4613904402202,400.1091345759424,36.937706262137276,134.83815211032734
1265.5722841885488,395.93665278141987,36.19070337813572,134.8202187801219
1265.2639465666111,396.47239387483216,37.504197152570626,133.88086580055074
1264.4896202239456,399.72367384602234,39.380489775302536,135.3967432437295
1263.1819656821326,396.882230478984,41.68551323108674,135.8338638149338
1263.4221133888873,400.44248073765664,45.372108438762325,135.34849036515448
1260.7833152499356,401.39440716737226,49.35084368990201,132.96596884579776
1261.493456846458,400.8327717262352,52.17096653323413,132.25862945280332
1258.3727819181554,401.1551319788017,54.022942610542366,132.43472468968613
1258.54749687085,401.76791811067017,55.26530147392148,131.6203926758215
1261.332805748697,402.0462624281946,54.99670760586186,131.49248742771834
1263.2798838598655,403.7670370350558,53.99590055420942,131.62499770038505
1261.0697038570443,404.0353404123208,53.611435253913484,131.03829324937197
1266.6039790264563,402.35256764801017,51.9055214812514,131.51533570334723
1267.9305248670873,399.5626005316038,49.52641509647699,131.9884979902066
1272.109638139289,394.83116659721907,46.49494455259242,131.90627327627334
1276.8187951723983,393.9382326423981,43.814685238723804,131.96704889408338
1279.2485373504333,397.2134796866569,42.14545986245135,132.55156314067926
1280.9833255242627,398.0427947912998,41.30188010445314,133.48760441920177
1282.1486346903068,397.3808998171818,40.544992956370564,132.60124364874878
1282.6030594028334,399.4732169768196,42.01676877927286,132.6332827036493
1283.201366839942,399.747518547577,42.294081402919524,133.78930576471765
1280.5288863108353,400.36440466917367,45.07790883800962,132.40917968069644
1278.8748378118432,398.70613667819384,46.87471695469175,132.4300267950871
1276.0022669613854,400.53822807403037,49.29046884504515,130.97323121235263
1272.590621565182,400.9691242942812,50.01179421005377,129.672598442204
1272.5245211624099,400.9846352384911,49.557928829169555,130.6692903294189
1272.10796448672,402.6662728642131,50.29079572875453,130.04509693756344
1270.3265853369264,400.0344194497559,49.23967339403362,129.12504407714692
1272.7319147109245,398.1920477530517,46.82783242367124,129.17053075478066
1276.3956403164516,395.41521546032305,43.4295058063517,130.64831195171874
1279.429224804553,395.7342358280721,40.545443014154344,132.9704486377904
1284.6483592991183,392.51482221164133,37.314715013946355,134.97649369749521
1286.023094240291,391.7313364116293,36.4391423264631,135.12254874020738
1289.3325759308216,396.15769436448755,35.173022230008904,133.953210100421
1292.2572800130888,397.0563621159777,36.25785917503236,131.15422581375685
1293.3711595059797,392.446670054375,37.54638632397084,131.67588273359314
1294.5765202595899,400.7493712133048,39.934335585488135,129.04570777169062
1293.2179241100862,394.1422029112309,41.69279206086412,129.4097664751426
1296.4046414971724,401.35295652264784,46.2288173544409,127.27083962798007
1294.5677502915564,402.16698139752475,48.92133517445559,126.22265557227234
1294.981988969299,400.1952764470991,51.35890291250698,126.00220753626448
1297.9536758619063,404.43975531970636,53.76509654062238,125.76443902292247
1298.3809012280835,397.37314588168533,53.22913652210278,126.74497654825649
1300.42031748435,399.08287755863427,52.43457930291989,126.99217564896375
1304.6756496471512,397.24284670246686,51.42045743108349,128.4879743703471
1309.434227751287,393.11009223058045,49.19500587750556,129.12946416815424
1314.0659508019266,392.49412524142497,46.46809646979909,129.81661240847387
1320.7674274890974,391.5380517434689,42.71797512670774,132.35180306073525
1326.840230811571,389.7695686176154,38.706899502878436,134.13455025726643
1332.087622978126,387.70375334331766,36.131848694090664,134.73653870075935
1334.55473730986,387.6660345749624,35.73741161463807,133.25002734201558
1340.053114939638,390.8695663287334,36.359635809122516,131.94850077218706
1342.092723659851,390.2974128212388,37.93677136552293,130.34716607880227
1343.422345357593,391.03546515231045,40.47980563040829,129.98728224853005
1344.5178324117305,392.7156716014334,44.985256483223736,129.3476532991824
1344.117927372135,395.45839057367186,48.87648888182707,127.7617991712338
1344.433674299232,396.2614936876547,52.13812056169041,128.00410547359505
1346.9447931452144,395.32210269367175,54.347564693456306,127.05968795098656
1347.4641097424471,397.06194125500326,56.51139250324786,129.461214956589
1350.3147058003037,395.4023059355576,57.15349310069983,130.39047905327448
1354.64947064864,394.39576732500154,56.567733202305895,131.06496648690336
1357.907273610503,393.66577434261296,55.34839717222653,131.22009662816362
1359.5881349013723,391.3272535669428,53.92366973914662,131.038353980743
1368.2002682822472,390.79040850432807,50.87374131815616,131.286752233948
1374.171853072185,391.2155002626545,47.808636847533286,131.4108654659333
1379.316914199052,391.1446279773221,44.088324030597725,131.78932244764403
1387.7887574208778,392.8300951664871,41.02512121426518,133.7120086557092
1393.2243995998535,394.7158153197761,38.79406703514668,136.11338700986744
1395.245222987504,391.5294402685547,38.86477882994515,134.7831647002008
1396.4783943031555,391.8366668700636,40.14248980086029,135.65986378371264
1398.2033854712026,389.8355849504985,41.78214665162545,135.71803524651529
1402.313031725508,391.6404886847353,42.894473405710144,135.8373516088369
1405.202212982272,395.0522583043621,46.386818022614136,134.57658225941486
1406.556659726433,396.8595896705588,49.27008094450909,134.13073037144284
1407.312623979218,395.94331259697,51.449922277272265,133.44914129008964
1409.628547863075,396.69137345823276,53.13913182919946,133.42509371860325
1410.9900814285259,401.03695083768355,53.94834180553671,131.7404010568696
1419.2076667204453,390.999050527563,52.900771166765765,134.2462401292591
1426.2609163762554,385.4863620140014,50.291112332135334,139.00435755860406
1433.3003841548746,384.13055820614034,47.72430274383029,139.57702102530885
1437.4224388981213,393.50658993605873,45.84147465229547,137.7738120118831
1446.1529071476477,394.07496861076794,43.74484364945841,137.73362813448773
1453.4912755352273,401.69634160299086,41.90163348562739,136.40672134529333
1460.4715790893895,403.1798929384042,41.18217818699528,134.7293028509117
1463.629651077943,404.1364496876949,41.154849231403254,135.06253940230283
1467.908663590004,403.2071511851634,42.05476526257918,134.83710959385868
1471.3579112507018,403.7454995808584,43.31121531471867,134.93342708564901
1470.9433750610676,406.3948355500188,45.317054447183494,134.02771951042632
1469.7956256464392,407.8493486758869,47.08470115842531,134.24413552515432
1467.5437010639312,406.0815161945352,50.33063864131227,133.70957286487192
1466.8385944808197,402.9036867138949,53.551846790254714,133.17148545011486
1463.6467950767308,403.70158144907055,55.60005646116461,132.5314333321349
1459.3946642366968,403.8049859202422,57.12468528677063,132.6797534231187
1455.7586729041514,402.39729237347785,57.085951799670376,133.8189187883225
1454.113624349163,401.94221127112866,56.31982647083474,131.7877181352022
1449.0582978607586,397.8900499916799,53.50682965974123,131.68221708570124
1443.3102477477344,397.0757171826013,52.001040656968605,133.41523358364688
1441.281063497037,393.5057057185331,49.43141891254439,133.5315801163671
1434.2430353306688,390.50107462028336,47.481495249553134,131.6474054041446
1426.8719641791968,388.90755316409445,46.32719132446961,130.45139596743178
1420.705844499548,387.9394840330531,45.05638998857701,130.08292397713416
1413.302467532072,389.21137920412247,42.785758974798604,132.6648946670999
1406.9156994020414,388.1273282930721,41.70631938952265,132.21167099634187
1399.20895556002,388.5181432133538,41.25552065083616,132.20353271719108
1390.2642081357342,387.025663741601,41.258985302264286,132.2383697811191
1381.7466510503373,386.7504104120259,42.0931850901234,132.57513573382562
1371.5605069781732,388.40348754238516,43.002002775467155,131.4684956237266
1363.762788028478,386.8943949402508,45.02139373119289,129.7738178595505
1354.9277420344536,384.26140936769656,44.943135575809265,128.89478234801217
1346.1483810855982,385.90336953690166,45.68105669226984,128.20244097002063
1337.8715636957859,386.41061467321424,46.93685993655524,126.62342032477594
1328.29167622428,386.0522119208826,46.988398566700766,125.87961841996197
1321.8591790253274,387.29607715538583,47.564479237799176,125.19299750333892
1316.771181698758,383.8738999407399,47.65509524408736,125.15388759623562
1304.803527074437,384.5565688020172,47.88360021721679,125.35054847940908
1301.2820378982706,379.21964123610053,47.58731608404548,126.32739070993622
1292.8984086307134,381.0853564730013,46.62003558717751,127.06917724663273
1285.702526182468,378.52335989853316,45.40087194820693,127.75462659902973
1279.4119356863157,379.7782612971789,44.21873964705429,128.504838812572
1271.7231894300126,376.7996760673446,43.75243733696787,127.75309499230285
1264.3616219654548,377.48389505047237,42.519410767060116,126.66367524933301
1258.5031417254122,378.1241898559101,41.50728246388083,127.32627609389425
1249.97301483913,376.91962972972124,42.02112281481471,125.01798768919797
1243.364431746042,378.4746216881375,42.40348637342664,123.60167178021601
1235.4778753174285,379.9580183622279,41.80632564056616,122.89767864871013
1226.1565534590209,378.15796364280897,41.510389798055066,122.83316935700293
1221.3072213910175,379.766706420486,40.45483678623469,124.36272073554781
1211.138594475679,379.33760289737563,41.090783320159204,125.08133498520436
1202.0798312599973,378.2280766573079,41.68803845025295,125.70757683454158
1195.0281174597037,376.7056569695467,40.91327887127437,125.0493326948967
1188.815140612546,375.49253420253245,39.42772972745506,123.914120594953
1178.4600285285296,375.2513190061576,38.563710349955585,124.87050146315705
1172.1898887469672,373.94671890046294,38.57121784887137,123.177366889085
1164.8984739554803,373.8614785778897,37.70962661733123,123.12017090421128
1159.2598556116766,375.245370146348,37.0725394981759,125.01714788005711
1151.9579010083892,375.0170055442367,37.05780494406985,124.11016310455867
1145.1695020080276,372.80843591008875,37.01509324783228,121.95916520397031
1139.9468656993695,374.22830642161733,37.015886876500886,121.15316827766914
1136.558538354765,373.2845041454623,36.756441178136726,120.71135917755923
1134.0466958223815,371.8707384441846,36.72679343727042,121.99199579137247
1133.017446331769,375.29926707473544,36.55717948247548,122.01685886794783
1132.7040656045283,378.04505603807456,36.57237123433168,122.00516032054202
1131.1094426680195,376.35214834246244,37.35381690974795,122.05879831117726
1129.3818158498746,377.2947465954641,38.23591132820317,121.80697685381128
1130.4764703560709,377.56262886966033,39.280468292144285,121.7282630163354
1129.4711453200725,376.9475467735344,39.16173599223825,121.25843705527458
1130.7659274669122,372.34812005256646,39.36916352366296,121.45253643074318
1134.4146765793962,373.3352351297786,40.107202064747284,121.30522177886708
1136.874201495401,373.08415528610186,39.687788882822964,121.69936256129623
1135.2656792177572,372.265596388282,40.26979267807039,119.49232313800279
1139.0356180517683,370.7285700027387,39.69517742307292,118.23937624478273
1141.0237060948605,372.06631485834737,39.41739015181457,119.0834936006736
1143.6758738018377,372.975235975327,38.470083699041794,118.32565130949385
1146.3318878124699,374.23420848478014,37.824874296551954,116.73446219573896
1147.9632203500444,374.60011746940336,37.58194574979972,115.09327243322235
1149.8707478542174,376.10968400244764,36.95101306544356,115.0982277498548
1151.7926870350068,373.8736771635284,36.53062856601659,114.59873864677898
1154.3497670917336,371.9670456260302,35.613449882617005,115.09448920956837
1154.8453750516055,373.4923924098814,35.93161556706775,113.49205499550358
1156.576507850094,373.58917553946617,35.83992086814689,114.92220294493694
1158.3947870035722,374.88873132736313,36.06048665138496,114.19837532567074
1158.1931529625615,375.0820331485545,36.05186228951088,114.30056219537303
1159.6826478224864,373.6222804168941,35.93189351807129,115.00333515671016
1160.9527544314228,373.43563071037653,35.64966946836547,115.41259064702297
1162.8832366371707,372.2648558990871,35.513893550598326,116.68703616842083
1163.6865957710652,373.2258179420026,35.25999067244256,116.41194764815678
1165.7186592533528,372.67218761545996,34.978314622250416,115.77615617626496
1167.3610390101596,372.36539599424174,35.100011102289116,115.25234141416956
1169.435531947432,374.2576297806122,35.357591370780185,113.40354529013618
1171.9283797278117,377.4467641381011,34.64676334465824,113.71634713179903
1172.8889953467394,379.0122098897928,34.77260404054925,112.35146388628155
1172.657982958049,380.6950607414954,35.20312068884018,113.00084788005044
1173.1565873728807,375.05419021734366,36.92756126751692,110.33097836316833
1172.3693073485022,375.7094884706407,38.38772149570802,109.74712275327616
1175.971530697977,379.2875253741145,39.36164050415565,107.96716236109282
1177.8144489400943,379.135704196376,40.03578746413494,107.85388000152771
1177.4498413622166,376.7877496219229,40.500740182070004,106.85380669422665
1180.1359434205078,378.22497404336093,40.701627572445446,106.50601304849415
1180.7793251484507,378.58008720110297,40.731622630010314,107.8098214810875
1183.5190667897461,377.71620560375527,41.25388266406966,109.83375318192842
1184.475124703638,378.7328284857831,41.1555931588417,110.19480120296791
1187.979437554876,378.7638263546418,40.855158374334245,109.5822048769288
1189.9607014175745,377.78639646811286,41.669743132915784,109.56723985903211
1189.43358980236,377.30171613246097,41.78092211810141,109.68836325425863
1192.0602018510776,376.8330064417556,40.941948871343754,109.93837102935768
1193.9558137461916,374.8901358532655,39.93342466607675,109.51716402137069
1195.6072564413764,376.3448779123738,40.22717676311853,109.47138982975937
1196.743636684744,375.2855011427407,39.29559099810129,109.84800295669493
1197.3925053358712,375.3870990724585,39.26789337346669,110.69207858735636
1195.4304930155517,368.5640443224572,39.65891826015355,110.57706633748103
1194.74602803775,370.5769195513525,39.51173636501869,111.1875816343902
1196.1967050324888,372.13607318177367,39.482529458823485,110.0468977170155
1195.9155767668165,373.3633327908076,39.71932576482453,110.21703875247246
1194.18979791452,375.54904783405266,41.78063803179508,109.88203187231169
1193.293132580467,376.08929336634446,42.461863091915006,110.06008847141678
1193.0961741007582,369.69169113923283,41.92330484209635,110.61661494712445
1192.1919274264362,371.03653650331444,41.90115465608001,110.85079764349126
1191.632198680376,369.4047880059587,40.78377857581293,111.33429132895279
1193.210341783215,368.164346869554,39.97352522802953,111.7583706137099
1193.9546679685352,367.48372449542916,38.795383284149146,110.76400594499788
1191.7716918419967,367.4759329352694,37.17150647381044,110.59625046790053
1193.506670376821,367.2557381601667,36.11511694719198,111.33197584736384
1190.5057479239238,363.62004965962865,34.835229770619065,111.4271290935572
1186.8278352853067,360.6225685308742,34.13266156945986,111.52470527699982
1185.3103849903937,360.89553229327316,33.497090014205455,111.14572276262564
1183.7127891779903,363.6692967460989,33.10088220778326,110.63136408021026
1181.6649184050693,362.470720575284,33.72003407390722,108.38711656145794
1179.6027089465572,365.7305206329401,34.57516373578942,107.08554451468822
1174.6750561921547,365.36269970279363,34.903313368434645,106.57337243493298
1170.7265006395044,365.5345779644932,36.24608458802388,106.0475129631065
1166.9045434531934,366.68433467974967,37.2684178830701,105.30332444466487
1163.1302286103255,365.0245771758713,38.39210841322725,104.58315229574447
1160.056610837071,367.4158979279223,39.62510932152197,103.17836227784846
1154.8260728005173,368.331676442074,41.35796159397033,100.63320348152814
1150.5145766776873,370.9134574702874,42.051708367675936,100.14920304009166
1145.2096267850643,369.95935587462503,41.40706484847851,100.69862644339916
1143.4097613925098,367.9773176982907,41.40640448406656,100.68810319622952
1141.088210493684,366.60023269341224,40.58979759107476,102.57104349779169
1141.1280605051213,366.17271517327885,39.21825176970777,103.11380199587173
1136.5568516655433,359.16118441341774,38.620031669628105,105.13697223446606
1134.1441246644242,356.163394290812,37.22208126436482,106.30467924969713
1126.48935719822,361.27012801543634,37.783898339412474,105.97038889395422
1119.574780561778,363.2131019604271,38.66353245488695,104.40369802492307
1117.174188884981,366.3171627359326,39.36658510550843,103.47116975470432
1107.8216439728883,371.1320469535124,41.20043431384913,101.64118025783816
1108.9141687308636,370.4852954569664,41.50317132934697,100.26778309300161
1103.0133286806567,371.3159515130274,42.29492749482432,98.99521149062814
1100.290404860962,371.5359011888812,42.60447600091251,96.86767075670315
1095.1862468366664,374.57171014352144,42.25595115289738,96.95579949430376
1090.0418190499063,366.77713389322344,40.099291093788224,99.5785127477684
1085.536618793975,366.2003574728087,40.660253510557936,99.17856553233102
1083.5915168083604,368.9470226630728,40.591919664786104,97.81270421460805
1080.4006337339504,366.363235511634,39.93078572815688,97.05584385562048
1075.5531967836068,365.76450408750975,39.30258910272094,97.37014945060356
1071.579151337624,363.25454717122363,38.051601434811204,98.26326942178667
1067.3323774892608,366.7879703077665,37.64084081244575,97.13289747197362
1063.2264819804025,366.40402672962375,36.88196303743774,96.34792234169134
1057.2827563421058,365.9099217388856,37.03605116248096,94.63865665139947
1052.756373534748,364.0190561129599,35.50424970718923,96.14994088748861
1049.438835278748,366.4817603152826,35.36156046830407,95.09465515397045
1043.3028552255553,366.57529232443164,35.190746755719665,93.3464732481755
1039.9195504915965,368.0147865119901,35.19638658481289,92.9035355265162
1034.0192619559318,366.71201707632343,36.4057838084248,92.3365103681559
1025.602655767914,366.74605733330327,37.085899031750465,92.03561280040134
1022.3967419338895,368.5740143160887,38.550823947877085,92.12488683264846
1014.915088120936,368.2414962380549,38.88601687346659,92.89966357380496
1008.9768019420826,367.03328056206954,39.5285689980191,94.02649836815846
1001.3567751768652,368.32167047064405,41.14809812202093,92.80515594896619
994.4387631811472,370.3930041848215,41.77582819866183,91.95187121676301
990.6360501106071,368.3967228650897,41.83434119276956,92.35409061930343
981.1977123946016,378.89453896264934,45.006922691675136,88.41068544444782
974.5029703430507,369.8346941704919,42.3537394058608,90.3819794904326
970.4370169588502,376.5979613082715,43.58244459421421,87.10929138339147
968.0193658937067,377.47424988372074,43.271988572493186,86.0446318822389
962.6506076741015,373.9757798842505,42.12641594615174,86.93272950828508
957.098512750529,373.2359110758205,40.16395921736894,88.02166587421054
948.4528058751945,373.3065609558498,40.701871075948205,86.54135027266781
943.4013700461073,369.86872669149875,40.115468899893926,87.23483982721834
936.4386221615639,376.7956588038285,39.649057930699556,87.19845664351348
930.6784874943123,376.36233620628855,39.725847727239056,87.44340906191334
921.5921386603507,372.28732152510776,40.33397210719829,87.33517483632328
921.8602718251989,384.58266903057006,41.5352083524227,85.80515258540849
912.6374293982914,377.8696029952324,41.930548739074496,86.22534517244111
905.5415978224049,381.97889127608323,43.16371388974891,84.805116083884
898.232371559126,380.22225457118674,44.04238503660694,85.23741443798247
895.8287073144072,376.3878574264347,45.28794547108229,84.03510925544057
885.1387609520508,378.24201439634203,46.08352384948179,82.14549717891481
877.2239374718138,377.78103259177084,44.3193712188913,83.09050853514773
870.2746157544144,379.6679858841627,42.88436501837501,83.60766049070816
864.8117089613189,372.931577235086,41.10775074049141,84.95650394242604
862.7852001829157,377.9074094731531,41.09754255114303,84.62413840122835
851.4871429442998,368.5439966396404,38.53830920427832,87.85173272975283
846.2279686078094,373.54419227957663,37.573921289734436,87.78484841551759
837.0284295095092,370.1198642500436,36.327270421393465,90.10915907663446
830.0760866506182,373.7254874536817,37.97810710963438,88.79023711699001
822.5201642412287,370.3314025911808,38.39335482910932,87.92610791468479
817.8245679591129,372.34715283592806,39.61547047378541,87.71066916034341
807.3344594500758,368.48898555226583,39.18687020059975,87.91577373575498
802.0876291854375,388.631483254143,43.91833418904359,82.83590604806508
791.6602321848874,382.96409746106514,44.63237349043708,83.66475531671594
785.4336390202634,385.0709772018112,45.3065080389843,83.53385201350748
773.9423051047154,375.3180537711083,43.28733527864958,86.934159553014
764.7910329524536,384.55874889954146,45.265979360394766,85.05265714404794
759.0157532210447,378.4134653893444,46.6715984469309,84.84467947144888
748.4780736888579,384.02661094703257,48.18081066071854,83.52546137700763
741.0215700360919,378.41722591615314,47.50699545648494,85.1003601313935
733.2262546702167,383.7202943135408,47.864233472781294,84.29590008680123
727.2611489755984,380.3094972305103,47.25688535274055,84.56067099923065
720.0751670438167,376.53246222961405,47.06224841674331,83.84869638432394
713.1811698076614,384.1769331030295,46.39430264247207,83.76107147098915
704.4178934615261,381.969125623067,45.35689049099251,84.26337781046134
691.7824608506127,389.6315927069801,45.59134252007049,83.82897232152914
680.6039393466921,389.50812357462723,45.99313383418609,83.5395068110197
676.5775765048312,391.4543428598374,46.86787384972544,82.40164945359678
674.2742916353537,396.7778170238974,47.26945606274041,80.60466049895095
671.3370693184462,394.9232449731934,46.28240806273589,79.8988928533802
659.8840554380827,398.23449411397326,44.10604599191984,80.63018008665202
649.8313432879007,390.73746599450317,42.996330903245834,81.83132193502823
644.512578666168,397.0151017396131,43.35544255943093,80.36964213487177
633.3776582953748,395.02473483759127,43.376360952995,80.41834907581729
623.7066619699704,385.1604660767907,43.197529171430766,81.50818039014297
616.7378078831252,387.50826554241314,44.10313189925903,79.51505414566574
600.6292343236056,383.90848466130876,43.05755318822031,81.3537679578929
595.9517325402853,390.564194665079,41.90751181772711,83.32552055777425
580.8669177136243,406.34620560195094,41.267563529154664,84.30421566401088
582.3842264007624,390.10110232429395,42.66835760812542,82.99617392830923
574.1555073337332,386.4100218745158,42.6298183404504,84.12409765287771
563.701126264469,396.20765268687586,41.85581833298252,84.41524578767908
555.681608341279,380.4023368260836,39.802696815471016,85.87162450328206
556.4653177382768,392.8022624539243,42.34172571816128,82.35156412589657
537.3368518040705,389.39795114844395,43.148294427394234,81.50450417307556
528.6759740595306,400.8083036412098,43.49046617623956,79.83488790214341
521.3493758603607,407.4131483851431,45.379025581171156,76.13074498410114
510.62323289111896,408.0037465057691,48.25270777514784,72.40906002290899
498.5158360583709,410.3926988078656,48.99476317465276,71.6549553149562
489.4649823069806,412.77356080577823,48.61219867425956,71.79882805222417
476.87293525679917,412.182180439181,49.806090824549194,70.27413601137074
470.9377948317528,414.3357629322704,52.791601281270374,67.9419258687131
459.63050804360455,410.57967232642045,52.938590247581445,67.73700073809736
441.7444240780891,419.83567762030816,53.95333096303626,66.49505736528772
448.1431790006387,401.1961306829616,53.29345539528068,67.20863381444373
443.16600492305463,398.6752682260383,53.70473180362275,66.95807900798386
466.6999108414897,383.0988937670252,56.65083598237759,64.68200636228951
464.88780779915515,390.0546753703473,60.42825442063385,61.717662050603735
446.7680957940583,387.43953178278156,60.68475683048578,61.53602247936685
426.1553761716061,389.4530436794825,60.82062698359319,61.422004991659534
387.15962039405497,407.00711967420864,60.03365800891034,62.36138794483419
396.3183753397292,406.90926966748134,60.5067136082846,62.2546880845552
386.6549711860015,400.6101391703544,61.11362750656029,61.90334409071106
381.9205197181568,399.6847971838504,61.20710033513294,62.346409302656454
387.08042205075424,403.3760671859212,61.20920938911535,62.45558902126248
383.4757217333058,398.108119493005,61.12927858785491,62.76783824315454
377.30688065331,395.4693108975141,60.716356118330104,64.4462325356531
370.6359267618712,400.3274316251018,59.69742024276037,66.30299294204998
378.0102669802166,402.0910324470851,59.97320727433121,66.86379445665264
367.1439666411902,406.02172933166617,58.298196105460235,70.0259230645047
366.6051788075612,398.4281097905978,56.440947782850174,73.68687316043547
362.8351794558619,401.28042402876065,54.668858473553364,77.06790275753501
363.8990535640529,396.61971339623597,51.837744871638996,80.13842566137826
368.94383459215607,398.84383319245626,51.717325729250994,80.14658932440032
365.84279518180654,397.3658464827155,48.250219865196655,83.24498539016601
364.059930679564,392.3160886048443,44.415746118522094,87.45762694699475
376.5559909319227,392.959924043901,44.51320614969335,86.61421368587811
363.3851019577807,401.7891668996723,41.90891438057009,88.73261396066373
368.20074358435306,394.7977458446852,40.37107499796974,89.53216177437325
366.1316314832392,416.0576579731936,40.82428399862897,89.54105074367482
368.1535943774754,415.0084585846308,40.55475176865876,88.5673989493588
370.19892213984303,416.02060454526816,41.4392029600795,87.53746938236254
372.0874151980398,410.14024056427405,41.543138922772165,86.74566610198019
372.5065461270241,416.3983745242604,42.35102264700279,85.2781757622687
377.9124950494158,424.27909582454714,43.891866043674455,84.29061984229826
371.0879373986485,414.1729217697924,43.934109740289635,84.88545810988879
372.42043321363406,423.5213170617679,43.41414312519572,85.00555633514189
375.2682938989234,425.327569835478,43.430147943276836,84.98947846678358
386.75058150564524,415.3732330553128,43.61909331393951,85.17659440992644
384.4112467188,415.9977590323123,43.984785096797516,85.00534070326484
390.29971020623015,420.09526889897893,42.71542457396351,88.46290790688222
395.54397670744015,418.9125752500508,40.42553525593075,92.49586329231633
401.98481281072515,420.51986261530607,40.210849514814896,94.45159190653237
410.3096847113254,420.93048429448794,40.12364958263282,96.55164204525417
419.7401515357129,413.0042471876859,41.56990396791542,96.79785691285
426.6833048621039,411.9636495264022,41.37213872748698,98.29865278177738
437.1183456650115,409.1679605999718,41.51573853341506,99.13880945467602
449.1688005484989,410.94922922858774,43.37593983516583,96.88993210383146
450.02258453260896,417.4640762303608,43.92901129603808,98.7818241369675
465.35641517859005,417.0440207173754,45.59476217448605,98.57163194218931
482.95844291729946,421.84224529701504,47.91079107817079,98.08022619416496
485.8372956225967,419.64763816865343,50.015725571598466,96.83090113661824
496.2432599155567,423.8523433731807,51.18548262410626,97.63434034456809
508.11873778029263,425.1531137740927,50.94745299631895,100.87758761723748
511.2840668066172,420.76923070400545,54.44097363934848,99.69176527169421
514.1320172538027,421.5799037869414,57.62174453605422,100.54565218382524
517.1515530472988,418.308028703766,59.49188839934888,101.68169227479757
521.7094033315884,411.62767292946086,62.78774693568893,101.712148314985
520.851041405632,404.2273049915295,66.35097189958594,101.66936402635807
523.7065713386892,412.69230716384374,68.77759304085694,104.81360704195902
526.1331155464911,408.7174330610357,71.53438650315229,106.00492142875798
523.2016666970044,404.1567369053298,76.97066586449448,102.24223476067758
506.418767970369,404.07659315113887,85.58367210377611,96.12165803032045
509.66632500661,407.729315024789,89.34205324766371,94.30384560397349
518.22865985746,415.6809510421332,90.89805905255557,93.06641562555959
526.1861191821533,421.89134255643944,90.22035067691148,94.18848690602913
529.1771587860999,416.25136922282513,90.79279159917598,93.16382427455162
510.21998115550514,422.72900312907507,93.24725458741618,91.64751653743022
511.53416800271543,411.71903804316094,93.9643308174645,90.8886495596002
491.3460681491479,413.8801536484371,97.37051023041013,88.47249513795016
486.0028716937977,409.0440125784322,105.4389476948672,84.83418939496437
478.75933325633855,415.70879180630646,109.77491773537393,82.62716092273634
484.9683393043099,415.7326488980879,113.09876030709482,80.39753097913317
476.96162235604686,425.73675893143485,113.51510825086208,80.78812606746861
478.9030548724691,420.97568887244563,113.57473975617982,80.4721419102396
487.159556094795,423.88329055227587,113.46263338391583,78.4826436020012
502.02931698249637,425.42993714167676,110.27691600609606,77.51587558684992
502.7814328690949,425.8097532232778,107.34388150424603,76.1505021612119
500.542009516985,424.48115567019846,106.49663882629423,75.14164683325805
501.88550374099185,424.67050326371293,106.06126471047955,74.44768426217688
513.4470597240297,427.2088979188061,105.44315571986772,73.95589451330028
510.9747481519069,427.16943993099255,106.37266455670972,73.20600909541847
516.7161196212666,425.28181361954876,106.63663239527318,73.31382368806318
517.6815917943522,426.5289988853272,106.06090967824454,73.32802406600635
520.6287161109202,427.116374985404,105.78797366336423,72.71162046194891
515.1428566298479,428.57586274875126,107.86588616798944,69.62238186836649
517.9233318381686,429.6856071665339,107.8440964798026,69.08617481209046
520.5488044162414,432.44897790852417,108.62332367167946,68.66356884141555
521.0596971479714,430.56274197495713,108.11268022367648,69.72746021462265
524.3874692077859,430.988969324063,107.16768927329802,70.5872898429642
519.5898151226556,432.99598047277897,108.34366303193737,70.07008608801277
524.1718087768533,431.83374409727224,108.3907114519969,71.25368779105256
524.9645348083131,435.8920670760091,107.51649509111496,71.31653955238998
528.3000159664568,435.9137015814515,107.62507712831255,71.08573649235183
518.7916646741877,436.5867032763666,109.55008964937431,70.48953938742596
519.2170995687482,442.2485147047,110.56908909243118,69.29916295257317
519.8936321795644,442.746459732223,109.35184764215605,70.28500335864777
517.7017564757025,443.9011772911495,110.27710843975733,70.5951590000722
517.9664146323246,445.25729889778216,111.7486966866022,70.13844781309778
504.4025248214785,447.78999440295263,113.67707636017428,69.33771334648853
506.45565623189486,449.2723877852024,114.25560128958566,68.68595539439738
516.6511654740623,448.9937577407157,115.49198224983081,68.12290338868242
516.4558190520996,452.3944676746029,113.51988975440084,68.37412586633647
522.4074150107288,455.054402546551,110.66067366722059,68.77672402176279
520.4148828287064,453.8953654943521,110.0938128489229,69.34929207795805
513.8068384752133,453.9195842340229,112.22317632092363,67.64392427120093
521.0159246929454,456.88197408811504,110.97624087734178,67.74331925326328
522.128082132658,456.6518259434537,111.35125713843473,68.05380016201272
525.376059220405,457.900702954846,109.42139020888209,69.16219485901571
531.7074021656169,458.5340050028358,108.66497148459572,68.45355461115012
523.9904181438205,458.0345039973943,109.15270577879903,67.43805814981934
528.8568545005716,457.8334300463463,109.57508647563625,66.69516792401629
524.2405883745053,456.8724802636227,109.83958302983174,67.14594689353136
519.4812160517363,456.52069082420536,110.11877613118027,68.88268836620762
525.0162057041892,457.9003318161267,109.37491529551257,69.91619321898908
524.4869261940488,458.55003770659044,109.55310828843844,69.64663931197822
524.7734567639757,457.81268804561523,109.71506534230633,69.02020528737097
519.6232747463491,455.141460206768,110.57500922680262,68.13861616526083
528.127186290411,459.1469644866973,108.69509103064661,68.58881118053644
523.587771653938,458.92909075609214,108.29731107355116,68.24596611483418
527.6424977619024,456.1793927367529,108.94784382771505,68.13359962986152
525.818271300374,455.88242192394534,108.1735114686368,69.04201863956695
525.7280798115268,457.1876143863501,107.4803480248035,69.62819171341472
527.1832740318489,458.30496809841895,108.79342311946823,68.83781259738242
522.1923660720729,457.2758466565893,111.63665919359175,67.5193524571313
526.4224640498023,455.27791031909044,111.93851005209757,68.31209369482731
526.0186415539733,452.8160462329607,111.49286343685253,70.27673282633069
527.1302079729721,454.9432877706038,110.56529918425086,71.99518924231646
527.4642594692236,454.9093206335691,109.75367702861615,71.97644060814872
529.867977028391,455.0984769834734,108.7270253251219,73.1932231851728
530.3364214679588,453.186703876,108.5458808436267,72.54918717431994
532.3686926638767,453.0432835796472,108.19534320681095,73.86833384212177
527.9096102364931,457.1025926299713,108.07707293431994,73.41471427281515
531.314882411196,454.9715031042032,107.48425243134956,73.96076378295425
530.1531000543899,455.85808510592653,107.79808942851577,73.59250021114053
530.227758374105,455.4982523336827,108.62710602387278,72.95990361630791
531.093271983359,455.45748915400384,108.1984171671047,73.47629053298334
533.301764260049,455.4337819212825,107.09266637265124,74.98287939303347
533.16541178308,456.5034303005423,108.06046322979886,72.8977005972319
534.9841755641291,456.7502663829724,108.63888043469893,71.06717170953993
531.152695988353,455.04353977029007,108.91558146094597,72.35811855482353
532.7196319561272,455.49705449221295,107.88665804605806,72.61674377024895
534.6847891783942,453.281837858206,107.18928212958495,73.46522112853378
530.010896707738,455.5760433807518,108.83254016965215,72.91965867047838
533.299436944961,455.2675708505912,108.34864178215065,73.29239944803898
531.5321989608892,454.4990271699277,108.89138610661757,73.74044414579174
534.36314790074,455.08121057007463,106.83045468046826,76.43709934104226
534.1693860547562,457.18695715181053,107.88221783862639,74.8392789108774
532.9336226668219,456.3244147415902,109.94162185825203,72.19306589501436
533.9775721039894,454.7962697241823,108.59952544601816,74.1622542319084
533.742522624441,455.2384905488862,108.69254864355823,74.00899372721497
536.5804218384051,454.3075934964571,107.34993493471572,75.35460743599306
536.5134300078378,455.5831446948519,106.96405987793202,75.8512047290686
535.1464192738619,454.0633335713164,107.19569334539541,75.0613930581404
534.8663588548776,452.6010006698826,107.24127452434072,75.32985606788668
535.3623119702372,456.1790473664835,108.3266633585477,73.95441758191143
533.4684891565872,456.49843488137395,110.49875918306749,72.94155742382314
535.5646928838785,454.87827763803205,110.27569515232844,72.83382870715306
534.3366549640223,455.4311053424018,109.47726774191878,73.57245544868218
535.9153401952203,457.15564160170493,110.67918311097398,72.79242670944906
537.2310646326733,459.3375532773655,109.8738537781899,73.24277133450738
534.9059615222402,457.9497169593396,109.75179361111663,73.18759360778142
536.8682131111792,459.43635623341567,108.82928385097861,73.98046982571205
539.0114966210876,461.5558710319812,108.96321806330877,74.15274136459773
536.2177457358302,463.300164136794,108.85098514601857,73.8311177785684
536.6051424799069,463.94159301786283,109.42131566413656,73.37952433346643
537.5419973507184,465.47037390716577,108.70718829899374,72.90568109314486
537.8219438829517,463.03186216031213,109.22637510093632,73.58989214407259
538.2154795853749,465.98925240908477,109.03798377507333,74.27680909144303
540.2024689090027,464.51529029506946,110.18582939234399,75.68645187873886
529.7243890673251,470.21410382237826,112.2510474558261,75.18845060231942
536.583705456169,471.6769095518766,111.8552296195447,74.4752686667908
537.5689545411988,471.42899787045286,112.29844132840672,74.47729246241568
534.6178543500102,471.86871855804924,112.34970815899538,74.90230064548093
533.5498861584042,470.3032651019724,112.43709441327064,75.57027473254618
531.4099152420517,468.9487489388794,113.50336670747757,75.03113525239667
536.4655973822703,472.0221117351223,111.93955548947959,74.80171989779544
535.1913918504248,471.6877658947194,112.95736052175275,72.55790499824846
534.5047306076499,474.38077504265965,114.09538932091249,71.67927100259988
535.2076855341519,475.78478976615963,113.02682667736221,71.93955563106991
529.610768494153,477.24731405737,115.4871602767079,70.30576514534417
530.6393454058032,473.6413642689401,114.48569650353281,68.92209987997978
529.8156802264956,475.63970105665743,113.4274058580433,68.87896686812851
528.9508830192566,472.56089164127815,113.28203412795953,69.30894888476962
534.2192052367709,472.93321237044313,112.09826921716198,70.3948092212547
538.2703071027786,470.39954127267174,109.32580171790426,71.63250745203
531.0795187390892,471.6246314386248,111.05894094528307,70.18181279164412
537.3096114463367,472.4529805658328,110.29319255776542,72.3028817186247
530.3686282471836,475.0590790301527,111.85449455024897,70.63059844431223
534.8942722598451,476.99457204554324,111.67103012569495,70.69793996441925
535.6005566491458,475.6132817698405,111.19217603491768,70.04158497848641
531.3230613396894,473.00558611196203,110.61357404823971,71.07817904921771
534.2357931897183,472.7483414307859,110.81538018842247,72.51643973334359
532.2657051810403,473.5203391366744,111.54180417445225,71.52478745167821
534.9603594525099,472.6535986199123,111.17882228785447,71.92815197481119
536.9688832771787,474.21635683004246,110.70403933845273,72.19787085461498
539.5066692461228,474.7957763604661,109.51822217275094,73.350765754873
533.511519509447,473.8658079300194,110.25670680387833,72.70443149188031
536.7246058473963,474.4967372542054,109.04006352785157,73.35811055846654
537.7636007249993,470.8322012664148,109.98848769018721,72.405125725576
535.7901625136204,475.0153917362587,109.55445991525198,73.60190568218943
537.3823462586046,473.91385789423293,109.74776462071833,75.6642424487873
530.2702465231861,475.4660001359929,111.5510284607569,74.96052001322577
531.6848926435969,476.1282524633419,112.19525816779608,74.36281377371179
532.6916242602447,476.0137753915729,112.22043591045261,75.01704258737382
533.8669971657939,474.16950581058074,111.95905605852164,77.6480235704564
530.9300258194254,476.4587518978385,111.32716178760512,77.08539338400848
529.544398363224,473.0279419006554,111.50154699290023,76.87069416069286
530.0881621292212,476.08940450744933,110.90292399667628,77.31851346157026
530.870393718224,474.6978282856137,112.46440447940678,78.44366531682456
531.0292091022674,475.4700397849298,112.71259339201073,78.390550292054
529.6788693307054,476.64344222631036,112.4561806499785,78.71421922330357
526.5352343273806,473.9090396449881,111.59546948978851,79.18333146907783
523.2729033186575,475.8116230263412,113.72028113873483,77.28326362147182
523.3247427123961,481.5777414657425,112.88818072278255,77.86648237011062
521.9576589533882,483.15039728701635,113.78093927282667,76.19527858908182
524.6692554923216,482.49041143676186,112.0247436276687,76.24945613160888
523.2508386453949,481.591017731061,112.5598345293925,76.17168392787542
521.8318939478513,479.7305100357567,114.00402630504145,75.15748937661996
518.393754883267,482.27788746782596,113.70114097824703,75.21894159713719
514.7602854358115,481.04006407869423,115.69315559489868,73.44942922623078
514.118004110539,485.2374676929338,115.97276045030037,72.29685336677014
515.6824699479531,487.32422779689205,115.99309358794167,71.39237660444088
515.7078816147202,489.6593023002322,116.02085162482076,71.35946419291442
515.9679540630425,488.3800483188036,114.18540769405766,73.75891809996165
506.37106432423565,485.954784977874,115.30078369877094,73.23577897218941
513.6363856715177,485.7429841294731,114.06281983721476,74.8740029281313
514.5578238858169,489.3904557157347,114.45234549487421,75.62409225682885
504.22655654615136,488.6913952609747,116.43126925806754,74.97663730918639
513.0402381432931,488.8333387420174,116.14874134515613,75.85718776031644
511.5461847325816,492.2124866701239,113.67702741920365,76.28840892528268
508.9284246654397,488.68378705126497,113.62740751595088,76.60001815827036
514.9472613227863,489.7908560086245,113.18949139577671,77.95259524561129
502.02366283687843,486.9188147623513,115.90533308194794,76.70919423672328
505.18981731742326,490.94616541396397,114.09507164054202,78.36116655562938
501.02009450740354,493.2993035891977,115.7515124044719,77.07909741570269
502.641190311526,492.70621064344243,116.31978470156156,77.83679433741032
492.41519876711857,489.295380337258,117.30961721664582,77.10518365613905
497.4990311063517,490.0473211762118,118.29818441836751,76.17613256991001
502.00855367411134,494.21366841148466,115.89992022767251,77.81695837829503
496.8560147554725,494.1596266727505,114.80323796363189,79.12035888571631
496.2834289361322,502.3773568930632,113.97764997210913,77.06556899257626
496.02329840929497,504.1670711935476,113.67231779267513,76.2297302696897
494.02800454612054,499.17155493369904,112.2503126311456,75.93754345192353
490.2139755411504,499.6353577567602,112.33775412878731,75.89304522958349
493.98938005246004,498.34181712870605,111.77612662472272,77.45366607652736
491.84480415673255,499.1781601977375,111.47014177372162,79.53743750567949
488.19952663352643,501.4449077361279,112.19193451773515,80.51303905136567
484.4602919247796,502.76413636632736,112.97525451353697,81.20598147015076
480.6327061318434,503.55235594041324,113.17799918900891,81.63905808430809
481.55749182222445,497.1726013591781,113.56752492662453,82.27233414588724
482.6516597683251,499.94861189688476,112.15077563138908,85.58483028238797
480.1886906267607,497.3625341284823,112.98103510821282,85.53410116419415
478.37392557353394,500.6878336906398,113.19621589711572,86.42683175560788
476.3965172353054,500.9199525826029,112.81511796175644,87.72050171990405
475.8097365941328,499.74680927265484,112.06553132730784,88.4520083906119
472.87330844238204,502.45909097717936,113.28424906574583,87.90719189547286
469.3668416588888,505.8504794886125,112.51445109968182,89.50116581865139
466.05201279122963,506.02096761243547,114.30569511963753,90.68568068943665
463.6616052284971,505.3379157470787,114.59892899205093,90.45112540735572
461.0701089809111,505.2988626722742,114.73351679361939,90.4255763155348
457.0677297260039,505.3806458864099,115.99118114907577,89.40341189341268
455.04883872981395,512.5652268630093,115.93722777844918,90.97165361910784
448.8618171279506,512.8563235443517,116.00087764874084,91.61592965396818
450.3954563149353,510.32195305007866,115.8036535197665,91.92518062939155
442.07443503620317,511.57811783628614,117.42142888057552,89.96527888528853
439.6215683788502,515.518366526647,118.05655281646673,88.27062831013927
436.6257738895603,517.6685078617429,118.0866325672938,88.90020861602167
441.23070552758304,515.6331278278893,116.04632877000807,90.86746068812337
433.76281182992534,524.6602536804008,116.35364860550911,89.71590177790016
432.1525275170167,523.6575326957294,115.92698422198796,88.63535379515568
430.56204683813814,521.7843931790371,116.28974904463456,88.62503435594506
427.6237693356871,528.6825694808568,115.95793622498226,88.3006742449814
422.57836453237485,532.8906601956407,115.2258545962552,88.16988176194681
422.8755625321364,530.1188650432673,114.57722662150442,89.12716311054746
420.1449237140158,530.5340585952729,115.66124643380155,88.420391532199
418.3886376599259,531.4669787630717,115.49160738132159,88.55642230561023
413.63833231517077,530.7664494082399,115.23770146926941,88.54046188647442
407.0529476629081,537.4413258417192,114.24383320818197,89.98418512425225
407.2396714629821,535.4951393020101,114.76044621165259,89.17984284875095
408.6892824696336,540.8885593238757,114.18845059872493,92.40732413222919
403.06532551970827,540.1449875998194,113.40230783506237,94.28695784809534
402.6289231024276,532.9920573145365,115.29920188680973,93.52318016640292
405.38043764251233,535.7002742691626,114.96672315301477,94.48815685590567
407.7418645096243,530.3120934589473,115.36567174880797,93.00637981971995
409.92320073845116,532.1666228455323,116.24027250740176,93.18714114542686
410.33834072355137,529.4836964573126,115.03224318355409,93.77408709966166
415.4807775936409,539.369063875296,114.3812843908848,94.32063207936892
418.1735083101552,543.1460317322783,111.92266946206757,97.57888165287989
427.1847098374987,541.5153945162461,111.10914397085722,98.87832010452877
427.96758742463413,542.951954547392,110.94395704342773,101.35244192074641
436.54897627565117,540.9489193922324,110.5712565508663,101.95392901535234
431.91014731259395,543.2949428094045,112.1944707361361,102.39419638617784
436.39616175302945,538.0395560410894,113.53926772196428,101.63925050905054
448.6395961141102,545.7774033486185,114.80577500688281,103.05868986616042
445.8203202499026,550.5346986802001,115.00069508628077,104.31329094494046
453.1171758028347,545.6422466809968,114.87870562958642,105.60609136668694
455.0398786306375,545.7565763028889,117.00331931449605,104.51502926655283
465.8225754136218,548.9050486053882,116.93953936547078,105.88919624526399
463.8011853551816,548.752466771758,118.95600212433413,106.39328409636994
480.3219597922169,553.7592027124399,118.13691876540034,107.23061272922723
485.69278105596754,555.4015258295196,116.51419656413196,111.30968977311346
490.79174416062773,551.5719020194111,117.23738050800974,110.90947770705111
498.30161565825045,554.1722266688594,116.23657366999093,111.5383629387944
502.04632039324997,554.2309252445741,116.49855704133097,112.6561413969535
517.891005384597,559.8408486396207,114.89978421134691,113.63728719108872
526.0439765151222,558.7379821578652,111.82541886985224,117.18982679999328
521.3663439332018,558.0605446458344,112.34542841082899,117.9579506610489
517.5472081702836,564.8480651759759,113.50381245116135,117.15050870660093
541.5194548149542,565.3407889353376,113.0020605558632,117.68955297483419
559.8608846269116,569.5149299254152,109.68237918512227,118.42029149486216
559.9020761225867,573.107426417204,108.89452575100017,118.46615397621996
566.5587065941165,573.2804122533843,107.11829407429786,118.14911771207906
574.9092805834432,578.203511812621,105.77256811560302,119.1783038780296
581.6729130832806,576.2073070466098,105.31970020302535,120.75894878831716
593.8651927345697,574.2197702419616,102.97308569414818,121.00055672607432
591.7193739580554,576.4870722753858,102.51500219691466,121.17442538795513
597.5914511300315,571.662763976307,104.22189193560396,118.83573062289247
606.4766872005623,582.5922568755888,104.35624309776506,119.315425091663
611.2917499809781,583.5849814771406,103.91971628418679,121.48879127247048
623.7116544391196,589.4735095424663,102.83130163975439,124.16293944174579
627.8328085236144,575.681519225968,103.53806726226874,123.86905714444441
631.8226046780328,576.0103288380154,102.66484587933508,123.2372246014504
641.3518809612116,577.8464895454907,102.064371697377,125.30721561783528
648.416485099676,577.3303325724052,101.80260269046762,127.63761120043529
654.4025953652409,579.592590719132,101.13404732047064,127.9981962253409
667.679667786291,582.0227843971172,99.61547643772117,130.5567031602946
660.2579396710837,579.5372606981575,100.28435876982029,129.15240151341425
673.8683857341174,577.5108085098873,98.79395255989058,131.5916379250192
679.7908636139451,572.6039034435518,96.77173640137049,133.84334669355457
679.8064799976197,575.2680207703079,95.81866111855267,134.3156806206699
679.2514517913206,572.9484149825666,96.15591613191992,131.74666694590817
679.0720192649776,564.0441225768797,96.53351210813943,131.34259573616404
681.1428487218044,567.1763652778212,96.44690642858608,130.11187612712752
684.8318377630402,564.119994702549,95.76816330857778,128.7177083840867
677.4311228215915,566.3696680478187,96.70549654993471,126.56885297887152
682.5074302985809,563.788118194793,95.1687930797207,125.7300343690354
673.188297225545,556.7061690568723,95.21009343599742,124.76266700461804
672.7586865686288,558.4637159211346,95.10141155301817,123.75289215617464
670.6729630500112,565.8379417548916,94.68981501496664,123.20854300483487
666.7343487559685,556.6756528474508,97.21103507338887,121.06914491334432
678.7413099841286,551.539224471321,98.71814876513983,119.18300794459572
676.488878669938,558.5326277187404,98.89162435052188,118.23329365861933
680.9624823453951,582.6821683832336,97.25406408289027,119.25750029349992
675.2379526404105,570.9558012568212,97.48924867596465,119.4938286777945
679.2494435023694,579.9953676258586,95.19322999525974,119.90428753823043
669.8752098950304,558.9786685129188,96.56310185776512,119.21303442744016
666.4193702904251,555.2900134320571,98.58070471962455,117.36571041863135
675.4442789187462,564.5046375709967,98.3064764522401,117.52614376611831
674.7812102144538,563.8238518446364,97.16821237728914,118.35702794629037
675.2869158904484,560.3862621242488,98.2287342948006,116.98933324155763
685.8342897420065,561.9017202665974,97.09999191700187,118.14149858375256
685.0313090205683,574.7610542334288,96.60113668469208,117.45827109503604
696.3162012457869,581.5532789028039,94.41612930334674,121.37990619842452
686.5759081274917,563.5978962555596,96.21152533913131,119.01079096923154
698.9097834192312,559.4472136546227,96.56784740274718,116.71024653365404
690.157954107999,550.6776104233018,100.88958978833416,112.91933672432339
715.8933590824619,563.5726338020283,99.26381920708432,114.08091197614738
718.2219512248473,577.3303470935505,98.53394205121963,116.44209519534932
715.9215522897664,567.6501656659533,99.23891477375261,116.47865891724287
736.9600770224886,581.1725629788591,98.49101646187268,118.69017952275455
744.8544263873822,579.0721319630188,98.73408653091353,120.3852615728219
753.2721612209712,574.2412920679167,96.94841869021276,122.56389387767464
761.4676440473755,574.7890276882689,96.18352973570714,125.38042162416801
762.6237149234026,569.1039407750627,97.14893152842218,124.74506223219669
768.0767648116853,559.2229491929585,98.81782583907625,123.82009471281134
777.8740231552655,560.5287598639287,98.91338979461605,124.20802562077938
784.0478949360429,563.3363426373726,100.55338198135213,123.32818684085944
793.0323226252027,556.2894732222243,101.86947495203152,120.84504235511594
801.8783473728366,562.2934988692483,101.332916332008,120.32072423825295
812.6854116894494,563.453796179986,101.53294518474424,119.35223153881282
823.5974557366551,577.2063198376953,100.66873028979577,119.82269386694878
833.7244018093683,576.6017104136165,97.24015361983324,122.44698885169548
840.222776731174,572.5267682416771,95.5185845928722,124.96123114387748
834.6740873579668,557.615841507374,96.22419965215283,124.14645550786962
834.7129382580174,562.2432503160165,98.59831131144807,122.74402102733363
841.3763563675984,569.8133685527541,99.17971922528153,122.6229028628796
843.2024396310753,571.7908734390325,97.95935926265881,124.38993088252872
845.4206183681976,571.7339511485133,98.24600469902843,124.41311935441284
845.5508896154109,571.5762803117908,98.0829604352377,123.6825947768659
846.5878557163434,568.3845830769023,97.92186693080636,124.81346057919302
847.1705099545475,571.7424987987869,97.75943414008997,126.78900391417145
846.8826880907432,572.6876732925131,96.9308119871138,129.27981137126858
847.5840662880858,574.8023070299384,95.10031492913875,131.85880004570987
845.6795656432369,574.6208293102538,93.9314481386974,132.35123212172715
851.5048825556686,577.2383071474256,92.79630770677817,130.6934203549306
848.4122392177921,576.2123458096859,92.49294596791917,130.55044251771477
854.9369606153826,570.7099144365071,91.94543054853169,131.36139561899185
851.9897496528264,573.148086823903,91.83060993900676,133.13592593575268
851.8263934100024,569.3003850659801,92.36231932342508,132.7443581686395
854.4338940479576,565.0631904130082,91.0744494619282,134.12467990103593
848.3412568997937,561.8293523410099,91.92905721620261,133.84088023402788
846.7979805863091,563.0531233221745,92.55468259517079,133.43059522779905
850.7982098583367,572.5204788961122,93.30498508322012,132.50906195162798
852.8687777892131,571.7215367794163,92.78981410145694,134.5662993935616
847.6480281890017,570.7399177212167,93.45277173693819,135.35308725742792
848.7422486648716,569.3699998622517,93.00641385786093,136.20826380425342
850.9660862032506,568.3703898815947,92.46919567693107,138.60700294085848
848.2370473624057,566.6284895934606,93.57129868439597,140.31232167603932
847.5171449948648,567.6765919176491,95.53078129690395,139.29381442394066
844.7619890026165,567.8748853560069,97.44129746307173,140.13332452541272
846.3394945440891,567.5011785103422,96.95110371334792,141.87888570438247
841.310728364111,569.1933521013377,99.5921560089121,140.33992002072813
844.8370090803404,564.7484160363342,98.77166645297906,140.94708970475128
841.2475006845068,569.7899636805766,98.48382199663004,142.01050454047297
845.2911682484893,570.9156350504329,99.16798364143116,141.30735549392145
835.9862236122918,572.2577137902971,102.1123017010575,139.55547193854392
839.2266812383677,571.8780504078649,102.25642268852968,141.1600583698511
837.6771461740454,571.4686395096501,101.97022317529797,142.64415246175568
842.144628636573,571.9113218011885,100.98421426296888,143.67087663047192
832.2428614731843,570.7945563041873,102.32908274196788,139.682567242852
833.0722280677298,572.9075277903344,101.83508987689731,138.64146423447085
837.1427517044544,581.1807592938028,101.4255699319393,137.36438465801476
829.5234127243825,586.0018885583231,101.05939044731988,136.11421120435273
829.1283677042943,583.7336613108672,101.93072137990649,133.1994289744109
831.0237159663288,585.7665433924299,100.06640072177387,131.8568553573213
831.6218757542791,585.726851807294,99.9360682560111,131.1293910148711
836.3980342658962,585.7864219295004,98.56371434465444,133.47598143757259
832.9268795006121,587.5993073895338,98.0525770101409,135.8202446399727
838.8832977224223,586.5638143765535,99.16198501995063,135.712731205713
835.3957905335483,588.1884009096669,100.99493101162089,138.81097120253543
836.6918616845287,590.8524550777821,101.43724281694443,138.74834147729752
839.1563583874613,592.9915419899095,100.47709835478953,141.26691247649862
836.849697058909,591.015575721321,100.05292969033046,140.63165438562373
837.8214098938118,590.6978800617316,99.67666116983963,138.52313968368458
829.8243545149209,588.6345885822743,99.91234812238488,139.39146739929762
833.304037056942,591.7645673609165,99.80567135087301,139.6970673218716
824.6522507813276,590.5718207527938,100.00902417553957,139.12766790277175
813.5014480959031,590.4570298891215,103.42488545153965,136.2915200120437
822.4642473782998,588.8556901636624,100.7488443818635,138.9386344633815
811.9883681840801,587.0434757079404,100.24521184012715,140.6619809783183
804.9152084498289,585.7410245241521,102.56679280612708,139.45614502077595
800.5708811745634,582.1961171970671,102.72668740029835,139.71126671992874
789.3575305672525,586.8741438565726,103.84942400005187,137.1648652525719
788.2193503957126,588.6754839478805,103.81967396105165,140.398740550913
778.1217783834722,577.2550049519516,104.59999826812499,139.1670113937231
777.0280800249792,589.2480459230945,104.04200528517526,140.6487353138638
765.5601632198326,582.8101884097291,105.44924201741674,138.5798292544741
765.9071195273968,592.1443816957724,105.15300286014909,139.86748974049294
766.8832777636046,589.6011154601783,103.01446705313128,142.87811688865258
754.7750212236342,588.7652635692905,105.18736860658271,140.41580987864967
754.8581094025652,585.8491913367873,105.83829509820438,142.94331786523202
757.4780197219029,585.7304444671429,104.55802674758445,145.43861409094052
752.068387437544,584.2112604890679,105.5567680542783,143.80376618100163
748.2219313402641,591.0399675149713,106.66256686840588,144.26713688871624
748.4923295075375,594.2299367772031,106.86884078675446,144.32544223021964
749.6870500439594,592.8097449336655,108.19883445206975,145.34283490376782
736.7031509065425,592.5027821811942,109.59792812180099,143.8237540744055
746.5865481369508,592.187688592636,109.346564111424,145.89851799178686
745.8639762209959,596.1955544508203,108.77432603682419,146.71920156625094
744.2035493772163,593.4043056139693,108.69731132953184,149.64882524703282
746.43357757932,590.19865556087,108.58748991067621,151.94356680144315
741.2038701136427,594.0060475042608,109.98327283061721,150.7507232413522
742.4270338814573,592.7929095794934,108.91421742404675,151.3320438849695
743.2181048471573,594.3497292264194,108.36956633737327,150.00425308946205
741.6388219955353,594.6652767202688,107.84840639364461,149.24313207420303
731.3803427246128,597.8974416753961,109.40300836810687,146.01945615564773
736.0772592943166,596.1611563377946,107.42361299954277,149.29486192279907
730.6627902298349,595.4023189800548,107.56759648525676,148.7349893264959
728.7427271377437,593.0496057116143,107.80915136893242,149.28325844226487
720.1824789735228,592.7975709065323,108.48651911155855,149.65034441938738
716.4942365158529,596.1573161735283,107.80463725138588,151.48701195119125
707.8231273472386,594.8002251786854,111.18498634880743,149.56469548964435
706.5678920250384,596.6044688742334,111.57108069621057,149.8404847270426
701.6968146324415,596.4021241311058,111.19990750136301,149.38222090805334
694.858167518658,596.9875028986077,111.26367633830509,150.08465675626644
690.8213314764115,600.2419805163468,110.41803689936052,150.19309406076633
677.4680871470472,591.4143904915893,111.78578425559891,149.1476324782012
677.9290598461811,597.6971881523191,110.65495116106484,153.46847171179536
670.3773245309366,601.8340774914502,110.46668900346803,151.69494480355246
669.1427299210875,605.0041104172776,111.29945332406476,149.78131680666445
654.7870478205155,591.391273674349,112.4175252888808,147.87893662736056
646.3617281424068,600.8057944229016,111.65303517427294,148.73757632837555
646.4822070768346,596.8963087551608,110.43546151886488,152.15395262067486
639.7388496505303,596.6180600785021,112.75604249085828,148.46461753075488
629.5871073976402,600.2858196682815,113.20657594683377,147.82119553823833
627.8529318701387,602.6535998732301,112.50073743427083,148.07632202180432
618.5290337721334,603.957523086364,111.99030380240065,149.76030375105407
602.488364435892,597.0016752184179,113.22021158193913,148.72827962305485
602.9791071563837,601.2944186604259,112.05675110409615,150.7496862784675
586.7190466816944,604.1009415153388,115.25895518335764,148.00099827852605
583.1712095289422,609.5387228152953,116.07078263369844,148.96584686483158
563.3954823732666,598.3834026554099,119.2898394841121,143.36280615432878
570.0439504495929,611.0331314379737,116.67102012986045,147.73916226412814
552.6736400781034,603.0583081564555,117.22324823367926,147.51971092677368
557.6573547204179,607.9430959339802,114.95061455757079,149.2184829211628
534.0097684799255,600.7504378985024,117.70487822507907,146.73771393962832
549.1887854096252,616.2999463168069,115.3874766136043,149.39864964818528
544.0175473505228,612.5959742467996,114.23110763140639,152.30274761968178
541.1738086061031,609.7659663047236,114.34614401917149,153.21818228129962
542.8534550998902,603.6971379913621,113.61565738421262,155.63649000055187
541.0044879421364,602.7476578592668,112.88377450001337,155.28885893516792
533.4775168739479,607.8476367199006,113.72731224033299,154.88700740744272
540.4418074015413,605.5704123734045,112.12472090835202,156.36454417416542
530.9504955255832,598.7613107409239,113.72023490379844,153.34571206925352
528.7738372478593,608.2642052060298,114.58350710385372,153.18979572815306
532.7648095238517,608.771435520577,115.29534249724244,151.62644945557653
534.1758358014948,608.9695492761141,115.75650069635064,152.33591039722296
529.1830278464878,610.6727610671542,115.31445280326423,153.3532887140991
532.3277880065256,612.7798225900864,115.95401106213758,153.39981201146583
518.2360910444353,606.5956166378969,119.30805928319312,149.94223323896503
520.2576355606661,611.101641665359,121.20794767916787,148.4575259803664
525.2797335287576,605.3979575032749,120.5641833759804,147.11517277743508
522.9138449333147,613.7622109212613,119.31172289596765,150.9630705129955
527.7137039890143,614.7699989005024,118.01586068056471,152.09654335974997
530.1405772473879,615.9325911451851,116.24776866096417,153.6602403153156
526.5673476388935,617.5173997882591,116.83670081267587,153.21810963958032
521.4521940393379,610.6785487054483,117.86735724732168,151.9675700754657
526.7340492308173,614.7625752652693,116.57206517643557,151.71317795893617
524.068677423895,614.8631142815445,117.52753603942577,150.97271025649076
516.1312265472451,609.7923820991139,118.70993863195886,150.429329650649
518.4435406354648,617.8860879932996,119.296581264693,150.30596662936722
518.9268190298396,617.8827927638298,118.82844054211313,151.1177572478566
514.4088845774529,606.8888083697393,119.04785360582213,150.02396372219488
517.8348279650434,624.8874648811792,118.11084472218172,150.46109131210795
515.5864926086474,623.0259861014966,119.60735807871147,151.14430544801112
518.6159610153923,620.5013557827273,117.02459800396093,153.94725942775884
505.6106052283702,625.3016915073943,116.73222615820515,151.10240825277776
507.8106493211173,622.3294606862297,115.30041518866858,145.1016336890522
502.1261856110979,622.1703507937353,114.28611812140268,139.81819274558637
519.8918284353816,632.1485105544593,110.58971520904126,139.83450849330342
507.4475477367824,628.2479313524439,108.36615311685992,137.16064362768122
504.3760160188154,629.6244705663227,107.07263398748628,134.78203805644517
510.5948130612059,633.3003537239007,106.12516746618174,134.7701469625416
502.18300333617145,635.2836067873376,106.27087134313058,135.27780722894764
503.27085612729184,622.1097304439544,107.80064347542839,131.6562358037757
506.6107815064512,629.1895719439977,107.2519968453751,131.09812960880362
504.41550412899915,633.7046928624479,107.66999477082668,131.8119196780312
505.2304998680076,630.102881275933,108.05926155353666,130.43419920024328
500.75850301725603,632.4200484392276,108.74727190237863,130.25625859237357
504.8524364301078,627.5360637504284,108.2335445763394,129.3641937902844
486.137619861069,623.7005507895459,110.85203193194626,127.03330473402198
488.4893645030851,623.6598084905751,112.00822759206704,124.84379800658535
492.8258940554876,623.729819266483,112.02252162141721,123.87792751773482
501.91168349280144,632.6367914864674,109.24587740102535,126.41966735816169
499.1927331970985,630.2759045613222,108.37670392245448,126.53039632472385
500.1963039435955,627.2720391307465,107.3366683545436,126.67578482823974
495.526305412287,624.2157115924169,106.85594951292477,127.26396051570832
499.1022551668678,629.5765434995112,106.66052287745092,127.65127688035277
499.69364794846086,624.003445401425,107.03928971962212,126.84084141606372
504.648074480921,629.6325137077333,106.06301283420626,127.95913722227036
496.4946064406725,621.3314551010046,106.994155457672,126.17887299651875
501.7730948003499,625.0572843810249,106.7539197280023,125.14194260115087
495.17560532419515,628.3968956703709,107.49895132313407,123.78924904849066
496.04868253981857,622.7397716083381,109.1396937405658,121.1057650100806
500.07738673478855,629.4322790708179,108.52638430005821,121.32482360959608
496.1612960892837,634.4242828542632,108.49174382516821,120.96688511161409
501.977223189245,627.7513131754063,107.22992765777731,120.92954276156422
498.8273071956065,635.0340350000565,107.4205057616926,121.10212763857007
500.94329177742753,628.2778224271847,106.54498262580623,120.90823202167945
501.20674795862243,628.8261536840027,105.79206725731578,120.57899319740861
493.16832045625426,628.6399410433107,107.49999049172739,119.5188066557106
498.9411828826623,627.267790772587,107.3285847154494,120.15360488163685
502.9854651341458,629.5237714395164,106.41327899391555,121.41110041118134
489.8678000160244,615.5098419283125,108.14121443950893,119.65065987304229
493.7057326901819,617.678978732702,108.6355179678419,118.77465771621334
500.9993645537378,630.4296336381718,107.2888157260206,119.6603680163578
504.538651465569,619.5760339651994,105.95028315830918,119.99249297570603
502.87413622414203,629.1841178262821,104.6623082929575,121.6597786226813
493.05943967500343,613.5985725993817,106.35949046899344,120.95872056268813
501.15368096580096,631.8547006884637,106.2466724076621,122.01841720434825
499.1705973976903,622.5728104796867,106.30455750233375,122.08609433515902
503.369351616816,621.1194761717662,104.95480096761628,122.6504866162374
492.7194267696633,617.9489318965502,106.8597875332596,121.81475155064166
495.30856997459745,614.6885028692046,107.08283445545305,121.15576665641923
501.02537235271495,628.7318988344824,106.6602684794304,121.01248859610281
492.4737568346421,618.1479383899504,107.69899107746589,120.29272943145602
494.6229721570842,627.1334293763343,107.9371929704235,120.9058825142302
488.7647745392381,622.5985340095987,108.44406786614982,120.9228024972743
494.4958958994572,617.7162536805572,108.3494227256677,120.5757861213605
495.10824476735354,616.180970834521,107.87109917972862,121.26546001350634
497.9577923771505,629.010825743565,107.2480280156157,121.77239143076989
495.6936282233361,617.4703875185603,107.47824536133038,121.10645506034467
501.2404517361228,629.2840235053374,105.97985323382832,122.66831768456878
491.65568013816073,616.6798217648152,107.39848471710596,121.82772710128212
509.44650881204916,641.9951514089104,102.36317403375784,126.46124704282806
498.32857300976974,624.4490332202506,102.4518822472033,126.19725554539164
498.18118125293904,616.3524198479275,102.71500328927236,125.3298286035145
488.34460739529425,618.5728186831899,103.55301268363904,124.84536218604154
485.24104399497946,630.0922913070686,103.52444269166602,124.2899336313992
481.9116831329948,623.0629266980746,104.01058417347842,123.76303910823725
