1079.5,889.5,79,188
1080.0920759516612,889.232170526509,76.81580497545656,188.6429992828281
1084.0181758222325,888.589019528524,74.4162171575317,188.1004334857148
1087.8369570154541,888.8064517669403,72.73533697628886,188.15025648623245
1092.076399303494,886.6411188156137,71.0754006690989,189.28685872540302
1094.1106156590401,886.4539125758847,69.86642092088232,190.01058112612543
1096.8846253218512,884.9055248294558,70.53598382105957,191.51658732805927
1097.1918615581285,882.4751386858131,70.76170777918844,194.0503990516849
1101.800406137053,881.2364007727012,69.42708350705101,194.79820339963732
1102.3284623475292,877.7885475726288,69.7033655668036,197.565199053017
1107.4970077235582,874.9572878819806,68.8232602883784,199.17937286851736
1110.0403221353563,871.1568128307883,68.46115930062854,202.49451726869245
1114.5560514251833,871.3991936007817,68.10471712417252,205.4461075048289
1116.2688243757732,867.8562589992837,68.20826591903761,208.11810303533963
1119.1439185646218,864.9392546315546,67.98193179701666,212.7782000800858
1120.566057313244,864.5367081256857,68.3500025225048,215.1012160892982
1123.395351169318,861.5552335723735,68.48716542833802,217.48494633148167
1124.9866763848615,860.666433951834,69.02903663421387,217.9044933188374
1125.8810722524368,859.9968756939813,69.62465241935752,217.89788286768493
1125.4337905203552,858.4605833308513,69.29472166469439,219.85407331255772
1122.7680287805742,857.6754644090233,70.38133156622283,221.56822275632666
1123.4146209728572,854.3796020385175,69.47912638225857,222.70220671364683
1120.8663256990221,855.3481829025915,71.24226375152274,223.80279427596525
1119.0648828359017,852.1010790722332,72.11387177352476,224.99040804172316
1119.4167198809055,851.6625855270822,70.88657886618778,227.827772229155
1120.9625073266363,848.1186749020908,69.58066078453304,230.43027052686745
1119.6328476188635,848.1080437183559,69.83363650157713,230.52061860408776
1122.9806919818714,845.228251167891,69.07928774519624,232.44054663676496
1121.5303587187198,846.1992535166346,69.11226490039057,233.51886616947195
1124.1359813573558,844.4932515120472,68.13027053101638,234.97549307674842
1123.6042551762446,842.4878905983289,68.42452334308703,235.21494415223196
1126.7161890184952,843.6926877869055,67.52826948915222,236.97567648482612
1125.7673566658884,841.4945904338146,67.78495752696136,239.07424183462373
1128.2459545532336,837.6672638381242,68.0401197501656,238.95444663122913
1130.1460717013092,839.0119546498314,68.83513129217968,240.02652888835357
1131.5336193234496,839.1616391390878,69.3755882825483,240.03505610668293
1134.134566971365,838.8407898777542,69.63695506786348,241.05267111036815
1133.6140827879674,838.298766013901,70.53689775733565,242.43764632807074
1136.2772006364548,836.0756505129337,70.27261512814029,243.69897203940144
1137.4757757378609,834.9788457993039,70.1619412990008,244.7951543369157
1139.6696033569272,833.6116234444437,70.36953094535902,244.71007094376148
1141.3210771081406,833.4801238064117,71.16394786859159,245.65498609907485
1143.8290957641937,832.2768516305432,71.60809846847289,246.64411173247385
1143.9877638550902,829.0332343743127,71.86085049440153,246.54382850659272
1149.2083388880988,829.8758646234489,71.6934526409084,246.31137507714482
1151.955455987507,825.5776701676687,70.69930999482628,246.93830874654842
1156.126705329225,827.9095798417271,69.41335656895909,248.18336247963884
1159.6976783340515,823.3081711291748,68.42129335273252,251.05513999919543
1163.9956562866935,822.4333529057112,66.73932699136301,253.185013250608
1166.2256190890266,819.6386474876756,65.57817825170241,255.98553372489317
1165.4051802560257,814.3059403027357,65.13495853229799,258.0796771520851
1170.862526877743,814.4112833976918,63.8467301326133,258.479312960769
1171.471921213794,812.7948334733869,63.306030244729,260.54238439446175
1169.6856455657266,814.7390474290265,64.22781969813587,261.36103207903835
1166.3180813016395,809.011622286655,63.95149984297921,263.52702681110804
1158.3193978998368,810.0886915878998,64.99750022202392,264.1376801741029
1149.9689894737737,808.6705517099842,63.84203579363248,267.2823433649451
1138.4134407351078,803.4064375124965,63.060276673064145,269.5312224328332
1125.8675217898863,799.1891507280964,62.44020431570425,272.30049992390525
1115.0141268231766,797.5411317459445,62.79371513535418,273.8102579714456
1104.905988429812,795.8118256218136,62.80406311959335,273.5435355753897
1095.4832333545635,791.9897807498644,62.684090558298166,274.73237600974835
1086.9415223234762,788.2014544333432,62.54590731956941,273.31892682852066
1083.9652897478309,788.4186293593634,62.523493682865684,268.69080227631537
1082.2442504691269,787.8259537456512,61.69077384702421,268.0361620534302
1077.5598360367899,790.3015508178512,61.295616124173776,268.4729307271758
1075.591152556045,789.5226762402024,61.07608315661668,271.12260848373853
1073.6213880004482,787.847221799386,61.78045620854518,274.8051916133514
1073.7037631207663,788.1949585764904,63.129916192060534,279.48484680517527
1073.632910355153,787.1996506751921,64.19873460065615,282.73221104565357
1073.4116775026419,784.8338325689197,65.56669098303526,285.7326811338544
1073.4192970165238,783.008152824751,66.38408622546244,288.557145802455
1076.3995324355308,780.433620888195,66.79564421511573,289.80285503079176
1076.2015601088451,778.9084339061944,66.891375859368,290.92962104935077
1078.3221944977206,776.8578398500656,67.5055515129218,291.06705093139897
1077.4462640747072,776.465262919642,68.54232941550943,290.58297776435325
1081.7786627894773,783.4083694596337,68.89983461353255,291.1589743859079
1081.062858732876,775.7290156574544,69.03128517973795,291.41504565298624
1081.4466825474135,769.4352601721085,69.50057400066788,291.4514864103601
1080.3329328170125,768.4037712237375,70.10806427758577,291.2277814629402
1081.6637949823687,770.4734515230706,69.7241583882647,293.63440847032257
1083.9576745223906,777.3823453471762,68.70274571515739,295.91196536556845
1081.408796560338,764.8090335244981,68.20755129517678,298.182143240661
1073.886297202931,772.6085067328821,68.97676647117261,299.6293260505774
1067.5540844566933,757.1390102964672,68.82452249953674,301.0103584131534
1060.1534212430768,765.2147058827609,69.08205048011467,298.5483478863181
1053.0085075313566,763.2959520569275,68.83134579143308,295.89700065288355
1049.2565457567218,768.1652970488822,67.42125166339565,297.9334886246015
1042.4039968213801,754.336306864269,66.72061833290705,296.07276744048323
1038.7669663586714,767.1606119430551,66.83392791555116,296.85760416706637
1036.1594385936612,750.0986521901864,65.91256605665558,297.56740395234453
1031.726320665529,752.1341791508036,64.82059668983628,299.0745518018928
1033.5318420139338,764.6604490295481,65.48342350749212,299.827929784272
1031.7381925245575,750.5314298585561,64.44181671308188,300.4813290729112
1033.9732967530183,757.6704878293752,64.67298135644117,302.10434857591395
1037.7273657613714,756.4874905960799,65.3071429918344,301.808121372354
1036.5477287459792,757.8982887042338,64.20191611853569,303.5178366680395
1042.1937441283492,751.7801134006147,65.66557783579036,303.0445696605317
1036.948597521522,762.7598982578963,64.31624569086317,306.9258755715788
1041.729816586018,751.6821365056002,64.68530227470086,309.0351287056876
1039.0463601073634,747.95788561201,64.61906780158998,307.0699609066863
1043.0176683599532,761.3152780166096,64.44861373384957,311.11176598701354
1038.6139907212746,743.8461264221322,64.44433971585755,311.4919827807046
1041.3357937261987,745.8560544639271,66.58733353282182,311.02541348796257
1046.0415613386424,733.3423871083908,69.53485096601551,306.7831025081174
1043.0976666979857,749.4429894256318,69.81111709593162,311.8851205298853
1049.0213269784854,735.1460622906861,70.90710155049608,311.4199213787561
1046.430110948596,746.9866585743036,70.6565401982572,314.6544869444557
1050.1402659310686,729.9777365867902,71.26513228714464,313.5012074148437
1047.5903596433711,728.5448510488561,70.32994692247637,312.50816043651264
1049.7024563903217,742.7433006879293,70.39936018669292,312.9977166942552
1053.148966469656,729.3077541154028,70.8455705654389,312.61682619673013
1052.4522617447424,744.4617018999984,69.8858768544078,316.922917596533
1055.7576120057442,720.9159569980881,70.78205280106263,315.26679158614456
1054.5788757595215,743.1174252625042,70.96924126068656,319.6366135411989
1056.5985754904714,735.4937385277899,70.68966535950128,320.723895610481
1057.4143298489394,739.4663394571207,70.13179186309316,324.4185128970221
1058.5177907749787,728.7936781014764,70.87817763964571,325.27010697061553
1063.251034981168,732.6712096239506,70.29796165768713,325.12130422534955
1058.4975261383759,736.3016441645617,68.3243751715186,326.8044754425893
1066.0098798385695,734.9249375678073,67.65250819471518,328.56929267357384
1068.1473883929373,728.8689738139202,67.23327764794561,329.1158009842655
1071.0246617219286,723.4509572800815,67.79989321377879,327.83231863293645
1066.0536239326516,725.4149006425059,66.37839285696919,328.10572060819135
1072.7968833978255,720.796259600401,65.7102075524148,327.0106767570376
1076.2979353012392,716.7207219089189,65.54780444443995,326.04838792033627
1078.7053486633686,718.50899144778,65.19496330825483,324.9371200771263
1079.5080243994814,717.306234590964,65.81507713372827,325.6967600057394
1073.0839711048002,721.1137541791818,65.627298865913,324.27268362074665
1079.7454815356123,719.1959829269551,64.62704526197935,326.42613012071394
1075.8170534500225,710.9573941009572,64.87953370015683,324.7825401793259
1084.1637005225023,714.2291310661958,64.28134186537818,326.69471657843866
1087.05411951496,705.1716539142121,64.71498904891978,326.7876085807701
1088.0136342332448,714.9963170926787,64.59952380321457,327.9078516208096
1081.2608370556827,716.8824631248416,64.22567594337318,328.9027800536153
1090.5794779320213,710.9916514327064,64.63788798036897,328.5165939514966
1085.5994431851918,714.0033399971078,63.99565683010671,330.02861816699306
1091.3019468465252,705.633333443297,64.1560048083432,331.3073809694387
1094.20980988979,698.8059927553138,65.13758573627919,332.23006676282455
1091.3248740324332,711.7753264595549,65.43662176526256,336.08240734994786
1092.876192504623,704.4676028326377,66.40726420168134,337.60121687795237
1088.4231750499348,682.9057786003432,66.39348976962708,333.0347789777952
1095.4936520327203,684.7266959611923,68.66932199790395,329.6970985031425
1097.732194778704,683.9556375725837,70.54954489369254,326.9156660097298
1095.5349072562433,679.278449981836,71.41174341082782,321.54564830029483
1094.6841680758464,683.0937714360284,70.73966420402516,318.630117124393
1099.7282261467576,685.2131197477653,71.37797895514713,315.10162188355645
1101.5272379098938,675.827794403579,71.5430043161278,313.4433956950978
1100.5671080893405,680.5426493863561,70.99917980882739,313.4750294948027
1106.1666632736424,671.2412804586388,72.06195603690327,310.9372091074391
1103.0294953986604,676.7264774652135,71.48601531668297,308.6786643069363
1109.9535556659341,672.9751208481582,72.04405609042404,308.3733064045724
1107.009875165465,677.441693786362,70.1436511115951,311.9032256755647
1112.6795034747925,690.1936023558476,67.96503902419062,318.79996700827303
1115.5589843388036,690.1311629358308,68.2684723919935,319.25341996930507
1110.9366723741373,672.2170193521096,67.5332207567506,319.92985548269485
1119.2489813452269,673.9331261958828,67.23127279748189,321.039045088758
1115.0201293542186,674.302372484142,66.97181846193226,320.82173159224914
1126.1524865279735,663.7359161945344,67.41436806095604,319.7242993991253
1119.8849287999258,668.8337384399985,66.7093607219463,319.6775492181948
1124.9963919294078,661.9681602722236,65.71946001382435,320.47867949936216
1129.2014137731492,659.3501029178221,66.87407163029705,318.9625349537096
1128.3682807419198,666.4353750243589,66.44327343608741,319.9023604229481
1128.4589148490672,662.9633659842382,66.3550949811424,319.9927555898289
1126.3770338016172,659.749875756998,66.15344054924779,319.4427067207314
1132.5490437844562,648.5600943896666,66.39985179694897,318.1039257206529
1129.6706798183457,657.9402891337818,65.38696694001592,319.22560677380443
1126.749266422791,653.5169447525008,65.22171277180523,318.4674113887224
1132.0956034015246,649.8481095677794,66.29860344293928,316.2172578903674
1129.0928997951426,665.7240501412052,66.13151338321194,317.51851929112297
1134.7194985043368,655.7848938034591,67.56500438798003,316.21165320990144
1130.8529841186273,660.2024879840191,67.18289701285336,317.1512527516135
1128.8554106260026,655.5252205037315,66.56668583236224,317.96321759805295
1135.370625791625,633.3201687734834,67.6495348437689,314.43243742207454
1133.4061983384247,656.9571747055604,68.09186516826014,314.68470119268625
1131.5671729675103,652.3771437995836,68.24152287992246,315.0458624003919
1135.1978872434427,654.5283867021192,69.74260176671721,314.26000033074837
1130.1377592238953,648.5319292592128,70.80384920748416,314.89494974720077
1127.4863861951667,651.7152351017783,70.64216827061756,316.96517716576864
1131.1937669735842,647.84606871142,71.4855844710458,315.5005632835822
1130.1092487313476,641.4251972914456,71.64416057877952,317.1492662294272
1132.1351698856668,640.8207681166782,73.21684715502897,315.8964544186683
1129.7312333809734,645.1153243318818,73.1600818358634,316.8812784506636
1127.8028581711326,632.4246593623878,73.11162962836315,316.47875676611625
1129.6132073176266,632.0530961748956,75.23351747123942,312.74742253929406
1126.0848672507614,636.1589772908819,75.87016462691184,310.9807410644627
1126.4633368080724,628.2608460407972,76.3295100257634,308.07564476946595
1127.659317683075,637.4281411240715,76.40115296440261,306.93838126307344
1123.676244534778,638.6654878317204,74.81708163251724,307.16019148699706
1120.8116847019828,640.1987074323952,72.31249196278083,307.1858421770813
1126.9635372543844,634.0509306807512,71.82366913642015,306.5045318192852
1122.8345674972634,642.8830080986488,70.94596183059349,307.4169494017027
1129.5524258147475,633.8070743158536,71.46385752320093,306.5355871394124
1132.539963140241,639.2580350256053,71.11868761922344,306.81522814361495
1130.3341101834012,624.5693310283625,72.72876828113311,305.23370707621103
1133.781995342712,641.8500951822685,72.70947758821335,306.1011071436431
1126.821869555283,645.1729326562769,72.88513077439924,306.9177401256191
1129.0840844868937,640.8671658303679,72.67942602027821,308.2800295643328
1121.4730234297028,633.0660039815929,72.6080863350383,309.6464886226006
1115.7144362575566,631.3987264008283,72.43816980561283,308.1340474767567
1115.2514541686842,632.4394820373334,74.24654850314423,306.84502328861214
1113.0721646810484,632.7027600009122,72.11521735268332,309.36477373314324
1110.164568745679,635.5914249313649,73.00909546075779,307.35871414735385
1108.2657914895908,623.6368772396795,72.89817409707945,305.74653496407416
1108.7211833297547,635.1486020300606,71.34517373431731,308.317365626232
1103.402918875372,625.8236219907202,70.47566206996251,306.70367099605056
1102.1081256171315,632.7550742592318,70.00765786340634,305.69948056272585
1103.2642878725107,631.6712282591611,70.18592130240056,306.2497852680982
1101.4924389721384,622.5213689242398,70.52829678602185,304.4154135143568
1096.8731134003694,630.4686121148691,71.25099486559472,305.9732205290942
1091.515774340791,620.7545688722893,72.55508376661174,304.20196428659284
1089.2411251348187,620.270109207909,74.08029045797544,299.70040603432915
1082.2395207364061,621.4978070262664,74.75887423954183,295.3841263272179
1079.770451212261,625.0473205363517,75.07501688509203,291.5728080663554
1076.4334472514483,616.5937750016972,74.9289674145967,287.0436217461378
1078.722348932067,627.7629323372313,74.35674686280755,283.7118588176234
1074.934713580628,623.4769105780401,74.3828136930047,280.29850595081285
1071.6813951966997,629.354538853141,74.34439173359733,279.20968654965895
1064.2393445305318,627.7910560617671,73.32260736952196,277.6780522788911
1066.1833696809247,630.0788226281512,74.1270500306196,274.92767249695294
1059.1336931653595,618.103727408338,75.08203393638358,268.88627625139856
1055.4514578957503,623.1833936708377,74.61757028294473,266.10615229115746
1051.02018993617,621.3084125502569,73.28707393739558,263.1505676763927
1054.0137708645623,625.6747659512532,74.40803204521075,260.1343449442244
1048.3386536418068,627.2585254148396,73.64926628472796,257.4944464518125
1045.1620862599975,632.0550581604049,73.16713541190236,255.15972036574186
1039.2698150039314,630.2154933046465,72.06754744612964,253.57283693181168
1050.3248929559481,632.765162275912,73.37319735874644,251.73718111627974
1043.6288355577503,635.0606600935897,73.29706855620394,253.2631879681068
1040.0658750878497,627.4438699466717,73.70484889389351,251.68261649802685
1033.440700260907,631.92633389383,74.53757979625288,248.78846506626525
1030.3022934945536,622.4028092139647,73.18835096293196,248.60385549044898
1027.658020637221,624.0794005253308,73.56749669133046,247.24747364801308
1022.5029719128235,629.0263566105459,75.34651007945628,244.32041223518183
1022.5522528566339,634.2532635220408,76.48390819854912,241.24639491716636
1017.7222670570458,624.2919692339565,75.77904501226409,243.4367828707763
1014.4299397960236,626.2056156346882,75.0745736149664,244.12872901813495
1011.7077908291393,628.6904747446472,74.95574879940628,243.28659191775427
1007.0444133427306,639.4855200916218,76.1136194948798,242.5403103516129
1004.0488490320777,622.0172287011775,74.67431770389338,241.8013293202455
1005.287823786719,629.3576419033205,74.82355735400408,241.27448698578365
999.66710605636,627.908661157478,73.59966269082071,239.87124951811805
1006.8084334525607,617.8753227578461,72.99503028306277,239.59915258996477
1008.5249817967768,612.5786325879741,71.90133531658493,239.20193806581733
1004.302922202907,620.299190642362,71.14250021202729,239.80815281336476
1001.9439998299542,610.9679499039543,71.01181704960747,237.19714529176716
1005.8406595811787,614.0554690835899,69.19844082261035,237.0223353374947
1005.5994405906904,611.0399397824681,68.31580452666282,235.52575598121177
1010.0407730538078,622.8872777914034,66.89840201345287,235.95627642025013
1004.9728679142988,615.4976149883548,65.84424990538571,235.29445803678433
1011.9956245240567,611.4037165856323,64.24807178413664,234.61207852692172
1010.5534686231225,615.1455010150484,64.25599789722342,234.09310307858172
1015.6621220561684,611.4176212906204,63.284412848148044,233.72342498166108
1014.0525540883291,612.6815826175119,63.23068181948648,231.29830420960857
1018.3151544165707,616.0500761089809,61.120930782296384,233.04458787181247
1021.9897904397355,613.7852472292569,60.23260911057018,232.1048366423076
1019.1587471094841,613.3317355601082,60.99912883076534,229.0523060236195
1023.4904010812453,612.3293112369889,59.911935064946825,227.1200835848819
1024.762374186172,611.4088096405069,60.066193372457576,226.9481370727222
1026.2136609146417,616.0732843033345,59.733523289236715,227.16602841479147
1030.5754873474227,613.7593477223841,60.00406063973925,226.52793182342708
1030.224815183637,613.1667748144448,59.17288193130736,226.3780696141362
1032.69016722245,612.6281887010325,58.7160176135079,225.76753453600614
1037.7976605086328,621.9119497617213,59.31602394580577,226.0370409180467
1037.678659851679,622.6753681634058,60.75340589592857,225.0774135372661
1038.271757346602,615.147493375461,61.468865984016496,223.58185162023565
1034.292849893623,615.5716558019838,61.46323284233683,222.53857658892466
1039.0324868792843,624.2163331815317,62.50068631852396,221.74125674193814
1041.9700453326527,610.748735829507,62.42203242448259,220.0466563715246
1041.4869644684952,613.6032361169109,62.72836066194874,219.08266664953044
1044.579139482401,611.2517185574644,61.90881823988077,220.49857594254155
1046.4376729317846,607.415379500847,60.71675668168951,221.98742427138288
1045.7852592689624,607.4317219064665,58.91766283233098,223.9945970861053
1050.1542211930348,604.9336930887555,57.485161290246985,224.75173927810704
1046.3827510090575,607.9679897576654,57.13407776293798,225.41952127216592
1046.1668033911794,611.3420905218927,57.7738357930936,225.362261554319
1040.7948901220923,606.4231242806766,57.465169235869794,226.40106455066723
1039.1778158386314,609.3499244774231,57.855559934978594,228.72014501197165
1029.640243617804,600.5358230511367,57.71719004863054,227.42105217972988
1025.828326917973,607.8180279414408,57.20087623912467,228.9261652567878
1016.99757628389,602.5125951051124,58.22423396786205,226.8663194121106
1012.3128416796692,607.5419430555596,58.07437315158438,227.23501265611355
1009.0780630375953,614.1412464373301,59.34244194085936,228.04487928887391
1000.4564646682602,603.5778443316653,60.04795709993951,225.91271514693196
997.4089522015056,604.591464206534,59.450882939057834,226.11466789254064
990.7359181172164,609.2842122378624,60.96221332992626,224.170048313801
991.8041484888035,599.0641761224036,61.60151085320112,221.59300399808782
989.3316264089375,601.8717664039411,60.84142252849701,220.0315219747468
991.1775106955024,601.2977902935066,60.41407684889142,219.3707058040065
988.9716845900947,598.0822926620137,58.301823782454775,217.90795278360605
992.4136141325421,596.4174726766583,57.42358708449228,217.1992345427996
989.5918361979619,605.9362564425478,56.4893069169705,215.50144018912124
995.7371873531312,603.8498733842627,56.310193084720446,214.8280096542328
994.9749601619043,610.2011186308329,55.63543801549875,215.19739664064554
1001.4924293943182,620.213314729062,56.566942612499574,217.0165312843974
997.7474298347196,604.4678048209263,56.78737185788697,217.76294508260239
995.5911744691523,605.7210414110527,57.84561728064141,217.13325169704245
1000.0367735559282,606.4143542291139,57.827918023715405,215.9925621417336
1003.2296320431375,606.2072245279162,58.16656580683477,214.25433831926023
1005.7838495214373,609.5383658589851,58.34863053742991,213.8059381034114
1003.2976527223265,599.863657357784,57.54197712332251,213.80695308249835
1006.246801261424,611.2477269268795,57.25955195140791,216.20754563376013
995.4728154578039,610.2150563821904,57.43757040313069,217.10513767585923
985.5151811481506,609.1171023289324,57.152391939917536,219.04428318839047
965.0367435618653,593.9484587898609,56.1902416913459,220.71805708293977
953.3103802109799,583.1183275748384,57.11613962724725,218.64128185429334
930.1265795351817,601.7925765642611,58.061652355796916,217.49547781465688
898.3652915622083,602.9945765585137,57.881557250718245,217.8459114580487
875.9569134735434,593.7227357103804,57.666895581368394,216.89175227296755
858.3812432904984,588.2715023504854,56.79179628071037,214.55529591994252
843.130901919343,587.4431378130755,55.444603427928335,215.84504241553122
836.7107140957105,588.2308212676567,56.37710592150697,215.0505363476432
819.7870416566927,575.7096785517074,56.34517833860488,211.5687930014655
810.2029005134738,568.8550009785023,55.333389747967686,208.92317530852034
800.7102879519932,579.4419210146881,55.05645743074322,205.50548834283805
797.8602547597361,576.7571862641546,54.492220607860034,206.25426320660648
797.272121334493,585.2732559094048,54.10097601902278,207.2970960688161
793.8968267688524,572.5717160621762,54.0772879400683,204.52380132784867
792.9979849067436,566.7821718245402,53.70911220345536,201.30480840511018
788.773505270974,563.3611064368984,52.11530490394953,199.3122557621199
793.0943727637417,570.3689789300815,52.01095013691994,197.60513027496017
793.2127041887647,565.3466680624808,51.750849136810864,194.21898399716122
791.3118665499668,568.0004974923113,50.775933590279394,192.4523173974793
792.4185666196166,561.9854178828142,50.36887950982536,189.209956551166
795.0082357467624,564.1455707128775,51.10895863682039,183.93987585088962
794.0822257508717,562.5170975837606,50.520876528229536,181.61357444753304
801.361606252915,569.398525810478,49.9590132215916,182.93737265718423
795.9750608938026,572.8126766497718,49.062385197445764,183.4999196152237
799.8984111028946,553.9207659047883,49.44849003133716,179.23893748580608
800.9218998520232,561.2759567795965,47.83689510787634,180.14928041422908
798.1488366895228,551.6081453176242,46.39333637428354,179.17715835831513
801.9134977108198,553.4495916527354,46.46228856264659,175.7829064256264
802.6034058867235,555.3589059386018,44.913951417520394,179.24956714146083
805.1166747898127,553.6517313703928,44.123854746748464,180.24996249675087
804.2505898274363,544.3418954215526,43.340995717949,179.2680890605688
807.5849367334675,550.9876585833836,43.06636394812285,180.2625210270072
807.5964755321676,551.581329284947,43.5728644404369,180.8944962494754
812.6815682244596,548.641674617499,44.114446252508166,179.93525263255847
808.8044458843044,545.850533384096,43.90573974949946,179.76797760424745
809.683910442533,543.3031011473732,43.11095605502388,178.60400580831418
810.3257792514245,545.3721613275908,42.4754713416561,179.0272787088349
809.6120502195296,541.5657006570424,42.09509168076037,178.75459137683615
809.9584022448804,539.9104433250354,41.37951147356462,177.23036158741982
814.0141213183776,550.5485284190341,40.808569199067634,178.0568735130699
813.6191588290882,546.587861272482,40.5168103035165,176.57808325630853
815.673119787462,544.9268655280923,40.3407071104473,177.39474632826344
818.1516908638363,538.7070420688137,40.81374359997173,178.29851792638613
817.285897019366,545.7223772168597,40.52139454040782,180.45141467741308
819.0548578802948,537.4056951725632,40.79663085382851,180.4866800111234
816.8813998315306,534.8903212364762,39.95684279257364,182.62345644012106
819.4869042528801,532.321551714303,39.581983165573,185.16497192489715
817.0182394407215,518.7265922133755,39.47573368832795,185.54074679223072
818.4747326696859,525.0109758631493,39.986938705313506,184.6416581807324
819.2234673620665,531.9672598480922,41.15229538180108,185.49940347378612
818.7153591472307,519.1091847050346,41.697570118881856,187.96524667677144
819.0645574745784,521.9298335984197,42.23992008150379,189.56869271400632
817.7754899210058,523.8267663255353,43.2541505455902,191.35484053492164
819.4768455581548,523.3421452213175,44.71807220967732,188.8318928591714
821.7295607249538,532.9583177656914,45.648131053783054,188.89899387638064
816.2888216908735,521.4563721326391,46.016836561824064,188.82986992947252
820.3389888578132,524.2718900651327,45.7100083734219,189.78299010086246
820.5634187996413,516.6567834066956,46.34846094971141,187.3974101895871
818.4014687826026,518.4589379323659,47.05310973256806,187.73376447595408
820.7391110985353,519.6316774697872,47.680007298273395,187.27272188926304
819.9824110801447,528.9963341992737,47.816048779260825,189.4201860792157
819.7092563802772,514.096206959743,47.99834349384189,190.87303035625087
816.1542052322715,506.5790623015356,48.27421250585684,191.89614451702593
828.9124465911683,528.6363578041952,47.9884503080827,195.58399796971452
824.3186438618228,516.0146527378765,47.46832928819718,197.27422931512038
829.6982063102115,543.1273108404049,47.007583335816676,200.86171065645036
824.9685163946036,523.149549858613,46.029409761270735,202.39708186319842
829.6573948475543,530.5647417811988,46.23121790358714,200.65074247450863
824.0615989372232,510.64026948070637,46.46542847577534,201.73694598662638
833.820690259854,534.0803280908317,46.56607174298916,202.67683227589703
827.0200363825936,516.9545611238065,47.38051330946073,202.40673306175427
832.0728290277394,527.8288951754035,47.45404712927652,203.1609374256012
828.9977593102718,512.9463377981726,47.78641036105607,203.3465023906341
828.9292580723152,522.4987084249465,48.26588193315309,203.1651105175798
819.556727189063,501.5311036178529,48.66471033173763,202.9889195275188
830.7199452239746,528.9143969891728,49.25816752668497,202.90169603561134
827.4392075377186,518.5706539794685,49.479136822384106,202.70776382687063
784.9189953653965,400.53605568051006,53.839690561559465,196.69337277830311
790.9277528584033,422.49441197543445,56.715035034469274,193.18809054734112
785.5150036171389,407.60044743203065,61.327634308929355,186.0986888541194
779.9343738818216,410.07656189808245,66.70153644924186,177.73870049399142
777.4042886448755,412.2188800756775,69.9436666714021,172.9343809565619
775.3419730827553,411.8966364240531,73.880113877047,166.40797125282205
776.8435934650978,418.0089695662466,75.84931192461791,163.72017783220457
775.3584986124163,417.2369746134337,77.22027932754425,161.95231432901699
780.1627659525511,424.4857385490546,78.77802444006,159.81431881403742
776.9613226395112,421.47597455037334,80.33233547409904,157.18892169390725
775.9776343325157,420.12358978089907,80.91895678279971,155.73062436884206
823.0961171036517,515.6857863930788,77.1858059377933,162.0850824628419
823.7551270789937,528.1263956930763,72.91412812158498,167.16196513543002
828.5689988460894,520.2558121842658,70.16251564513301,170.47777719547057
828.5561466108501,516.908410539956,66.95828327746148,174.1519224678853
829.0579495730452,514.4158696399697,65.00355101601994,175.97363079755132
832.6712522223497,517.5882150480865,64.35750020273198,176.97506987557455
826.7079044050479,489.86165301404867,64.0086640685367,177.81279172197037
831.5300072445648,507.9464693086329,63.69040901206154,178.36548350413972
834.2817851530223,506.2150646208102,62.798249507860255,179.5408223006378
838.6314260997158,508.4033567247753,62.40631395846741,180.40846407155902
838.2838975174789,503.9943916719923,61.93080098782465,181.5115385061961
834.137181193706,501.32735017075726,61.66443730205721,182.0758918944083
831.8817598043586,484.8674398690767,61.24922655673474,182.56269095235928
841.2999451736338,506.2776029239666,60.264433576973424,183.19277759282366
836.1232456903779,503.521346541236,60.0659297724893,183.88818649552232
836.8626160204878,494.1148154639592,60.02040771063491,183.9514470143338
782.0559551286789,403.2301960324626,66.78700403038584,174.62905684900664
782.4350611176737,413.41144817032955,73.2892147590001,165.00459158999632
776.0085298113065,407.8648718403874,77.46077026113892,157.85319735962184
776.503680333014,417.75950982770416,82.01326058430097,149.2997688581329
772.2327760825856,422.59110071216884,85.15466844657738,143.55904859890816
772.906006009027,414.05300654869706,85.99311555322836,142.21199626423058
773.8232309250158,421.99217815757925,88.25201040966645,138.88662488637107
770.6977261906271,424.9132563862675,89.13268477636244,135.7454295419706
774.3660383632781,422.88828147457866,89.16649566894495,135.22681685771883
772.6007170523769,422.63380254974174,89.11460111652248,134.17814857919595
770.4283206146556,415.7605259108007,88.75178386165489,133.73055379341838
774.1874680895518,419.18237537638373,88.60651480602779,133.39311191944228
773.9398235306976,423.0940094551673,89.0315224256018,132.74353980298235
774.0862905121398,425.4810085151361,88.76380771132509,132.60980190261867
773.5087843797636,425.1663006335002,88.96975208543365,132.17564084837795
771.1882582556418,417.79713391478805,88.43464447497358,131.7580323226065
774.3544551686532,424.45963453737886,88.93911178252625,131.0210895491045
773.5545639483213,434.76341675723717,90.48904209039284,127.80133867750317
775.4384492467985,424.28907998578296,90.5409528994594,127.76498299983052
776.8749442358496,423.10022712445686,90.56946839163317,127.42814514147375
778.2746083907824,424.9971749285464,89.63428774488398,127.60180696356198
781.182865006868,424.03159194613227,89.1424166941091,128.2183650697325
783.6482148004051,427.0142775476782,88.13353846285487,129.32334403677612
782.8433659175219,424.1752994737002,88.90479944626114,128.89602360010684
787.5271798928467,423.62794239940234,87.05307830637216,130.33063076194148
789.0964841424485,426.33919970588994,87.06130871059548,130.31562452222684
787.750399604246,425.74352215930617,87.09477827451887,129.8600489208143
790.7530224574917,426.85629390316814,87.09305734830073,129.04508082295243
789.8336621284523,427.0541320960502,86.77324014169466,128.69404137963454
792.9856318713128,426.9076391782879,87.289602188719,127.47259192386878
787.7194737202848,424.24769903982184,87.33281803453721,127.41828759234144
791.1554575853659,426.1216661975427,87.46661955715214,127.17238531844946
792.3619418478644,426.6422478966859,87.77639955014517,127.720055729062
793.975441402876,438.9849764635649,88.90362321462771,125.73056913058223
790.6228573661184,437.8016980935415,88.94997352004599,125.22836361591413
795.1016984778873,439.5891004876058,88.92502483227464,124.12634692325983
792.2785939445066,439.3117878133465,89.47197309199879,123.53269665799361
790.8929570983034,442.2416318400523,89.42434858341639,123.27730147414984
791.8530087158927,441.3689972354332,90.0867043211689,122.95732076349668
794.7062381861399,437.20647046179425,89.60598485973917,123.2656878712604
793.1477394667597,442.59215829830623,90.0478037706676,122.7449044299869
793.553347655953,442.7213021796242,90.18978695769178,122.69525462015557
792.9301412045929,442.929606987164,90.12514265044324,122.82327088341007
794.2588240339501,439.9277262366716,90.24919436157141,123.10036688756858
791.8759735732465,434.61233278977954,90.23713668465096,124.21714907401633
792.4506554840904,430.2646861342956,89.07788976093359,126.0717751372121
792.8621441441813,433.7776983872693,88.83709502694478,128.33099843399899
789.96894233854,433.7628563775527,88.21906109626562,128.99957873991985
792.161911603388,433.8315509827042,88.19341833912216,130.06336867638348
788.973159744427,432.4752147283865,88.47481838883144,129.75260678446028
792.613349887454,435.81953740937774,88.71273148351484,129.65687695745103
790.45629401986,439.6480357556915,89.51902451981948,129.1954564557719
789.5138796911152,442.3336091749281,90.3931037180426,127.55663707854144
787.0465330981165,441.6547202928863,89.3475122131832,127.47569163610501
791.1131504783237,436.29510528057574,88.50117320472165,128.09359471828228
791.6157333920139,438.2232642090503,89.59139984293279,127.8271377774708
790.8835046998091,440.0831176877312,90.60057614852681,127.640602235438
791.3690353101534,443.02020202723526,91.37728034970556,127.31401665960978
787.7387103284442,440.22970899903476,91.38447801209878,127.62039744181044
789.5087989013292,438.49457987564415,91.02563130875718,128.17658198291844
785.7468692521223,436.66947117541645,90.61365572252755,128.91485380193768
789.0565342190746,439.3399701764595,90.80497566044916,130.14435903471488
790.1645606726854,444.44219623290917,90.86593605507679,130.34573730511624
786.6504485288543,443.49795660748464,91.2970815425377,129.21098719538483
788.1774145853151,443.76471316594495,90.87497439986142,128.80737769298526
786.7113373805444,440.9241677735295,90.50475468487602,129.00418741473626
789.0481855480618,445.43897911822955,91.26766475700661,128.34518068450373
787.7772682200009,448.3604155301493,91.83330872690247,128.76409575205219
786.1061625073884,446.2749624507348,92.15062615302791,128.71435028429426
785.845933995947,440.2027155734331,91.92115905262345,131.13998532002552
786.998327979356,445.34803726754006,91.20363538519823,132.68127686070568
786.7108744666689,446.79742013732687,91.52334351464113,131.34967947612023
784.0516693759785,443.3296527427635,91.8543879733657,131.69429429378079
783.2970055098722,444.48963305042645,92.07575028866998,132.23612648126561
783.6025643592703,442.71224917035534,92.3224834395021,131.9960603428636
781.7137014544254,444.3173523726591,91.64373732917852,132.78281314769805
780.4135428604873,443.10303205500674,92.10990663459326,132.95094524571036
780.851162562499,445.0823632419062,92.44322018715087,134.42885351629013
777.4656533785778,439.2029155399404,91.08033695892382,136.1741457097725
780.1772967932822,439.32422908636653,91.63301944409042,137.73509115243507
778.7802847618766,439.8811023247664,91.91378266553183,139.41338430843257
775.2174240630195,441.0587406743564,92.42494822752235,138.81757664154026
774.0631070064007,444.26322494097764,94.78959916589932,136.9053837354339
773.0308836256847,448.4163451501153,95.64170581083042,135.63418083470617
770.9461137314115,445.65413198282045,95.3042122512934,136.10851590266384
769.5306559523034,445.3536621506811,95.12877109335365,136.07003917032466
767.1993801436771,444.8903107277755,95.14836263904252,136.2480961144558
769.9837902199478,448.86582070848397,96.19190773232023,136.3066634409418
766.7451042009417,448.2273857236066,96.24722261853807,136.18351102319193
765.3837193537694,447.4478685472589,96.54986468264887,136.70097721583022
763.8476778801555,450.0823108484196,97.68612907690577,135.61715597563042
762.6841643060932,451.723524692819,98.30204444104913,136.3451681595733
761.7224113264463,451.5605448441462,98.94002460154525,136.32167980188996
759.669734757329,451.7956852570336,99.00590420614941,136.60369315889255
759.0628807091375,454.3788758344115,97.88792938207648,137.47837531285265
758.1158726738984,450.5196489359911,97.54621909604832,137.934807568098
757.2087570612225,451.32575233953753,97.03292661305655,139.53478662068528
757.6058946925674,450.8357583645137,97.10655416570866,139.94663072612846
753.6444260852066,454.4922880630014,96.72050948498358,141.03129357341572
752.5843486904579,451.6855309105197,97.32536459663228,140.47556120479527
750.0426799449715,453.17671902463394,97.72388000508553,140.9923581409343
750.5031321738833,451.1134359170934,98.73916305298391,140.68856403878522
749.1887204681273,451.5992331682012,98.13958790301821,141.97943000676923
748.3255559583234,457.85756284422826,98.46796126657442,144.24339981273508
746.3641611344177,455.5516780272435,98.92629745559982,144.19426122450614
743.542946270066,451.98391132282046,96.9544221649246,144.14239906068988
740.9495377217006,453.69717126805034,96.4297920227331,145.44574901275936
739.5092275629888,454.28298538545556,97.27675526618204,146.64466664205418
737.8641671053774,459.250659360859,98.96867788676525,146.81230693435032
736.7251269976224,457.338790356081,98.8590084303394,147.10377880392218
734.7823219169209,455.97498913454154,98.29326170392514,146.67877261395972
730.7364458154816,456.04353097335263,98.98895153268859,146.07844273982911
728.2998503841767,453.7785303474694,97.56221659116017,147.06566764538886
725.7745257213204,453.9122524262926,97.4554910580166,147.28231512726128
724.6696244176646,459.749619692334,97.6445636467124,147.52739470498062
724.0789048099795,458.1209611990016,99.04100267194389,147.06191310575375
722.1558891045422,458.8560202678301,98.99337711374812,147.75472545668316
719.6718842828991,457.5422384113984,99.2342706490935,147.1795368177858
718.0364967585172,457.2558412894124,99.44465856330534,146.7494693235529
715.6390461307909,458.5967139953159,99.31292121554742,147.82722656105312
715.7476927818392,458.75183482380277,99.7875204777476,149.06867405202854
712.9685050170893,463.07368802407484,100.11213660401849,149.77934635174074
711.3151016323751,460.92774750676176,100.05461332011755,149.6543415335532
709.64811035441,462.7385876516986,99.44786101276648,149.72475270867585
708.3845865714869,460.0076700748807,99.49588559887638,148.76038270407793
708.6414279098753,460.1029686054102,99.3201553273139,149.96514861623228
705.0310046311039,459.79991072569675,99.46354254952956,149.05290388009175
704.0605617332003,465.4125166737183,99.53078840412122,149.09175677286706
702.3713426837975,465.1267027900325,99.99665674165061,148.42901097075008
701.6244645983154,465.40687800010386,100.75343879247485,147.99890471626637
697.5622806548745,465.52563777888645,100.48923589383423,148.24423112074874
698.0077744030159,464.50189529987773,101.64456478282054,148.42495355988342
698.6533235186334,466.82245966604006,102.44124106673738,148.12742843855122
697.3627914605001,463.53282358012416,101.91919367749544,148.4419877998667
696.9296809261087,461.27671239398035,102.60076071905479,148.95005453632047
698.8771933758483,459.83718386991654,102.05732812189817,149.79942823293135
702.2191801098897,469.905514868969,102.96464465091597,149.34270169014871
707.6288531510658,471.2914828795849,103.35246333296827,147.8671539373877
709.4877253373544,469.5091869925101,102.79572803364849,148.53800696489432
716.6215357854974,468.05867810751056,101.8451380440398,149.94722919503735
717.7828301935775,471.17492310586385,103.12061722676555,147.78621375048533
721.003877664761,469.11615829086804,102.43934791840123,147.83111631291098
721.9484907817204,467.7409405214354,101.79197825949483,148.6888516564639
725.0508556933246,468.08528264910615,101.65276013977734,148.98990032224577
725.176361673256,463.2005335050238,99.68609213781563,150.39307895403846
724.1427566012832,462.0831286615028,98.33752674427055,151.2856680962653
726.667459326867,469.41895059262276,98.1782427530639,151.8783045532393
725.7630901120602,466.07708121504515,97.8741512590475,152.38070976652438
727.9791238882171,473.1835873748851,99.29200731742091,151.70056201746215
726.6490811122676,469.9971457948017,98.83018539670967,151.6155856614852
725.5100320807793,469.7793188604737,99.20551413252252,151.51641134410602
727.9226871750554,466.7054018595992,99.1113765056158,152.29687474038636
733.6573524017797,467.3340708210172,99.51264198417408,152.5060864524838
740.5460031909928,467.3157082854597,98.69724969987624,153.57356036774547
750.4277307023177,468.7034520275172,99.08557575937971,153.80060393526622
765.8146254415478,477.17724656941925,100.56837426309718,151.9322241791599
785.1533246041739,468.2765057102001,99.18754194736655,153.9135564759063
802.6169043852277,462.54163514506126,97.40008041382345,156.16775004453845
820.0373437865125,468.43371663108945,96.69244135734768,157.67734927951335
833.2891118863303,462.6212469950026,95.48265401330283,157.4333605960596
848.0724168085322,472.25699067363723,95.87174790425038,155.98468818019666
855.1661752941568,471.4790740763161,97.49758923988608,153.90653394808095
866.1753671094965,473.980615632257,98.08543539131122,152.874610055941
873.5106831965072,471.6815743351234,97.90064973675987,151.860640209565
880.7226534656379,469.87206842406977,97.86481935932626,152.0198753917339
880.6939182148211,465.7260999022991,97.58302132558433,153.28333285916443
883.611304380214,463.37370029297495,97.52565044209442,153.86172397768453
883.6288374774914,462.9788270298518,98.50807117743331,153.8995943285272
887.0614795569485,464.03568626606284,98.71360353539544,155.66706091088412
886.6734428258278,461.47309825125285,99.30961811599616,156.47921385014166
885.1924583770023,467.0673507129672,100.80206632559053,155.81865825990386
887.4499569965686,465.78447462279144,100.50317788543829,157.79761093788255
887.3528263294131,465.06927590767634,100.92592152575304,158.2433499480269
890.4023684036771,462.09504664432416,101.1561082169162,158.8438375122068
889.3418267573504,463.0533091849186,101.00777923044055,158.7037642571135
889.120844409545,466.13735432916985,100.03052681637102,158.94580065470728
888.9811367523122,466.34819481769773,100.74957454660824,158.21418756495763
888.5920194911548,464.2912457797629,100.67451606727131,158.42694828883756
889.4695769991874,462.32059013880036,101.10809004465995,158.61452569739535
888.6747509338286,462.19727140122745,100.88949329785228,159.47860148888634
887.7272028867687,460.34210109668027,100.80556820037516,160.7460326188396
887.9788039427942,459.73692520946577,103.04872686713271,159.6600463119087
887.8887458999233,462.2418402701692,103.34300769272186,160.48693284241838
886.9473890286116,460.56567068964944,103.62161274412966,158.98830602674275
886.9554934115646,460.8470719658468,106.35554512202252,157.3829555331401
887.3311703541959,459.94394645615637,106.17525910642294,158.12882418634055
888.4189933630447,456.54270539392485,104.7023294392809,159.2148441754887
887.2860946913181,456.26471888836335,103.65266848500457,160.54418250538686
887.6983779597068,463.4708812045169,103.75346232983034,160.06128215896845
887.0593582580938,460.90565170574894,103.60383530735159,160.21694629184978
887.3544024324818,461.84984092802983,104.4970048483231,159.27568523553646
889.022107462434,462.37394840473803,105.99503604589556,158.12056831608476
888.9228645675116,462.3705114375392,106.3401056908925,157.9206601329963
889.1022776010285,463.09195906624916,106.41822559868544,158.54605487076995
888.2011791846403,462.81149920424787,106.61177365445388,158.62068083185022
888.2074630838513,461.0653566989389,106.52856561244201,159.1764207088774
889.7616482465112,460.75479270578114,106.00617689455936,159.64726363001893
887.6045031429883,460.66911747664847,105.557780372174,159.39971437333747
891.5109984755215,460.2620636761853,104.27427636329641,159.35885414169852
888.9018609487672,467.64417512251396,104.28661832278041,159.82930951747386
892.1414411796533,467.0493681459959,104.68126624495,159.33142955018363
891.862894504895,460.699653357631,104.56127866518696,160.1233912848114
891.7726968090418,460.2288945730214,104.7060428435564,160.22704183246995
893.3730824932337,458.60245653880327,103.82947282061626,160.62359275137015
891.6657231398667,466.9361155340878,104.02771151064184,159.25924660070592
892.2062945868172,465.4418582311355,105.29726041209011,157.49130435465128
892.3742660390411,461.22660785068155,104.26924142064432,158.3452932556653
893.5063294922332,461.5918150810196,103.1337624377295,160.07063426717244
892.9421582822139,468.4679691089875,103.95383273443134,159.63334295775752
894.8470424858082,464.42618313156606,102.91222824669175,159.79203107013225
895.4374890766137,462.03677163279144,101.95250297219943,160.25120818602858
895.979051041489,462.9194816273306,101.34984120613552,161.84287223282382
895.4910184211785,462.6946707168821,102.22919655460275,161.35708283889218
895.8950366175209,462.7542188730979,100.9545180503784,162.23893388268465
895.6102617336979,459.62753150396594,100.176703392365,162.8040432973097
896.1976650581803,465.5666744083387,100.07611299000524,162.38531406815397
897.8297567768051,466.78240774585424,99.52592214842812,163.37024544152382
900.2364845237445,466.2836282761958,99.37838023639759,162.66851279396474
898.8550547390022,467.5211229917899,99.76668803281079,161.56414981236148
897.7096588250246,468.95662646212656,100.34147596596011,161.33588216764767
896.4644691636653,467.46585813420853,100.00126289480353,160.48491145158133
897.033847418172,468.04864939911056,99.93198310946131,160.39868177745967
898.1398974810543,465.58606832885005,100.04553868247274,160.82983203901338
894.3541003816426,476.5873728307389,101.66366312803086,159.60112402095336
896.790709965212,476.2177894590385,101.63001686738619,159.73561523296684
896.1267949202028,476.7839937087681,100.44791801567796,160.20927307967628
897.3301426844656,478.23060066153636,99.58806792324854,160.08687263925808
897.868724281316,476.2917831310697,99.40058290976552,159.69432366012194
897.1503499031944,471.9884807671391,99.33872629548708,159.07720688377168
900.890059051865,473.12080971978673,98.32230018946048,161.01633201375466
899.6273175935812,471.89302818224013,97.70666243380228,161.09096752613428
897.5848804119311,479.2179914679206,99.41960786681985,159.4191169359134
897.5339518489847,477.8619850751851,100.09972994441867,159.20087859986344
898.4144291297522,479.48916950555656,100.48923204983002,159.51174106236277
898.2441537079926,473.7439236872128,99.71867506711624,160.44003596748283
898.8033588958461,474.1162557083661,99.3305490246382,162.08016377622
900.0837506823758,472.99044926640386,99.35010536017867,162.89139847105758
898.881121135245,473.7122902996815,99.40198854272755,162.41990690380794
900.8787700630254,473.70919791803044,99.82374581717187,163.1369311174694
899.0727885844545,484.0577058840715,100.9549665582032,162.23813486617345
899.3719096508217,480.4804090401983,99.74902062049907,162.5357591973829
900.6664674167191,479.4031597709629,98.79019774274175,162.78240460932798
899.715706251817,481.36771517374683,99.03202647379888,162.03108444554474
900.676307383998,478.7113376197884,99.43714128135139,160.7566813503365
899.6010003686713,478.3561027279583,99.18732367900941,160.40619882820306
899.9325222878292,477.89048868583285,99.27382332871915,160.42687548365905
898.8206958963522,476.51191123291534,99.27485443236722,160.4161349293653
900.8504352156078,482.3452474439275,99.63207711068938,159.99653568086393
899.2066128003746,484.8933979634064,98.9562574426359,158.0469424151147
901.5469079630287,481.7231858151042,98.62252609559921,157.88502496443516
901.4802474217648,481.2365965164383,99.38656099858437,157.54865363405557
901.6668420011866,483.3025374681108,98.29839469454579,158.03587659292356
901.6375242855222,482.76677794503735,96.70927581431309,158.5267099639263
903.92702118618,482.6448360541315,95.6736138744934,159.03523377898324
902.3079169566929,491.5179458951934,96.13578058732813,159.13931393206445
900.9643007555791,480.19390123044053,96.26255337575562,158.2779027580301
901.6667238636309,493.72575325517084,96.8179059196848,157.83194696906756
903.7197303268665,489.59894962077806,97.5023540565985,156.74701034594636
902.0332915433871,488.68400821179443,97.05626523485492,155.96132571815855
902.8333324817314,486.3581590113039,97.02143101308116,155.82727659106354
902.7369811187323,483.05220732127157,96.98164750596425,155.50013740292133
903.0036247543655,483.6447367534232,97.39296171089029,156.2757177769756
900.0226902233253,482.6552289055845,96.56148675212728,155.96120253164344
904.842889519534,484.92372127727253,97.5294093495901,156.08014496951134
900.3334088525752,482.30546188511585,96.92399820120798,156.76087619050077
903.04023822633,488.6437396867707,96.5949036626828,158.88622431186155
905.5494383972577,485.3730763724351,94.7522862397573,159.9308811712456
904.3156868566739,485.3341445852687,94.63713031480627,159.73126661690674
903.3017121155818,479.6485089842244,92.72321411438845,160.25117940529904
904.3838599890964,479.19967905273126,93.59867538068004,159.94406977613596
904.8984586277941,479.805654012398,93.57894415534031,160.48660474869394
902.4418653679016,482.05794349610795,92.8194245479583,159.89326278269314
905.2026152126032,496.8125010575051,95.57690416000793,156.86506654417624
905.1692169568342,481.5368475206469,95.02567346131019,157.31863725925
905.3076756196373,484.77275081277696,94.51432910084921,157.09555370508022
905.0381390328331,485.0450947599918,93.92846974691547,157.10909412457346
904.6902901217162,483.83396691923963,93.62912429140869,156.7429217379167
903.3797013622926,484.279950692375,94.51087603186697,156.07203954633178
904.2248583003947,482.35055075204093,93.11553892654067,156.93979037571506
904.9928023039752,482.2082564525935,92.96991459602309,157.29764954882202
905.4142209082437,479.97162603829076,92.40232606402454,157.37079393379355
904.2721125239557,489.30366785478856,94.5546437439794,156.70005174672076
904.0051924318142,483.41488787271976,94.09111666542205,157.29083459599013
902.881735821916,481.1171588980063,94.34978702060977,156.88103303156208
905.9038748792141,481.9286847571351,94.518195921547,156.73843504293401
904.860884884674,481.33821907405206,94.88218234506776,156.70033435992104
901.559374773602,480.88707350106324,96.46180178367284,156.31613005873987
901.3964079828662,483.0035527693191,97.77539213728113,156.20500484666047
901.486819436758,489.26148468244014,98.93050017298668,155.817844137789
901.5216497870571,485.5808164353471,99.04896322009488,156.70361424479862
901.130629020141,481.0019095363471,98.38672341428166,157.53501679554518
901.8320736930369,476.65566182551,98.57322088928309,158.6182411677199
902.443377888462,477.7169547243435,98.0615217458313,159.60566623240337
901.5991559249577,478.2732687453496,98.59251618896843,159.2984024415279
902.2342499646687,480.3166736241513,98.09144963721812,160.07275486959352
904.6022575671368,478.9565122561135,96.34994246031235,161.04963530868724
901.3370299329072,484.79919938162044,96.59787123569913,160.81791916161626
903.0879037898625,482.7332000843368,96.50887471960354,160.79314180479813
903.250912969323,482.28565631665117,97.09744886518362,161.5144489733909
902.8778505316656,483.584463994457,97.58502008654314,161.07880995521217
900.6684001585968,483.66533571953215,98.68430713753594,161.26480104576274
903.308232169727,485.51556640189614,99.0781636803085,161.3571126893813
899.7338485155931,497.77258840841273,101.25026596858741,160.80698926960991
896.0844144381459,489.64643768287056,101.49923979059605,161.46989329027434
895.7293666393579,502.68355276369425,102.3965972974186,161.52189527584375
897.3423147729155,498.57163985453076,101.43541145663373,162.38695120052444
897.2192235178229,497.34524641750886,101.15997738871698,161.67069763305517
896.6950006190533,498.2870366238757,100.11527304740113,162.7041826023253
898.082823430641,501.1790646997446,99.60154620741358,164.48289395623328
897.8607622983709,503.8784846440134,99.9190961461282,164.27869899567423
895.2980947343113,513.2635037099708,101.73462278158678,162.30100781810512
895.1048340172216,514.1881693004262,103.44305721968762,161.36034277107476
897.3877565242218,514.9413510254091,102.65642253474302,162.39364549695145
897.4779259819206,515.8711618930861,103.51599512790554,162.00559627994602
896.202350951949,521.4574374848363,101.70988686799407,161.78477296357204
899.7225462630364,523.2032370567031,100.89998502298008,162.45143988734344
896.0183578468336,524.3520390045505,100.5854433449486,161.05063853624222
896.4479559675534,525.5596892921694,101.97659543305309,160.12872577934104
895.8231535438554,531.3803051735697,102.68125718619562,159.54559948529038
895.2373341284654,534.8195491185767,102.65834133042934,159.09629555523753
894.1569329078555,537.9224774473932,102.03450369787264,158.75984130620418
893.0791630661695,541.5335141849605,102.52071874478548,158.80824512599156
897.1704720024039,542.0221841311496,102.00538726834316,160.03531387924318
895.1882733409293,542.5104410171018,101.88767227897544,160.3426709235697
895.0556471454963,544.4464224645449,101.93808086023671,159.99835051716298
895.954018053566,548.0691820050558,101.41882250738502,160.59819314573596
894.4647206121456,549.8251084080573,101.92270025002799,160.38796034629428
897.03116047219,552.3627174441374,100.5227404613508,160.70675806316592
897.045104864608,558.9003144458628,100.43013428687155,161.37741653011304
897.2944408924003,558.1972890511521,100.28009283841513,160.48434593968227
898.6490508695263,559.289437235303,100.75921521700309,159.68214586196893
898.5449619835,561.4406882452988,100.11574120129782,158.71118633389
897.5653474890428,560.731395661839,100.12160891740052,157.3506963550883
900.9152804434843,561.6042291392002,98.48386201562795,159.11580425121102
901.6968050373107,564.9600934931965,97.43344627085382,158.6731537979183
901.6322845338523,563.805959051391,95.78634050824704,157.4953482338975
900.3874571209304,563.9391459023755,96.76594611019095,156.67681385163445
901.2468765069309,564.3039204255086,96.2579371922016,157.026048079065
901.8645271552313,563.5021337467638,95.8630500620514,156.21081130738924
901.1186174861473,566.4676706510373,96.05088511581846,156.66854574926919
901.16652125276,566.4442943134627,96.25370433330053,156.22566507285399
900.0205761187938,567.3527367180362,96.18630114038713,157.14665071849524
901.2376092535799,568.6020841201878,96.12943714323004,158.38609458988196
901.5799540240904,567.5132109855839,97.64205971883193,157.36564277902673
900.9652626786607,569.490553564382,99.06162140005537,157.15871982464697
900.752145000104,569.0072741228225,98.63078905296817,156.218097802424
899.7701048340938,567.6776336462441,98.3633504011474,155.60763841248703
901.5483002804555,568.4783699483135,98.06053316450635,155.52851063600028
899.9490654906159,568.4479738281702,97.64706402920423,155.60691218569167
901.068334901212,570.0583242930468,97.67427490092898,156.24765334501942
899.928813271177,568.196549099214,97.55349735640314,155.7543882610358
900.3479384323429,567.6228091263808,97.39511549377288,156.09135596200082
901.5349992190697,569.4844866626238,96.92550453757539,157.19805326530843
902.3250084789304,570.0682272790334,96.35362884679527,157.88931987241676
901.2076440175963,568.3187707399258,95.89951046607298,158.33605361408422
901.6629506018292,568.6029839358839,95.67794004462812,158.7141873665923
900.7053472280155,569.8685645809968,96.63619547208401,158.52378511529173
901.8429676068235,570.325746041779,98.24662084644112,158.34679512854572
901.0817639425009,572.8686862291669,99.17552654764127,157.84945244679346
899.7889766101608,571.9010514546636,98.97165652733904,158.96370365759665
898.9707375811606,572.1336446718843,99.18698831172648,158.6311932285186
898.6519725551717,571.9287013132034,99.98766779505218,158.8001628741804
898.0389081206123,572.2780987828935,100.04693536847088,159.36302004680746
900.3868265975785,572.5875807530928,99.75850426780988,159.40290957768798
899.9164432344676,572.1496157016483,99.5050620144251,159.37138042154373
899.9175662019263,572.9734327841634,99.03530922378141,160.53429336993216
899.9788098967738,572.1523225271966,97.74775571107773,161.68512684444272
902.7165823502437,574.2423017054152,99.04555961242669,160.37397461173902
901.272403928836,573.5424965804483,99.40183055970371,159.95798553935379
900.7171365941209,574.7704270604917,98.33724821329525,161.46684149058288
901.680051784512,572.4489323187041,97.73819314493672,161.86766588550452
901.6508168008731,575.7035727755879,97.70726071970779,162.72699153911992
902.7729486810148,575.0243995355252,96.37269037935779,161.23870196234515
903.4283837284052,574.2903915750725,96.5146562020499,161.01106527914743
902.980471472593,576.4895736768565,96.51419243795574,159.30822719862624
902.1481807020631,572.0896186458147,96.67324993974702,160.0010024416792
901.8818425216515,574.3388880478642,98.04221022276556,159.16338688014918
901.687480330543,574.5401416752211,98.45269177181505,158.98966488694708
901.577795973266,573.5421836111203,98.38001605539807,158.43029222349224
900.5468635046586,576.3337759023834,97.90047698374748,159.50369714902266
902.9777416846821,579.2308543774112,98.54788304969539,159.63313085906233
902.0678990619888,575.1901215258689,98.11485819109342,158.1031015441415
901.2452363333617,578.2256372461245,98.05794818806609,158.3974847230761
900.7841057070817,576.9218055320198,100.04211565915483,157.65370533741233
898.9322643096398,574.91259122644,99.92752657865722,158.19859316564333
902.6820169394271,576.5406102716034,100.33566511409612,157.7634283358145
901.9977727566315,576.0788753990821,98.89336747085241,159.46355470851225
900.7346051650873,577.2136949738405,99.21025741582744,158.95405359381607
901.6401685475892,579.8706649446414,100.80284387714198,158.6902735833971
901.9525545122185,578.5668595476766,100.97358074982051,158.8734501922986
900.5496811487033,577.0149443634684,100.96871813618327,158.24926919100966
900.3479355252432,575.8072096123419,100.50187320813859,157.87652234080008
901.927514989293,579.895189316672,100.90836092844592,157.3279223223986
901.8002810971925,576.1685041273536,99.02200844783046,157.6244518997964
900.8596874758499,577.1556503262798,98.61696512639838,158.22225561133416
899.1261195935452,580.4136292113075,100.54672639454772,157.73888870736775
900.7626029529542,581.8659039957777,101.25421650480064,158.31004237786823
900.2705288020421,580.2966484467302,101.30066596552993,157.90788069687994
901.4157383172782,579.4518102093966,100.56432003037958,158.6902656995889
900.5914655601053,576.432090072848,99.53437514441094,158.00053374291923
900.5387879555612,579.260609065486,100.28454746737549,157.4982065272965
900.8418962236385,580.7440987936192,100.86938885167682,157.67492933963072
901.4135733619011,579.9282291342139,101.36440151278903,155.86167373198873
900.0773511326344,578.4722228548446,100.38154153940724,156.26319658850258
901.8784676041158,582.1116812652658,101.71149853785053,156.6648570457973
901.8875084860731,580.6346060503287,100.47364526953388,157.67497897892946
901.6030075895807,578.6705821769386,98.6208390581393,159.57821426576373
903.0457297907616,579.4635378636912,97.92358750016841,161.0508825755625
902.5718236966934,580.258384834658,98.2280207152975,160.39146431226345
902.477368603921,580.1752457431621,99.30605541351467,158.188778776841
901.8397839806447,579.3218674966685,98.55563781657672,158.140540758224
901.2622708775548,581.0892953943132,99.28359105069731,158.57960793084527
900.937402018072,582.5329993524988,100.20495390103149,158.58193833577843
903.1875584233487,581.8042729159555,100.36720012291835,158.80080347178156
901.6337629179417,579.1855306114539,100.00401886734446,159.3516592622728
901.4980709597993,581.2454433194738,98.91483390259451,161.30787459101452
904.0082951831732,582.2201735667578,99.31180965781189,161.9122111030536
901.1557314346026,578.8279292843813,99.37695207041958,160.9888186939907
901.7362038506817,578.5479559566539,99.6828907784147,160.64192818408966
900.3548565682424,581.1483905856171,99.71134481137193,159.91773920494134
904.0013730916577,578.7807053499427,99.44610660249305,158.98992932503305
903.4022623233824,575.2435231906226,98.12245752594549,159.47146346255138
901.3864430311482,576.7021662995205,98.22179435069383,159.43202539310144
902.4343915115164,576.1403641461804,96.99972484738558,160.41863441403203
902.5486701162539,577.8154635437701,96.08307886322946,161.69941849467682
903.584254116491,578.1858057674857,97.13456124765813,160.83947440667112
903.6685596728171,577.740413576754,98.12342536808401,160.07733425047587
903.1014604434001,579.151826062276,97.38013974374238,160.6449478361031
904.4455805230308,577.8838609984695,97.15161089772874,160.6185934941115
903.7658282970963,575.5134666165127,96.20027665025688,161.29829655703645
902.2967046635381,576.4607328589366,95.8820327331386,161.4211669595329
902.9482091460817,576.4533592633771,96.85135166798437,160.83903037684814
901.5401080360048,580.0840454089432,96.76858471470676,160.21817436684378
904.5103060510867,577.2097234394842,97.50442149933176,158.9745611875369
902.8056650142039,581.0513266790572,97.42399705683155,158.97719245405725
902.6063303826202,578.5939398929426,97.41329822221667,158.0423084907336
904.4880998361843,577.7215105295959,97.6954646335393,157.33707251756726
904.0168503796859,575.5515623257255,98.27237318279526,157.54888474256882
902.5235262838603,575.0392558799317,98.15829047845051,158.52052118234224
904.3730896321783,579.6233024381644,100.11866056602453,158.8919407001543
906.092959348221,575.3112838586422,99.67684999174256,159.0551309582586
904.4531494170956,575.6908563775789,98.86973937379939,160.59613345380205
903.1783612498798,576.4080107084253,98.86813486869227,161.43164691277576
904.1293906949259,579.8959954710523,98.48278256448422,162.6733325694066
904.7875431643622,573.5407590740081,99.03027266764967,161.99185475619512
901.7835241034412,574.6464448271101,99.5724690193195,160.3106828969407
902.3889095106781,577.2518557864711,100.52143340763496,160.23835451612163
903.4114870629948,573.5998119627293,100.44556546006032,160.0229194966741
901.3601995147189,575.4494621730117,100.44573834637629,160.23895616183304
903.8359340088484,576.4020844681692,100.41150520940536,160.37244052392612
905.9157618461758,573.5195252787862,99.91900289321008,160.38000294108323
906.1811520986881,573.943608585698,99.58400579468136,159.23334318036316
907.0167746856657,572.207819221452,100.494135981215,158.89963740873313
905.4686769576323,572.3617407130401,99.06677615850381,159.5501924696662
906.8264164862584,571.5057824667203,98.46464439319804,160.98218495703568
906.5661375137042,570.0406856849211,99.09540406963063,160.3784289070632
908.5097510016597,569.7026454215961,99.77913523123186,159.81020549198632
907.5402793776778,568.8546567849922,100.90221367778871,159.6020759098017
908.7667969872803,568.8768945442449,101.01208615435425,160.2624195937194
909.0583641983675,569.596673852122,102.44696330215656,160.35450567992314
906.3418440375865,570.9089544210682,102.45490663504054,159.94825704393787
906.0101593857084,568.3102893541978,102.57165771560635,159.42706605951466
909.7580350846879,567.3410066113565,102.03919367116316,160.95588328899055
906.9147067038195,567.9794337930048,102.21569332459276,161.14845162371506
905.4979318445231,566.1029575880101,102.37681920361658,161.46329272846762
908.0810870472375,566.1827207347364,101.76115224224921,162.92400163971155
908.1414359889272,565.2752568687598,102.00996721487618,162.8815103576879
909.3602675238021,565.3005592501802,102.66731800201424,163.78342608453966
908.0447073887403,566.6786262247866,102.84032627071872,163.81743014153727
908.0893216792176,564.8338536492503,103.20571918358053,163.63688218538647
908.9526287394605,564.3455051764595,103.10808963359818,163.70283237775226
906.3885417873848,565.2395719963733,103.18914868865892,162.4607351005726
908.7025474155108,563.8648190847218,102.44000338966694,162.71578916262973
907.7594383612175,567.067700738956,102.58104077220253,163.82287470822638
904.7240845552203,565.4202813995746,102.60433408137075,162.83147710082596
904.5454347666482,563.2649992308745,100.58580133925531,163.57359384835175
906.7293765205442,561.4123285713844,100.72887507252183,164.6409136982158
910.4218813342573,560.6702183809377,100.12121348663008,167.79383012498474
907.1161660741745,561.6456904601107,101.20564691740935,167.56844329390924
906.372649681663,563.2363899048622,101.06362277189054,167.5332760557124
908.734201007122,563.3232901627032,100.21385977398776,169.23166053186705
907.1729794805494,562.252818347358,100.75073129965182,167.99505189166806
906.698947545514,562.8534100612593,101.7998768837568,166.16189638935677
907.7244343211731,560.9556477941926,100.13754376598826,165.72778854586556
908.4215782446047,564.0590558504699,99.2670111714865,167.22654837630427
908.5544743809439,560.6616811416534,98.49829964212084,166.696300845695
908.343854382051,560.1840749101444,97.4348468279409,166.9444168512316
907.8645444389277,561.3210427540458,96.85033345536763,166.06179674284311
910.1886482762029,558.875336512433,96.14904712938919,166.447133843836
907.8292935637614,560.184211797879,96.29564590134854,166.73482264977523
909.8722007851837,560.5148659755491,95.97543762343612,167.56616635303627
910.1112691701799,557.793120042212,95.96363126249392,168.1914180540002
910.0382759376846,558.4368156173197,95.94531047591173,168.38357118574433
910.5959177352656,559.1438374655423,95.356054739007,169.27164912855073
910.5468407315323,558.2631370668668,95.62578274301772,168.71777544889687
910.2698207060126,557.622400264024,95.99909081206415,169.11826957622327
909.6708181701154,557.8186571851705,95.9119187722331,169.9950787253012
909.6600950344769,557.6356820241743,95.1137525404583,170.7152595406008
909.8545080489118,558.038982639775,95.18510673457646,171.25968091052718
911.1793741886688,556.9392511666771,94.42196016749534,172.30432424898825
909.8465604573051,557.9217633876865,94.9910116548046,172.2798845857552
910.0065504576465,558.1071991364042,94.7968339177394,172.43454396304872
910.8004807785517,556.8501454045289,94.22598074605992,172.22450458384287
912.5144953835842,558.1465142244585,93.80488260250809,172.48529401307547
912.6884649381873,560.5254315934402,94.5410264543844,173.4381388062096
912.3178254774766,558.3559516745248,94.51129849361507,173.5482702138644
912.7821215820139,555.0429579548487,94.66113836767022,173.95306195543225
909.7206365168031,557.9810825162341,95.0843895459129,172.56938275606248
908.5570144870458,557.3085057035363,95.16425859398356,172.18944945404405
909.0187576660495,559.9036465366413,95.7913253193959,171.7397817252119
910.7298260825703,559.2344964545183,95.85764139773127,171.78017191440614
911.0303314067985,560.4419495250947,95.00742128567836,173.42279045434447
911.402917666152,560.3614427601188,93.92601729686348,175.3228007284522
911.4077075154207,557.9774861628769,93.94824344889145,174.64166492696444
908.1740750665027,559.5920188081079,94.09345300691425,173.43108542103298
910.2635972316284,562.3495427288738,94.55685519460711,173.2269115647918
910.6552568297049,560.2172323065857,94.86169710933231,172.37856777924088
909.5399079370417,560.867095495222,94.69869167238386,172.44976992789316
910.8979013968565,560.4848097701476,95.89523374445338,172.22002819759516
911.1408046134119,560.3941949060761,95.53745533160541,172.37922019052928
912.0344807899551,559.5549725327583,96.57467172699313,172.27972621360095
911.938760338492,559.7360777916626,96.68111772522221,173.3597208864507
910.8254235096676,558.1530905887594,96.02074909885923,175.03153881242167
910.2687534157512,559.457794512025,95.44675343788367,175.95296134919136
910.8206211436408,560.9825962230076,95.1212231384309,176.58047265233913
909.884825331489,560.2007272981261,95.55332921280768,175.6664048876306
909.774191339364,560.0909580847632,95.35972961712056,174.92323347024393
909.0001437009605,559.9235230967832,94.25921859357376,175.2198359231535
909.3971404013279,559.4982039596043,95.08477184467911,175.13397948945024
908.9359886576207,558.8479696237789,95.62554454057243,174.91292337415197
908.4331765714497,562.1497856755195,96.16165139251984,175.24864807456478
909.1513611591748,560.3683960738972,96.6778203497373,174.65609471250178
909.1782597595444,560.5315831755979,96.70103574751253,174.61254541282685
909.2731215110744,558.1371869502661,96.91129833272853,175.22379183916792
909.2930886532793,557.4219074495011,96.95220994819883,176.42173623407922
909.8301706572258,560.6198207494705,97.67343022813975,177.3627941327365
909.9380280028997,560.3364970090657,96.31577148600304,177.12849150358747
911.2145385048458,561.0674675134245,95.99863777115826,177.30430016680583
914.2064989348662,560.7769232456136,95.15186958293131,176.10252746967004
916.0659627259084,565.9370132524059,96.37125500820159,176.490625158417
915.6359151365506,562.1004051928114,95.77796399936382,176.31795790816017
915.2633700503415,563.5365051669676,95.7319912802989,175.63964185572183
919.3160353396734,563.4209998149684,95.97537266910322,175.19740468593733
922.4678216155546,556.0975743146247,92.64620063766542,174.94973111234486
922.8074500095332,561.0988984588184,92.08670571901968,174.5349972908151
921.897327706885,561.7178631910506,93.72022826923859,173.84289843376513
924.4999125362791,562.8344855450555,94.34235439063214,173.92692996515063
922.0903641262171,566.7809735877344,95.00676189877512,175.28624460550077
927.5715316493781,560.6447974754,93.78415959476249,177.3696310327453
928.4969476557619,557.9497624573224,94.51830997716708,179.92030769159615
928.5000533140624,555.629810382622,94.54148259373787,181.44415516031762
931.6505218405396,557.6747351490444,94.71650388810383,180.2674752498943
930.7911392148477,556.5313657875843,94.30923821755162,179.97609898639485
933.6093648153619,557.5637492396068,94.36920244087005,178.92517633398265
931.5917018519878,558.6380073018338,94.3218095184364,179.31496000849384
934.291185007962,559.6516050461935,94.6588823681699,178.35220560463625
934.7406119778918,553.2088026152345,94.96779102730171,178.92380175378574
934.4444181030173,556.3557385199374,95.11414011366358,178.73664562354864
934.5549746242557,552.1931025003346,94.8508458028524,180.01283633722332
937.7176450392772,557.4056717500074,94.86769142376764,178.92765316777255
935.7137195036853,555.058152339969,95.043894860445,179.13721024880545
937.195855852774,559.3592802509685,95.14986313669385,177.28192603401453
936.4501827042674,555.2844881338522,93.5851231319036,178.58302670577766
936.7515524876504,559.6329259036195,94.40345926685119,176.2871797993608
937.0811236654597,559.7494919884466,94.5385523195387,176.45390360104292
938.5737697808809,556.9944063034833,93.33470678402398,178.44981897045074
936.4564153077199,554.5591499966292,92.92864529501281,179.8020837413701
937.4078562467121,559.1252103414162,94.21658935620701,177.52118842792547
937.799967555352,556.6065069742175,94.00088925183967,177.46785305111666
935.1585582479098,556.6886119997193,93.08727003103073,176.77080459593435
935.2112349757624,555.7559090520162,92.34673347939366,176.7431303760222
937.0984274240232,558.4074533302736,93.54293392909412,176.11568764775456
935.7899494215728,557.0414534501749,93.32883310072741,175.0706235613638
937.1001771431339,564.5143768650294,94.12917643613918,173.24433220498258
937.0954741240929,562.884620577802,94.58352885269076,171.50223688453974
937.2531049181588,563.2352883790759,95.8374549057028,170.31757106200808
937.1521443723182,559.5620712199407,95.85972642083917,170.30212126315206
935.8463064971315,559.653240796024,93.38213587101114,171.29432370358336
933.4751210918881,562.8416196517724,94.33336087995364,169.71932142040077
935.4330401834109,561.8053090164832,95.93041971152627,167.30081710733037
937.6125060658704,562.1869136551392,94.93733624944814,167.38258455321267
938.061621730547,560.5511321281334,93.69139344639171,168.16991232051151
940.3386460867434,560.8744896850587,94.0039385717368,167.721841442391
940.4156205391887,561.5083600924847,92.70573879709528,169.01116826021405
940.9177727191192,560.4570640540967,92.4572614469123,169.70583353912355
940.4967127728661,557.8417719115887,93.21005564318861,168.8565547526978
940.3253186710225,558.648603094727,92.80350331266546,169.34618032167796
940.8093344878582,560.1350772749781,94.21613078238752,168.34310574714857
941.6454362934383,561.2428489089792,94.10230014562336,167.78169353402453
941.7980635485167,563.3756828054953,94.90989499021038,167.2335109304302
941.8581890584675,564.9913248419892,95.98358246403753,166.5844714920706
942.4976096656125,565.3800062127368,95.86433077878499,167.48678504490238
944.5846736521918,558.8947004194986,95.25887832366223,167.7364207555242
947.8197111052935,562.1908979856968,95.93151458002575,167.32636147670442
945.6678618830233,557.2066371009537,95.15821479077118,166.54727887607362
947.9676089911476,561.3381020151833,95.62650536074692,167.65152033515096
949.381876763524,558.4005844219744,95.43468165185521,168.21808050402117
951.2403391674617,556.1352764801571,94.92703185122778,169.3674927362275
952.9272435480547,554.0413346210405,94.74636311994917,169.43666021453146
955.3865384942924,553.3672346287397,95.10063613869804,169.22648722473735
957.9502745793263,557.9796677459199,95.00973785550138,169.5734135929161
958.7062686647148,557.5187292750792,95.252074001703,169.87948186884495
963.1007076296574,554.570211746178,94.62172058506242,170.4608793381465
961.2034517657049,550.2781349303038,94.38598414783672,170.95148324150117
962.8828164290622,557.5877891070174,94.38183307772925,169.49451791328138
966.5988272782491,555.3846268637409,92.61608545009508,171.10632774376765
966.9841059293782,555.053104749442,92.52470036568305,171.3039697566462
971.9309011905176,559.3125129283438,92.6581455565999,170.32196141275855
974.3906771938595,554.8099012519957,91.7901119901628,171.99873408567584
973.9860981510138,555.3539199272316,93.25440499215958,172.24560259801228
978.2374639690087,556.8425148944223,93.55602230178764,171.2234198591035
978.8692874409141,557.6565130172855,93.8574934323937,169.46675166923558
981.7548734066968,558.6456705499551,92.99582782178192,169.47175743614912
981.6195540260937,559.0277178962085,92.95544704315488,169.6277040663504
983.0423150512194,558.9483058708165,92.51513477264304,169.6937760553501
983.72024517394,559.9165289497782,92.98050267375467,167.9641847921838
986.3913689198902,559.1815081626249,92.31155592495756,167.20598373076365
986.1241630662362,559.4788313267874,92.62487522933034,166.64073848684694
984.500781495007,560.5753583685026,94.23432822450326,165.35436343764954
984.1788347558744,559.7575940522644,94.39912335295892,165.4606619523281
986.3000380011431,557.0645558243099,93.10463408539819,166.09616095843856
987.5922158435066,558.1661449767698,92.42313725401146,166.31623571290584
986.3308356642402,559.4818169763239,93.45272735116097,165.64513732308114
986.0307717727395,559.7795432694944,93.5743700565428,165.69801888228614
986.1022019578143,560.1305133637145,94.26662196008635,165.9347864031584
984.8908033402499,558.544218392198,95.38156633094957,165.95923281629942
986.6195516752721,561.86414440681,95.71385886073443,165.05787852114503
988.253922894008,563.5439234982576,94.33073713649654,165.46606678676676
987.749741125317,560.7723555379831,93.97018845387734,165.5173213367713
986.3020507785355,562.3064355848986,93.88533118662495,166.2206654066824
985.7478110237157,561.3153089031625,94.64787466611507,165.76367926820143
985.1523125611175,560.58107414029,95.42267190716858,164.8330015218366
985.5993085721469,562.5066203089576,95.82906238003594,164.2047890711286
985.4463923104163,560.1885194079844,94.46588104565579,163.46319183895636
986.095067571569,561.0590245666257,93.70825296597747,163.0186117518144
986.7126622294276,563.1224521713119,93.52744359029315,162.72229696106692
985.5528905472895,565.4013879234093,94.47561580455246,162.24844940935628
985.3897425218197,563.43892298235,95.23836892322026,161.88174759286642
984.8018606939803,561.7759537115542,95.37885592751653,161.30941505062634
984.8103964784817,561.6822649860628,94.0401299195411,161.73097782472803
984.0662863412877,559.8222608481418,94.16307540698014,160.89893074168342
985.4799194868712,563.5488621754391,94.79443490927017,160.46962048973762
985.6889106238643,560.8239601773964,95.47429914330995,160.72053570713672
985.6182042797603,562.3861352961411,96.01701992101258,160.7896056413849
983.8355168861262,563.3036825057716,97.67671655524285,159.02024691987015
983.7535204444732,562.7510960014247,97.67161048017584,159.3677975077763
983.0882503534049,561.3620386904435,97.13184929646025,160.08816858039185
982.867255536877,564.4829460876814,97.5851993578119,159.05077721349767
983.8430627878183,563.1567787461188,97.02646088494384,159.20325733195602
984.8166237359006,562.0523724090134,96.9145899624806,159.54642781618728
985.5105284311597,564.1370237349427,95.27020424249281,160.36693944579253
984.8328883027698,560.9530468805426,95.36541655951433,160.26585228392617
986.2139886295533,562.6804748553968,94.16035792521922,160.47523979391923
986.3030365989811,559.7685201014177,94.26749861322727,161.119303968778
984.7681555321788,562.30665997615,94.35011079298962,160.3866111410055
986.8335906030968,563.2387604910751,94.56958721640024,160.50100477191398
984.3350928032919,562.8931987523058,95.1348477772527,160.9749289089899
986.7757757544448,563.581789728041,95.23537970590988,161.6191066396028
985.590947526553,562.9694338867123,97.28908704951667,160.8995843087028
987.3443852366654,563.0158441377819,96.77583846225397,161.27299428842662
987.02851321144,563.0109689047532,97.74473627528369,161.34896704219847
985.9550229363205,564.9422088699276,96.99332843975009,161.7147619340847
984.467578689939,565.6622783235705,96.48844531843807,162.58157884116045
985.7674818388092,563.9914400918881,96.5734167573616,162.362882475088
983.9369767520103,565.5578317025377,96.0897049460962,162.0817494918261
985.0439153144148,565.8925951517535,96.62510732034107,161.4800514423523
984.2068831058892,566.1133944222955,98.39910709019448,160.0779610055927
983.8751236318928,567.712541288343,98.3234688383276,160.10041689012064
981.1587261205013,566.8492742596901,99.25843299334339,158.92395989098418
985.4508272175465,563.2478809374724,98.40833924728157,158.62942588341156
986.1382314294079,566.0462718658927,97.9319026392401,159.3838331630761
986.2586800227717,565.6291934397362,97.79622590446364,160.40285413408418
986.7846889640579,565.536930798214,96.37005199385918,163.0424134346915
987.1816241221227,565.3177152402302,96.97064509764365,162.2243933015365
985.1344898213448,563.9674094694144,97.20306963639428,162.42293680041305
986.7760729825579,561.565110342454,97.35013464674685,161.18911628449746
985.5583994108125,565.4953313891712,97.72634158485454,160.63263308388537
987.6771615777404,566.4906492128193,96.559822833808,161.185599426335
985.9235790800537,566.8362183185744,96.30558808324031,160.8625887098753
984.9143839952153,567.4053863565456,97.4236816840467,161.35821311939145
984.5570081449699,566.5218216177215,97.40514187777006,161.2989328995071
982.2030463988751,565.0118872823475,97.4849869092663,161.25499098332568
982.3624418561501,565.5241578278503,97.72215438495223,160.77618554953503
980.6190703108869,565.2112829838761,98.52972233700521,160.5151508627695
982.6181460031696,565.7340511914274,98.18947939207612,161.2647117987413
980.0378351805743,564.9339827965186,98.89056591534887,160.52097079620026
980.1429109012737,566.0935099027063,97.72193381780315,161.87284577732177
977.9266661744069,564.4548150439197,99.39106134068942,161.134028753562
974.9610727955493,565.1121460528785,100.83698665812774,160.02236899477947
975.0285920307674,565.8931090962307,100.07614662442839,160.63856232908054
973.7066928283151,566.7892002721885,100.46762402446547,161.57355449765748
974.2019494885874,563.2908329405202,101.39039178702785,160.8080210945878
973.3518497779686,565.9311216602022,101.83389915637798,159.6413209516715
971.2932318942095,563.4790287829246,100.25645089527076,157.90978979109613
970.7064934098931,563.8592025810483,100.30956427080189,158.1955585469299
969.1220764765616,562.7303580670264,99.16137342967093,160.2397956083304
967.9219904334401,562.6091292504752,99.61348893727776,159.86374293555127
965.6809824718079,563.5310581170452,99.71834478821549,157.79792726552844
964.551233514111,564.3764759697812,100.17773188665375,156.607862665346
962.9873315933775,563.6932323478358,98.59132092633237,156.43656759779716
965.6930225297414,565.2606178149338,97.77335288340797,156.6572832949947
967.6644429625563,562.9107533840288,98.36610934214943,156.03353536542264
974.0691991452078,561.5477266173542,95.75702212485689,159.1863417342841
981.4849362861427,562.512145452033,95.65639806271363,158.8907910178989
991.5457885924274,563.5102751487614,95.44405815046152,159.97581829321956
1005.7356523457622,562.0947505739642,93.70244557299118,161.10323055812447
1028.8111951398491,562.2703284071603,94.17071804756122,159.90333020131428
1051.2512201299035,564.1085352556975,93.34524112653466,160.95534629855146
1075.3545483672583,562.5449456117947,93.27362874972542,160.8134203903578
1106.77893710103,562.3200702448074,93.08267293745584,159.9100888250999
1133.9323930152682,566.0622794216437,93.46294448910606,160.29382738137
1171.7922965045784,562.6613818100834,92.51236358470432,163.01776987850786
1201.857533157135,570.510112551106,95.58121965581199,160.75580568039814
1228.6958771808368,572.4235111255123,92.51020635206095,163.5394173145445
1255.3758248198333,576.2825261377885,95.1873288963335,162.42995929621765
1273.294609519714,574.5319873025704,97.62895718944311,161.31365491709332
1286.5476895149122,575.0357912737641,100.02507609919296,160.01714433436342
1300.8108293221478,577.6773370148237,100.8855362155568,158.98088617667656
1306.5634417628846,577.1126498034708,101.25180753464474,158.13574742627884
1320.0666980930698,581.5189036539585,99.70497352417657,160.9020494634627
1318.334123760917,577.8512571872972,99.94045452490796,161.1558299456136
1318.0582665611548,579.6718386095307,101.23901750765381,161.71909482026263
1319.0340817283727,582.4434720697546,102.57589153532464,162.25333777988064
1323.329256456757,579.0149928566625,101.10749079758052,163.0313286348064
1324.3481916184164,577.981319851765,100.67238841859768,163.58650623716136
1336.605612423794,578.2544772303429,100.79659824522054,164.2566213096029
1343.3326214111933,580.3416083885534,102.42334980930138,163.19471184123506
1357.8903690375114,587.1693891205114,104.61339273415516,161.80533423046842
1384.8121027241698,588.6567397512032,105.70847821728381,162.82486323947052
1401.428371667084,591.7418772285383,106.83988152408219,162.38094669849656
1429.3022860286328,594.4441902974926,106.62561832222475,162.94390040220173
1449.7337407152531,594.3705367901766,107.06519536866205,164.29905072051412
1467.4745433023438,596.8591990350417,107.25020091225392,164.99284878174842
1483.339090047056,602.1022577937892,108.57075189304445,164.84516929831074
1495.9634803821793,600.5257615020279,106.78750352565432,165.41385015812452
1507.926079449727,603.6362952081065,108.3910815593822,164.8901485067704
1520.4993437246603,609.9204691966931,107.12378541613161,166.26646071636475
1519.9463059649897,612.2919873186227,106.75222185637884,167.05094036071966
1520.6313061015135,611.3066197581767,106.94460523506503,168.07319785576487
1511.235271679452,610.1499771320822,109.44716716695683,168.12143841877537
1507.5355607476781,608.6514561170554,111.3988394157885,167.73042321692577
1506.0919052510376,605.4737464259111,112.38414294847556,167.88159846240416
1502.429718306397,606.5913788817769,112.47702908674975,170.2411430828381
1492.7435174675852,606.0339817724686,112.31903525656074,172.15830337935463
1491.4423568887298,607.7689867962471,114.51161554904074,172.70625197285
1484.8214583472254,605.317477511196,114.22635879904209,173.2193875015702
1479.0939084409092,608.0024188180462,115.3170329524948,173.79290717821422
1471.333508030768,608.0955740690353,119.486418138622,172.68091985357356
1469.244046133391,603.4585540602632,120.71809466660612,174.1572990434811
1465.1577542009497,602.533655278023,120.90358126815266,175.3977269723794
1460.323404043585,603.7631225857685,122.62035105996335,175.80231965486206
1456.4578081686157,603.2009044001644,122.7059563192712,175.73038900069488
1457.1319787023083,602.3024630139007,122.76237668548713,176.35246160209502
1452.6838526080182,602.9350399587878,120.27210181260503,178.59744097876973
1449.9364805677767,600.2604569587064,119.4818999282748,177.74367319063307
1449.6820135954515,600.6810157343948,119.95729258842363,178.64155488680714
1445.8348489245286,599.6374123775489,119.39028369632183,177.73603622818447
1444.6302015990084,600.4994557174438,119.42671934620225,177.88669777837526
1443.7305287013266,601.6678349081703,121.71143699944747,176.81092155272208
1443.926622786129,600.5189995065689,122.03418669557684,176.64602145023943
1439.5996614231622,602.0399963430565,120.66803648449864,176.78480938012382
1440.3945300379971,599.5985543942706,122.76122734015613,175.5641910041358
1441.3186698288791,599.8921151970388,122.43879471655251,175.7917331068095
1435.1269056060753,599.9637624078582,121.12756283958907,175.63291171897887
1438.625417065943,597.6233948281994,121.41192629528084,175.15652474313416
1441.2812955913253,598.0796244553492,119.83239776204871,176.11780258562112
1438.3010525888797,594.8244595686081,118.96232737427053,174.7290244260588
1443.1446462167462,602.3949388884529,118.36067612165023,174.79295317650593
1439.510809759819,599.2421358354482,117.38382980180086,173.27181854078577
1444.6003824633656,598.9684360019062,117.01672377001289,173.5833486214019
1444.2797341553317,598.0922170126539,115.98349369464395,174.4072885105929
1447.2999294196914,599.3530984096311,115.52583441287305,174.4125483168125
1447.4174707905288,596.8911204442793,114.56121418416788,175.44996073517189
1449.293648359321,596.775355464296,112.8762611709884,176.31974778141526
1445.4013836996678,598.292681932206,111.53075222888145,176.20015512734886
1449.4963902104366,596.8212688138088,110.31546350009887,176.94854767502576
1450.9303232640623,596.1614619942511,109.33466244583377,176.98465229810415
1448.8338999456057,596.1634955764707,109.26152836222661,177.2667922433547
1450.457046130425,598.0711469040359,110.09921321503106,176.92869796415505
1446.622625459888,595.611693720418,110.6634407751292,176.28651338519353
1450.6976921782912,599.1367775188919,111.27357459601339,175.7299876415782
1445.0650229838432,598.6615747189676,111.62541696745362,173.15579202034235
1450.0281399071444,600.5055890461845,110.89277709973274,173.02373093525972
1451.915902670349,597.9547081037906,109.14484613966908,173.19670225074196
1452.3627796896285,598.4904126326991,108.43581786252335,173.234399733605
1455.1510934236242,600.2695801457953,107.63146107400613,174.19042513526904
1456.3975474597542,600.3329946255875,106.54265568481314,174.313720093741
1460.7130974582071,601.7062632575108,106.29724733066875,173.97735719970646
1467.152607511953,601.7921992189123,105.21538164975156,174.1619507357735
1474.6626863827316,610.4585704964389,105.78210077739584,173.4393041585034
1485.8084462809904,608.1271274550919,105.98326057682559,172.23046420512568
1499.3863803199943,610.0244525398969,105.78985587772442,173.03930820284347
1503.687172362236,610.8944356552128,104.9846370543185,174.15194087777505
1513.8617956477422,612.1603225338471,105.63671036856007,173.92900596480578
1510.0916178327384,608.6352376012314,107.00150075580036,172.4203512908526
1516.4053293267416,609.4553390168481,107.08980175918796,173.12371368522034
1518.9262603964937,607.491180500753,106.19070657219861,173.02453676370573
1521.6662864902014,609.9827270411172,105.52454198091323,173.50612387783218
1523.5240933371265,611.1302745079595,105.18631747964432,173.46860993970714
1525.377708193266,613.8963147591869,106.41137975192359,173.49154357070574
1523.8406886728699,612.538160772076,108.5460116825016,172.83490790517214
1523.992896070552,611.0637598119315,108.57515577438048,172.41690498728073
1520.9756728419536,606.6882946121785,109.91270901639773,171.6511432252266
1523.354407432905,606.3031848648825,109.32226730794495,173.05965765504504
1524.0305196913457,608.309177223282,109.43940290420726,174.28692979707205
1522.5596707802167,605.8196043745468,109.37479860816404,174.78693330551636
1533.6232575992394,607.2417522983299,108.539895630519,176.2046198988988
1525.5055215509867,606.5169606947379,109.4870262048075,176.44644885174142
1522.5938447336575,608.0304730053202,109.14915976576586,177.40683477592597
1524.6006092906869,605.9192383903988,108.8666367971845,177.00632293429652
1516.7588592471532,604.986262094541,109.38157876352425,176.1659149474754
1513.5539663029833,606.1435872112355,109.8190741359646,174.48013657220613
1524.699793906837,606.2080006095434,109.73182757388695,174.6210449628824
1524.9048036311356,607.7533807111269,108.9485771613447,175.2553065988575
1513.0722641686812,607.8765954720562,109.96795944623847,174.00640992154214
1508.6400868033636,610.8336222312693,110.27768675835553,172.9658376767672
1514.7601142292376,611.1318280406125,111.47751418505007,171.9724241061478
1509.7879788230437,611.0427248839997,112.11579477832156,170.7772644211055
1506.829475675763,612.5783947921287,112.07235328464479,170.04509124608262
1509.3299244756913,617.1269027847917,112.10158607114026,169.90908810102763
1503.4221654949722,611.6310197254224,111.51824024015927,169.68472587046193
1510.9360397336998,615.7202282325974,111.39917363221099,170.01434928427378
1510.589430568576,611.4393257825179,111.25249260132472,169.8224796772915
1508.5730078583767,612.4069184274715,111.99594912668871,169.71329674677472
1508.8338705712108,611.2035644503734,111.68858320798527,169.90254740650678
1507.688824611925,613.1466127869745,110.8727269167943,170.8596385422949
1508.942432137217,614.1458930443795,110.27834960996907,171.79773164152917
1504.3261514741207,615.6005768483892,110.5014666994066,171.67880626182716
1504.6688422219968,615.2920946519474,110.01383086956226,172.34528249714026
1503.337527907875,616.4503819329291,110.16280502736214,172.48102040465932
1499.2662550085247,617.2108478056667,111.15978579310384,171.64103024091006
1497.2062551587494,617.2004367323301,111.07243476175836,171.77887691358333
1496.0969946916625,618.6123140019548,111.10585371000064,171.70504226569142
1502.952450977405,619.7853816947029,112.04933242727272,171.63736595230841
1492.4613543150986,618.6472650929252,112.40233339959104,171.49781789632695
1499.534072089763,617.8172764751598,113.62829296134635,171.26780718630107
1481.7796518187802,619.2289651343923,113.1277455333411,171.54938768682115
1479.8979765864367,619.5257123326901,113.46752035830347,171.0650404738225
1479.7793578930543,622.3608615164995,112.98994403580889,171.1918993938013
1480.019175931509,622.3385066543558,113.14079146700985,171.1590058896987
1478.6415215242446,619.6069578928718,112.10424208527995,171.1594960289384
1475.73345754381,626.7766142914587,111.9035472312079,170.98437638514608
1475.002120008397,625.657381650069,111.70488623769505,170.86685698012022
1477.410183084014,623.8717209117453,110.26015329019634,171.15970555637702
1474.3231045292612,626.2950937677329,110.38336559455678,170.63354986362802
1469.4749918470443,630.3114305425095,110.45736329022847,169.92103145781255
1481.3272023652403,628.6498328790915,109.99314420390984,169.57137856000878
1472.0890298874886,630.5207839433617,109.95977121812898,169.49692542896577
1449.3562029027516,634.0068317635229,109.95213951255394,169.28711788221034
1461.3395415097398,623.8094283481296,109.88961612243013,169.22632969651747
1455.887361633229,629.6311341242583,109.18145851857935,169.4823589096409
1458.1296199810627,638.4528516154558,108.93246504678862,169.40949010461412
1453.2430934997203,637.9668870903453,109.85730481367261,168.32076642198606
1451.1018645747545,637.1714014711866,110.15568544840963,167.93700883759522
1446.1412820076996,633.62878752397,110.95518844262685,167.59624185898164
1445.249902072626,637.8822717656335,110.75749053002885,167.71192829051049
1437.4710583851813,633.5600779101583,110.57794474299178,167.75667992358004
1433.6370532771618,637.0220855935015,110.18590971672138,167.67907149353906
1429.2240490769263,635.3612346652728,109.63704877057376,167.63896767258248
1425.871432050744,634.984971590006,108.83067040762435,167.59848084646973
1437.2414409466517,645.3234167333807,109.4710828373666,166.68022131228395
1426.4462667102152,643.1307765646143,109.98582401043511,166.18568559451876
1423.8544736148788,641.9888462889935,110.71640154937434,165.65600330289533
1415.337813598253,639.0590386236663,111.22876554319747,165.19121534756957
1401.442965906224,645.7309673302932,111.39739388013622,164.64460963567083
1410.8639588107299,651.1731143733729,111.62542111738912,164.43658126606414
1405.8632499541036,642.1232965795392,111.71979060523896,164.378286479586
1388.8397383129807,634.3072088771412,111.2744623555024,164.83496292197958
1373.4687546710672,636.9980788349346,112.07655117558407,164.37966467585704
1366.6831055195082,635.2796819266606,111.05549184320411,165.58225491536334
1359.8179535204595,635.9474761276414,110.98505369194861,166.24805220218354
1359.5242377526229,631.2348412066176,110.46297432903174,168.31531604371224
1353.9816995678655,629.433985469803,108.70632153442271,169.50418810465217
1352.3153237977822,629.7561594111132,107.35830029321724,170.8953083235334
1351.8439084234456,630.1612192324978,107.00985899770883,171.47224693882083
1347.2307353899148,633.7343754293953,106.48583885383263,172.04896272800926
1351.2024857888957,646.0480503970348,106.54938666274342,171.96747117590883
1357.7983471888517,643.2677284576616,106.42440008414509,172.087606212187
1356.3226433073498,645.2319110126992,106.38098248398936,172.10838904179386
1347.9467404811985,642.7491702377355,106.25449033050604,172.33142083128422
1343.1179578345561,638.2207526457715,106.26509059693541,172.66795915547098
1348.4561381912176,653.5764192434067,106.28702166217663,172.63456251415565
1309.0801305735965,734.1767146021009,104.20382418989969,175.06029931141586
1292.345926241679,771.1292932586279,99.85853885349032,178.0455075989477
1290.2286127574903,774.3738552022782,92.55805820925798,185.09690342600268
1300.0293901576904,770.7670691351879,86.56800891728082,190.1828138551661
1295.8259452372363,776.7644684388673,80.3002819445291,192.64021804474322
1304.3729888282598,767.0504123105289,77.82292831350732,192.77566291250395
1300.5406833933641,767.789068284781,74.55541218439728,194.5325941185256
1305.1082404319582,774.0045339449447,72.60554791266003,193.07542340305662
1298.1724353582863,773.6539534349556,69.24758767120966,192.57484010502645
1307.4368601614365,786.3870910600166,66.90305088534407,190.07899141435274
1302.167442712106,784.3627729348709,64.55992300782052,186.57424955948053
1308.706730880293,787.3668186032202,63.029127662047514,184.8576149221533
