786.5,376.5,92,233
780.9203063275552,386.29875367887723,102.69043379502764,214.32271254046935
778.6122897305702,393.605515213683,108.60219364591156,202.54232340678624
778.0123917163211,396.5880522687847,113.25383269770984,198.14942265359272
775.2949941106598,397.0256039972137,115.5141081317344,196.08215966323405
775.4011841904193,397.98422667180347,115.72042601484674,194.2015294808676
776.9881239710287,402.1001642375493,116.12540506759572,194.46360996155857
775.1299994039616,399.4244504085673,116.92229618666954,194.5191558713231
776.9080419802085,399.6456823618699,116.68571195733239,194.55415532931912
777.886906755037,400.1901295900632,116.69203305827213,195.58189166555027
779.4390473573651,399.4187726920847,116.28521465078063,196.6530774678282
779.9412776930287,397.55228936521553,115.07592735625215,197.25387249070724
781.7776450382884,395.5409380830897,114.20867696062419,199.38892230017524
782.3986785424961,393.4947302956152,114.51332878803942,200.2434886395895
782.486307189098,392.96616178445686,115.558557062882,200.1910983124342
782.5277840615195,390.26390588924676,117.33769664746879,199.80523820801793
782.1320681230966,390.7881106005665,118.99873007203274,199.31259596391394
784.8435084483968,386.1990399704372,116.8564251736905,200.0427963977565
785.7379482072479,384.1407832945589,114.56851023795484,199.96799266806164
787.0735365908636,384.7111864522499,112.57785841598243,199.683127231071
788.9306066378832,383.19640678625956,111.16789059939373,199.65558912805412
787.4303408885273,383.42627440878414,109.27752387041394,200.56076031324935
791.542326817524,381.41174816792636,107.3452437925109,203.19772283200567
792.3128745818698,382.38466459608924,106.62526489008206,203.48429134668214
793.4668125122294,381.1680508460741,105.34996439824403,204.68909119816806
794.7229230632522,382.9890631546746,105.32882334189834,203.8548911926308
796.6811235798202,383.4632603608809,104.41075218661572,205.43955780774516
795.5539155380341,385.64091323424867,103.67615364463882,204.55248469269293
799.0723427538311,384.0571854888459,103.12421923791666,205.55760383401116
797.6079549665362,384.1478372805841,101.36843069888928,205.17837238812905
799.5274429609955,385.26751457284325,100.13847756572946,203.13478106373682
802.122382724919,387.372536880721,98.7618554937082,201.8789927441391
805.2880633798436,389.2851765880181,98.43253027852464,202.03232312988376
803.36730152083,389.8898049333285,97.379251903046,202.5307194849172
809.9681841868678,391.3082837479738,95.74191871513531,202.011292249227
811.0601552680556,393.3763343468877,94.40681994846976,200.32241137686924
812.9634257259971,391.9809127738948,91.98855048358317,199.6112477536748
817.8374497196286,393.60189762437926,90.96001257475038,198.01690290297893
819.9410895845472,396.3218384650921,89.90602073248647,197.95410643044596
821.736927084673,397.25915887998065,88.7459691910971,197.9290804592963
825.3530098489472,396.5605030451376,87.10499113966063,198.03744085124964
828.3937432007693,396.9686272454711,85.59140888120663,198.81254765516476
830.1073057259259,397.47722133956097,84.45990546442306,198.67169526667908
833.5339952659289,399.0329089852867,85.00962544447592,197.93692167124198
834.6858922380123,397.46653247862395,84.35447368265918,196.38131971554284
836.7871168624227,399.98688591070965,83.59983889840734,196.9967565166852
839.2672838056287,401.62562532586327,83.31837855096629,195.71976501395363
840.220463764464,398.8865372176117,83.99357924502085,194.40936844221824
840.0928263445378,398.1353739039887,83.35433940496422,195.01573044696673
844.2210059507407,395.84499361688495,82.223970583336,196.07439438726306
848.2213816134216,396.05119879764914,81.46542487778619,198.0540247552574
852.3966771593826,394.7196690229924,80.42718405899663,198.87390448260282
855.1369779208339,397.9819052182079,81.07277415215222,197.82983885334122
858.5126859498623,400.4579082572202,80.30207193839496,198.7799824525932
861.8111088033512,397.91795473499815,80.54599742968978,198.82556055950675
863.244506999155,397.4950279760966,80.37577739497013,199.88484077158384
865.1909908582519,397.6074379518976,80.33922137225657,199.9496450639565
870.4158434284227,399.17100209135367,80.55464780082377,199.36701069869486
874.4254406823843,397.2218100482186,79.49999043660767,201.8504522819897
876.1827985688716,398.69225266392573,80.99610315865876,199.6104008480301
879.2637981128426,403.88769002034644,80.52357054715729,200.29389461205648
880.4881468006043,402.42762548569067,79.34231873590383,202.05258664676103
887.7942517775175,395.6258294940657,78.19974283816862,202.4414455062316
890.519443079022,392.3620252924203,77.5574237422397,204.82685057852882
893.4990240463497,387.15743208668124,76.88330313982925,206.05449173243858
896.8472928483714,386.3950573733411,75.59686075062979,206.2990083719866
902.5199662711861,384.69043520437947,75.49811405606204,206.6415639338936
905.1948487922614,383.49292198454697,75.94857617913397,207.2674895883032
907.1546106605082,388.37112247351706,76.31877011689562,206.00357556409838
911.1426880142811,380.333633706211,75.11242656276161,206.78075780299517
910.2617559322077,386.8414215649642,75.56337454152924,204.15887505576467
916.1819115643028,386.37878956187205,74.51990013036647,203.20940597154816
916.8313447763461,390.6753396642755,75.43098558387399,197.3539251667658
919.2422087468163,393.8977585351918,74.248963539311,195.24690223282497
924.9562116250373,392.3200566318195,72.02256262600862,195.20767565512443
923.7438417281708,393.6707748427913,71.15568335731825,191.925097940132
929.5492317397666,392.9823947868869,69.4916091523027,192.41201089255503
927.6503859538369,394.46555423622124,69.1321695290938,190.86096160715238
931.0769137447851,388.1481415873678,66.60621756200453,191.5636408324716
929.9540212211009,391.38805041300145,66.62170385181986,187.86895797353213
933.8762118615288,392.2436544111465,66.30762366501918,187.34601017488143
935.4074814406023,390.44185092255657,66.52675960719867,186.12818503841396
934.5412518501641,391.7938138799594,66.29963884346455,185.5901986930816
936.7087329831347,392.78285524703716,65.68524189658461,184.86094842314415
939.0995754306251,394.58342926573124,65.2625486245286,182.99433500699467
939.2074427613167,398.4377278240996,64.89414405652929,181.13242377664102
939.6735280239466,390.70071157196026,64.35165791037028,181.19925832864925
939.2212013687696,395.1707744088314,63.95382563551159,179.71651533389254
944.1173263982182,397.85278478049446,62.21267440016164,179.30931698589106
944.7731831433499,401.92666035449236,61.57953177648292,177.01914840701764
944.6992117390372,405.39352773269115,61.66663863503183,173.79430814181575
944.4403250049226,397.4307239591469,61.298216682042224,172.84007674542272
945.9917791928393,399.99470803154145,61.15152154206383,170.74303315927315
944.7713454574065,404.00777707014527,61.01829209482347,168.0476670051308
948.7820184716876,405.2904705351601,60.723819464088464,167.0770772095004
947.9470809996837,395.67339437865576,60.40086246267683,167.14394360331977
946.4424923290871,395.21713695944675,59.55009426821021,167.44326910209992
946.6495186475711,391.69871772935403,59.17786229147569,169.50836493228053
946.3989649041454,387.64439511063495,58.283932127265196,171.1009464795332
945.7733447741124,385.19654592900633,57.8771853887732,172.45325266139395
943.5182319280631,383.20284276157577,58.17452903894052,172.62846107259475
943.5094024770972,382.5339053179986,58.29392577538555,173.8937562480735
942.1807215089777,382.9984876698149,58.2027275214236,174.45476261930813
939.4164307792602,384.29825571573406,58.109294935143474,173.1062996494943
938.9207772403493,382.66234553974743,57.46661303648673,173.02306943765524
934.0139009429469,385.24944817200753,59.216494247624404,167.93647221251416
933.8958123835881,385.33878979999304,58.368627744325025,166.7606585029567
931.5032112370974,383.726328989717,58.64714048881405,165.9232327113993
927.4977353685427,384.13374435793554,59.869758809938304,164.47294773750113
924.8546638281817,384.074934614986,60.90216348733992,163.6768742721979
921.9477061031585,386.6037751725852,61.189222514962125,161.78114970569032
917.1349780520652,388.55147853328776,62.63038773122338,159.94175108479482
914.6252810720163,387.2681320243408,62.35456942249204,158.65713146535958
911.3452711505964,386.6066768456113,62.48875079487274,157.21025403442755
906.4652446212631,395.2566896669337,63.07640242531677,152.98591961492718
905.0399713565242,389.63184399373995,62.754940678808744,151.41167068421504
903.6671800412736,390.35314365592217,62.2880024715262,150.38337868592913
901.0821987481328,389.48474732682814,61.47980992169935,150.15351024849792
897.1040340828811,402.4923186356366,62.91403260471128,142.9915361184298
894.0448778014883,397.1188933243489,63.057272783616305,145.72402917417176
892.3666713129737,392.2004535651281,61.3057632066293,147.14911593748636
888.6887765377459,392.60338391575095,61.62055525189713,147.72933836230877
888.9011384726532,389.2013009611503,60.581600689695776,150.66396214962282
886.0430479587001,387.76952708212997,59.790001165691585,151.28723810094667
882.700286779556,389.91230562199974,60.81573014705721,150.17021482323955
877.8188282010772,393.40523226275195,61.05397288842646,149.16933687971735
875.7884255737691,395.5059145121699,61.84595189678096,148.40455589986334
873.7910742423152,399.05308907397904,62.22462434347168,147.37077224789428
870.9128703786101,400.87320746174,63.37854450679494,144.50190278385003
866.899313064049,400.98806080461077,63.9241780606303,141.54253654076587
865.0691490996059,404.68115941507045,65.90690071817711,136.12568000187625
859.5694160638267,404.0389771946185,67.50018068591484,133.30524946368473
858.9127074907794,403.00501111998943,68.59634590534861,132.33959749505345
855.5057270598825,403.31501103302475,68.33376057497352,132.49297592196592
855.1479736910696,398.2924516513642,68.53995241792283,134.7864457823939
851.1479456282269,394.14233691567165,68.0563020693041,137.40750178423565
850.6818238781727,394.15188437696446,67.2170778837131,141.06388388954304
851.1637539657194,392.64548902748857,66.47464619234442,143.55269331532054
850.0373696685656,390.14607915741385,66.0657255051882,146.25338850369687
847.8283371285696,391.7069059296242,65.79231137909504,149.73143922487063
845.5200709993467,390.6350002263566,66.6278668652325,149.6801896630068
843.6306639783286,393.02394119760174,67.12978943731332,150.2362024501308
842.9754773034988,392.95766786557715,66.28572524501128,150.55443340768858
842.8707306198844,393.23695449927044,65.64916727690525,152.62478284118393
839.5537697155486,396.1572844180378,66.60448782062328,152.98334842936936
841.1150760073627,399.5520032432807,68.48355370379187,150.21084422004571
834.9899799113717,407.3985923919196,71.38172563210196,146.95781809104187
836.277162821515,405.17206397235725,72.56326353267096,145.39077624394832
836.0725182698268,400.6069227303251,71.68193099774962,146.3703610198827
832.2177868203964,414.4796014046161,74.59014677670655,140.04075989688664
834.3596480389152,406.6597234979695,73.72452326621332,139.192659798925
835.7212092993996,402.76377642335194,71.64577958616792,143.0134231002291
837.8386072376138,393.63537756931584,68.3512714189756,146.0849447768072
836.2239961126631,402.767268712234,69.34316990789054,145.70731666577552
841.8528882594018,397.37979551486967,67.30756311990649,147.42479846089492
840.0714024498494,402.142726169883,67.57568605851495,146.101302072438
842.3213141431438,404.92512978215535,68.33277442653433,144.91973507082423
842.6031132314224,406.5855705967198,68.99496186303715,144.04793939254677
842.541572825141,405.41705973500444,68.95133992825504,144.5689418193314
847.9458311865156,403.7361730701177,67.31462095788609,147.21851772612365
846.9671013817588,404.2606849031089,67.67331841282078,146.22675364212438
844.6756151093527,410.1649866190952,69.09211306304037,144.299872660408
848.3314880404395,406.8955056507171,67.18416625787371,146.22254974990472
851.972828093582,401.63548280237694,65.32774233139828,147.35810638713684
852.7145924782768,394.82773626687367,63.35099287509614,148.2681684736462
853.3625311192742,399.21082406935346,62.18127129736124,150.7144448035011
855.0736578259742,394.5073778046419,62.29831188840157,149.0494865562519
856.2436558685781,394.8253154219338,62.18629808583229,149.07113578818266
855.9768024462676,396.63940146991604,62.8155890696811,147.68851623204364
856.6796549250281,396.38026061187526,62.684384720604285,148.8531601336034
857.7211427126055,397.4030226485657,63.31054753885171,148.80841711948767
857.9332127050696,399.65276357842356,64.38840907789492,147.34969696898523
858.598375222277,399.4773407994257,63.9734251227153,147.608259874126
860.9839404815823,397.9583979278468,63.10329009703999,150.12464926175016
860.7315331130305,398.8052535239042,63.752750122729964,151.03359491091354
862.5331730588132,396.0665439546486,62.75529994689353,152.87693721569974
863.925983183971,398.38876212156595,63.08265529395955,153.00141891927962
865.701008450654,396.4588947159542,63.066210097736615,154.22665990268314
867.1923107436779,396.1967699482243,63.37264989187659,154.6086456680396
867.7429537700735,401.06838802529046,63.970513686115936,154.26384701390725
868.9469329433799,398.8429431864999,65.29729321258056,151.895441761984
871.4504661650757,394.55431490005896,65.13498861763875,151.5124150554469
873.8363758030159,397.8592330152902,64.59572616167404,150.22620009802512
876.2876438473603,396.67407535511745,64.13481852910111,150.77655089028693
877.892002280132,395.99478895069905,65.01558921620041,148.50136491578326
879.8114598343328,400.19329951506126,66.27701781202255,147.7986363323774
881.0150172862953,397.56877576767005,66.7302749745952,149.10692249941636
882.7280707537215,405.78702341360184,68.35986261982106,147.47983348807028
886.8262594190143,399.9873352117734,67.24476552071135,150.6935869135167
886.5065568887054,407.1913137834779,68.57529555701043,150.10345794851352
890.4858503916665,400.75169804632037,66.7352722031266,153.39938120291885
892.1391381492941,406.00670309673706,66.21988159006273,152.14842528604555
893.4146077899409,403.8818458322962,65.47666630779266,155.01862440545756
896.8419829415682,398.3994776109821,64.7011668170684,155.1546474310326
899.8297909225139,401.94461093091627,65.80148526527233,154.00964989898281
899.0138766720557,394.16071113799853,66.44876191920763,154.345379515641
903.8566607732903,395.9183039832661,65.63135873291272,155.4320576861898
903.2021762643034,393.12966498511366,63.1841932408464,157.5963367677762
906.1089586735758,391.1570764232261,63.077260559600035,157.49446627650005
910.8442117915893,390.4431552046931,62.649610540003856,158.01940915025352
914.7286094479883,394.5370983057039,62.21528597610697,157.82238341042063
915.7263977356956,394.79727987107384,61.323188309231256,158.22507360390327
916.2376853722542,397.6297738448332,60.780958762127284,159.13465440485868
917.8172331262624,397.94416226196176,61.614566691915996,159.12117995450126
920.0333109938675,400.92057692229065,62.32454848417155,158.750690874322
924.0718637217763,402.26710722076706,61.68541080560628,160.50638840267433
926.2756749137206,402.59121768902776,62.14536978921031,161.28736024760138
925.6249446569799,404.55953743365086,62.75437471292039,160.54431879035278
926.9197292819647,400.34312837392827,63.8198700457757,161.08549672348823
929.8427231812474,405.1748767568528,64.01830725789135,160.60022642858632
931.7211146914661,390.5326776736156,63.91685727959856,163.4557706064134
928.9387134632992,384.56870253199384,67.07029088903907,162.37841273841167
935.5345468194556,375.4660654523208,67.04863092874058,163.97455794573142
938.6507754299738,381.06160417810105,68.02948251889178,166.27175792947364
939.966286612556,377.4468128709115,68.96088195243358,167.33384433947649
945.4031140709142,387.899513782474,68.91328828449646,169.02387289049705
944.989334449269,381.6664434701895,70.93904060105963,168.42713299901374
944.276353995845,385.3107614487153,74.50406462779586,165.00328342845202
950.6213435703619,385.14689509459436,75.85917996881341,163.955851031828
951.3797989923606,388.5368794668998,77.137531938384,164.8247479869851
956.5173364335839,390.18253122742436,77.71893002499277,167.74243647033052
961.3814953116946,389.5021864860454,75.4903900626554,173.6149043077333
962.9453819272509,384.8797848246416,75.06640988040168,177.58265379753297
963.5125581906285,379.233146799854,76.3260700432368,178.2202778009045
965.7696549071081,378.69780857061164,74.96381957864601,184.6267029318746
965.7284295722961,362.99149652166597,78.09570491013537,180.46502054172888
963.5626447218067,363.0967041017964,78.88252821218843,179.93918707845526
965.3721454684455,366.88122581405503,77.15999202042428,188.1956937332837
969.6294200045471,361.2059354043495,76.27405117499744,192.63436401878968
968.6137523107006,366.70589108680423,76.43076910530034,197.56396277045735
967.8759128991014,365.4783828909076,73.46352581317285,201.4021815958368
965.7207927177103,368.26241560301963,73.80928363010263,200.34219665409555
967.4276251267635,384.7383782687572,73.86009134426857,197.24776376951985
960.4627950971604,376.1172581519531,76.27178608670216,196.59202235945133
957.6608785497199,374.8089940762495,77.66777969260005,195.53361040160547
960.1135460097626,379.5725619333091,77.80839566210204,196.74563141050882
962.2525191047869,378.2370577718734,77.38265617905432,198.51812480694667
951.9234058119414,370.9637299949328,80.87361973373932,197.51601231730973
955.1757651094014,390.244195230381,84.37045562795525,197.41114034861062
945.5420330212308,394.678153912332,86.81569804831472,194.44115122262372
937.7240198346475,409.8498436652902,93.09237612436235,184.2030745273762
930.9822745545447,410.4705521039813,100.92561195815796,176.70435679626485
927.2412349359042,428.864473094599,105.46087189001891,169.45056098812512
924.7865289192403,419.03777232933624,108.64540287037616,165.45489940829913
920.6597160432169,407.16741198859756,110.9714668624741,160.6559968292783
914.3879865796902,404.5213398332474,112.55339224307968,159.6792922439521
912.0978819484367,410.92080758139195,113.29502495033472,158.10689063743348
905.6341048002483,414.5402470761642,114.56225610370606,156.7158238236398
904.1883318332895,425.83253382688304,115.03795616665198,156.11313241753896
902.9898209430041,425.5885639995078,114.34695595358569,156.71467432310382
883.0526791481404,494.31770631015536,120.76096580063717,149.90702446743376
869.7207825605464,506.4085562065265,134.32298094542986,136.0816097699063
860.1334813879294,517.1041607939679,146.77888669642562,121.7147374099038
854.5373338617658,528.8128224250668,156.93543648565307,110.51696428045756
859.8183693712059,540.6088894436377,161.48096663254424,104.51680640908721
851.1624517818915,547.4083145435134,167.8378695983436,96.6228021146399
858.2375867926544,553.1545062761561,173.07449189554325,91.30112587515384
835.0868486146971,558.0039423546909,179.46260002636026,82.57919631690396
827.6900019536141,562.0882216755698,185.0286789457553,73.56969308696193
840.6586711419275,566.047868470863,188.17872956143805,67.10179727297907
840.5549013437409,573.5205446010938,190.58539444772825,63.89958904785712
825.2397648628626,580.5857793486758,190.17911688763436,61.81793623360121
825.499272248904,590.163146461462,188.9892068370976,61.465244015475044
804.5325561132655,606.8635744113666,187.99524424143115,62.08597930218943
786.5844014979497,651.7542589533342,190.08779675819574,60.2106694833909
792.7622714732415,661.8021342735519,188.3600112906442,61.70602525775033
781.6854768363867,645.5285092040883,185.76597521340173,64.07236719355257
779.5737476328723,666.3666423001968,185.0314091186301,64.75209236486111
776.1555474188132,668.3496350463814,187.4966280587111,62.93155865662571
790.055905428113,642.2771977293036,188.55659929597098,62.29889117652344
781.7311052543515,649.3051116518927,188.31117248284923,62.51208150456302
764.8637033888868,760.1674797757562,193.09502940591733,58.10958036425798
752.7910517770674,808.5633777774132,198.22788717972696,53.41357140928385
782.2050095960755,867.4366242024568,207.02405601436732,46.428736274040276
787.567649053425,903.5403418325941,218.87871217352057,37.335181171236385
774.544799746447,971.2441863119201,225.20147224987917,32.563966821959475
767.8295989800706,1000.8363957263197,233.97706478452395,27.22028819701776
758.5047673143785,993.3403871833212,244.83106523596442,20.255331253473607
763.5968876749342,996.3292197133951,250.6594683289398,16.324312549908534
769.6023989409516,1002.9359967457225,256.01740331643634,12.817049683984072
775.7155362559588,995.0249195750803,260.9067655119835,10
767.5102017574077,1005.5844221767038,264.56331558971306,10
769.53220288036,1017.2415199931711,266.20582676772796,10
771.1969840275208,996.2280464824289,269.6002062763851,10
766.165186387467,1005.9250975307077,271.486719494725,10
751.023929201495,1010.7637038882822,273.9663640699161,10
739.6486060589618,1004.6837311442941,276.0271605014669,10
727.5838350737307,1010.4705653842539,277.7747444641165,10
725.4740613337858,1004.8450637515634,278.9865051932129,10
726.9743082366954,1009.0042553599924,280.8288582578162,10
730.6437158874874,1007.5432937797159,282.5654270962467,10
732.2759718881516,995.4267728980631,283.8333104577724,10
726.9181197232953,999.6301844771951,286.232457856943,10
719.4491141270342,995.5216310676187,287.51434398080056,10
714.5325716197023,998.4321613963693,291.5554215491755,10
724.1042565954372,996.9859409984201,294.0048879777105,10
719.3988651681275,988.7102080043405,295.0051569544611,10
706.5073174165325,991.8189097102731,297.1227441873874,10
703.5070084999879,991.3128982838243,299.23638267896956,10
699.9570456934059,976.430123930797,301.32532720921745,10
699.8049039336377,985.1280838306993,302.9529788012636,10
686.21128897017,993.5433307942003,305.1037249635505,10
696.849333125469,987.259514933452,307.50947373486173,10
679.9398345831195,981.1216179188341,308.6582590275686,10
687.775470808394,983.7482942398638,311.64177364061834,10
694.8061858569272,991.2141970451921,313.9295790782197,10
678.4937211705403,984.9239319618791,316.1248686347095,10
667.2678031097331,980.6856950577348,317.92255856186574,10
660.1405023771804,986.4676421936601,319.90956282848504,10
652.4821413080588,984.3569337185472,323.18278120543675,10
643.6288854854399,985.5925579126924,324.2290927316559,10
630.5416523716582,982.234538083896,326.3168318168852,10
608.7165520037111,982.952524965629,329.17543709379515,10
580.7663880860296,993.0782154258341,330.79634979854296,10
578.7257469758504,977.8725841697305,334.9386298849955,10
576.6233706686162,1001.3880050834268,336.96987719322,10
578.7852136573501,977.8136890586466,341.52355918907966,10
582.482550048613,979.0423800405115,344.6100122381578,10
559.8207537651068,987.5194870885462,347.51083716601016,10
552.2133821828095,979.88484162651,351.69723426889817,10
558.1716526725612,966.3720414098352,355.49803757345234,10
553.028366443316,972.0406629499048,357.3094913948578,10
546.935433121258,978.1966444905847,361.00802950961594,10
559.7382560194354,961.2177760060877,362.75175657703056,10
562.4412676678105,963.1255285199732,363.9963766289743,10
548.3786173270884,973.0986387189478,365.1114577364439,10
559.7476553094074,962.4070693906397,366.12900845027275,10
547.8800275632697,986.2271434720606,366.53442042143007,10
564.3699231838452,965.7761394437402,367.47257885679244,10
556.3039258040395,976.7194368299097,368.3111442417091,10
552.2619909696364,975.5816757138819,369.37527523635174,10
546.6535426102344,970.3871151860803,371.1628449440473,10
555.5304979670093,971.733801310882,372.5739313313275,10
554.9179650324444,974.1392945703119,373.2250166902224,10
553.608383502902,958.891431754455,374.7364742754074,10
542.1252358139045,971.5116156991571,374.8273767395841,10
546.7297634374513,965.4340700563043,375.75268466692876,10
549.8442430099627,965.5854184385389,376.1840939644414,10
545.6936237936616,972.1747486349195,376.7622169528604,10
567.6957826586352,956.1704361196607,377.86413854176084,10
567.1431211508842,969.091585373506,377.95571911036336,10
571.5771344374162,972.0349707361311,378.1990883731758,10
573.0951771203979,949.8731665369123,378.4413860237988,10
584.0982543347544,961.895683741197,379.13631763939725,10
571.4888781468427,960.3536867853254,379.16958226802836,10
568.629568757272,963.6534924264997,379.31944542049126,10
572.9735045236187,975.7074017282575,380.073766919109,10
561.0121799711764,975.1771210785955,380.2292498862983,10
547.7518262782957,967.3631133195013,380.5883209195205,10
545.1840522810086,968.5555438157171,381.94683582350336,10
532.7392114485481,972.226446306333,383.04787651247216,10
528.9003883224402,962.6142398472875,383.7919876656584,10
541.6189671410262,963.4858057256788,384.32379555888184,10
546.137408294608,964.4858890529722,384.6228545664155,10
550.8612034327947,964.6472098436207,385.4312562257721,10
533.6410946365424,969.9531609620899,386.7736764244777,10
553.1851439392653,969.1565398778766,387.5241665336316,10
551.2292911333801,966.8567895498127,387.67216093133646,10
534.6401048856783,975.2453655460417,387.5990151772284,10.051703522068179
528.9738287743788,968.5610985364765,388.189604966966,10
531.0438114791245,963.1362123098224,389.4627226339517,10
524.6204112347133,961.8725467529148,390.32833148764234,10
529.7499099332896,967.0638967361301,391.8881188042349,10
531.4671256166764,962.8018766250461,392.8374922355874,10
534.0786716307165,959.1556700076908,394.08622437666617,10
537.5461709099122,962.8685167636722,394.31406713831257,10
541.3192308613972,958.3895519580692,394.5474524881808,10
552.1718787994885,958.2320367004722,394.6431133380725,10
559.7618362938541,956.1119023468345,394.6728703235233,10
561.041286210184,954.4219663824703,394.6713974203373,10.001084411181024
567.4823535896356,972.1551498081535,394.70516861388774,10
565.3144145129014,962.611249984629,394.607711463096,10.073910334304923
568.4847666483679,960.1599911462397,394.6465156874937,10.044121244573406
564.0327426018495,964.6602111807432,394.6274394671761,10.058408768034653
553.759551506485,973.3381154246557,394.6835567653269,10.016776839657885
560.6036567769239,969.800574650988,395.17249885811617,10
564.7775905697705,965.4763826038688,395.3933644877549,10
566.1295916027958,972.9938968326896,395.41760052747827,10
553.0942156674103,970.726266970858,396.22128925738014,10
558.263856095782,947.1123200561851,396.40935691900836,10
555.7644936365796,979.0804501678795,397.06801492762304,10
553.7218802451307,938.6747914459556,397.77470095620276,10
561.3948281289343,944.0455328132957,399.4867027563446,10
561.4668587198311,936.0779052879661,401.60660145919456,10
552.2829637421573,932.651706090197,403.5666803854891,10
558.6904969430675,915.8855910692283,401.8428310246846,11.08282055707393
550.2145572935073,909.292035654558,400.6066991543715,11.864883969727561
562.325629645638,920.8345462129965,396.46134621341577,14.524363966742133
549.7778675532409,910.1524233487047,394.4954766604169,15.768862533460515
559.5252071811146,914.9822441337692,391.95835126819486,17.274178009840337
551.2247216184213,925.7494807478673,388.6022606260033,19.31462162124371
543.4748784540877,925.8044688104783,383.8625651645092,22.5237334781996
548.3792885538147,939.4948730020673,379.6666209034709,25.25584394878142
548.9659657495515,953.9444194358746,379.87082164390955,25.125900861440236
558.3362602431735,952.742003827067,374.22767242259573,28.894164009597358
568.8508402109724,957.3075738208847,370.30421584087986,31.561986615040404
559.7575835955249,962.1833352369333,361.4870974799778,37.2852810589444
561.3802085212233,953.9982122342661,358.60891568087305,39.10523600287732
556.2749107031353,961.3441558658317,357.9476975429399,39.53631836712648
564.584778716277,957.1066731278131,361.3991208794497,37.2715949698728
544.6063542087334,969.8421851528236,364.8088469392147,35.10320420537422
514.1181171329902,973.8111314193555,363.7797363739041,35.773622371773236
498.21771018952074,974.6998955963211,365.44538218528146,34.76571920476217
437.79455226461533,974.6914185320512,373.3321796024751,30.31882712663689
476.16949023108907,986.2455497219627,371.28382649667606,31.686614170031813
515.5837989837485,987.771244621528,379.104302619287,26.30235341066549
516.2192438655255,1006.2845367382118,381.9376523195389,24.41644758305955
522.6140579604139,1014.4822599790756,383.931901502504,23.05146718104403
460.27360818992406,1000.6230283492158,386.7374424619407,20.882425863126915
403.0037497809986,1010.815937013059,389.6426835717838,18.66544322171966
401.8693907743637,1015.8349541187617,391.81609965891755,17.00331500091482
385.423002240958,1022.9561574559674,394.3080207076625,15.120532235500155
365.1072977238101,1037.0717085980443,401.02232692823765,10.041260624563977
353.2163448987001,1025.8650296833366,407.254733066739,10
325.9764696133087,1012.5400022175163,417.2889613291721,10
302.20835141098144,1023.4443114902824,427.43784955877777,10
290.8485898629383,1027.1969860699028,441.8613340272396,10
297.0354775843291,1075.0,451.26888869310045,10
278.6334484550881,1075.0,457.2636703707719,10
284.8346107272012,1067.302683353424,459.550109445015,10
301.0803843497242,1075.0,459.9594258474299,10
299.6021504713066,1075.0,460.7946522731647,10
305.8393851761113,1075.0,461.5992546714166,10
318.0529408952798,1075.0,462.420239699144,10
327.4992371458725,1075.0,463.20789164375947,10
337.03393224018106,1075.0,463.7334187525056,10
346.17597576827217,1075.0,464.3274063423195,10
336.7437543414587,1075.0,464.9428333878409,10
333.8272068854784,1075.0,465.5310352257659,10
329.01408184282536,1075.0,466.2356258414675,10
326.4605644576653,1075.0,466.64695424429493,10
325.8697009077088,1075.0,467.23468672674574,10
315.64030335684555,1075.0,467.64051857163633,10
314.41439424382116,1075.0,468.24278416630693,10
316.0446297470514,1075.0,468.697740081691,10
325.00810014122703,1075.0,469.48482860547347,10
336.9835927573551,1075.0,470.18054900065874,10
340.8156805516047,1075.0,470.90897347166873,10
350.583062637985,1075.0,471.76180924397653,10
356.2963780605854,1075.0,472.5450325247523,10
360.6596197052568,1075.0,473.3798609572114,10
356.7413190799392,1075.0,474.0893708000705,10
358.58646442171255,1075.0,474.78015883661675,10
363.71175287995743,1075.0,475.3672779955663,10
367.8984052601873,1075.0,475.8420624532463,10
371.11409432464825,1075.0,476.29642984968444,10
379.85605961470037,1075.0,476.6698849049563,10
382.4365730931996,1075.0,477.0120260540368,10
388.93232183746204,1075.0,477.3907888041595,10
397.57618616133624,1075.0,477.71363678604973,10
399.23687901701703,1075.0,477.9765949849055,10
406.3353215547844,1075.0,478.1921692828449,10
409.69355276391263,1075.0,478.46904449581393,10
401.4159068988953,1075.0,478.7289871047548,10
397.20443323246684,1075.0,479.01519661412544,10
391.48446217296004,1075.0,479.3676181337738,10
391.16927437043705,1075.0,479.71992978589697,10
390.60577927357303,1075.0,479.9512063522866,10
384.88231740112747,1075.0,480.2344862602027,10
386.87802560235616,1075.0,480.49329826274396,10
388.31306850268675,1075.0,480.7901231104288,10
392.64580686393003,1075.0,481.0974228009061,10
397.982325101269,1075.0,481.33678943291756,10
406.8060232010171,1075.0,481.7126991263657,10
406.80779969171294,1075.0,482.0338244765876,10
407.70740476419917,1075.0,482.3390638421895,10
413.57001207678036,1075.0,482.5853124204573,10
405.92970820180585,1075.0,482.83343325481786,10
401.59692922171865,1075.0,483.16834565377405,10
405.99518389651814,1075.0,483.439037918555,10
405.21778157256426,1075.0,483.81643685147395,10
404.16384715356196,1075.0,484.1459863306529,10
411.4665758779671,1075.0,484.4401928070135,10
416.55847181331796,1075.0,484.7837256128255,10
417.2442515037319,1075.0,485.1037878931839,10
412.119428744715,1075.0,485.35371093044375,10
411.82119360799345,1075.0,485.6280392883271,10
412.6514795078248,1075.0,485.8815011400164,10
409.1013845787011,1075.0,486.10295354861773,10
419.1668221144202,1075.0,486.3040887463445,10
421.0577894032615,1075.0,486.55112584072,10
420.08111928042797,1075.0,486.82420006370495,10
417.87653366527195,1075.0,487.0565767650558,10
408.4742167127217,1075.0,487.25769123045893,10
405.9032903421598,1075.0,487.5137688823189,10
408.43559334113945,1075.0,487.72490636885664,10
411.7977262306536,1075.0,487.8638550826262,10
417.5765371197725,1075.0,488.00924386347043,10
424.8538455445214,1075.0,488.19770715313274,10
425.1774662010085,1075.0,488.4921530664541,10
430.48559599061855,1075.0,488.77330960204114,10
438.710886055218,1075.0,489.0503104970121,10
443.51965450684406,1075.0,489.28199196229025,10
445.07306024539645,1075.0,489.5160470508898,10
446.8937589772132,1075.0,489.7981606155461,10
446.2548650650319,1075.0,490.09873922951294,10
440.433151899909,1075.0,490.3819494190117,10
443.9788836716321,1075.0,490.72238160844506,10
446.33605719355074,1075.0,491.0494106784994,10
448.2730271462134,1075.0,491.38860935349635,10
451.6009742442518,1075.0,491.6965947426856,10
452.20866558662703,1075.0,492.0871907852758,10
460.8487332466809,1075.0,492.4535894312326,10
469.57421223780045,1075.0,492.768492960224,10
478.0503523729145,1075.0,493.0472860695125,10
489.50060885414973,1075.0,493.3486487936876,10
499.32049881643957,1075.0,493.6342133362709,10
504.37805389563675,1075.0,493.9882155741168,10
515.6659402914082,1075.0,494.26744804685615,10
526.6238705759856,1075.0,494.4161531362705,10
533.3643151620038,1075.0,494.6515820947274,10
540.8541115733324,1075.0,494.9355705480101,10
547.5935994926181,1075.0,495.2802240887112,10
551.883026646045,1075.0,495.52035572088334,10
566.1552461923843,1075.0,495.7379024070132,10
574.5935209114407,1075.0,495.97849850723065,10
582.5882706709536,1075.0,496.21834049516275,10
588.7197766912743,1075.0,496.54477166130835,10
597.6204269294641,1075.0,496.75955204125216,10
600.323509723315,1075.0,497.0508270777873,10
607.1355682807417,1075.0,497.3487499485907,10
606.9476056735084,1075.0,497.60534168722927,10
608.9986402013157,1075.0,497.8127904920272,10
606.1317933308687,1075.0,498.20832467176393,10
607.3339251016716,1075.0,498.57529707299864,10
609.9827511077667,1075.0,498.86697191932905,10
608.9084149146485,1075.0,499.1550424035575,10
606.8166250945611,1075.0,499.44695563137867,10
611.3950179016098,1075.0,499.7642081413657,10
617.8545366495732,1075.0,500.0375458285444,10
621.686550397151,1075.0,500.3153227424158,10
627.1352573145838,1075.0,500.560353518146,10
626.0127205575752,1075.0,500.8473606879021,10
629.0778823989057,1075.0,501.1344097087933,10
629.2988512601426,1075.0,501.485869889762,10
633.8312259965037,1075.0,501.80093551866327,10
644.5422080692731,1075.0,502.1646864762738,10
646.0465698165369,1075.0,502.4389796634173,10
657.3283158607314,1075.0,502.7645237536171,10
665.8044473793789,1075.0,502.9751330307755,10
668.8131176263939,1075.0,503.1999037427999,10
673.3950827386138,1075.0,503.4968175582771,10
681.230338241694,1075.0,503.83668634337664,10
687.1666884603812,1075.0,504.0614600042078,10
690.3445217603007,1075.0,504.3313956496996,10
692.9527316109765,1075.0,504.52430965425015,10
698.3941801403573,1075.0,504.844524244048,10
713.3557750715285,1075.0,505.09652244628086,10
717.3534521757949,1075.0,505.3625560627601,10
725.6940565863893,1075.0,505.7260631229191,10
731.0463384361337,1075.0,506.0449693483569,10
737.5210977233708,1075.0,506.3166965395689,10
742.5479620732499,1075.0,506.5923259407018,10
747.6217967149372,1075.0,506.87047605429984,10
758.4116833230676,1075.0,507.0976333800313,10
772.6946858098098,1075.0,507.3504741554482,10
782.1802904071633,1075.0,507.60507215068253,10
783.3760728327377,1075.0,507.829949264637,10
797.9701611552551,1075.0,508.0429986633033,10
809.6027495469895,1075.0,508.23949752375546,10
817.817980629213,1075.0,508.46749597637387,10
820.3660171752969,1075.0,508.69911014769485,10
823.2295644888993,1075.0,508.9299761261112,10
824.4502333649109,1075.0,509.1074185101965,10
827.9389339631255,1075.0,509.32452538948144,10
842.5957225400238,1075.0,509.53141217916635,10
855.5983829621205,1075.0,509.7235267140014,10
856.0775068909744,1075.0,509.9169902010124,10
856.2596686752426,1075.0,510.0612241905358,10
863.7772724418467,1075.0,510.2325529503573,10
870.4605067820962,1075.0,510.41378038344465,10
873.8843130898912,1075.0,510.5703205426655,10
881.1051650437638,1075.0,510.7530387082846,10
883.8624569100753,1075.0,510.93372456031733,10
887.0812619122696,1075.0,511.1358802953695,10
889.6972295293492,1075.0,511.33278617525457,10
898.7238477798953,1075.0,511.56974323190155,10
903.5670297019255,1075.0,511.7274994134759,10
907.2333231947704,1075.0,511.96870488536683,10
915.6696401682241,1075.0,512.1395184329663,10
915.1810388487326,1075.0,512.3259362957385,10
921.1250055581152,1075.0,512.4947798774006,10
921.4306404916947,1075.0,512.6037455964077,10
922.0817360985548,1075.0,512.8016394981205,10
922.077570596843,1075.0,512.9527449940463,10
919.1146770255232,1075.0,513.1093251359534,10
920.0912759048847,1075.0,513.2542509276454,10
919.5582532722702,1075.0,513.4037835247416,10
912.5673011774425,1075.0,513.5605200584523,10
916.7466410923873,1075.0,513.7350967593244,10
918.8919468052045,1075.0,513.9488960774033,10
929.9004360604309,1075.0,514.1128639170481,10
929.6751379643149,1075.0,514.2374498820768,10
932.0652055746401,1075.0,514.3415929588507,10
930.1417837911308,1075.0,514.4920878587244,10
927.4569954301371,1075.0,514.6412942880484,10
935.4949559479747,1075.0,514.8091495737842,10
937.2117029880083,1075.0,514.962714037876,10
938.7641719734656,1075.0,515.1482771846676,10
946.2568931284495,1075.0,515.2901933112844,10
946.6968482198804,1075.0,515.4698189894378,10
954.0475687740765,1075.0,515.6319213914828,10
960.9953140778921,1075.0,515.7598864036635,10
962.8370426610713,1075.0,515.9452563418737,10
972.8178623281465,1075.0,516.1555091738609,10
982.8718236809748,1075.0,516.3683834347571,10
983.4547110868741,1075.0,516.561953820636,10
986.0684690264038,1075.0,516.7152915945308,10
988.6169610797014,1075.0,516.9038852619835,10
987.1351075066957,1075.0,517.0892737644248,10
999.8568755983615,1075.0,517.3271188066791,10
1012.0836406826628,1075.0,517.4867783353423,10
1023.7689871567468,1075.0,517.6616500386634,10
1034.2501112292448,1075.0,517.8904095078033,10
1039.3655929903825,1075.0,518.1236908280569,10
1052.7626404295918,1075.0,518.3163875603564,10
1064.0652042566285,1075.0,518.5213452029141,10
1072.6216208490296,1075.0,518.7315062502894,10
1084.752810277324,1075.0,518.9232861766593,10
1094.1431645231064,1075.0,519.099166430212,10
1100.5775737633544,1075.0,519.2992661778651,10
1108.0962156941237,1075.0,519.4996799176449,10
1118.4205765973957,1075.0,519.6699125788743,10
1125.965551935705,1075.0,519.9286347690771,10
1136.9363802996093,1075.0,520.094455229379,10
1153.6162064675605,1075.0,520.2496268070511,10
1168.132635277042,1075.0,520.4126290971451,10
1177.6510152980793,1075.0,520.6594116881273,10
1191.0172858118005,1075.0,520.8420127200112,10
1205.0798554742626,1075.0,520.9859468814151,10
1220.6865906846638,1075.0,521.1997740527756,10
1222.38237653345,1075.0,521.4087475231263,10
1231.3090828901456,1075.0,521.5954177412535,10
1237.6833095833208,1075.0,521.783101554305,10
1247.3527230097538,1075.0,521.9861371892322,10
1262.1485084805586,1075.0,522.2295729614898,10
1271.5816638468245,1075.0,522.4715576696315,10
1283.1702720698888,1075.0,522.6803656986008,10
1297.1850188835883,1075.0,522.8497551278424,10
1317.008596313256,1075.0,523.0383851806166,10
1326.3275126375358,1075.0,523.1858804434337,10
1335.9805211516446,1075.0,523.4059273342835,10
1343.7789184368798,1075.0,523.5935317964058,10
1341.5517343898748,1075.0,523.7911583666734,10
1346.3276621511786,1075.0,523.9479028883159,10
1359.7230791580332,1075.0,524.1429258844948,10
1370.636937053746,1075.0,524.3689763436797,10
1376.9947580617695,1075.0,524.5251528701126,10
1377.2482018765759,1075.0,524.7274511388043,10
1386.0906632750869,1075.0,524.852276037705,10
1389.7070064355519,1075.0,524.9976991718837,10
1386.4372247077845,1075.0,525.151814171608,10
1391.425173148786,1075.0,525.2871452788017,10
1396.0843463738697,1075.0,525.4310609822596,10
1401.1701843077183,1075.0,525.6144981440424,10
1411.9224149232655,1075.0,525.7634335193936,10
1432.8597945351876,1075.0,525.8915505772873,10
1444.2830304996605,1075.0,526.024666203273,10
1457.4540304456798,1075.0,526.1940016841594,10
1463.9240879997428,1075.0,526.2723230079184,10
1465.8035032312664,1075.0,526.3347088897044,10
1468.3654761809262,1075.0,526.4391403326092,10
1470.5853212824838,1075.0,526.5295046987382,10
1472.3087605119317,1075.0,526.615098850316,10
1476.8282925887065,1075.0,526.7156001646009,10
1478.202563565133,1075.0,526.8107283415238,10
1471.4804956789098,1074.5179044902325,526.8726238185598,10
1482.3989239640423,1075.0,526.955153158329,10
1500.2933839321684,1075.0,527.0275727911688,10
1497.0722479409856,1075.0,527.1208276302851,10
1491.6763837597273,1075.0,527.2112668158604,10
1484.8605663544565,1075.0,527.3414415510238,10
1493.5656173892478,1075.0,527.4264452248494,10
1490.1212471433057,1075.0,527.5085140973182,10
1489.9414281199154,1075.0,527.5866757060535,10
1488.4003841307401,1075.0,527.6750364772203,10
1488.5582154931371,1075.0,527.7497363727799,10
1479.8804023997077,1075.0,527.855543757759,10
1484.9750246800832,1075.0,527.933401438524,10
1481.0044270348621,1075.0,527.9844600102163,10
1480.766020761957,1075.0,528.1087632958488,10
1496.515997401956,1075.0,528.1989894592101,10
1497.7392836820547,1069.590853214264,528.2838442824356,10
1495.0246650910537,1073.2327334880829,528.4043012711087,10
1492.131475825844,1074.0411964654922,528.4963128696128,10
1497.6846096085844,1075.0,528.5839721153502,10
1501.6962779625987,1068.69797706604,528.7499883965185,10
1497.2487895256775,1062.2423973083496,529.085742095312,10
1492.2150306243007,1062.0925562083721,529.2742907055608,10
1486.3541873064328,1059.9997133910656,529.355276047351,10
1481.7303426244553,1058.3647905290127,529.4455547896633,10
1479.1451511275025,1052.9347554147243,529.5865879796442,10
1477.9434420969376,1061.8422175347805,529.6887622587305,10
1477.9438777596877,1063.8081692159176,529.7888725636154,10
1470.5619369974456,1065.244330972433,529.8979756075696,10
1463.5735032674183,1071.1172562539577,529.9950832791111,10
1465.3159726654767,1075.0,530.0594961751942,10
1445.6710451156453,1075.0,530.1404393791049,10
1442.4980348706788,1075.0,530.2211305080758,10
1435.6403973671981,1075.0,530.329938268028,10
1426.1053037335782,1075.0,530.4250660259906,10
1431.7395958424654,1075.0,530.4945688901255,10
1419.3821552160298,1075.0,530.62207068743,10
1420.6639877772702,1075.0,530.7657753693314,10
1422.0609768993272,1075.0,530.8995360301703,10
1426.5276944159418,1075.0,531.0518754186334,10
1425.1775006520766,1075.0,531.1661201679672,10
1427.6012411392476,1075.0,531.352394019217,10
1432.7092108652182,1075.0,531.4840192645414,10
1435.9357714778212,1075.0,531.599156801695,10
1434.4472819373163,1075.0,531.7121172040397,10
1440.5652521844672,1075.0,531.8475441642667,10
1434.4780639176624,1075.0,531.9570880104982,10
1434.2385826736086,1075.0,532.0489004493965,10
1436.4062829312375,1075.0,532.1321791715046,10
1437.5534303785917,1075.0,532.2393475469836,10
1429.6724625693603,1075.0,532.3818640675457,10
1427.2665295432598,1075.0,532.5140998402056,10
1427.713283364495,1075.0,532.6567806809733,10
1435.535498269609,1075.0,532.7843530908995,10
1438.8799768406043,1075.0,532.9014619851332,10
1440.7259225705834,1075.0,533.0350018720683,10
1446.1046371877178,1075.0,533.1432914793523,10
1456.5342019111545,1075.0,533.242537963265,10
1454.9699738505303,1075.0,533.346003525889,10
1455.1835503234897,1075.0,533.4330155045917,10
1464.3125187859225,1075.0,533.5320693939352,10
1468.4236285461843,1075.0,533.5990668686507,10
1479.9127468629658,1075.0,533.663959202373,10
1489.8935754351864,1075.0,533.7219324900607,10
1491.748757235008,1075.0,533.795637236441,10
1490.7955811848578,1075.0,533.893945499194,10
1486.1518606009877,1075.0,533.9650103623079,10
1481.8360141153735,1073.4718722105026,534.0425785013833,10
1483.0902237277016,1075.0,534.110550258401,10
1483.86358808555,1075.0,534.1808066253309,10
1491.6011098454933,1075.0,534.2304708996335,10
1492.1863260674922,1075.0,534.3155635677875,10
1495.8237404466613,1075.0,534.3996138988051,10
1504.1488451667094,1075.0,534.5276904389333,10
1502.5464287914817,1075.0,534.6537515982021,10
1497.1094521953091,1075.0,534.7597394737751,10
1498.078894192606,1075.0,534.9406252908117,10
1489.0150130306588,1075.0,535.1000972857263,10
1483.6615999398764,1075.0,535.1754689995175,10
1480.3041944761742,1075.0,535.2569324156307,10
1479.201652121353,1075.0,535.3323095504289,10
1470.40325042343,1075.0,535.384223496201,10
1463.574429460983,1075.0,535.4544201620008,10
1471.417689145615,1075.0,535.4924004951906,10
1467.1308843585214,1075.0,535.5438762421686,10
1464.1008221259292,1075.0,535.6428457696087,10
1466.341694935455,1075.0,535.7168414606768,10
1465.8176544781813,1075.0,535.7848122067672,10
1467.8579236052062,1075.0,535.9025795595594,10
1464.296454357538,1075.0,535.9864355277351,10
1463.396366197774,1075.0,536.0690209191858,10
1466.7851125348568,1075.0,536.1431842051028,10
1470.9718577350438,1075.0,536.2548222074388,10
1468.9896478022993,1075.0,536.3126897581698,10
1470.5138339078187,1075.0,536.3904204714777,10
1478.3247469156424,1075.0,536.4628417016187,10
1484.340723899344,1075.0,536.5241456382684,10
1487.0262667678708,1075.0,536.6071590795291,10
1490.6178321229952,1075.0,536.6854357446159,10
1488.4372732114318,1075.0,536.7400240458004,10
1482.085874672809,1075.0,536.8354297656242,10
1482.4644112731587,1075.0,536.911471904204,10
1482.2363356357475,1075.0,536.99297073371,10
1482.8336879513433,1075.0,537.0787060753961,10
1477.586719769848,1075.0,537.1575738119828,10
1473.3356179547525,1075.0,537.2199666893051,10
1475.1321818671827,1075.0,537.2710115329018,10
1471.9581395300884,1075.0,537.3178128475631,10
1467.4258182756914,1075.0,537.3784689977141,10
1470.4092097417622,1075.0,537.4432417181911,10
1469.1023488645733,1075.0,537.5149064352153,10
1472.9396104336236,1075.0,537.5712063371235,10
1462.886852075373,1075.0,537.644742539098,10
1465.2330902220779,1075.0,537.7231602962868,10
1459.4931342456202,1075.0,537.7872416370191,10
1446.5687993916981,1075.0,537.8485006087793,10
1446.7226884822119,1075.0,537.9159106294177,10
1450.8162014089385,1075.0,538.0174017742559,10
1450.115931790683,1075.0,538.1113706000382,10
1452.4941823291788,1075.0,538.2244383478148,10
1461.038560618159,1075.0,538.3093191599912,10
1458.778991974084,1075.0,538.3663268552456,10
1455.781309259279,1075.0,538.42921528748,10
1455.0088782925975,1075.0,538.4962160548425,10
1454.6409941394995,1075.0,538.5548083623506,10
1456.9871279142355,1075.0,538.6149488405276,10
1460.8519492803368,1075.0,538.7126638773374,10
1449.7422783953352,1075.0,538.7659709488543,10
1461.0458965792127,1075.0,538.8381359788044,10
1459.9279679551746,1075.0,538.9163222521493,10
1455.668085557737,1075.0,539.0166992296417,10
1458.3657144559222,1075.0,539.1056743357981,10
1466.8056240788947,1075.0,539.1587488429047,10
1470.7888932125215,1075.0,539.2396091428507,10
1481.9680582540846,1075.0,539.3356342995929,10
1491.6314225805695,1075.0,539.4346048806317,10
1499.9005184858706,1075.0,539.563679915733,10
1503.4507003650162,1074.5484573841095,539.6852128058487,10
1508.1094505440133,1075.0,539.8123344876493,10
1512.3846465145225,1067.927815914154,539.9441973378906,10
1522.0526409413203,1049.7852206230164,540.3202980228693,10
1531.5369627772038,1023.7388052940369,541.3076174858677,10
1532.6099498153205,993.0829844474792,542.8719507693298,10
1481.288426788541,961.4629874229431,544.3422597013068,10
1458.3681277109488,932.1331133842468,546.0086558911595,10
1430.7484426524784,916.1334300041199,547.5124684519477,10
1430.2325375002117,890.7894320487976,549.6738056100425,10
1430.5343461864331,886.9446184635162,551.4774159921928,10
1434.8479286663428,879.4905521869659,553.7953146233768,10
1403.6464268145683,834.3308041095734,557.6076124553439,10
1388.123757433501,801.4786121845245,562.1067189939677,10
1320.3542205370354,788.390379190445,568.6841839001802,10
1142.8272967545927,748.5308592319489,573.9724064650653,10
1057.4096929729146,693.9436056613922,579.7136351465856,10
923.6100139373701,635.6210386753082,582.5247852098621,10
884.2195593570642,613.0938646793365,582.9801938821927,10
868.7973683428627,596.5906488895416,583.4271168804443,10
858.5747667492922,586.8470146656036,583.6607741233715,10
835.6818427050711,572.347630739212,583.9277814220188,10
810.2020323253369,572.6370477974415,584.1579672144461,10
782.8417413016064,577.5769105255604,584.2218491276298,10
759.0931283907513,574.169845610857,584.235245451049,10
736.9637529701815,561.6162796318531,584.2379766999032,10
713.7012717252774,548.0521349233718,584.2233502614891,10.01073570602517
738.8001668170091,543.2859887415417,584.1876580089337,10.037312699507028
719.0490271776222,548.5916221389843,584.1782986463502,10.044148931965468
733.2462957539221,543.4852711148108,584.165624134131,10.053198598415738
722.8860824256561,545.8257997415283,584.152040094252,10.063280566172168
733.4171340837169,541.5337881501266,584.1536689253473,10.062086273084297
741.7325484151111,541.1980832332242,584.1832120429543,10.040919877316762
738.2908637149457,554.7345926879398,584.1930529627555,10.033658719350614
728.3676638434783,555.8825604018914,584.1869517901628,10.038313091328309
741.3338185300809,557.5508585422996,584.1952170629538,10.03235974912585
754.0738597733571,567.6351181083558,584.1897363220069,10.036421336007633
756.1718819864227,565.2989512264422,584.2190785154436,10.01553066975047
767.1214196924143,571.9338809251785,584.242223333563,10
794.2879863469918,575.3725596666336,584.2904300512633,10
823.1230032516114,590.5020591020584,584.3687482928054,10
816.5343392448109,605.4667521715164,584.5120873537696,10
834.044411024227,597.7123838663101,584.6283039633945,10
855.3040839649807,607.2495247125626,584.8236339852073,10
877.8355851499,603.6856528520584,585.0519257132692,10
902.9728784078209,605.5449361801147,585.3362076056304,10
913.3854118232039,617.8004112243652,585.645763348717,10
922.3393150338391,610.725471496582,585.7945365172905,10
936.7435365738875,616.8809027671814,586.122722541808,10
947.3872162394046,622.2210764884949,586.26883679781,10
960.1470643655591,640.1118674278259,586.5504157987965,10
976.7665816707558,627.1854758262634,586.6171406183348,10
983.6374608918137,647.5859904289246,586.7590100677596,10
992.3439138679926,649.8440673351288,586.8152107895961,10
998.9709552528439,661.7139632701874,586.9028228517418,10
1007.8845727858659,662.2161143422127,586.9540343646773,10
1007.9491114436435,661.1410483717918,587.0255068304447,10
1011.34928614911,665.0610532164574,587.1122390425888,10
1020.923641022961,674.1358327269554,587.2200276316788,10
1031.2642740610095,668.2841457724571,587.279140889078,10
1045.8325484136549,667.6354210972786,587.3273551384993,10
1040.5221250278942,664.7347276806831,587.41226555443,10
1046.1799301669578,674.2085712552071,587.4634994535485,10
1054.5821308336745,678.613591492176,587.526007147215,10
1067.716753113876,678.5485249236226,587.5997782575884,10
1074.9491079129325,686.3580971434712,587.6301477000023,10
1078.5310032306454,689.0937190726399,587.671816182466,10
1082.9749238966606,700.3301616385579,587.7039577605921,10
1083.9915186998307,700.4511154517531,587.7125617390753,10
1084.4374886119322,702.1858787164092,587.7375951480956,10
1094.3647162090529,712.8443679437041,587.7492440798305,10
1102.272282462559,724.9870338067412,587.7550067678259,10
1114.214141231186,730.8435582742095,587.7608594667777,10
1127.3266082195328,736.7526239976287,587.7619424883753,10
1134.440219132741,736.4700719341636,587.764485600313,10
1127.6743211988744,745.2948619350791,587.7806679121381,10
1138.9204590482884,758.3441258892417,587.7921935591354,10
1152.0564241676548,762.9452339634299,587.7991672815843,10
1166.4874769202534,779.0267235264182,587.8019776241653,10
1182.4685066280463,786.7093836292624,587.8042088274761,10
1204.4611169135483,798.62275948782,587.8038400936301,10.000305167650522
1208.5018821960718,808.9199539646506,587.8052400934636,10
1219.7385781741825,816.9916225895286,587.8102054523055,10
1251.240601510517,833.6615146038775,587.8097064480934,10.000425932239574
1253.3329366698872,844.5109986651813,587.8081764072158,10.001767563049992
1257.1320516664953,845.4262948259711,587.8145110807477,10
1294.9207982630137,853.551056407392,587.8384201704258,10
1324.621684382449,857.6863398775458,587.8601289191035,10
1371.1586428817031,885.1291928069326,587.8574018009665,10.002157300406166
1412.4457478887912,902.205600087061,587.8482171163803,10.009376919836658
1448.6153537973364,908.8448731642803,587.8360011488992,10.01891956392122
1473.409447596242,905.6344416140032,587.8284028455221,10.024631068405968
1497.9785489424353,910.161685224632,587.80470210626,10.042065195720077
1470.4895561923745,890.4170237087419,587.8034967799657,10.043057386435992
1411.37928837189,885.3008017763495,587.8681486318725,10
1360.1275713573418,903.3889060243964,588.5448919871407,10
1343.3501062344822,908.6119003519416,589.6335670448714,10
1353.0934119124845,902.5910692438483,589.8618032535642,10
1377.7373696027082,879.1791372522712,590.4062777046597,10
1392.0110318951954,840.0221472010016,592.8151260628007,10
1337.4480887203777,816.3975267633796,594.1343946756197,10
1294.432628317733,777.171071074903,598.0813387353039,10
1202.4240520973858,768.1996946558356,604.1000780900603,10
1155.4177614679131,692.1644850000739,607.6487082381659,10
1161.1822125086505,686.8883309587836,609.2719048123919,10
1186.6543656937788,699.6601042971015,611.9014814987756,10
1211.538948219274,707.8616109117866,614.9342497363598,10
1208.7611243772262,723.9106202349067,617.7911536002649,10
1229.8475469959287,731.9205851778388,621.1834710215511,10
1218.9360257981446,742.1304764971137,623.6856573227591,10
1230.9507493858691,743.0796880945563,626.45322438376,10
1242.2355217062548,757.5294208750129,628.8284581853719,10
1253.218877283527,764.5105972513556,632.0172359987225,10
1251.8343478713448,771.7813987955451,635.3107943586477,10
1253.1283664402447,797.430086158216,636.2597950702743,10
1230.4441258980983,794.1687686666846,637.7194130869402,10
1263.7363335671257,790.7868640646338,638.8535951609948,10
1264.9100838298918,801.4267328009009,640.8329431423898,10
1261.9611223330107,804.3777802214026,642.3942129035779,10
1281.6536256390507,808.2696161493659,643.9810080493102,10
1274.7565246152042,818.235114119947,646.1611401583436,10
1287.7901808169063,819.061181627214,647.5264945335038,10
1287.242722353625,833.1434188708663,648.7421072745568,10
1298.623149486281,842.3982663974166,649.9993308595868,10
1318.405780479404,842.0231380388141,651.335287287647,10
1317.183762364422,837.4694228097796,652.2547059648539,10
1312.8482505519992,846.8313555642962,653.0250185301292,10
1321.5529081983027,856.2638163492084,653.7512871150856,10
1339.9707028327928,861.3124213144183,654.4417713019162,10
1327.8615284949215,865.659567348659,655.4133453041967,10
1344.4883424035106,868.6576082631946,655.7094496952707,10
1356.7985935841657,874.4305665418506,656.0892734905764,10
1357.8646871689548,887.3210704252124,656.2848134003898,10
1351.609570687409,881.5244915410876,656.4358182293263,10
1350.973139332897,884.3037705346942,656.589991162883,10
1344.8763986143792,889.2814874574542,656.6584268235516,10
1330.6584271484826,887.0254921838641,656.7884367566875,10
1325.7899557354435,875.960481159389,656.8380598272113,10
1312.054327303139,873.6732380315661,656.8568478197503,10
1300.7764369487757,862.380088083446,656.8636020392192,10
1275.0962463334276,861.7338285967708,656.8656916439387,10
1258.895897025196,867.4983249232173,656.8657554947769,10
1253.8870778213063,860.8875639095006,656.8657442519824,10.000008279264447
1245.5244463492324,878.3231108431545,656.8657283417602,10.000019606048532
1232.7074883589098,856.1154790446162,656.8658438158135,10
1232.1945442083445,871.7777638956904,656.8658440315791,10
1229.322953456559,882.9333453699946,656.8659358592466,10
1236.9193494450901,876.4360633417964,656.867352027326,10
1229.6299946706029,851.69536357373,656.867564643317,10
1254.9474287167254,840.2820754572749,656.8676033198707,10
1267.4294206152924,864.2654784145631,656.867589707063,10.00001003391
1279.0498526645385,862.8728225734978,656.8675932233167,10.000007394522546
1291.8627108130343,856.9708401184237,656.867590274714,10.00000959715143
1308.7126738203215,842.6643081012403,656.8675849144366,10.000013633959538
1325.2044503958514,862.0722706469111,656.8674988654276,10.000078990615952
1341.4517636521075,851.5094476311838,656.8674898150734,10.000086060278663
1352.9586406391504,885.0411062762224,656.8674496776574,10.0001156329942
1353.768854946715,887.1189955654877,656.8674123121851,10.000142165395074
1361.5849517015877,876.2115493673248,656.8673932943223,10.00015609797574
1362.8950981335338,882.8927631576369,656.8673554238686,10.000183885393556
1366.3968641644133,879.1983002786543,656.8670868356202,10.000376733202557
1382.710631008004,884.1646987854718,656.8663193532732,10.00091979219923
1396.185195233504,880.8862202210419,656.866237990896,10.000978327156615
1401.1690859962696,890.2480332249511,656.8657273164998,10.001339898683957
1402.449252641892,870.5836725890032,656.8656888918172,10.001367780687048
1412.6267295058913,881.8436451337556,656.8649469710696,10.00190189345287
1414.129025845847,878.0799838393926,656.8649951088003,10.00186785757548
1421.1124167980147,869.2391355965963,656.864854630551,10.001969494535494
1415.3892451566592,841.9201235503828,656.8649460440606,10.001901545946843
1415.0776300390964,811.305280848521,656.8649477888334,10.00190021260976
1416.9366466128652,792.003059776013,656.8651725453487,10.001731914510646
1423.117897946981,783.6009662865536,656.865269249981,10.001658639523193
1436.361614009758,760.4179892299385,656.865324917396,10.001615438300114
1448.7226713462835,788.2553217326323,656.8655231715907,10.001465203420462
1451.773210997023,778.2193662360822,656.8656177478277,10.00139285911812
1475.0569639399732,803.9764609674444,656.8658379971813,10.001230038239662
1473.1615411146945,831.9525345577001,656.8662891031374,10.000910860657836
1473.383583815048,824.8131296982527,656.8666731245322,10.000628744530575
1472.941149726622,826.1123902127147,656.8689855185895,10
1476.0589043284779,809.5348278805614,656.8696046451081,10
1469.1467596854611,816.8585426136851,656.8710589625749,10
1476.9384890907286,794.2137748524547,656.8716007395034,10
1487.2989002252784,778.4362193867564,656.8717505315609,10
1479.9271197165021,801.954329662025,656.8719271878465,10
1482.5235506545155,813.0047399327159,656.8723703273836,10
1483.0244894258612,783.2609903141856,656.875826446725,10
1470.0518454970477,811.6569291874766,656.8762729194644,10
1443.1280591951258,848.0480539128184,656.8776770052419,10
1428.041945666254,899.5645056542331,656.7272340800754,10.11266536482678
1412.0244446003153,919.0654271264228,655.7082658750387,10.771074037879144
1393.4229622653218,925.6975983326176,656.6501869964419,10.13236200421256
1342.101657594336,941.9530264660716,660.7848236211281,10
1256.2379862926953,915.937887839973,665.3354389294877,10
1087.8108807516187,857.6424433514476,672.6625809198441,10
946.7424190917175,805.7443606182933,673.4125718665997,10
922.4861840790334,661.1165072247386,673.4129493016359,10
911.1450719798005,642.8417040631175,673.4129682999062,10
912.7534612878394,649.113176036106,673.4129376830195,10.000023850348617
911.0449200634071,650.8924372855536,673.412895622073,10.000056954480815
906.3686148186218,653.4980513351426,673.412733398936,10.000183110979123
905.4142300005989,665.7505970781463,673.4125833429423,10.000300594087896
907.8159743488563,693.037479251925,673.4122662811014,10.000549002878216
914.1957255710088,692.1047998489076,673.4122357301072,10.000572106016712
913.3819799684575,709.6750000637679,673.4120708330292,10.000693679470032
904.0840339948058,684.0130687730024,673.4122100642679,10.000589281020632
905.4847539327718,683.8383570344362,673.4121591672941,10.000628867524286
910.7317570946057,678.6839847416122,673.4121103631577,10.000667169602783
927.7903416197087,698.3682522528397,673.4120715924927,10.000696752860636
917.2455216438889,717.3399592764302,673.4120680657387,10.000699301138681
915.4129702941693,726.3122934108053,673.4119874594376,10.000757976358239
904.8302564031077,722.2551544520088,673.4124276774739,10.000429036651441
906.534366271088,718.019879803373,673.4123462166599,10.000490739318662
908.6767528900024,702.1548811129388,673.41229816804,10.000526724923139
918.4246059357274,725.7474370971278,673.4122299702667,10.000580161818718
934.3467396993035,748.3385357539418,673.4121816508782,10.000614751266898
926.491556466047,739.205545178351,673.4121666095177,10.000625672345858
931.6475537788161,754.5711956395987,673.4121512778026,10.00063654794631
936.4198293964757,732.6401812641728,673.4121023007841,10.000673416473738
941.2211108669713,748.366464315657,673.4120679318755,10.00069825588819
949.269812074951,761.3080183554473,673.4120547371076,10.0007078520888
944.5385789293666,745.0115877864879,673.4120547883472,10.00070781447071
952.8941112072841,756.7266426170509,673.4119944897144,10.000752953759617
955.0915090763563,742.5635620961893,673.4119936925184,10.000753564574484
958.651172803497,728.0850572168348,673.4119918760543,10.000754961467152
970.115786603043,756.9454195880661,673.4119901985933,10.000756232188262
951.3800345371228,724.354595429667,673.411990119008,10.00075629459175
964.2179583844022,709.1487846080211,673.4119847096055,10.00076065883111
959.7424759561998,697.3098609102329,673.4119817773138,10.000763053186509
963.9097852522668,704.1955021496143,673.4119798462517,10.000764677817344
969.4787842752781,701.076142687553,673.4119717980927,10.00077129114912
969.2247470259297,662.6201813490616,673.4119668275857,10.000775327995143
966.8080741985307,611.9303657268865,673.4119665923384,10.000775529864692
977.6365463390741,651.3039046951684,673.4119665861539,10.000775535195656
982.3158326379626,706.2174325160651,673.4119650409284,10.000776778167769
994.7901797628272,714.02542115138,673.411965020325,10.000776794830488
995.813925541001,777.810901272993,673.4119640607487,10.000777550139755
1000.2425841183679,813.3301001964658,673.411962923166,10.000778445869823
992.89361478293,811.9608498931813,673.4119617212999,10.000779411020405
992.0338810968948,821.084929191283,673.4119607381915,10.000780223386245
982.0179683339325,814.5327066306102,673.4119507080858,10.000788470342274
988.5372596498885,834.0263114216153,673.4119136846945,10.000818725978414
988.7592121117814,834.1713741555567,673.4118765337262,10.000849205304121
988.6353257629617,834.7183347468529,673.411852710775,10.000869234412242
998.0265450723389,842.2412918577513,673.4118008718057,10.000913531597309
1011.4142479852636,841.3317185195687,673.4118657795987,10.000858261704124
1024.9086999845124,834.5600168053427,673.4117732740209,10.000937219635999
1028.8172632645094,856.8952532714438,673.4116928794934,10.001004143390668
1018.5041612579255,857.9387126998929,673.412082454795,10.00066627823745
1037.305526685157,865.2230538651347,673.4142405163474,10
1031.1070433996774,861.8815810009837,673.4169361903951,10
1067.8075811904678,881.0902201458812,673.4278173959237,10
1088.5063539252758,885.7193981930614,673.4328178552629,10
1095.6098859097285,891.8889300152659,673.4488774367725,10
1113.936409178753,901.7590634152293,673.4657031826594,10
1143.1977873451167,908.9078251644969,673.4830469475877,10
1186.689438212407,912.9594240971736,673.480282627558,10.002125926150425
1224.64691012296,918.750239926759,673.4400107424874,10.030499645702815
1243.0538794068743,917.3460457642745,673.4049608770512,10.055491249785428
1261.5608162567257,920.109125403759,673.3375479012253,10.103720474844907
1271.253886689938,922.0197362717084,673.2765889958599,10.146929643334461
1288.2661537947686,922.0221603982658,673.1815439219413,10.2141456111252
1309.1761966789363,926.4513270176119,673.0786364983322,10.286172212825857
1303.927720090649,925.4707228952664,672.9971823873095,10.34228929102078
1303.150276375282,926.3411863176891,672.8390912165879,10.452159741745549
1313.305307435277,926.5970324141553,672.56673547172,10.640590024437458
1311.3530311442669,924.8839590490101,672.3680132315048,10.777630862546477
1308.5078166062158,923.4599251237458,671.9961649905597,11.039498475800645
1322.0941202054116,934.2199026331084,671.5972890238578,11.328612136885132
1324.4748084028972,927.218695975536,670.771381541011,11.910576195132924
1329.5810178579975,937.8494012754126,669.7891595836305,12.595744574871928
1342.2365243803558,932.4888287130399,667.4582414485817,14.258138593355085
1355.4325478938974,935.4559719375405,664.5392741028949,16.383644662969584
1360.536145220541,931.3883124795577,659.341359654381,20.278768781419345
1381.7970306756392,928.2355189835414,648.720646941206,28.39686888647373
1388.5953666001733,927.2614455567629,629.5059469282279,43.13335630857343
1396.5663907696126,915.5458115561868,607.4799027702577,60.22092199344128
1364.9535180843745,910.5285442870073,601.7423302696396,64.69550236538797
1320.9991668239084,909.9606806286417,610.164346084029,57.84848689571169
1334.6837082842937,908.1267323529454,618.0060785929459,51.59414032881825
1344.043659614835,906.8832770367562,618.9951107157991,50.809641211211854
1298.4964002255383,918.4948403633682,626.7292016379467,44.28535374560983
1194.6236664205694,923.2952449523351,641.1658923924158,31.653211598010635
1069.7769184959461,937.3316685220709,663.6040018891238,14.427285425641017
942.7910903130137,912.9845365703993,665.3840078643635,13.049184521855347
887.6856859519179,907.9885385804266,665.2501815767894,13.145565877777205
888.713830642957,905.8345412356288,664.4529991883865,13.732842422002472
890.610972346499,902.6157395554984,663.4909699526737,14.428391796667558
891.65926878211,907.2972713094728,662.0244841862302,15.512909579917597
910.8210877579156,910.6980844076809,659.75978712207,17.14528530610864
911.8019942597796,908.0531373887682,656.0821114865444,19.80926357817169
907.7497736832643,906.7273265618508,649.2791811185789,24.808041279827638
923.1750518210479,908.5943484084746,638.9216153367862,32.386382191987764
933.9517701658592,906.0968551536924,619.7207103186875,46.50175959358087
943.6438956892945,903.3469855787761,603.076226823239,58.71175627362596
953.9458180170445,896.8524277144481,579.5576931037131,75.51758819643459
939.0703236271474,897.5737357848163,571.1250194689566,81.98636951282096
966.014233615128,887.7385946517863,556.6473023372336,94.25457219666671
972.8362408218456,896.3755476318449,546.7355140571448,101.51891239133458
959.8302214241035,886.7526606639711,544.2269592094409,103.5837800313059
974.3412679475214,894.1153364408061,538.26494573719,108.43701887070225
980.8911344147343,896.1111500691512,535.1303245352468,110.74504514413292
973.618826540353,893.862159836158,535.6782876808603,110.23914510932605
984.2198397992435,902.8985446655354,535.8424549344415,110.12549715467271
970.5165603746815,903.9641606680548,538.5299395342979,108.06857749382746
926.0935393696171,888.4461752123401,535.2452518691337,111.46341605052046
887.9638656990967,887.6719658708172,535.7931657995299,110.94090401419072
903.8159341095763,893.2307687524901,539.0026604177796,107.78155783336443
920.6848210015094,907.3486701786811,544.3251550360133,102.33227879995204
900.1963442230876,907.6055706211321,546.637718028892,99.97359936070592
846.2237020064628,891.4267836667901,549.198458089583,97.33726534092315
801.9560021099603,898.7551680393784,561.1530549651075,84.69087376440179
720.5311562946788,828.2804335439814,571.8457336562172,76.43384556281299
643.2225658351745,832.0743257311967,571.4731684814761,76.74599309603623
653.4159557900026,844.6293032262702,563.0187492209286,83.31454877178295
649.2551885434441,828.5849412136844,552.7411530835524,91.56055848726214
696.9239754207277,839.6173218835017,541.6919170365047,100.84845446574275
667.8237865712488,829.4250016375865,538.4682720609021,103.41967752288056
670.1720441112257,825.5518182568663,531.1205786209629,109.41045193812958
645.7614701371281,848.7523184746098,530.7427405156915,109.70842229732047
659.1034173441292,860.5788304521897,523.6491552447555,115.58320176318131
670.7149242873068,858.5567119051003,507.95776043036085,128.26552994470123
663.1617828600176,865.0980989217794,499.3429625049099,135.39376207589373
673.5677490850496,858.7450370993411,490.99668061331744,142.49393584207803
677.9858936368731,866.6364283177267,485.6110805870478,147.03765715896893
659.8820273250428,860.4089415590986,476.3515738308256,154.76235504527412
653.4454779622437,861.2869087516136,471.64480233242483,159.1946540357933
656.7105489788355,855.7905693846936,468.53195742410395,161.68421902299016
653.6126132095255,859.0071950697428,463.63551710359286,165.89104238281126
652.515055754053,860.690670291371,460.20426158454535,168.92821810685214
657.6895321419103,859.2062462918587,455.943799771813,172.62008761314002
648.9536826340776,864.7884743768402,454.79598432214635,173.67704028717108
610.3918680440847,861.5646684687939,454.2065931774251,173.5623127973861
609.7225142411837,868.435249970152,454.1655280009012,173.58845230779252
617.5726888543218,862.366273260972,454.205375956327,173.5739399058401
631.9462077073562,865.4087051915617,454.2393784419084,173.58495941410627
628.5349292505232,863.4439322558154,454.4590052866046,173.521089691498
637.2535918130706,865.4636327719761,454.42124299720325,173.5399729418609
638.2408040421519,869.8720295890699,453.94846326960857,173.72273298809316
655.8390176675322,867.8517334079696,453.9763325886723,173.68414034129117
642.3019216453249,864.6073819210735,453.9946679283748,173.64740023799592
635.2427542990965,866.9667757122702,454.3406494485293,173.20750803371538
634.7010411274382,869.0226215828684,456.1185051894289,171.60134712671686
650.3811155960839,874.329757640296,456.79139534515525,170.68612686885652
647.373920519673,873.3916622761975,459.221811374976,168.32781003632343
646.8774720735086,868.8637500346625,459.13467615709055,168.4401387689662
640.4491346891197,874.5608644467745,460.20104101986243,167.33407312986185
640.2867888535336,869.3183436324254,461.15671270583573,165.95319946009818
624.2399860637577,860.7896666805631,463.00715231553886,163.90531921770457
649.5863486832902,871.8809337001433,463.6403014050871,162.7520915902874
653.2426640935068,863.2195697462957,466.1275200948467,159.2590064334073
637.4609356980136,861.0424375369914,468.0171163359065,157.6233044594988
585.473064471109,866.1721884347082,469.57958211735234,157.0117432997462
596.9663411663234,859.3196670810138,477.29279107128366,150.7317338983705
616.4543149598247,864.3015107656694,480.66159293496474,147.8499657223271
595.4041215401601,862.8395305888357,484.87381525403055,145.04101973444182
616.4295146509039,869.3791671309574,492.28611802180063,139.41472573802804
634.7189808528401,870.5747681594647,498.73507486963723,133.2896374391004
619.9482682611078,874.6196760643668,504.9165318676768,128.967544951211
603.5890972728042,881.8114115760268,511.67954394926466,124.21898641873584
580.2677014153753,884.765127332567,515.740354005187,121.54101395297283
577.7590893099964,875.4402718815868,520.8099368618905,118.61719656513841
599.1240655575156,896.7855992318813,527.7152993082584,112.06153255668806
581.0993056151038,880.8670341693403,535.7059793951082,105.61452495593996
604.5156586818789,887.5926918432056,545.8154271922222,98.09678905309468
577.5113415754839,891.2797594882159,555.2402486913891,92.21974207617686
613.4167967732494,915.2189986532674,559.3514421776939,88.52912614231394
586.381325484037,903.8393813866405,566.0363946132965,82.93781860708613
595.3736988905891,898.122693731877,577.1429811894745,73.06586745482126
578.6494707476594,898.2067961155844,583.7951709195479,68.56880240450855
559.2161675906332,899.3440523494164,603.7364270443915,52.82313000184693
512.454531325411,907.2081457814729,621.8969142354802,40.36915907439476
501.72158115667685,939.2160002616386,636.894638684887,31.506503397754898
513.7991195362006,933.6058688067817,644.522841344785,26.72545023691185
506.70390486408144,926.1980068088384,651.4675517330295,22.433235466319076
501.3864695041742,929.3772232931858,657.1017086276181,19.208853343724027
518.2904895761303,935.0148593516332,663.5867249717431,15.195356243614096
