1060.5,891.5,55,117
1061.3254144787097,890.8231901774964,55.51543343081012,119.22975821293167
1062.0587091251125,891.6433799504632,55.99356106839396,121.33991129410386
1062.7726180396735,891.4511945904499,56.25777390753028,123.40084646916296
1065.626295671337,892.4902198787715,55.91099670435372,125.09548428134394
1067.7962627753311,892.4297657360373,55.94045059985063,125.85236423219465
1070.5442194176378,893.4277302210628,55.75231281267348,127.00698085922012
1073.7755818522949,894.3730504413535,55.27169319848633,128.39791705209223
1075.9002337568224,895.3185217705936,54.41958329812262,129.6692690198479
1077.6892824414663,897.0876912296144,53.16483373576568,131.0230285286253
1081.2678291711743,897.2789192135895,52.43074967194872,132.14399350965724
1085.363791425347,897.739760354135,51.837064585447834,132.68950840836064
1090.1961293456216,897.7456958345833,50.34045667702774,133.9127809897537
1095.4331732473324,898.8415032255624,49.0594087677099,134.07317073584113
1098.910901939389,899.0893010778958,48.74250834084143,134.41242254103537
1101.7696340753832,901.5259774461365,48.86143694833934,135.67635456026076
1106.1211455573716,901.3606757910939,50.11882600981423,135.88034522197802
1109.079984887641,902.9625219164683,50.654538424409346,138.59055620761842
1108.5219396518821,901.343992416844,51.00845715062713,139.8899859839972
1110.8590555560195,904.2459955512992,51.65649096735254,139.86831070492434
1114.079810285607,904.9823331248962,52.863460493010315,140.28545136507302
1117.470620377877,905.7463017043325,54.27836016015499,140.2497459328468
1121.6976054185698,905.63166746804,55.689418460117125,138.48075962943096
1122.7298995051076,906.4794135283782,55.508000891747,138.30611590219456
1127.4043248236762,907.0071891708284,56.27576268899693,136.4300684157791
1131.6370963437141,905.9942114165799,56.08106506212904,135.50034951440966
1133.3572928807032,903.9234744038439,56.126501818320875,133.59573007598397
1137.7034409600187,904.4048153542692,55.86676753407927,133.03593215183125
1146.8962680857217,902.9278689937021,56.10223564290299,132.05505524253337
1146.2950474815718,903.881735522301,55.769336780478305,131.32573104649572
1145.873769478227,902.3453122629064,55.52556714172117,130.99247776898977
1148.0261170774104,901.6284307817066,55.6075411022898,131.19381015411147
1150.0220394850758,903.7793396999314,54.68525252322629,134.22081397674992
1158.3817273035465,901.4268512249095,54.67431194487854,133.54014124570247
1158.8403975726292,903.8395027441853,54.46313201166671,133.08982914724467
1158.7668831717017,904.2497528155469,55.165439472388655,133.61366670631892
1160.716523352329,907.8014675581788,57.42363982783925,131.2803201716472
1160.5496288384322,912.2345837951939,57.61712671909275,131.3491481987158
1163.5437106446298,912.139642731752,58.0846592126545,130.78070206660826
1172.4380078075355,909.5741800374643,58.46769002417182,129.2106334404437
1174.1634954158258,914.0636598788114,57.87484454735292,129.8801236555155
1175.0407124951528,911.6874988030884,55.298807805767225,131.9274737782293
1183.7935486193435,913.6948112199268,52.68678370496895,131.68268179405516
1183.7358273192679,908.1896169519334,49.97341609012377,133.40165320815453
1184.2954791544244,912.3307076430042,47.93156197997615,135.15415219252918
1193.9954006836008,911.0020587538386,47.36296243663801,136.4358921905945
1192.5262568590074,911.2607026337649,46.82101379393974,136.62958293873743
1192.6255065673197,915.910416214712,46.4546271366668,136.4698566664308
1200.066901987628,916.1980370352051,48.208062950102814,134.80710014812522
1201.4379207996797,915.9864113584397,48.859924528346376,134.65481459493674
1204.0267252327467,914.4789590810083,49.91453535825708,135.03102343294188
1207.1672443621019,914.0384738955033,50.42763982263027,135.82754037019964
1210.0630159684797,913.2379473729559,51.323409212871624,135.00813223746854
1210.5437015843765,915.1056733367286,51.589587176367175,136.09039643159676
1213.2870617299727,913.8632677652896,52.145477530469115,136.43432555924642
1216.3795113723058,914.5080374114385,52.22971562831043,138.3768421694296
1219.3334742540962,915.5009431237303,52.39738047523341,138.9188999693945
1231.7187772461803,912.7899952277571,53.330465973609755,141.46587515472777
1243.2049204775528,911.90946838061,53.78403705480979,144.93683638076033
1243.8067217293587,910.6836033481568,54.5185837649889,147.91010094817287
1245.3487875908636,909.5632412978148,54.94568298756626,149.40277233260167
1247.542159915954,909.6631730666768,55.03930170637349,151.04063228845362
1248.8648068714688,910.1126920441445,55.46716772843422,152.18782059656445
1250.773980559778,912.4525361682878,56.07926173136295,153.54749191782747
1249.9818462915507,913.3286880257782,56.99276015911754,154.50560118197262
1249.808030032706,914.0248131037292,56.55370268008766,152.43181184817595
1252.257138044359,916.3687875198077,56.6545854345525,151.84339466656232
1256.1000215447261,916.1805048869101,57.51844001584964,154.28844638446031
1259.0891975248012,914.8939610173577,58.6353520136769,154.43127918734677
1260.6579488654986,915.3700747710235,57.59185444016164,155.07603904669142
1263.0461641985376,914.0215904622321,57.570479201634726,157.52179339845082
1266.7296028997166,911.3862681388084,58.47400756862489,159.37808515146895
1270.4819327765197,910.6022342565184,58.38786921928523,161.275607993697
1272.9337746326887,910.679729960347,58.318907072193944,162.54772785408335
1276.1107144330833,905.8920212525115,57.09020390115296,165.08651368558688
1278.7848267849392,907.0011190815492,57.662717417656154,164.62540800000764
1279.9372134620658,908.4777650762628,58.81461768553425,164.37859174529106
1281.1224105578476,908.6718478330174,59.76585993234033,165.1933725370567
1292.0093838688078,908.4862948106431,59.510662547480464,165.05149961080076
1292.0704837972453,911.3633151500308,59.158982915772725,165.7699215861394
1293.091171714393,908.083445312314,59.337671244685424,165.148273837104
1295.3431694484623,909.824921279685,59.7696713553128,164.94004018696896
1297.5799577486857,909.5689492664691,60.685470918348614,164.84881083827096
1302.5310940594377,914.0053852037345,62.812218606292795,161.98391406521108
1306.7745479119453,914.2956101842191,64.00433941232474,158.85845329911194
1309.8911174760592,918.0628710632268,64.65782700452584,157.09864982570332
1314.70837057778,920.7944785029489,65.4996620486429,155.2487133352363
1319.0428098174189,923.2186842824942,67.23891326144256,152.04875048181896
1323.8025960649543,926.2491311282758,67.45297762245076,148.82066027803336
1329.1448738512925,931.1125691963115,65.76820079733321,146.878888893549
1331.7668199567609,933.8396022606846,63.79163398770244,144.1916710905321
1334.8859177935776,934.2381467735986,61.987786897290306,141.2163808661262
1338.9907102076725,936.9428020796337,60.72986270218769,138.63962554809282
1341.3780133943408,939.9612044959567,59.37625871685168,136.63705810024288
1345.0576469648884,945.4334224293548,58.08800598005332,133.86972432237513
1348.7908063513237,950.8076201288504,55.49657610412498,132.49198302952385
1350.3742581002662,952.0747585774174,52.88373056198185,129.61568261072836
1352.989189385858,957.3241019795887,51.809694559401564,126.96320342509887
1356.3764510001367,960.7660466403113,51.409477055941984,123.62810336642536
1360.4501945079708,964.1281887665689,51.756483524770616,120.71744993323095
1364.9673800330083,967.8004531442234,52.21797925020818,116.9416028948408
1369.3756255781789,971.4133348336192,52.267880295487466,113.82328427923295
1374.208744390493,973.7547163838431,51.23930174373528,111.5065499644906
1383.192157891674,974.6933140324728,49.50600669327741,109.43204055385263
1384.9844580558276,978.3921922292595,47.571138358645335,107.11310391201872
1391.2931682228116,978.1758483734573,46.37918170113022,104.80796861413238
1391.7686554634424,983.362988401759,45.52282765629826,102.7856802109711
1394.0101001372602,983.7382081544056,45.33460936731744,100.23593252486903
1399.1004723907201,986.271469642749,45.26188755021699,98.09924796714263
1403.3841344903708,987.3009253216252,45.63564821267122,96.04557418966736
1403.8814965013553,989.9235826022939,46.090932583036185,93.85859159473016
1404.6241769031037,991.7999852975568,45.16780224733569,92.31871902929291
1409.0104154958274,992.3431795582786,45.507122394652036,90.77192933044282
1410.9379472867308,993.2238298173086,45.338987085092405,89.72925900704689
1412.9306916894152,993.1452230035195,45.432207405242266,88.61494939739673
1415.0142597872234,994.4885042435062,45.66800433035351,87.45548485786827
1417.4238968764932,995.6909367078858,45.155467097919875,86.51284357813402
1418.5736025269462,996.7007664376971,44.038842976960964,85.83716002011515
1421.1540732254998,996.7359921249528,42.603587414738215,85.00064453818575
1424.3401374532118,995.5452005202949,41.50369530651294,85.07748207336812
1426.6864091732486,995.6462760538121,40.551008109572486,85.47681494741187
1429.1679757161592,994.7858663228684,40.417310372262556,85.47073037468483
1430.7480626064207,994.6321266521171,40.74025059587421,85.94077490280706
1431.6174113427653,994.922336620943,41.736532514283326,85.95524925512561
1432.6918350739784,994.240483398742,42.81927532285315,86.08415679129425
1435.7348664446765,993.997585525594,44.05074988919627,85.96334992843245
1435.7179933193495,993.4099901651143,45.17749762472095,86.51012625692053
1435.7340750409298,993.1742287921476,46.09259783960725,86.87115401667756
1436.471381929496,991.4859619480363,46.70848775510211,87.09313739095052
1440.2424134118332,990.8733042230112,47.37851337532709,87.50423068399924
1439.9989147557674,988.7194075503581,48.0343994053489,88.79265299659058
1444.3514518571615,986.9394844657172,48.22571802482607,89.81411949668288
1442.6277652849801,988.1586261261252,49.22690701086366,91.13172416109643
1446.630502686206,987.3490206551194,49.461349009864534,91.87572654645601
1444.893990608627,985.3921857490693,50.79812004650753,92.96241648299144
1444.6763467880844,982.7713444817311,51.409796428132466,94.76394613413818
1444.491294375754,982.5263440125551,52.25217156271804,95.46243739949081
1448.2870611766564,980.459800742107,52.47007285166024,96.46882496959266
1446.4506007789919,979.1095719377477,53.252927738557375,97.37712314017799
1446.4967803007178,979.4551901620652,53.51816825155189,99.47558648440477
1445.2068814950155,975.9259147698847,54.067500736918504,101.02686693261457
1448.6321203271693,977.3455135469634,53.75681847132314,101.61813889139663
1446.2127590434425,977.1134322761181,54.13161043193485,102.51367759227823
1446.6089186732756,974.4604478900122,54.68577261472018,103.55877256993439
1447.9048219995504,973.6472076304294,54.77854700350638,104.84828973355894
1449.0542631029862,972.7344479476469,54.96835517291696,105.82101385586073
1449.4723505746701,971.8570013105759,54.780951634768655,106.01593830084757
1451.110924211793,973.9153852535685,54.79143706430446,106.26535703366756
1451.2259498755254,973.3130564865413,54.99965708054728,107.73245083843554
1452.133294025575,970.7625656855453,55.32000191109412,108.61318517175091
1452.9983227212667,968.3165433202447,55.82160750837326,109.70716829308381
1453.0693043312053,967.186666750121,56.24955856986428,111.03252808702149
1453.6286097186403,964.973121718272,56.86143824108532,112.13403040123845
1454.1106364402808,963.1511420790121,58.0496555917191,113.44552593845577
1453.5844175418438,961.2282738892894,58.99513348684307,114.98343460679573
1453.1885521554946,958.9065807461477,59.5236857023837,116.10610851743837
1454.2556271053575,958.1344303783459,59.628992456253116,117.95124223987357
1454.7586712032366,955.8048814888642,59.81778879914496,118.51332702216342
1454.2468880822641,954.5887095474133,60.077157393518505,119.1929796361445
1452.9728726311662,954.6025240934904,60.76197296845168,119.72849153234012
1452.2788551751999,952.37439118733,61.2189714080636,120.93313848250861
1452.1390171195499,953.959023848423,60.78334552885479,121.34350401206828
1450.3831674707817,951.2090315344693,60.73783366573133,122.10502094664679
1449.3282428132493,951.302656928091,60.59245326926336,123.06170810476941
1447.6296453577436,950.6656523766546,59.35668023136101,124.05743939325374
1448.2218101356264,947.7015455946914,58.309200287593185,125.54064467928708
1451.22061784487,945.006880339984,56.112987676341675,127.40813342425187
1451.4472224172957,943.2279610122977,55.1673488578187,128.19108785568667
1452.324304852101,941.008820059666,53.799762041443756,128.74860241552133
1450.3545570136696,939.6084139990342,52.82783403514048,130.0307651971094
1448.1974703735375,938.0826199444498,52.78860756183392,129.78342099235903
1447.5798335986058,935.2553388664357,53.00363782461073,129.47787677555385
1446.9228044334538,935.9153510206158,53.495186091266376,130.64452653755188
1446.2419507785748,932.4317932120468,54.119118850109544,129.5300247993431
1445.7291212388839,930.8620824240509,53.9730785247754,130.10872950788826
1444.3304885883285,930.9282629305737,53.742614314624795,129.2372412165145
1444.3782084732288,927.6177559383052,53.0395570473804,128.76037245340137
1443.4256349919483,930.4795310771416,52.7729584712297,128.19091210340198
1443.3999740517322,928.7691237838685,52.14568045761486,127.33599560321724
1443.7810074315782,927.6714884611162,51.01702146951051,126.73065165330871
1442.72913393339,926.044176968405,50.54339949120136,126.28586610754212
1441.910462733188,923.8025759751663,49.95404253934048,126.77935919356787
1440.543987413101,922.720659695132,50.68644505520174,127.02279828668709
1438.6227511824652,921.2177357755908,51.62145182013833,127.85187973020058
1437.9257378308805,918.838020353326,52.2095127420959,127.98040637703733
1434.985938997094,918.6251661221295,52.6680016869819,128.1208821166711
1435.7100694048413,915.9609611889261,52.29759586244658,126.84052256626866
1437.2489213042377,913.9083066321451,51.698075571573256,126.9566980834104
1437.1679532733374,914.2323114068041,50.78889530513442,126.25498600457254
1434.294678899069,912.2275318914631,51.255847248098526,125.23237473953948
1432.3930022583697,914.5682911390495,51.53283262674129,126.32522929887088
1429.8898264946715,909.0024606115636,52.019951404198984,124.11441160170656
1428.6505563256505,907.9159337856324,52.5044032117003,123.07287899563431
1427.0220843136876,908.2729431860988,52.810664118713035,123.21242183448734
1425.3019198712154,905.7340104302303,52.79818963032101,122.72701391635351
1424.4651050941739,905.5375498153885,52.7327741604858,122.8267337293064
1424.2170642174608,905.1459291948692,51.69462150934822,121.96552287531341
1422.8391855224095,904.1366003118525,50.70958734023121,120.66429991739349
1423.0049361015053,905.1505445821618,49.56166807071512,121.58082670766149
1422.4292251060717,901.3637330984088,48.404184221662554,121.81866285570953
1422.7630640550867,900.3482888034592,47.19197152119588,121.26161480582293
1422.2852826005505,899.0862387118857,46.369434178116755,120.05729163196018
1420.7433448401148,899.1248121760889,45.86285965054131,118.94556018130652
1418.5474805877527,896.3255878110156,46.092751054282665,117.53740567048625
1417.117582890368,893.7779891507579,46.48586496864455,117.11060077084792
1415.695167183316,894.395698427691,47.19962409995725,117.02319259009738
1413.2207690454572,893.1693204207945,47.64519361862549,117.0799444039086
1411.8341127553833,891.3484226257083,47.75490432346798,117.24223421672191
1412.3542357914055,890.0649151759525,47.30626457037462,116.50139112596864
1410.752641418527,888.9959735049802,46.84663393060299,117.19614159056349
1410.0599479451525,887.9125173167275,46.2273426279927,117.64265530259414
1407.968936428392,886.0419259837804,46.34269715107674,117.88760116734105
1406.0183506695362,884.4206954625153,46.616801102870305,117.3969215028554
1403.5978054907648,883.0622420667943,47.076363082879915,117.17993056060888
1402.187707404124,880.6895030828147,47.17901303156765,116.61876265835943
1401.5247506650796,880.3013876642148,47.01711422900146,117.38684563747603
1400.865441119496,878.0618081655964,46.68663766568146,117.9068042524801
1399.0848013247748,879.1386546670685,46.494789203365784,118.70473325881306
1397.2384721534897,875.8723754699648,46.47540831368166,117.78244527087932
1396.6681328593259,875.8057977082321,46.279635609971656,117.51662375310023
1395.1044337604972,872.7556869870797,45.92392600237688,116.69619328271595
1393.8017752287553,871.3428575175013,45.61036999419006,115.94611832180244
1391.7114669219543,870.7575080754639,45.59839351010549,114.37561890456217
1389.2925016087715,867.9853354877837,45.411414640163656,113.82009530550852
1387.2089374004377,868.7629409694746,45.60645138202667,114.25465785401326
1384.9597333952486,865.6243503984589,46.031878511667266,114.3133669921078
1384.3627713940061,868.6346385116746,46.41042527873982,114.5257257174588
1381.0577265299903,867.656691452507,46.81476406454099,113.70699048131706
1383.9294540513538,867.3208930580369,45.613427571161246,113.41389753865919
1383.4921090267555,865.9038704426893,44.284620210537156,113.5926178334415
1383.3765429768127,868.3641340641681,43.283484334615444,112.48737698841784
1383.5009808566008,865.8529952373235,41.78696462743786,112.26820957756223
1382.6637648818403,866.5794352362145,40.53569042881163,110.90207659281262
1382.0518316396551,864.8237060633662,39.43703951816205,109.71171313446268
1380.8003730040386,863.6869585636548,38.50565469779646,108.61670647067744
1381.1399471811858,862.1266158081572,37.81932196702796,107.68890145738062
1380.32393954661,860.6257053624674,37.24260296226869,106.55259692914336
1379.8618239693105,859.7211003738614,36.851322532585954,105.92830065597389
1379.5728919070996,858.7869520869906,36.629239991244,105.84282194304113
1379.084591615443,859.9053914145909,37.033104490095646,105.44412013434486
1377.0539394351822,859.7227926263802,36.99957547659396,104.3355596093028
1376.4570224653025,857.4482002404646,38.01839377311445,103.97360775393678
1374.7699926951232,856.8476128073546,38.94640290797091,103.69818340369564
1372.2868964278039,856.4831464392588,39.327083758191556,104.24406403219535
1371.7953119010576,853.6081098327502,40.41263746090122,105.53972430804838
1369.3244772109524,853.0269641562692,40.491892004228134,106.18334981084789
1367.9322537631474,850.486757592798,40.55537685226144,106.60398768067972
1365.3106744794293,850.1734655993613,40.620218349690376,106.92636857450115
1363.8770707200292,849.7523803349397,40.49534327266531,107.32671484597049
1364.408011734894,848.5394908824112,39.81831421854281,107.94687927959183
1362.2823071556709,845.7668312906533,38.80820680594377,108.25994777264756
1361.1208138703528,842.1325415414211,38.84923265079556,107.00607777770375
1360.3919299040224,843.1408040065785,38.291377729223925,106.3974897780453
1358.8962931974438,842.3159634479302,37.69054813792551,104.95234705806152
1357.5098115201574,842.1116146159402,36.90456655193127,104.81046243234604
1356.2921268738578,839.4463358889217,36.28587753116085,104.44099194372546
1354.9164632937516,838.2996773476468,35.91055531164302,104.95450193551586
1352.151962523802,838.7105569463616,35.596527352488046,104.89369598563356
1349.5722708879791,836.1809556976823,36.360144842731366,105.19825551958266
1347.051010246623,837.75873789975,37.00812295451446,105.74970591456538
1345.1151982981191,836.6214024232945,37.3910004468743,104.76838254756059
1345.2195417286578,836.0511727088301,37.35831672898853,103.73320306238116
1344.7976530780463,837.9290849096446,36.93688983900354,102.91346555383377
1344.3005710525151,836.7338923934066,36.28044213183368,101.82534211386734
1343.4777164439513,834.6873805890483,35.783760382546006,101.03834367363346
1342.603127385036,834.0115035842842,35.59771647069035,99.60407573530094
1342.0852153808821,833.7131433248703,35.158118215852944,98.2141517476743
1341.2281307608016,833.5555411732457,34.53140300891624,97.46899693055451
1341.390451636754,833.191445217638,34.447679640013476,97.28618155665191
1340.2929292491522,833.5462574115886,34.328600307856426,97.00641385653498
1340.621336713614,833.1780992210781,33.8997297679182,96.48905918748406
1339.1052996885637,833.1093125836653,33.94401156452482,96.77734229998491
1338.8319955580994,830.8387514969055,34.03785686406593,95.58957405449817
1337.9739909064192,830.6493481412876,34.01937374627589,95.49892498713518
1337.669950818525,831.3093838543857,34.010531364710566,94.99056952144144
1338.1297734811199,829.9490348551694,33.83994506099382,94.99234275905557
1339.0330164332136,829.9391813584821,34.28513309365027,93.97474022503317
1338.3277753543562,829.9749184041655,35.30849297791964,91.71575445115595
1339.7118674934363,828.9700743102143,36.32466815486817,90.47749804562893
1341.2440996269092,829.1524714664205,36.86009721944977,91.02789729095562
1341.8929805340815,828.9666773046466,37.71234408354187,90.90611982008316
1342.124479180457,830.2732945096943,38.38874882268901,90.91462336698858
1342.2092435286515,830.3341326635552,38.72150095763696,91.32135040103684
1341.9364423382851,828.5733242582887,39.805265569815205,90.61897486385257
1340.9518681670024,827.836215887763,40.66391071566412,90.34814844637282
1341.2104701767794,827.6713337000141,41.85592925127075,89.77995442400535
1341.76917863105,826.6802539992525,43.12820488766684,89.24619056388612
1341.127189144075,826.4294024103222,44.34000510293605,88.8884110361536
1340.7433691617223,825.27259430512,45.323999154636525,89.03961698731113
1340.3225994399577,826.2286438230972,45.92582905696439,88.66490377269923
1340.324981303149,825.8846366937169,46.37724423416169,88.68114441896074
1340.531488580118,824.4976777210683,46.48353043906176,88.35591838232418
1342.5511315676843,824.1969457707968,46.29903777409488,87.89767547573067
1343.7385732465123,824.1598677041716,45.90258933674977,88.17662576255226
1346.0330869998231,823.5824884492835,45.49596682509262,87.9117020080004
1347.7048869030139,823.9748220089449,45.00370635892127,87.71399901907917
1349.2030571074624,825.4262978714503,44.311652191555424,88.52135107748518
1349.9136209716828,823.809698915029,43.98683245604976,89.33861705024904
1350.698046753135,825.3696173829004,43.464606388102446,90.48125417456491
1351.2047419702042,824.1253659970223,43.419611425537106,90.98476503824747
1351.503309393166,823.7944533852955,42.96740665919263,91.35051748061532
1350.2982091908636,824.5101884067798,42.970885471847936,91.57163950059683
1349.5104984369045,823.8567780584823,43.571532440295336,91.20686879609167
1349.4294644383376,824.3995973045081,44.39169460513838,90.54799616316694
1350.4295362715352,824.011453283477,44.81160418238059,90.38443864324812
1350.878000933982,826.2088050214,45.1432220729483,90.23767093934406
1350.6968018432785,826.5070557158775,45.1742292476475,89.9535192870796
1351.298047044396,828.1517626883575,44.99994662434301,89.86876623460634
1351.4648573062912,828.0606903110231,44.33518531414367,90.10912619762657
1350.6301693289572,828.5466413205942,43.915257060056,91.38967869775648
1349.701016510217,829.217642957178,43.78586831486895,91.79744904614793
1349.4727542224143,827.9429203348175,44.083867423554956,92.03194239420134
1350.8365708621498,831.7469720689288,42.642246435992526,94.31415112080309
1350.1711907135416,828.0469128908443,41.57967782810337,94.00745280369323
1351.5136282566793,829.9656362735968,40.128698162856104,95.22185444974826
1351.3322892391773,828.4382330277417,38.84890333466252,95.10856201491433
1352.2793216750883,829.8054064660879,37.95440317011966,96.18232132222765
1352.0840195102294,828.9998400160367,37.293547233724325,96.17849081004516
1352.5286470903961,830.2448339666795,37.35128673567567,96.3755930672222
1350.1468579372317,831.7709887835024,37.455978132519725,96.54629325832914
1347.0413844056645,833.627566092708,37.87680602451154,96.38853781937647
1345.8124586467666,835.359424779429,38.45382785042052,97.28351261512387
1343.8725427086888,835.7880885191969,38.7005263151686,98.79128909562539
1343.0539464400322,834.8277316781181,38.56095934720996,99.94519468518894
1342.0357120024412,832.5771333575954,38.71607281753795,100.06440661554095
1340.0529289879687,833.0226295951118,38.6977886057756,100.14155527906183
1338.7700577021726,830.7610121701545,38.70740672859168,100.56233117511904
1337.4392461519487,831.7131410253049,39.159934350981686,101.15478996414654
1337.218309614363,827.4276787675561,39.285221736369955,103.21118429775952
1337.0069567221121,822.4904061958589,39.261636074185986,106.1675480217815
1338.5061953126758,822.362209864067,38.81535086579105,107.72304394540535
1340.0815199384942,821.0902745218086,38.26069084144916,109.68480887411621
1340.9689547027833,821.5133675253588,37.74650401493549,110.48509317531969
1342.155671954311,819.0112668724936,37.368298398484384,111.62961096740878
1342.757254610001,819.8809263863535,37.272252766555454,112.28439689726945
1343.2086623636296,819.768428537009,37.17673794613417,112.32574427790624
1343.6359545322748,821.2972601045839,37.262705307052016,114.15020413622568
1343.4124721441362,823.2468325379104,37.966484414145214,115.70475790467384
1343.5131911742833,822.8720048677704,38.73588919213835,117.15662253879623
1343.2652851738997,825.8640973421396,39.74132656817656,116.68482009738214
1343.116420249213,828.7028480792864,40.59818762263216,115.34174025776274
1344.4269975080238,831.5344030744834,41.568304267043644,113.67411938785202
1344.2141674061138,835.078441327023,42.158524341821575,112.19536161598818
1344.1094758505105,837.1211048932093,42.41256681054611,111.09029223317287
1341.37759690473,837.9213263210826,43.11257700999947,109.71410960331856
1339.4242118899515,837.202318189238,43.85687002310709,108.20806935608242
1335.256224555497,834.7110347021021,44.27418500497386,106.29701774667495
1330.8444550989723,834.9342259839939,45.37489648348343,106.36235375407746
1325.5499708126122,833.4422268159631,45.31973721043944,106.06327222754464
1320.3135833724525,832.0502590488995,45.19442764099093,105.57937238302468
1313.5494303368328,831.5840988344104,44.72150442603674,104.98807280258082
1300.7256818638991,827.8868292261661,44.67865560774346,104.59987619448441
1288.6422199012582,826.734354725032,44.33556976740057,104.10156582404149
1276.1625455339747,823.8319462449286,44.233025038832785,103.11515830457273
1263.333067276948,822.4512988646209,44.03318447952171,102.91108884743018
1251.2989420861386,821.1709668371777,44.255787049251104,103.27668287401133
1237.783237448523,818.9377683676344,44.20732228578589,103.42979112443852
1219.0719306703345,817.0976812252325,43.857085805541836,102.53252133270426
1206.6809832493245,816.6426706361176,43.42990471982746,102.27402277559766
1191.376331126469,816.4503139461777,42.38460310005967,103.87904767796117
1170.8269203369111,813.7022704459068,41.41971923483957,103.59020349564173
1155.667225708953,808.7537218483901,40.3049692390468,104.18276673224005
1132.514140393035,808.5622505639997,39.47984562039463,105.59658724882809
1118.5031747742441,805.5680226729161,38.835465593938444,107.20955045821088
1104.750447427298,801.9015308196388,37.964840728504555,106.64498596606563
1095.2947125689293,799.8480787882321,37.239536382131604,106.39444288150955
1087.1710300459972,798.9381255976909,36.61473193336668,107.01083146798292
1084.4881597906226,799.5568587625761,35.77021300655494,108.33764207188253
1081.3352722969207,798.5311036392668,35.3906990878612,108.20833089973894
1077.6739938387536,799.1632869266102,34.26838410172976,109.48056276903698
1076.0035969726005,799.2779573914994,34.17283082628434,109.5565968490338
1074.2063719727507,798.5776915248982,33.97907830179862,109.01609116577814
1072.7425047421657,797.5093882400432,33.78055939649846,107.66870134419183
1071.70691496581,798.1606938612726,33.72628261604928,107.05834065152614
1070.3121896041273,797.4748270658172,33.465171196088995,106.07355072864311
1069.4636589879376,797.7083277832454,33.679953723825264,105.77044226327575
1069.217683703422,796.4289470633062,33.712815818344616,105.28497395728941
1069.1246503850496,794.9274015198481,33.71940109775334,104.32368501834176
1068.616843804714,794.0874741862033,33.820529995957784,103.68574178638536
1067.3086669156771,793.4108357635396,33.5256300833119,103.54096973015477
1068.258062587399,792.5093681279247,33.678144272323806,104.11341503213092
1068.7919618924655,791.1707444500038,34.07185977752427,105.02307913697342
1069.486448083867,792.1748137565593,34.7608147457197,105.85160520052855
1069.9500262597835,792.2664348213164,35.83460348513379,106.42218968920918
1069.784342314711,792.9294246029236,37.3337607152979,106.06062275559887
1069.8595931582342,791.9692415166807,38.57726981049324,104.93042082429459
1067.5223822286744,795.1918710638854,39.26234182754145,104.61478323562223
1065.415042876154,792.5251381352557,39.087515623066935,104.393369427507
1063.743162830198,795.1994778711473,38.96979271327018,105.08219272137922
1064.47486155105,794.8548365464665,39.91623180225129,105.12506424984942
1063.5903579671372,797.1985306590681,40.49214292839787,105.27383191606471
1064.0875598328087,797.8003089780921,40.70443689946264,106.09826538078453
1064.0697658385561,795.5513136641918,40.76387428959045,105.74202512784794
1064.1800757934534,797.6040818568567,39.96946925358661,104.16153604476402
1063.634094877599,799.3438604682465,38.7437318913412,102.90617764019146
1062.192892056212,800.7574467856612,37.84943966004594,103.00494551897273
1061.6890370760232,800.0672643833628,36.74365474737678,103.5806057170365
1061.1518965197113,800.3186145562846,35.79075018151826,104.11867077589419
1061.3292064862992,800.2274909658789,34.96342029455768,104.81859246241609
1061.4988601847685,798.5157750027851,34.55558838795078,104.37235375910237
1060.9114995012944,798.2725593065446,34.434007436325956,104.20565330897014
1059.720420325321,799.164716292248,34.03210721741091,104.52047259066079
1057.8985845447173,800.2401504615549,33.629215153282615,103.70568218059026
1055.937907806855,798.1656063687547,33.302603769998264,103.35896939420591
1052.5824875267779,798.21869830689,33.150424863752725,103.92914445615214
1049.461654305865,798.3964759588653,33.160006077611584,103.88064167509958
1044.8781207561765,798.7698697791842,33.114882548937295,102.9531316935201
1040.0354116695717,798.7308185787954,33.11406910898754,102.6955804614185
1029.8214285643198,800.41210518617,32.71275255887132,102.32306280773486
1024.678328548539,800.4785866170423,32.09303065439779,101.84822397562681
1014.1419977976652,799.6243187715149,31.95033151466589,101.91973144936571
1002.5273230238199,800.6747663519533,31.84080433811313,101.81933935169108
989.4793054323296,798.2553189674209,31.916936338110347,101.83352995052881
976.1314363491546,798.7856637187991,31.84724023932378,102.60368699585267
961.7190669923755,800.0545312860659,32.23685550927853,102.1799912824009
942.1532438422339,799.4620416380723,32.61612525316502,101.66393007202511
929.4262521208473,804.2305843340074,32.987295432998984,102.19753292783552
908.8338491863251,802.2840586805245,33.32700089921126,103.23970957240203
894.1410135424461,803.9645306941645,34.645564032672354,104.62195249580562
878.0205790975966,805.3778918521092,36.14644268799644,105.60760620225508
855.4390635543057,807.0235368216282,37.57608678116995,107.46285738183879
839.711681745277,809.5814532588639,38.98502825567274,108.04887969001518
815.9342379072776,806.9070519898557,40.39820755764789,107.26991323465377
794.9310379852091,809.0637197135934,40.54563675969522,108.12578583695279
773.1858879277411,813.4875476232394,41.39332060265852,108.56266447200652
751.0432497181175,816.4738165356935,41.995346594659594,107.87186015997666
729.6743130074033,819.3501398325534,42.31274119528731,108.94494150586252
708.0177156047371,823.35274871067,42.7306074788912,111.62486435937066
692.2820204006537,827.1511698500478,43.30655683176025,112.5454275905636
672.3855709654677,827.830212140873,42.59010587913421,114.51278508464264
660.3503606472079,828.1405648561974,41.490434886625366,114.7725592281973
649.9301777408562,831.9649765628407,41.06844108018823,116.2543376978453
639.687811596821,836.816444860085,40.402677839083786,117.89965339980441
633.6990490345596,840.3269467841467,38.93239183689759,122.15978224974009
631.4582583835861,844.7183261487625,37.8078344326373,126.36170464996411
624.1667443422563,843.6098621709176,37.57840829166419,129.0456946915207
623.7203009208505,847.632575515285,37.424217478683346,133.00741483811305
622.1960829704302,849.0213605200328,38.00835107811712,135.47433259106884
620.4514716399806,847.6118597465821,38.84010828110023,137.18120909886937
618.7554510352928,851.7613386933766,40.445373067021436,136.3289203069956
615.2554372564273,850.7406095322265,41.437096028805286,137.30584777983898
614.322006969886,851.8027167283176,42.29105422285171,137.8731626616437
613.9895174916128,851.340358871685,43.55723304473942,138.95234390125114
609.8321268312103,850.6761288423784,44.544328532567135,140.05788489808447
608.022197160505,853.8617138006798,45.40457602896122,139.13431486932944
607.1593419825247,854.5435723269856,46.177066136699494,138.49574226261416
604.6084538642617,857.4388302236009,46.685385151240595,137.18240122829468
602.265484956339,858.0451407634678,48.047155238661844,136.72021585851417
600.9917764543619,858.4880574035117,49.04010849845254,135.39311356812095
598.6183720867139,862.1061917835235,49.808118367476794,134.7144515051798
596.4700701135037,864.2505365474252,50.5239613580866,135.41304759139
595.3927892096742,863.4242717308722,51.55274699406121,135.0882396256954
596.7417765307432,867.7957611920425,52.01608826989201,134.71457012870889
596.0235694414879,869.3522714419257,52.55906518205277,134.19550514575752
594.6208171582391,871.9702882943405,53.33618005624379,133.42673418583146
593.4253982912952,875.6914938336822,53.52264538412571,133.3861404289254
593.9756728046343,876.5767026546415,53.935870156390195,133.9107083197675
592.9649408132586,878.6372689673067,54.03123638847765,133.9507724031165
590.7740744452511,879.9436608308926,54.23638011234676,134.2175195826219
591.3844095409152,882.8411831698957,53.800833328859426,134.00195316847072
591.9274504765757,884.6742059550011,52.997735565271036,134.96963038039496
592.1401137969826,886.8175989232919,51.98469008004354,135.5129173236044
592.4619637821238,886.3820976355131,51.21834751816555,135.07469934671764
591.5983903502454,887.8774969336355,49.97449490262855,136.74894362766997
593.5482463433165,889.9746702262685,48.76802880424267,138.18352284272748
593.9325534891007,892.007599244813,48.1993649990959,139.33480786441544
593.268903087465,891.2008391616756,47.37617003477377,138.87242366133597
592.4717003939628,895.4725657651625,46.20886215540545,140.59421493830985
592.1614691843452,896.6525894761496,45.60886988180016,141.4049279094785
590.4246707102249,899.9455261579488,45.210468758370396,142.23892730665267
590.1053283201765,903.1671092357773,44.85159470629845,144.49606327501917
587.9607931424158,904.4612542903379,45.08712769304549,146.45949759979675
587.3664524059525,908.3558299546808,45.249342319505985,146.0554800143974
587.0797381818932,912.6183465238521,45.55658730190547,144.5499304423387
585.626835010699,916.658963136422,45.709967258414316,144.1604734928338
585.1923569720734,919.4634804280572,45.5390274435221,142.90984163859775
585.3789258822818,921.8074933006958,45.51022401684501,142.24596483436068
585.4284999235776,925.9811458631077,45.23387296446393,140.33182764395448
585.2940921359201,929.0938014682747,45.228185278928194,140.30564124670047
584.7784924683021,931.771980913774,44.98504171960985,140.56629294911616
584.3075761322461,932.61367895238,44.92690073697492,140.61593291316365
583.4285310137344,937.0765644842966,45.05832550101407,139.96859374172573
584.0662019791768,936.1906282139809,45.34307601931761,138.61018268822562
585.0890359429554,938.9739075855956,45.62775825235886,138.1979003159983
584.8541698868754,936.549757253428,45.78060313483808,137.3780343429129
583.5430929515746,937.6538189422497,46.38928802465028,137.63116627723548
585.6065729719255,938.4832625411462,46.371242359253785,137.17664111424006
586.6362344930213,938.4141421658035,46.54462014179969,135.7833524383508
588.3129092014632,939.5683494526644,46.1885537067885,134.70735211023452
588.6380738107504,940.920906271083,45.951244979814106,133.49873181293577
588.8574554244002,941.8786885493867,46.365661445736485,131.95404505870067
589.2470040639284,941.5208851742539,46.545263273850125,130.62948996089793
589.2561903148352,943.4496738262097,46.81307412927553,129.59238227482982
589.1015260419995,944.3406457433424,47.05797012099996,129.4100648624929
590.586770274729,943.4821107972134,47.132883943977674,129.3281219745612
591.6879605125149,943.193260473975,47.764034848105695,129.4047006232048
592.4475180850857,940.8781547248713,48.1734270309975,129.19052363645753
594.1297772033226,938.4963171313993,48.52744803249967,129.16251753372856
595.5650778424915,936.891645897837,48.97272133073064,128.87714550233335
596.994094948343,933.9959606786986,49.28644720127242,128.37179877370943
599.2184683654416,930.8868153747501,49.638642788034865,128.6813235887597
601.7765337891376,925.3025025385208,49.85126636569166,130.41899337437764
604.8244448534538,922.4307811971729,51.06579322463851,131.21154933069406
607.6556959904241,921.6924368445858,51.879352771681944,132.335947912167
614.0490935756205,917.3587032416444,52.168866805390415,133.11498309214048
615.4536418084487,911.4052095053643,52.3546257436344,134.70159321484718
617.1482727591244,908.0802712673484,51.9103897631508,136.44220751055065
626.2197837777344,897.5925973887415,50.762032871804976,137.70130770917046
627.6345462716449,897.0328606228165,50.14315928168895,140.35282696302826
636.4928819540046,889.5951454998085,50.34147166635911,140.6944914161977
636.675827728288,883.642488290838,50.18162382313646,141.43768501504707
647.716160303793,881.982827316871,50.61608394678484,144.36057483145225
648.8380818480068,877.0254768710626,50.96646602658541,147.97757531794807
650.0906563735897,867.3997337658737,51.747458847825655,150.38036768066942
652.3446718299431,860.9719892680525,53.43872584008705,150.2000080587582
655.7379789520502,860.2835006544994,55.44566208720582,149.18231003104253
657.1304372497399,856.4757310416867,55.8527792595266,148.87926538673395
658.7663162864333,854.1330835994647,55.31216728332315,149.24685797778181
661.8324818537012,854.0186872579827,53.22445475535467,151.7592588589119
663.7238750092549,852.0441849623074,51.73328750667076,151.76936560213318
664.3741369070052,850.3751510760746,50.20662519390971,152.39910393543562
667.2356462050368,846.2443669750144,48.71981074518553,152.44246763926495
668.1651838842613,841.3720434810823,47.84451946628812,153.26928797460243
669.8971047365833,841.6376382360031,47.01306921443342,153.64856829479683
672.820974048176,846.951397245872,47.11372775082439,152.07346612283737
674.3895977667089,842.9452706529717,47.454627582053895,150.18414898850858
675.57465442791,842.1405529976764,47.22715771134243,149.61527152062632
677.2894419936755,843.5301213069706,46.90423627014967,148.17084430793687
678.315404906516,843.2511455668159,46.42346086656468,147.863703927952
679.9072488380756,839.9474274292702,45.89938875852686,147.51085453943875
681.4672539745716,839.3930066743347,45.888262581680465,147.49860396823965
683.8228792204973,836.5842298133257,45.7132073679969,148.40301386472683
686.1642846942638,834.8282007726388,45.27826829622683,148.8728387174171
689.0442960530781,832.4884058203149,44.918889880966134,148.66435851555846
691.2725616596271,831.9761752977325,44.3473875069797,146.94707075090884
694.0485342485796,828.5797014905206,44.16651557507674,145.30068158859913
695.6585555003186,830.376190531422,44.01024884941549,143.09910694345726
697.8702228340771,830.7495820015899,43.820004105757064,142.004342967412
701.4711209355585,827.792117202271,43.723920316582245,139.49577631971192
704.618737553649,831.8529330908999,43.511924728411394,138.20762156271775
707.0481459300488,829.9056814827655,43.49511465896144,135.58410271859216
707.1126707834317,829.4051139759327,43.502261043966925,134.1974520591163
708.6615876302699,828.7938799824866,43.65406662298035,132.1933661290775
711.1792252540392,827.6223057812142,44.204697881026206,131.27014590407398
711.7968866568409,827.7218327072308,44.50936252030048,130.51291946846086
713.6422082712699,826.1128312865924,45.14477481817606,129.20473965821793
713.7091034707175,827.0867578377548,44.88921782224821,129.737600638611
714.3661502648633,824.3340958195213,44.57480630278123,129.1151594963976
714.0680040323962,824.8722049851413,43.87624353070856,129.28358020419716
714.9314615543847,823.7263612622864,43.118058757594135,130.0415949595154
716.1255648400734,821.343825835153,42.44445072270805,130.00105849490407
716.8665487422717,821.7251741900508,41.67390679221276,129.10873418479622
717.5308315522083,820.7710910122033,41.23223313343731,128.45637512316324
718.6754628559368,818.3665350570021,40.72104920125043,129.38633831187067
719.7359551726605,819.9258733858568,40.557631425140954,129.87701829593075
720.837373694741,819.2079994314411,40.303544280844115,129.80381442158208
721.9416361083576,819.2163191785013,40.13471543177569,129.47948043273738
722.4715167668735,820.248528196809,39.96669616539159,128.88260969359942
723.6604962912203,818.0117654768311,39.38361059272651,129.48759723072337
724.1407030422814,817.4568722575068,38.574370771625,129.95391999816445
725.5110746842777,814.1754400004731,37.96628000876573,128.99017461461824
726.2820558378073,812.0010022316759,37.80950389707995,127.97868714562114
726.7903459793858,812.8435102319451,37.89246456279078,127.63848556482904
727.3316713984597,810.1809760944476,37.46946452725536,126.93429892649394
726.669448673253,811.2570233802179,37.44745786070259,125.16534855480147
727.036588702795,809.6258117462071,37.37129807616235,123.49789883316869
727.419900394529,806.2783597069994,37.574976857248835,122.47602987844195
727.8596014097703,807.7584172124259,38.435491032172415,121.6539599401444
728.2526569856892,805.0112969679054,39.553684623147674,119.8617452747664
728.4100493065316,804.2592852816822,40.399490868532666,119.34253094198219
728.4170102651652,802.4907651029633,40.742882643835244,118.99416146741919
728.1368278686606,802.1997118107671,41.380625121258745,118.32751200074817
728.8057164740383,800.2582201605749,41.63829521236812,117.84340889061022
728.977592492616,799.044138993208,42.01901987027336,118.00530249518029
729.7226299856281,799.2753757568952,42.706510935732176,117.89303403162583
730.1533864299354,798.9244063296537,43.06206576562357,117.97313032295644
730.2422418909542,798.2836342514929,43.605979754417355,117.50803463152258
729.6089091432824,796.0941968129862,43.791301479733804,117.01514055712002
731.60431325672,795.5732337244347,43.80327178297951,116.43783455648868
731.7750475106236,794.0828174265413,43.177931922499845,115.21893914019046
733.2326129654823,793.8962158114858,42.536731562404015,113.92827680404784
733.4878788915382,794.4262234368158,41.74927113644521,114.00984785709879
735.420630982915,792.3157800872743,40.801695172533215,114.7036716632679
736.3379178961484,790.7074822236203,40.245625479290965,114.1422012322812
738.8248968257965,790.3569781789608,39.75231232290628,113.7843502117217
738.8437834302109,792.3382473533206,39.29656330092698,115.49212045293743
740.959215100378,787.5744187114926,39.14669027507639,114.8906244849455
739.8079821408746,788.3180274541867,39.01179042374321,115.32833101555607
741.2735710041975,788.0730860337865,39.76787737795978,115.15550944818784
741.7369601213832,786.4151504120495,40.84211885985121,115.53105972303393
743.5239274145226,784.1778761778365,41.39801892551941,116.19805013176739
744.3030892179312,782.4023695739188,41.70185063696249,116.39503916777352
747.3435462298962,782.98100079364,41.222630720088105,115.946618529021
748.9453490256503,782.158056589706,40.926697295404324,114.878239206176
751.927878125354,782.0025055865248,40.69391458198916,114.4087179553783
753.8549050592902,782.303406920921,40.00774768654425,113.13343853096671
757.5476714102508,782.5938557689763,39.15203924152006,114.02261453480746
760.6185961309038,781.5513380455611,38.227516918133865,114.10618513788776
762.1511397736954,780.4199091246543,37.43930322111277,114.02945839069677
764.4479723453283,780.8756298823661,36.6571498328368,114.10288742828993
765.8463063697324,780.1132456053612,36.10679940907421,112.81384563378899
768.0660313463486,777.7978377896615,35.644009469040725,111.65872824745773
771.0555947239219,777.6553142777641,35.60531192455679,111.1934123385705
773.5760507272937,778.536111644644,36.40546675512413,108.90586431196374
775.8250137230096,777.988722109682,37.27271362669875,107.21110023003227
777.9607959123579,775.5113969538078,38.90417392146416,105.05324033746565
780.5786560241905,775.514037034863,39.975888256667275,104.61574034221958
782.9717948642627,777.306463054119,41.216429328811834,104.92647097964144
785.303273568737,775.0758845184893,41.69237219986199,104.23212954626234
786.7300998198787,776.2821050772978,41.801975818260345,106.29688416839119
788.0551756932398,776.1662320638184,41.67579443706236,106.39407183060123
789.7271858914262,774.6123720655452,41.1757653202917,107.03164970106415
792.5339381034644,773.4272943182161,41.344517022619016,107.38902238360376
793.7162397718088,772.8875760072556,41.64421341241654,107.16828631894809
796.5497492426691,769.2979478243627,41.58244435244015,107.64717523401967
800.1634991595474,769.9866547218138,41.44514971124943,107.69160019949346
803.0203512031596,768.0151589920254,41.01407845178392,107.61317356443524
805.6960578070461,768.2647735147552,40.58628546800993,107.34986862879222
809.3387255110572,769.4551632079249,39.818917284108835,106.76359042787
812.2017191086398,767.7261494265944,39.61991287321484,106.70379286388315
813.3597907053556,765.7449054640554,39.30583390784112,107.34380273300712
815.5973543139788,768.1839376102424,39.00147066001624,106.38963999855542
819.6819857689703,770.5948665838089,38.05528647775539,106.98359454379305
822.2516906833678,769.3366777550389,37.49935319238685,107.06737933252823
824.7078629950398,767.9955883114072,37.3618651364257,107.10284496295549
827.4068663304445,765.1052070103918,37.33041224903301,107.34633368116661
831.6556238821602,766.7484797264362,36.51672311529762,106.79459359461319
835.2218551274075,766.4533034604118,35.704034298814335,105.91873790713383
838.9028598782437,766.5399484623821,34.857697004020665,105.14468285373565
842.3174693259705,767.4921548496275,34.50561805836558,104.03038400517882
844.4083932096233,764.7352717556325,34.2898767058547,103.92426808638766
847.8954224469056,767.2730818086637,33.60034267205571,103.84520569288011
851.1034153006317,766.3032491653033,33.17655352450956,103.33621585112203
854.0451924343325,768.8494248812043,33.01627921011068,103.04389369712162
856.5792561743033,767.7216397404269,32.773712299932455,102.49127697077243
860.1312321452704,765.7391249459527,33.18007148470713,101.69522247997843
862.8568452092869,763.711878027055,33.65873074409486,101.4650192619569
866.449530022234,763.2549078699599,33.76793585574957,101.63852862502881
869.2432258504821,761.6016548275156,33.479805769230055,101.7726480636465
872.2449515215592,759.9572342743132,33.333584613538186,102.0431466750868
874.8958012441294,758.618013814633,33.09851743921074,101.65236442893521
878.264854370989,761.8077519902467,32.21423437045869,102.46523226639782
886.016763297621,762.3386655681882,31.728745183881788,101.75981081572866
888.0974576720695,760.9955307979873,31.54150137059259,100.85434427786792
894.6348897388646,762.292395870912,30.845725638796875,100.45291445169036
896.7667637735605,761.2493316230576,30.319109165016677,100.64537369977168
903.2154663079906,761.9407987291452,29.60336570199145,100.54495692076301
905.0168633612949,763.8525711182956,28.9899150001526,101.01787038678592
907.7467766736011,763.0993155820065,28.694971035452404,101.47140783131992
910.0680919204536,762.8029291087214,28.429957424071503,102.0152277811593
912.4526192416456,758.5904231840625,28.41793660660825,102.34745856358269
913.9391202576401,761.1101288061675,28.401343075290676,102.98041536899419
914.6500929054862,760.6548080680535,28.438611870899408,103.86040891546436
914.929208764556,759.0690730718676,28.764356612262766,103.32485934034663
915.5325222690863,759.5115913568825,28.825684071929587,103.31383953209668
915.4919764436581,760.922034481591,29.417062113567333,103.81341789373307
914.7358630469143,758.0196707553893,30.334221346381938,104.42989480444957
912.9177585074402,759.5966112318562,30.78754930846322,104.73636508022962
912.4188704157776,760.7007283304766,31.887508900823605,102.19087039829337
911.7862810871,760.7826020546242,32.337576278691415,101.345429813306
911.9379393065329,756.6988290039255,32.78881804542999,100.3202307059632
911.6129842702121,757.5702946035541,33.21485332561503,100.76037255052938
912.0986068512751,757.5300894486803,33.493475125921755,101.18647635912673
911.9857419596178,757.7416126426644,33.44812164369342,101.69785598081361
913.4429107980399,754.150172748178,33.34725528414069,102.25747574857678
913.5105519994954,755.033307248592,33.17930793774298,102.74270973847148
914.858597403956,752.5149060361857,32.8137084332196,103.04845261204501
915.3575666413733,753.8880145667487,32.761627662070524,103.1504864168554
915.8152916478215,754.9136136023725,32.800113987598984,103.62550866726296
916.2362993865315,752.9025028403851,32.59675548401774,103.81425770092716
916.3040002497926,754.137910594962,32.95597276937456,103.149566878968
915.5431165645775,752.8993926481653,33.1875809143408,103.41406858333717
914.6653370493464,753.689374637435,33.72652712894625,104.00437767036487
913.8353753302925,752.5965543813251,34.4128127477637,104.01774287779031
913.9097703471564,752.3790143768571,35.330277091401,103.8278978097648
914.3440811143693,752.1457166070079,35.523253619490504,104.59122434464149
915.0339667229936,751.4804311682818,35.71552188721966,104.87193081073957
915.450857906114,753.600873941893,35.67800840134601,104.12164298843166
915.9456822947169,754.4682694934688,35.45750713943725,103.51806972261379
915.0688730763962,756.3172533266842,35.36526557165354,102.16132529608176
915.5232954791628,757.0279755429262,35.259230481391256,102.0038879551197
916.8937223952739,757.6246335405192,35.07239061668308,102.21881502004598
916.9245719640128,759.8708848575532,34.90426158940731,102.69493220943374
916.4611865895545,759.2698021531098,35.201273920717455,103.55117428396025
914.4580624163035,757.3752973604751,35.76429974448392,104.42664326749954
914.5335767820394,758.7885524657886,36.28583605598469,104.94009124779036
912.0621957145958,757.2677103478236,37.2441802755277,104.99619313203587
912.2150320976424,759.7901748796118,37.99114019891046,104.4100996702661
913.1632251876864,760.1065648950199,37.795797624626864,103.42489492846079
914.2595671213484,763.5817372238163,37.07335983388684,103.32029917223527
916.0732600173878,762.8620613898174,36.17842858015309,101.84180296845273
917.4884981968677,765.5486417861412,35.136908386507244,102.11692994893743
918.250950860336,765.6644186969592,34.437928350155076,102.63552436405307
918.9361480140929,766.201245148374,33.7995325458496,101.53494547272803
920.0788702287253,765.7774407155221,33.42000993341042,100.5599089126354
919.5848142509153,767.1932511499033,33.122984354889105,100.46974884404386
918.2628290463227,766.653715990379,33.07386122578983,99.45997748638031
917.3083314527282,769.879361736799,33.10839583501403,99.44866030155447
917.2823993490459,770.8365046706216,32.998539423772975,99.63947196618136
915.5452819767984,771.0286365400513,33.24882402063946,100.2183476421094
914.5596649353429,772.558633792197,33.486838003147525,100.3892317293552
914.4381968893666,773.0696553166918,33.23394278435107,100.93289123792954
913.7962477545252,772.9456907563898,33.40297813518005,101.7907971270271
912.5231326056506,771.1443364157551,34.003698283927235,102.99654984134709
912.3435913075957,767.6037527747013,34.134439762535834,105.11787777943
912.4966796335644,760.988907992374,34.22442556091187,107.92065312899672
912.75629876643,756.9166464667264,34.01704273055233,110.63272159426276
914.2209848458725,760.3462043343034,34.007912165981715,112.28243020755872
916.065892618541,757.9758008151595,32.648758871163515,115.1492352660187
917.310178966888,756.6581004743989,31.91666531856588,116.9171730740808
918.2614407118763,755.713729142549,31.19887510018808,119.35269984069726
918.9696743578645,756.8177342207513,30.82500617494906,120.962730055234
918.5918947244547,755.2280232241137,30.893764783065862,122.62602768079518
918.6147828725975,756.196331482715,31.462138414873174,122.95970010783705
918.2441929637375,758.6074282566842,31.753776961860336,123.63930280547353
918.2254664981003,761.972290579448,31.83251689435701,123.66493208755826
918.2316866891524,766.3661332984133,32.269726412450765,122.77422884262094
919.2471880263292,769.3154322387851,32.868686897658435,121.83625613353874
918.2904497968215,775.9391653161113,33.19960579766057,121.24502185907421
918.4980389311138,779.8585309059822,33.53528845856492,122.31207528626594
917.5334278613735,781.2728174691428,34.14637903199784,120.85405708395623
917.3704873562082,783.2266216183904,34.64781345357393,119.80918143431037
916.5986889238845,782.9951659708543,35.39829935153883,118.50017991619589
916.292713919932,783.1001329799142,36.45773587925747,117.05459106714349
915.2672284666713,784.286000040734,37.59495035562962,116.14629009198046
915.6549567455629,785.4328791902835,37.83112588269299,116.51915848469973
916.7251784458813,785.6330881998373,37.628639411262974,117.75014224285965
917.4678760353512,783.0688003202229,37.27545985141047,118.29871044898795
919.3920733207158,781.369012549718,36.23224439979142,118.96701615357188
919.7908662289436,780.7623990263427,35.54527871691438,119.14979118730676
920.5365770626444,783.4890644857883,34.54472427682886,120.31077720872327
922.281409704217,779.9456482829456,34.015328921662075,120.02516736892517
922.7640726954627,782.7513847054247,33.518110609716274,119.95728268543552
923.4047341940875,779.8818282884234,33.654324348001325,118.76291382617033
925.0224946901656,781.4846899029611,33.71546783223997,118.24692696336673
924.9239774448891,779.4969445027815,34.53646246016008,117.13977139379209
923.8665821245585,779.4864533832251,34.9853943552463,117.26017744374434
923.8392080419468,777.1908727225116,35.497361405891574,115.42946233466
922.4594927280629,778.2824492298636,36.33619221542975,114.3906714119742
921.7838812486995,777.1409791784924,36.5321029936374,113.92189561620269
920.2003148905882,775.1130287776999,36.25874689455246,113.23503003747751
919.8690229406199,775.8877992065044,36.12995628992279,112.54003340222367
920.254276426985,775.6514978286054,35.75883131239357,112.6882693202814
919.6425358550105,776.0170583310905,35.45715726968947,112.69649559438317
920.4179517721392,774.0164464140493,35.04405543783526,113.22733912222178
919.7289044872679,771.6046568536663,34.68080042967423,113.98420824771809
919.2983266035308,770.6149694650248,34.51515258443944,114.09952882196748
919.2365262534192,766.4119510793081,34.434313331692806,113.43530745283701
919.125918431722,764.9542253636519,34.06520695741788,112.89716777582721
918.7341927690377,765.9670330021487,33.70068391087625,112.77322581578908
918.2632062399687,763.5512792347522,33.40003316301464,112.84376371175757
918.2986868451246,761.1435492656627,33.36520111814334,112.45868310733402
917.5021592077809,761.8544072499753,33.36889400994215,112.57263288921251
916.2658502526442,761.5679639197124,33.42194314313099,113.27563866485252
915.0091351766688,758.4662590072408,33.06530832125069,113.59894490169158
915.5553785476106,756.2644623281842,32.86409060755385,114.48163753348636
915.4261881808222,755.1655083223841,32.81905556583159,114.16675772617785
914.4854621998711,753.6949442604346,32.9321566881189,113.56408263505003
913.7564630532835,749.7578271074057,33.389533662477064,112.99917471393502
911.8460069325105,750.1769343145761,34.06874587465,112.28245122514448
910.3363320336866,747.850411091923,34.59516168372637,110.87816515473416
909.1144200651856,748.0064804272668,35.04291607021414,110.99146038797923
908.3102190580252,749.3837582518953,35.260006319818146,110.71732938128496
909.1007447389235,743.0776402737827,35.24262189775679,109.30162840208553
908.6644258020393,744.7726830334823,35.34663033980064,107.83250402427265
908.4294475322735,744.8799058665653,34.91854902847565,107.45676379350176
908.5508688542409,744.8623677270506,34.76288795268643,106.26499850358434
909.4908792964777,743.3387875192483,34.23776075260011,105.30282054028274
909.7727911978905,745.8397230360437,33.626053606823,104.44013684265988
910.6612149141365,745.4068816585266,33.197028721289726,104.30010553881812
910.6656991095035,746.3425408632469,32.796362387345205,103.55272461697973
911.1979014257321,743.7018066021709,32.46151973942714,102.58277884012045
912.2770535716609,741.9934510888204,31.40161532511768,103.43580278071605
912.7923808384576,741.4453838203016,30.8110867039522,104.06977375021064
913.1081145570779,738.6476064818097,30.213955170535012,104.55101673209569
914.1193099927452,739.1201262279511,29.821818687055853,105.01002866288565
914.9117662380053,736.2208887713075,29.600066687525448,104.71853918637177
915.3489849241947,736.2447332578603,29.3863631341543,104.84011202643
916.3333118208366,736.7127231241443,29.088367929280153,105.82056264798018
917.4352213204457,735.270038832692,28.90550949944359,106.42751817355767
916.5099573244853,736.1225625646108,28.989770191712317,107.16018027965103
917.4216204861406,733.7775535398367,29.24374107909507,105.99504143070068
917.4599236012991,733.3251952373857,29.603128907625482,105.24094873136534
917.7245279437152,733.7925926377843,30.03038683799326,104.15340750648919
918.4370207022112,732.4962662885414,30.05194739872963,103.82129271077339
919.9009703640943,733.6135180065255,30.16053970742488,103.69828834592643
919.4077246090727,731.5144610348613,30.268508582961896,103.42367403684389
919.9029485367985,731.053964100215,30.576637320909498,102.36953973230837
921.3344859375022,731.289009955977,30.67341283078121,101.40095405134393
921.7946925978231,729.703287581352,30.784310664504943,101.54191984627866
921.73641498359,729.5959119615601,31.36336899837322,102.28841330101909
922.3437777546886,727.296244244439,31.74676903314888,103.02716781408826
921.6563994231147,725.4393345024345,32.04970507957462,103.10449456891027
921.8535500742958,723.7404723376435,32.4609217487281,102.87941187258286
922.0020784614279,721.618924716851,32.90845823713633,102.934350509401
921.9752555182341,721.9192226068064,33.48294077484914,101.88107891009292
921.441954509877,719.8097098629677,34.00796431990295,101.9719606103865
921.1210484351384,718.164035211077,34.137091170460266,101.73092480331265
922.1424667766843,716.6106102773452,34.3943386014433,101.0740198261107
922.4377375896619,715.7270456004939,34.41515025364803,100.53323230015954
922.4780869108832,713.4501379715817,34.37231954099183,100.95806787506154
922.7342456735472,713.1670160010099,34.710904275013824,100.87998542736942
923.1312271432861,711.0274107143923,34.315514108277306,99.90372334053973
923.0632939135348,709.7996926991925,34.30517225169216,100.20351256994448
923.7224517100916,708.9017801749874,34.429574687600734,100.66046125173936
923.4021475407997,707.4319744576102,34.728343712677514,101.21675307017615
922.8751754945694,705.3057580207749,35.28515449052857,101.84480487847809
922.3097833825876,704.2593061284698,35.91915593479843,102.1104372016014
922.2258515506663,704.4030506075173,36.637141323246595,102.34654065597805
921.8414513799468,703.4347325334215,37.22119671057667,102.7924437767114
921.1158285459439,703.2290235778563,37.85168445307188,103.34392457133826
921.1650575891217,702.2319570069467,38.51032069035131,103.26914949858848
921.188156304815,700.780166915456,38.43387114130101,103.43877382143181
921.4362888666068,699.7046021996688,38.447757284769224,103.41992797224462
921.9887550945997,697.16604028686,38.30319691912309,103.53874739264968
921.4881999609493,698.6869025318676,38.45557638388793,102.759052312043
921.3274947960713,697.123079598082,38.77789879101964,102.35308926619265
921.5010415019838,696.1299988157309,38.971829468054125,101.60241368222832
922.610378334312,696.1197910125077,39.094644164756424,101.16061359686998
923.2612343452071,693.9136275973112,38.93878840421962,99.74030502458353
924.0312074567615,694.3428705750968,38.1534351958278,99.38501584492559
924.6811133502738,692.7840054347388,37.089747581610006,99.2883556093605
925.0861454243487,692.4803295017717,35.313660524772644,99.68544991527979
926.3194945771355,692.259576590911,34.090989237746015,100.24073816520625
926.8231843119646,691.5046725595902,33.07394376200699,99.5078008283729
926.4422749986363,690.9531260433359,32.249299533324624,98.69906200510736
926.9482401080568,690.2740416082214,31.650394723466917,98.72560899003669
926.8736672827679,689.1800092694763,31.22163853383483,98.58082535705645
927.2815109786283,689.4427616904569,31.05551737527205,98.24279822295802
926.85547497807,689.4145289514689,31.055509925304374,98.60904781529493
926.2818308595153,690.5228400968667,30.902799879027793,97.95570193460213
924.7240470289803,687.0291600432521,30.58313728497071,97.85788891179598
922.9328219652544,689.0687025682689,30.521935926979303,98.33759931388016
922.3143394410804,686.6235319751027,30.375654672722742,98.80328124804608
920.6725869057409,689.3245913035985,30.40907629689898,98.17222830302943
920.4416095869511,685.5455771958179,30.696509443547065,99.03912778781657
919.0288911053493,685.8227160150726,30.680070376782346,99.58782861724858
918.4263501551223,683.0342559094688,30.795238909011182,101.0912892032121
917.9933601006045,678.00568833371,31.10527767473954,102.55339929216844
917.6471817632811,674.086015162858,31.69643283001617,104.03435530260441
918.5145127313662,667.8826675585775,32.222558142457586,106.22949598388252
919.0120174520729,669.1834212239387,32.55367777990913,107.70008070943447
920.5674469205247,668.4474183727923,31.73463674652404,109.0417849362025
921.4787273401147,665.9638350705848,31.024398714656108,111.41513263764827
922.6243622978972,662.5271794458716,30.44937063563912,113.52461608632373
923.3859055931388,662.7207040501356,30.369986981328296,115.16964585919531
923.5193175343413,661.5102587064279,30.41223636829036,116.2999627112378
923.9386845024525,661.1499633738346,30.491310428341194,117.93468930934672
924.3570435651643,663.9060741280408,30.841533330558875,118.07953891452084
924.4013575760572,667.1704071893316,31.325680613090523,118.61160849445383
924.1682944183882,668.3648339608076,31.322838358196066,119.20290970423325
924.2184198385747,669.9232196797484,31.718656770313963,119.28245021703523
923.7188394692087,676.5342000693785,32.26296483861513,116.10912015219145
923.8264015783163,679.5222097275184,32.60642298591266,113.8557513638656
923.1405585686873,680.9010812519596,32.7689369947489,110.46884308280181
922.8889055695565,683.9376311350401,32.92976999272241,108.3159963550472
922.245591677883,683.4888827244016,33.392405166091734,105.72038561902751
920.478925887902,681.9953545756176,34.63100846693992,105.11294900430295
919.5141378641036,683.9502011120051,35.692210345663845,105.18655423322488
920.8659627681529,682.8982410486454,35.730246881712034,105.71728700871712
922.3591940231571,684.2755783988971,35.201158467620324,105.71351066942006
924.1264465874754,683.1895798619925,34.292493764475175,105.06110731827206
924.9312479540723,681.4711947560656,34.01243152238552,105.1486715593614
926.0568068196816,679.3075906949283,33.705127830397245,104.7776823168289
926.616773813054,680.8030171084152,32.40858304600866,106.11568262019578
927.0888298670459,677.7276223221172,31.494267305536056,107.7816446743285
927.626786523038,679.2770089399571,30.854876238958937,107.74607525029431
928.1101024733157,678.2312074023614,30.270131476293532,108.43109751970731
928.9645626781014,676.722853190285,30.235898929118385,108.69707948244951
929.310080987738,677.7020991360935,30.640915314109776,108.40450915970318
928.8806004338599,676.8953384815444,31.601922479448127,107.17518788991337
927.9899563647529,677.5331981480056,32.75298185980395,106.4675216833261
927.0621049693609,678.0421415296364,33.694166473078525,106.53094829172267
925.997469289317,677.2175173057503,34.27251484332102,106.41167340403801
925.4539410114247,675.5781562672131,34.8661718982588,107.03887665939621
926.5109453570049,675.2198708902152,34.92670563416147,107.02865859455565
926.5531153840318,677.998944560248,34.40542833736106,106.9630301563153
926.4490401957503,678.5450404918461,33.89554343321968,107.47317803768698
926.5421642378242,677.5681335409038,33.77177700201723,106.89048457148381
927.0760162274188,675.543321862573,33.4179127921914,106.66614256941128
927.5939399492501,676.7806077491704,33.25593667497536,106.59145955010742
927.0928127231798,677.0663923130996,33.14248337202706,106.36462240877151
926.5817005470439,676.7683331765211,33.18093234702532,106.08362084273719
926.3565851567847,678.0322010554546,33.10646618139966,105.28507173896104
927.3595159713856,677.9143071201032,33.042073387074964,105.51012882062086
927.2028530836698,678.4889743930273,32.94239962193907,105.42978903528598
927.497746004413,676.0784763723176,32.88561645503226,105.1005093694605
927.3097419390206,677.1185697221267,33.00172961873785,104.71285973916297
927.6217377035001,678.5288680826595,33.51492151758956,103.7087261309284
928.149448469779,680.105537801822,33.851310640625556,102.4185464683373
928.0783593553174,682.5346880349988,34.3488183830986,100.33953882386801
927.9967630594724,685.2790716223075,34.79085720887181,98.96603225029438
928.3128149246661,686.4480504903332,35.27024122472313,97.96099530396135
928.055758108627,686.5005181339017,35.78904538937409,97.90900645770002
927.3382296855132,685.1123064806807,36.56087348537276,97.56482596432227
925.0178824134393,684.0483355747394,37.243023298380194,97.78006044740813
923.8728229263098,684.2284448767924,37.82509392898069,98.11141093319178
923.5523286256624,684.7273457479504,38.71575315500847,96.77415689438037
921.0401381683336,686.3672590572211,39.756535837397095,94.99198793250868
918.5991801216248,688.1943353455073,40.624831077390425,92.97960488432528
911.9289748252274,692.0491779410784,39.96162819820033,91.51544600696485
910.7707748527503,693.6577955037402,39.810071838604415,89.92779900877733
907.7449113760639,696.6533918148817,39.76132205018654,88.42777488548715
903.3907004141371,697.8498406763224,39.266760117838814,86.93825779500638
896.9088642902669,697.8104996738929,38.94029698197332,86.58251149543156
895.1603869693229,699.4585447228144,39.16800576090046,85.27449462737825
893.0707093627008,699.3769662647319,39.6361233051536,84.83398112528087
890.4161038002462,699.0944144617791,40.5228366807342,84.39011947735631
884.9839280828821,700.4499052659813,40.62406841789149,84.74215070731572
880.9246911804759,701.0800698622604,40.52580161448875,84.94756779828859
880.933536104614,702.5373828926757,39.98703717314548,84.76677600412063
872.5317642640955,704.542379845115,38.51693736053,85.23246054315076
871.3699158011692,705.2145046105468,37.722081363179996,83.94088005314602
868.796562261807,704.0076101768459,36.695391377695394,82.72987324527001
861.1564014317233,705.8609743731226,35.846278452291386,83.55401385982708
860.3352588832485,707.3681791168578,34.805350553712096,83.05969709811045
858.1074893465369,707.2376645131353,34.67597303549083,83.4293999898546
850.5925492809923,702.0790362865228,35.64148491859409,85.16840841909283
849.0774770640854,701.690338422937,36.69230942233145,87.41391733023977
843.0899447924768,698.2394228071777,36.105157206820614,90.29713713063639
837.5673157489737,700.1924408162944,35.49585806573845,92.99691127780834
836.3244564749201,698.0439271808584,34.98890560096712,94.43795934450237
829.6387136792897,702.1206253535787,34.758915476590765,95.26154511576095
829.2924154306486,703.1453928258113,35.020318502918045,95.75587942826894
825.9109269268804,705.2423737405304,35.7254456264213,94.6288147526852
817.1650866760689,707.2034992345486,36.3412888019945,93.16344051940943
814.9024638421109,707.9340913960839,37.14966773826676,93.9353642400097
811.6763429690085,706.6461162163671,37.7937243839163,94.12525078528002
802.5705217328103,705.6774596555393,38.30712466881257,93.07170582893262
800.1058174578857,710.4683586396372,38.344549232761054,93.00901854036317
791.8146901182522,713.7914721575308,38.39328225980631,92.98780485601651
783.4976670301552,710.9995043032338,38.97400659762139,92.6936787932178
785.2850898019958,714.5928012721781,38.994017792984394,92.6760797588936
786.2521851103472,717.0633712881727,39.012375322529415,92.66431346805433
783.8574589736587,718.5062097879969,39.036785290913706,92.64222813939588
784.5268339779567,718.4977258924109,39.046297949973756,92.63774261703827
783.4184139464485,721.3908463615405,39.053117470845386,92.72526380951649
785.5558653065656,718.9018325907115,39.05321389230434,92.72525685486727
787.747746348362,720.1275379366041,39.05410299279333,92.72422100477202
789.2624301477123,722.1821522106479,39.05449837741503,92.72376807237652
791.7992866989027,724.165035210721,39.05477562003524,92.72348764504515
795.3661467999078,725.358268165324,39.057214361201424,92.7208541905206
798.5469356083368,724.6846976323523,39.05937337382969,92.71897406009879
801.7648916666808,718.8549567650163,39.06038428418015,92.71975199075467
800.8578119679294,720.8004580164846,39.066460385860935,92.7141016225225
800.4273009679679,722.130839437358,39.07075657382541,92.7105877546223
801.2306967305734,723.1820731045333,39.072548618141205,92.70931742458983
801.0288686702146,721.9336516539208,39.08325053835263,92.70256163578185
802.6995568318682,721.0900733667894,39.086451050677574,92.70178142720785
802.3930242734516,720.7306128363379,39.09093659149534,92.69734725444165
804.0799004147874,722.0621796767927,39.09720778828546,92.69096091468798
804.592705600906,722.5324764020796,39.09752352917697,92.69063985495649
805.2968575805342,720.2584351749276,39.09745678877754,92.69077061095743
808.6984762683556,720.0421695137452,39.09744826826751,92.69091252497228
811.8929107855072,718.9108128173078,39.09723108180368,92.6913671497653
814.6339159843981,720.9942862136394,39.09688200375463,92.69166097676158
819.815093280541,725.2338493570201,39.09832269192547,92.69000031957786
824.425053804064,726.5470633916457,39.09919346159095,92.68895968051774
827.9653883913536,727.1757214537412,39.099540827538995,92.68851728317136
833.5846364935446,726.8973516927817,39.09962723424081,92.68861677613674
838.808143187133,726.1617855553728,39.09995671968373,92.68869735799193
842.771702800665,728.145620990345,39.09992479959597,92.691798992854
845.4012252210123,731.8289547009897,39.09902004602907,92.69318310049536
848.073327099119,730.9446858517108,39.09910082427015,92.69340226515577
850.7575223905559,730.2312004139952,39.09920570572118,92.69344390512849
852.5991507494149,730.538767342487,39.100935579342426,92.69482157186879
854.2443913539856,727.6830618755575,39.1016042248609,92.69464078514658
855.1500610991307,728.6164855001275,39.098204263989714,92.70393091183817
856.4473964850245,731.1711098919693,39.09927023422195,92.70463314744164
857.400895402069,731.8413941626768,39.09790739940809,92.70757165749467
859.0041496114995,728.4713669612391,39.09836037390318,92.70754618060919
860.7515365528891,727.7367599907543,39.09867721416188,92.70776884197676
861.7367767551251,727.1620730141146,39.09878692428326,92.70856236331795
862.7433232350135,727.8929417834174,39.09930408909474,92.70852073421239
863.430151149494,728.2414499649939,39.099588727967905,92.70843317021203
864.0303266954058,728.2581372942286,39.09969330173265,92.70842572087886
863.9138253419612,731.5735964291009,39.10051018291637,92.70751614864415
864.3991162419409,730.5215373843166,39.10078445347569,92.70778864189919
866.1269028424177,730.2884958966558,39.10139087135742,92.70818359722986
866.7218215146671,729.1884124433659,39.10163178537297,92.70810798443118
867.3237081238507,729.3738368441764,39.102099365955965,92.70801557052076
868.2292552056332,729.4814658018256,39.103168078520206,92.70801626845103
868.9602370204307,728.621628717519,39.10339448093064,92.7079209592201
867.4276740780683,731.944006886341,39.103923474252134,92.7073911726321
867.9638319486676,734.4065473324301,39.105616078657484,92.70596579040227
867.7878405403834,731.0635240667306,39.105887800846496,92.7058927653745
868.5532295752034,729.542892383916,39.10611416006977,92.70585535738309
868.9759702510192,727.1344804904587,39.10665279172976,92.70570212021924
868.3114112128685,726.9819928820855,39.10687386867225,92.70558890632269
867.436341276691,731.3433389524104,39.10946206141598,92.70322986503808
867.0264608571666,730.6221267601263,39.10963412006173,92.70358233493324
866.3133876123665,733.6214994801776,39.112654150540294,92.70168976958671
865.8735446203436,731.6923502125226,39.11326758762688,92.70168523482845
865.8102078643318,730.1136402874714,39.11350972390877,92.70185921052583
865.8775530559969,728.589780312351,39.11396639060156,92.70325419242857
866.0743891009163,728.3070152380163,39.114365462509724,92.70428901600934
866.5119396500701,726.9299471498923,39.11516010280393,92.7067741435971
866.4526025025219,725.3752839723551,39.11539963345537,92.70674838685515
866.3955211945884,725.0866293974357,39.11554029985235,92.7068570643391
866.6535395476938,722.9896296762895,39.115674810606464,92.70694209317946
866.4932445142105,722.3044767362745,39.115878020778574,92.70672392440405
865.566270747925,721.2838450293649,39.116016554287825,92.7065554343841
864.9358292999215,722.3904777166748,39.11614581870331,92.70659171839468
865.3001956093657,723.0407604825601,39.11647516098873,92.7066646238952
866.0282226945595,721.374059036016,39.116823888435874,92.70689591091971
865.3300409440766,721.5478477163633,39.117266516713414,92.7065006750782
866.1059025139439,721.3622195763691,39.11850877958201,92.70628867928127
864.4396941606509,721.9349146319073,39.11886777170579,92.70633247094514
864.7514570250546,720.3857291489048,39.1190856961957,92.70617362127628
864.2400597225679,721.7848030157571,39.11942508571488,92.70643368061688
863.5023652155252,724.8933618852674,39.11868897868379,92.70835776593702
864.6189005252573,725.0572341636415,39.11921229995434,92.70834279197533
864.908974634434,725.551073694136,39.11970588772675,92.70809436310084
865.1266904691336,726.7362585722723,39.12030630493843,92.70788494809098
865.8871484706466,728.068802062082,39.121266279428504,92.70738045939255
865.4679436869445,730.1678510464751,39.12204474045596,92.70661964118025
865.0111070813083,734.3062233010297,39.12554167456785,92.70303892754212
865.3133531284257,739.342703407288,39.12739416098343,92.70156328076034
866.7255559659991,737.4868167515399,39.12765212490505,92.70179899269311
866.326578657333,735.2434683836083,39.127732410762874,92.70194253641768
865.0497827333757,734.7983668430383,39.12856675707561,92.7064439612161
863.5045803696396,733.2249435464231,39.12886022890178,92.70677709237984
863.8244646050264,732.5296473260511,39.129352633353335,92.70690618092038
863.2270807857127,733.256248385231,39.12713538485757,92.70918678388955
862.8590589298027,733.8702948218445,39.12549466798573,92.71113541456866
863.9131643115497,732.9113728719506,39.125676858364294,92.7112227568918
864.1826039728027,732.3990082360826,39.12638557001147,92.71032501160651
863.8674871037863,732.3793270974256,39.12325492863825,92.71624828226416
863.5292212433895,732.4380672207518,39.12009408303695,92.71971480055782
862.7931184706771,734.4753218278763,39.11691026708033,92.72386655127461
862.3213011537246,737.6017258328941,39.11636524686392,92.72601383298698
862.6829302106323,740.0563972267328,39.11475165380799,92.72944417763404
862.407450922049,739.9469449465014,39.113175114302315,92.73304455711688
862.3713020127625,741.2990270855119,39.112923247039355,92.73365155938461
863.1978050412881,740.1274368748223,39.112984898003646,92.73363749605322
863.0060192733821,739.1982050709082,39.11313405909026,92.73366308889723
863.2732566251667,739.5204538304836,39.11328870046118,92.73370933672197
863.7940422789931,739.1933120608763,39.11345876396338,92.73371161735331
863.3771630206827,740.7448345770871,39.112881118970584,92.73435434814597
863.9834568008,739.8828097640815,39.113177746434296,92.73423317013328
864.0283388862504,740.6973263180051,39.11095020854818,92.7383356194607
864.3275056939221,739.3722522456321,39.111054915748845,92.73831176904366
864.0664660839803,739.1479249280119,39.11126703920825,92.7382759600531
863.9047543608309,737.883998401631,39.11138559392099,92.73819922994758
863.577787629526,737.5799742460554,39.11148072006299,92.73818759837653
863.4738288182225,735.7923277775823,39.111562921703786,92.73813025074631
862.5830279496163,737.8183426148814,39.11130538023738,92.73838577054505
863.4904783643717,736.7318793536045,39.11307294195411,92.74104995636772
863.6279655859665,737.2785067107613,39.113718393030716,92.74131552575321
862.9385267218283,738.3748060322213,39.114047856803595,92.74145183957461
863.1079109539828,736.986116879393,39.11475097109279,92.74069794499016
862.1138229247066,737.7904945499167,39.1142191295979,92.74097332751435
861.5578497733686,735.0957721372271,39.11459996157835,92.74105867871152
860.7965615902793,737.3440392312675,39.11189919000047,92.74553300122022
861.4275023288246,737.4529766907991,39.112737105686406,92.74665067306132
861.4166282654105,736.9756562263709,39.11308211354664,92.74659697320224
861.195042114038,736.0827532177289,39.1133525963473,92.74657463851193
860.417783449213,735.0886307321796,39.11245083858735,92.74772651859935
861.3090773779322,734.2930208978223,39.11298122913468,92.747801506337
860.5231968155824,733.1387109981982,39.11224880067266,92.74870088284055
860.626032888026,730.8637274489716,39.112577281872845,92.74890525546363
860.5921590887824,729.384243073333,39.112758656917414,92.74888200234645
859.8278012017824,728.5747609555423,39.11312300479278,92.74876497915393
860.4249069504427,728.6854919022086,39.11322217260266,92.74872161557019
860.473107367986,728.9776188832309,39.11439817177752,92.7493187992699
860.6676195439513,726.4384894657419,39.11477725245465,92.74960808316163
860.617982903745,725.4779048787482,39.1157610654729,92.74971597975953
860.6481018806104,723.2364549021987,39.116743608635026,92.74913977090154
858.7850533515909,724.4015620365767,39.11840939035257,92.75013444646619
858.952346895941,722.9112599672687,39.11910716059452,92.75016826876765
858.769728680944,721.2680629858345,39.119734915347,92.74997737751009
858.5537608166139,719.861296016054,39.12021947237063,92.75007814675246
856.855116778086,717.9546843291623,39.119328256747636,92.75181479949698
856.1456501593193,719.9802639177287,39.11787196123806,92.75518910396215
855.9268192890021,721.4122682260647,39.11602225372749,92.75927874626227
856.0739497657434,719.3058199161944,39.11534403769082,92.76038289697829
858.0070954660177,718.5577557744475,39.116041057628514,92.76062866933316
859.1319473461219,716.636109302384,39.11642861173592,92.7606896970324
859.7402910928099,716.8647055571396,39.11673731129217,92.7607555014157
859.2549844004134,718.2566381117988,39.116914123056716,92.76081902483341
859.382126656737,718.8423647666085,39.11698536883792,92.76072608871085
858.7095489425276,718.9507417441708,39.11725723612247,92.76068889994366
858.2035129824834,718.4457053314991,39.117439817717376,92.76069914994693
858.250353232983,718.7121076488113,39.11767831078733,92.76076510600927
857.9584334719552,718.9825842656196,39.11789460238572,92.76095308437922
858.0024463123142,718.3150805403778,39.11805554333373,92.7611256015818
857.963738140897,717.3464916431154,39.1181108687023,92.76110881030651
857.943309521097,716.2647145789422,39.1182530210971,92.76100551181901
857.6315410058771,718.3343939599431,39.11790078409233,92.76130758508306
858.239680683804,718.7712062130504,39.11811718057336,92.76161341391352
857.719486993574,718.082821778257,39.118522838201386,92.7616495764766
856.9921873903287,717.4040047738346,39.11873139966505,92.76193609691815
856.1976441781522,718.0016796002719,39.1192297054648,92.76195711817674
854.3648469919449,720.4163949698511,39.12018102863928,92.76089981117772
855.1869668664723,720.8322216289415,39.1202785760705,92.76104719223108
854.3381537610019,718.7559645994991,39.12037809366712,92.76106682057393
851.6891271084866,722.4322931738744,39.12158786995012,92.76001174930722
850.4453420494776,721.9326443781297,39.121732899085515,92.76011197694336
849.5511552962016,722.0668704989783,39.121883615873195,92.76021358828092
849.899031915972,720.4850773261015,39.121935568326,92.76025265658402
850.2287090836113,719.7536570698795,39.122415737175125,92.76097025185284
849.4476487340116,719.0025821079101,39.122905710513834,92.76150667805736
847.8361437052916,721.3433860792636,39.124850008294956,92.76018037444972
849.0594455316282,718.5738838935398,39.1248949533392,92.76018852626223
848.9648069561649,719.2172376716841,39.125377506282454,92.76119616658328
849.0639256322956,718.4757477593226,39.1256177947689,92.76155503679244
848.6358474878705,718.2327742512375,39.12581293964884,92.76146760004761
848.809228032179,719.146671465498,39.12647471904512,92.7609498782222
849.1566829795671,719.5563518402472,39.12679948060291,92.76094682191918
849.9861862149347,719.899120196791,39.12744858085147,92.76058159377862
850.251743777619,718.8198005098993,39.127791594902355,92.76022176292638
849.9696055874211,716.9809797211251,39.12910866190551,92.76030444154901
850.8792931607039,716.1166417429158,39.12975264127847,92.7606619451326
851.6331184003004,716.6946178652008,39.130842706404536,92.76036711118427
851.518337703547,718.5541091599091,39.13345215806365,92.7597940600367
851.1579307752344,719.7282989347652,39.13667919933154,92.75926077993196
849.8711669278536,720.8982828439421,39.14396229188997,92.80188730857836
849.5053188689599,721.0659550254418,39.14821155556273,92.81441055364942
848.9126228268154,721.5519288402537,39.14724125410184,92.81697663357069
849.6300207243446,722.8162743562306,39.15031405416681,92.81732641506308
848.9965064382677,726.0243168273921,39.148047887551,92.82752673961615
848.3031890706951,725.478447196894,39.14671730115532,92.82968331895661
849.0885230501193,723.8253853131718,39.1473444844808,92.82939582007415
849.7795504293133,723.806078367634,39.148201646640274,92.82938770437556
848.6592318879389,725.6755471246236,39.145468434818156,92.83549489864843
849.1880071015245,725.9865746712427,39.148952210222745,92.83590279331003
848.5011894178787,727.7040730548808,39.14057950180016,92.85072225299288
848.6554913142961,729.6575187901495,39.149309645656494,92.85695367483521
847.7627959408882,729.1123324718791,39.148667834984984,92.85856951167828
848.3859966995348,729.1626520969994,39.149119430866186,92.85847242677674
849.5501915655209,729.6426149151024,39.1502723357654,92.85843143412542
849.0470668324044,731.140366950867,39.15206683163834,92.8590208741775
849.4976482378521,732.4705347135049,39.156734582857865,92.86288541642192
848.9004053736523,731.5810717452863,39.15780538472847,92.86268649686403
849.2539461916117,731.1115691377124,39.160942357189015,92.86499440776282
848.1057157374738,733.8019657126026,39.17292770050823,92.91999894932772
847.8851812328072,729.2743933025871,39.21399926688063,92.97881160077966
847.3641171150249,734.1597848206701,39.19091966343305,93.08755184189637
846.6454829049608,730.0380365958655,39.145124147327905,93.18163422900562
845.1671912859747,732.8669708536778,39.11928598713704,93.31350389163414
844.0179920700826,736.4775152289287,39.101884467367945,93.37235622313311
843.6450128640886,737.349611028261,39.093549437583555,93.40086636473328
843.632037180059,736.2059502859441,39.08784806450863,93.41743494256781
844.3718183985284,736.8941127183944,39.0895750143191,93.42288152294164
844.3656405155218,738.2194903118499,39.08755026477914,93.42782177441573
844.4465086449906,740.0560128657864,39.08241139661256,93.4388238886799
844.5240665351615,737.0871152395406,39.07691926360286,93.44632081277194
844.0418853590314,736.4929782143217,39.06747332728878,93.46014839962481
843.3939083820056,736.0086099743964,39.04233932491187,93.4985428608711
842.8601154530286,734.896564720626,39.03480676035761,93.51429868404007
842.6155019832222,736.7720698557246,39.031713669042716,93.51715699370735
842.5198653943233,737.0673033080118,39.02849058774732,93.52381746711978
843.8339472702719,737.3462388251083,39.02862464163627,93.52393001017822
844.1677776913849,739.7225270208521,39.02227822726293,93.53374804694383
843.4570145761011,740.5673747877595,39.013762906240544,93.5461421804493
843.8733536563406,741.5076447603402,39.01296656691723,93.54719844290663
843.4890049929716,743.6143305585601,39.01159500975934,93.54971963821482
843.3339669521915,745.02774503799,39.00980671525133,93.55163246821915
843.1601085157624,747.2189450702617,39.00480490701231,93.55670217220003
842.5664204031633,751.0344948721432,39.00111796654603,93.56440080528381
842.9371511805529,752.8420599509861,38.98979453480232,93.58709828240946
843.047386643964,754.6474079551823,38.977885192333325,93.60918974006626
842.704480061038,756.6895970189106,38.936755163319184,93.75250564718611
843.5814598298047,754.8243627800458,38.925311547378676,93.80080611801863
843.383363957972,755.4216065691726,38.884271422538504,93.9106996718911
843.6020108057,756.2837541515693,38.84283073988257,94.02993456595846
769.4648089463685,742.3197188722387,39.422196616748906,97.15528410105999
769.9636184285766,747.0372545769162,39.788364707348194,98.73275636998868
778.0255374493394,746.6962850032116,39.84646102251204,98.84459479270073
778.1503075487404,746.9950531604045,39.864292478220456,98.90393611522445
778.6311034899688,747.0668049997784,39.99694984426827,99.21026198507421
780.6564205433061,747.1297787010769,39.99737975202867,99.21481576336409
783.7500957543709,747.0056109318296,39.99695760214632,99.21869755875889
786.098997305763,748.7067515344341,39.995913246462976,99.22303113397562
795.1879332176549,752.4813228829463,39.99271831782074,99.23108648458927
795.0582187332419,752.9573149387727,39.98083001326831,99.25633900146889
796.0424809715239,756.6433472814688,39.96215514226458,99.3479274036927
796.8121317356105,757.1643621238165,39.75794866204226,99.88436043891431
802.48538011385,760.5514522044082,39.07297667820711,101.27809085359789
801.6972465364161,762.5824745593666,38.60434222365436,102.80308370700504
