1659.5,454.5,258,267
1643.7272377536847,462.423330928048,260.87724865950076,265.2384411788771
1623.9400176681656,464.8664753661153,261.2089520141325,260.0014981775289
1605.8918777853105,469.38799842564015,262.4034793079192,257.6759274727553
1583.6864172224493,464.37068876391686,265.5682227603014,256.57702285516194
1566.7106010494442,471.40850503826096,263.5028224830206,257.19384559822174
1556.4535773014247,470.86026890605115,259.3774466086982,258.5096406632776
1532.0993875929826,467.9779073314145,261.9877844911591,256.6405737963767
1520.2929763757827,467.96752714659686,259.1567764354465,253.95910895772946
1510.7196195192519,473.103543763725,255.94710587116413,253.05649768239655
1483.5058284660656,470.75807455885456,255.84404451440201,257.7185449012509
1464.8519025799915,468.31390435686535,260.3795383458764,257.9866121919785
1453.9106331981934,466.8798603717579,261.7827584906981,257.90663750388353
1446.019764545151,463.56569535471635,256.80214952908256,259.18826067074866
1431.5953933834337,465.93496063265025,256.37090451731217,259.99905462736245
1415.391159005263,458.54468728613074,250.75591670016752,263.6409380284704
1403.2722649134473,459.98740017714226,250.23384579871578,263.3940878003414
1381.559174739427,459.43809916216225,251.2953754204382,262.13749669217884
1369.295654221161,459.40704408364115,250.10234275701885,262.59182028320197
1352.970341946027,464.36812788763234,251.25538964005034,261.3673379169188
1338.3552987388298,458.0103860926364,251.13917211462544,263.6712480968765
1311.6071446247372,463.29055785277274,254.28203719705897,263.8774479649705
1308.2782960097754,464.33354930697976,252.14408966685056,264.2421441203535
1284.792311797113,465.92007667917494,249.5244405079472,260.7851464977168
1278.2411533870213,468.89672872340265,248.51645058832298,256.4645659791314
1270.5816132920518,472.6988444096918,244.22321846136776,255.8504893497477
1260.1275146825178,466.30056465713926,240.4214967046056,253.04469289782156
1252.433860204907,474.4805052231001,237.55977268558414,248.765327627411
1239.8426496894415,468.3442335861823,233.91387416695449,245.4420132810074
1232.9255929098629,471.35447219550997,228.41598699368976,242.47070703326887
1215.0597263597435,472.7313846762062,227.65102743645767,242.73193391361218
1205.0440693129053,473.02281102804176,222.19974990110586,242.9172795808746
1196.1305451647916,473.31421868135004,219.2228259530709,244.4399301632351
1187.1222567469563,474.1973329322158,217.51165582524004,244.91835345593728
1181.5961977555226,465.9948005290488,217.58719032727265,249.65465510156557
1169.1133636620573,464.79958483339533,217.7565805143252,252.55528329787288
1161.1708125029384,455.9931821680109,216.89400026115206,258.0839297312418
1153.5427049172283,454.52125164073925,216.23890809767224,260.3737556943849
1141.6582162685954,458.29047564437616,216.1873173102212,261.25024756748223
1139.456823898444,460.27808051815475,215.89655289433514,260.73311787325457
1122.813875505901,462.0656877063924,217.0918849516377,261.39025956825134
1114.461105056204,464.92886306146767,219.9177499858587,260.5418538043899
1104.0021835435443,466.0464877752278,220.88155820587994,259.5351558838659
1089.7770419820793,464.5420929543794,222.95711598701322,260.261697743809
1080.681432512169,454.246614237559,223.18567509101825,260.128486399984
1064.5284186328781,455.0811012591469,225.263702208731,258.1078668871427
1047.0763280528477,458.5545279378253,225.69076010829414,257.9216803770149
1039.4479644772255,462.54663438873547,228.39403953614965,255.02877273108453
1017.4985294647433,461.77573822239117,231.35442918391666,251.17620118361558
1002.8841276942283,468.8591935981849,228.63068183688534,250.67793915181574
981.7933742384041,462.91434458742145,230.23925936620938,256.2056491057157
974.9859252793162,462.77864142911096,228.56458838332316,258.08815228131493
955.2580655541857,463.8948490553146,228.9755156582912,261.0549209697951
940.3705709792785,460.6941255499927,228.28790410009782,260.1630096544806
922.6860252781452,463.0271420124527,231.36971828068474,260.2247713767775
916.4172266741872,467.1247002410471,231.8604109246969,259.6731676454187
901.2655434038304,471.196262954443,232.6047259517387,259.83137373870755
886.3704681456061,464.5856840388867,235.90877722502307,263.0728124078328
864.1574558268495,465.8033584260217,235.40079612523158,265.11699063017534
850.2201345732934,467.3831292550092,232.76244195875992,266.1984253058185
830.1196487802401,458.65334132450795,235.2963221752376,269.69671652936984
811.4684693453673,456.43551342516326,233.85716493170196,272.819169470088
790.8854242205095,450.1959808918179,232.20613939772602,275.41205556644184
789.5306263634733,453.1879309654384,233.07233940180708,272.91149115261453
776.20280539848,450.0952572497348,234.86953711792648,277.6611925268928
753.7414182304819,442.7375217180928,236.26547887335616,284.6332239157994
738.855882703683,440.543522936633,233.47670877094808,286.2290068466847
723.6967089207661,442.93054398159944,231.89740466441862,285.15609133222176
705.7560542764278,445.30480071973363,233.01829982956014,282.00500069416444
701.0750558276955,440.2758424374464,232.2472162445419,282.69217159986437
684.9069718897065,442.77192878179017,230.10499056583228,280.7365077097761
669.1160679537661,451.1581812908633,233.36130557882643,276.16782578122945
643.6011460129403,450.98303557285203,237.6815356604292,274.3157284538242
628.1521917489521,447.61174120244925,239.79828764848867,273.08192301814665
615.4507339994188,452.89457065339104,240.329813758517,270.5271169299838
599.0208310405294,453.11336374445096,242.6574732224386,269.297541063759
580.2802528715432,456.7245400433035,246.31390727037189,266.37944919679745
566.385754841214,461.80335095835903,249.58628841708983,264.68279824528736
551.108479878426,457.79210668193684,252.08870096778793,267.83376151050356
525.8590061829369,460.4237789786831,257.1657580999769,270.38839672963303
514.1605927382042,464.77499636407083,259.69337188519444,272.9844028920852
495.391135375862,464.3177586177416,265.4176446573641,272.77407794109433
481.43202220003644,466.30039825905055,263.8986990729801,271.86486493311935
475.0986112817967,462.3541660893163,263.24701466861484,272.106369304021
461.09535258792937,466.42434691097594,262.9480663581073,268.77681965716164
445.279771372053,461.2650555306245,262.5750440669597,268.24522942134354
432.7773792965685,455.76474320419794,259.0275611433438,269.85803478403557
417.3609959745807,455.29519842663194,254.92417437545407,273.91669769388864
408.8422482540524,453.76056492688485,251.93530644370793,278.15929178173883
397.64375938460876,450.62505447781723,250.11736604599858,279.42331461774023
391.3441991622953,456.8863699049703,251.65169099654585,279.6083539752261
381.58373244027223,449.43708665799556,253.10710892240354,283.5533768061507
376.3127495353241,449.0090266648526,253.63933771752932,285.0473882638226
368.9125066693133,453.3889888087531,256.06372863143565,284.6343382130822
365.1068086110651,453.4199456934255,257.3760973049999,285.0042496941245
354.25368718314627,458.1490844416069,256.47877685212177,287.95337805103327
352.7465312131266,460.2419810594146,258.1644170983592,288.979400172626
351.08086567080403,463.7013749387478,260.5701008646412,289.1922166086008
338.8317160613582,466.95399101516705,260.2618376598268,289.51959029453786
319.4037659114582,469.74822405738877,265.80156440615997,290.4491114613762
303.45722842798205,465.1805629945808,270.60252778558794,290.14452842036616
292.9539572119887,462.92625101743846,271.72811547514294,294.6933377143997
281.5651204945498,467.97113971475414,275.79642115794564,296.22050272546903
265.68641996649416,466.36170705455345,280.7161986178654,296.07412365729004
244.27778227315102,464.5815672713724,281.8584137323349,298.00438355888775
233.4585344233684,469.58909024675984,288.6992791218415,298.18948714424573
213.9832576195597,470.4323614579002,293.7136220971347,298.73847176053926
191.11235597277184,468.82242429976833,300.1650239319702,300.181784578161
176.44298713429066,462.80297218228736,302.9319117859345,303.3134736947147
156.1844686583762,458.10467544201134,306.8918465343943,307.2780374511457
133.345388922605,447.34828940011596,309.0641237427531,314.31952752962644
120.85838314764018,444.27087883887947,310.8203771139718,321.1493000862348
105.44660158495307,443.55586548507006,313.33446529427766,325.431960270111
86.63365790607631,445.90451267500976,314.0476405548632,323.8038127617984
70.38159277244085,445.08903047838646,315.83031429442417,326.0270932461055
44.144757252958556,449.12832715178877,321.407073712295,322.78985474625523
35.83560317832553,488.818363701001,328.87153988921,312.3754722606238
14.270685604269858,488.2871020322675,329.8523767768233,308.58920304514277
11.711113134821062,492.06919269636194,329.1129883333051,306.3955179899947
2.784516918898248,494.3687194396812,328.53880115699644,304.7124164705956
2.9882806885565003,494.7346691651583,324.294685234959,302.43404864252796
4.364664659610014,492.58476847565794,321.77585697032885,301.5247674180742
10.069824113757107,489.13433816513356,320.99131530660253,300.83143934893735
21.474074182418775,464.15794664909834,319.8074489583417,304.91051556338084
45.34242566118036,458.07564180499185,323.32072311263494,300.2200665815499
72.76831972808992,454.3808729354041,327.65597340044667,298.93853231449975
111.72186662689529,448.9735473940899,329.622315576957,298.85314658529956
152.793657456305,444.36577199606654,329.16077127165323,295.74471609625107
191.45295838282735,432.06652522964225,322.27664817837416,297.5831941414288
234.27413936530155,428.5995718567573,316.4335949902812,298.2921982573464
284.40558740748753,419.27622025399165,312.4141910323741,297.2448878672966
334.656002040916,419.0481913466322,304.43795130409137,298.4844956464434
385.67683856841336,412.97773613130903,303.2107618916748,295.77601032513667
428.68122806419086,406.3933760789938,293.552370473362,297.9043079901919
485.0952005798416,399.721305232913,289.43765938981437,295.17658650791503
532.3802077169859,400.3398811719007,283.49138626542816,293.9672867274659
572.1986289791715,408.3872608229852,281.3149929598069,291.15445548773585
619.8237334306111,408.6510100960262,276.5440549919864,292.34355843262824
664.477848275833,407.5564206263223,271.51989817751905,290.63439786207203
698.9188949014931,412.64765775286975,268.1194867499293,285.76358389874156
740.3304935713513,416.6281321283672,264.17337223491984,279.65848226803166
782.187155972613,423.96284327156286,260.6754862751699,273.89752250605443
824.0246372063586,407.22029346409045,259.71357464996396,270.4109843951691
856.7091465942467,411.12319430239904,251.67158224137523,267.4293404333957
881.4342776063203,417.2382508857414,247.2539702111246,264.18796818773154
903.5397855934854,426.20866236654,246.36484983615964,256.999733498229
930.0171148134777,431.64573460148716,242.7108620199541,252.9485179338218
947.7963052706345,436.2820081731683,237.9425277975351,248.25136542089163
963.2805071113969,433.98582994941484,231.37938992411597,244.1850314158229
970.3674139775814,435.41427118802426,224.30766511996964,240.8428686930615
977.9259105267669,431.50687694009173,217.4053050095748,238.69253591970045
980.0572987342606,434.8329438455246,212.09679478511617,237.46949737708434
977.3446674708936,435.49302960398813,208.13642861159386,234.09103728593846
983.3073479358302,436.14396596552604,203.74596834700387,231.7899112302478
979.3901172526006,430.2494150378806,200.03404585573588,230.82383940237207
972.4748524807796,426.4717080985983,198.14003945730008,232.72178305464888
968.3843791107788,423.68304757729265,196.52461950571254,233.03069389141905
962.4684271583906,422.78843695971426,194.78793324630445,232.465971778645
960.0715546051711,422.47803485524196,191.48417182961123,232.16042032762783
958.4457101124956,420.2912016633565,188.3405446909996,231.22287989377188
954.7737928761268,420.7939884980185,186.7312970790815,229.62206533346813
952.0389700810525,420.7741333195476,185.05588975937903,224.8872858108017
949.0347411042355,428.8738443849607,183.64844319107073,219.65886339768792
944.488655271771,424.842093513833,183.18991180729375,216.55906748674516
946.4931708816657,422.89193390760795,179.03591997544584,213.70443331479584
941.9070260627193,422.7271936637049,177.2823453936731,212.93024249026976
939.5888413323016,421.08780679369784,175.1591556999978,211.6331490542279
937.1497073426342,420.72096165064636,173.00101334760677,210.93357305824935
934.7346165800602,419.6353606651376,171.58256911744465,209.50176175221296
933.5150558618939,415.1597844683125,169.40435094272385,210.37639608708633
930.7109398970364,413.92810476101016,168.17822513394395,210.29230233663665
920.7533800471189,410.0181890548267,166.29255976908172,209.42112804221657
925.0648833374175,406.7671775857517,163.61230650345618,210.81355854262236
926.3133286841957,404.2601363448395,161.1255109805991,212.63362504467992
919.376791968509,401.1295639138336,159.73948254429666,212.0081555840294
918.6454182616078,399.09333418238344,158.1011581235348,211.14696932167942
917.1379046073629,401.4789848851034,156.68078256184643,211.2522505387676
910.7083149100279,404.83441683159776,155.66994871951698,208.73186544750612
911.417084022919,414.53246938529844,152.87654443824613,203.36532138289047
909.203143362744,418.0144296000865,151.5758099977929,198.929516941092
904.9145306223398,416.95600489477283,148.54878647805185,196.25783790933662
902.4619680043027,415.0889475577806,146.3528031631007,194.55505244446599
901.7945793557502,417.31659845860645,143.57912575592098,192.0028199005505
897.6154889245345,416.80391907305864,141.53141519989543,188.87352750663763
894.8399641160572,411.3767907227212,139.564141872209,188.63524537369435
887.6158207787088,413.56501274328525,138.16568877792386,185.48880218610475
885.1269888379991,413.6014890167428,134.61326232731193,185.49453238965313
882.9168651240847,411.4156816046296,131.29064753056193,185.30351179212667
879.2874933441956,411.95002746658855,128.39870291895346,185.89904838833044
878.1055005271126,406.654224774176,126.37195197322433,188.62395979961437
872.9895764775378,406.50828539553174,125.21516825169539,189.9703505808286
867.0899616489145,405.50078745830854,124.34760599304835,190.93276979416504
865.0566420030992,399.1868051258959,123.32230154383403,194.39525861365348
857.7244358675576,397.567893237759,123.29032652396273,195.3657686711315
856.2876875708473,385.52159712606687,119.76139067567186,201.43252585728428
853.2206829387292,381.14932284424606,116.84033192385603,206.2990741615265
852.2281436462932,391.83458281047416,114.88854303321826,207.2133194726006
850.3381631620106,386.59573378935943,113.10109019486828,208.8622096840195
846.7731447388668,382.9510860702534,110.96698405104354,211.20886195664323
843.3175855143942,389.6869929510392,109.4369031973153,209.68904785937826
840.770284579016,382.55065842744125,107.24755998445355,210.73461748793392
836.1123121416784,389.10609814901113,106.36763636700219,208.72420954137618
832.5121995746762,380.4289332778484,104.48775571945147,209.7730850295513
829.338733475977,384.8778457939438,102.8084342165935,209.38937723826632
822.8087230395929,377.0389004263992,101.61793152216211,210.2313581299106
817.5036836797811,383.4725846317265,101.4928589508921,208.2809389914119
812.0915952675339,386.3827644905515,101.30553541680506,206.83388221031578
806.7472478484748,373.08090317266135,100.77006624582901,207.3630084410668
803.6413920131863,376.68237279853633,100.41771532103857,207.09588738465982
799.8649916700006,365.3210973747187,100.25547198580348,207.30621975695325
794.0260118944163,373.498901133393,99.71370974284363,208.00484197593272
791.0009266260729,375.67662622944226,99.20602228926553,208.2373496428736
775.3555257347623,393.94216495264806,100.30282573509476,203.94747168987018
774.6763387463375,376.6756640060546,99.9514070979612,204.01373392851616
772.9074794953551,378.4405753893623,99.7360161448173,203.96333420801272
773.9337171670765,382.19108451642614,98.85592506345961,203.13604918829054
774.6917143266301,384.1521216064256,98.73341426390661,202.5310450156159
778.377094070127,366.3908845401733,98.68616256270971,202.55568208147008
795.3148943984768,350.56181082582225,98.50501228442822,202.83261918302372
804.148147440994,350.78531323116397,98.50617168096124,202.8280041287814
815.3172223624867,349.5768427067463,98.50666777303428,202.82751620727993
831.461475599297,352.30964489648653,98.5082156207027,202.8263512198893
846.0587686208033,354.6683800186559,98.50857777410131,202.8260702875317
857.1240144196145,354.43155525671773,98.5086480050923,202.82599106523227
863.1444197962267,354.196184611851,98.50866691037614,202.82596768817
867.5523264212482,354.8199258249686,98.50868579839462,202.82594455434662
871.1293240110643,354.81109334815835,98.50870043779305,202.82592385246264
869.727892596186,353.6179710698144,98.50875069125574,202.82586069278094
866.8608137843628,352.49626662861925,98.5088299076146,202.82575694470856
866.5693307325622,351.7093329643365,98.50891432214425,202.82564358422533
861.9106188409064,350.4636490687736,98.50901060606603,202.82552077285786
853.5966620596578,350.16073068350727,98.50916995713749,202.82532558910208
844.1242527187625,351.67766897804347,98.50933035950919,202.82511918702613
832.5105541355219,353.0455441366861,98.50938873509685,202.82504825778707
822.7622952577015,355.8375202140702,98.50944080775446,202.82498368007577
814.3267980356973,357.7573054697449,98.50952460723147,202.82488736992883
805.9524431736218,360.68048435319974,98.50966102815991,202.82473579122097
804.1686757462599,352.20679675339414,98.50965762146997,202.8247290175656
804.0641812555566,344.8138681054687,98.5096482058838,202.82468333642663
805.2544600881582,342.34062307831016,98.50965427664246,202.82462397515536
801.2903130368727,350.57967400239534,98.50974002807843,202.82451132376247
798.1995853850049,356.63787571885825,98.50984462380619,202.82437509512124
796.84563002339,357.41719631750783,98.50991371228568,202.8242804409434
791.0132236242231,357.903442840886,98.5099621063225,202.82421619286268
788.3539206103958,357.8378835143552,98.50999370541871,202.82416828348624
785.5050279296739,358.1781712786198,98.51001753121793,202.82412604486638
779.6281135040733,357.9190262437656,98.5100354998507,202.82409626937522
774.9839486452136,356.2452277250433,98.51004562986287,202.82407782639677
770.0581620973237,356.4111907087457,98.5100485962479,202.8240725125736
762.810014357042,357.110686959669,98.51005577725097,202.8240612242966
754.1064496401502,358.2470128711029,98.51006355270916,202.8240489144446
746.1384957487365,361.3966462513934,98.5100696936909,202.82404038598028
738.5892848023734,362.75913411554654,98.51007621166136,202.8240309452869
731.1853572693211,363.8603799653401,98.51008234740699,202.824021230792
723.4539591743949,366.6388462459791,98.51008614071415,202.82401396629749
714.418638524373,368.43261757460596,98.51009450618751,202.82400192198932
705.950836391971,370.05798783775185,98.51009849022972,202.82399620175823
697.2273003590143,372.764623503383,98.51010520274954,202.82398628407023
687.1135903027948,374.5933710849276,98.51010832300116,202.82398185126672
679.6819302807897,375.68537799980027,98.51011087738719,202.82397828877896
669.768983225536,377.6536227199033,98.51011349314366,202.82397461593743
662.9387145582631,378.64295330891116,98.51011501531158,202.82397235248777
653.9509258618363,379.97181129370887,98.5101160074085,202.8239709882238
647.673244013362,381.5943789357056,98.5101179566153,202.8239681505194
640.7847086119967,383.15058188042605,98.51011871387465,202.8239670843817
631.9939730713785,384.40897118490955,98.51011930560904,202.82396622924472
625.2233327488075,385.0496613449602,98.51012015796556,202.8239651320132
618.547104440516,384.2151124792668,98.51012163538819,202.82396317487004
612.4080056582831,385.84922638340936,98.51012286501525,202.82396151328297
606.6758806442691,385.11990323241514,98.51012423581672,202.82395961046785
599.4947434708814,385.4445432571519,98.51012727369314,202.82395498309063
593.630724929628,386.15061593593646,98.51012938305547,202.8239520214947
590.1529476448484,387.01956873066916,98.51013042096794,202.8239506230465
585.461053954797,386.7546057246386,98.51013350694231,202.82394646075684
582.8040215622937,387.1477180160199,98.5101418954647,202.82393491834617
579.6040904854051,387.39759824438875,98.51014938920758,202.8239243903213
575.7899597373623,388.91240287744785,98.51017268415164,202.82389190261497
572.0481626861026,389.4562510494759,98.51019478044553,202.82386266614094
570.2284778832031,389.7835434724934,98.51022398554878,202.8238262267068
566.695476483751,390.8917132139297,98.51024587319814,202.82379486074714
562.1818370641065,390.05167554165484,98.5102601174553,202.82377536715444
561.1698793462472,391.82711954689023,98.5102719448519,202.82375825206935
555.9393372454072,393.2502328448248,98.51028131743027,202.82374595063393
553.2742363307032,394.3799476726828,98.51028581254877,202.82374002767543
550.881294072272,394.6032634252223,98.51028833325623,202.82373631829273
546.3795615166739,395.1473772139891,98.51029446770698,202.82372790656115
542.6486519858017,394.9181532865921,98.51029721856878,202.8237241922747
538.7632384127609,393.75715665737886,98.51029993227739,202.82372076185845
534.6915634559093,393.9599603498781,98.51030305948146,202.82371696448737
529.2783808699648,393.6625805884373,98.51031325090166,202.8237046849436
525.3308406316095,391.42092135092713,98.51032031376347,202.82369624803763
520.0076902374246,378.08892826483975,98.51032078627615,202.82369621415774
514.1202668699549,377.8995638486536,98.51033193466779,202.82368658360508
507.1272058200379,376.12156535811175,98.51034430092031,202.8236761794349
497.1733146694484,375.62724427049193,98.5103564452389,202.82366421801683
487.77755405384073,371.7718832555924,98.51037186285566,202.82364997309665
477.93960563846525,364.6810949068773,98.51046646277167,202.82358413817815
473.0274054854763,341.8786596570099,98.51045537653759,202.82366490402623
471.99200434899313,329.37944085452085,98.51038725002886,202.82384582565473
471.9258305545916,318.68720400788885,98.51032610069564,202.824009750242
473.42592276768323,311.5303254561246,98.51016694688174,202.8242635883896
474.5529192642836,305.9019720140118,98.50994335141665,202.8246390288287
476.8057074329063,299.47813451997905,98.50951399445691,202.82536443956255
477.846258799913,290.7157893190245,98.50898934920387,202.82619391007515
480.25851263357896,279.69776612733426,98.50845104603819,202.8270077495104
481.96160996316576,270.95043404576506,98.5060988360529,202.83068413493876
486.1150171154071,264.5168977148444,98.50549314210474,202.83173277944618
489.45544255586896,261.5194942637395,98.50514992109325,202.8323227627106
493.07703790775236,257.2995411657594,98.50460638834697,202.83333182579722
495.8353912268008,254.61389082901556,98.50393530704318,202.83454439885162
497.04067441934785,252.45837818727543,98.50366154737634,202.83506524583896
498.63003401943337,249.88893437407677,98.50352644602133,202.83531914420897
499.37371918519284,248.68710155831462,98.50333193676036,202.83569688816
500.9441450635361,247.57782734243187,98.50330306749451,202.83582862909904
503.8124308538548,239.8098395758027,98.50329850727334,202.83584777960598
505.7574241698855,234.90810149507,98.5032855156538,202.8359162720039
507.3781956507518,230.84335853995285,98.50327273389861,202.8359733187129
509.3917432114491,226.3328648585101,98.50324813481234,202.83610477797285
510.6054543726624,220.42263810167628,98.503194691704,202.8364212677147
510.31141255112215,214.04587745573855,98.5031420194388,202.83678875862586
510.4804234169654,206.58004725812015,98.50308959088339,202.83712800975866
510.0921117782002,198.7829937011935,98.50280268259984,202.83958129975943
509.254208820291,189.6714995689464,98.50275200814725,202.84047216740302
508.6728523013048,183.93435228918906,98.50268356914526,202.84200938744019
505.4978328450746,177.28917499665516,98.5028575218888,202.84425610049868
503.48823943571466,170.81561975333832,98.50280682229815,202.84527398154154
502.0309672127526,163.46653095610264,98.5026447996401,202.8471453473752
501.5190779443348,154.74544337637548,98.50255978247479,202.8492837331479
501.45233315996506,146.27787929756556,98.50193277609239,202.85448787953726
502.7564793854056,137.2168513477871,98.50144080891492,202.8578056046557
504.0009217005437,128.79507417603094,98.50040422208059,202.86200829411533
505.6557256670824,121.4384336544044,98.49821153596673,202.8698421404079
505.0678135542242,112.92548002876286,98.49516377243286,202.8818162099283
505.4982213413569,107.53966785268739,98.49201606153645,202.8903418453434
503.82107220973546,107.50051892848434,98.48251594488119,202.90946188156065
503.2236151402545,106.28845328769378,98.46092527160259,202.9511406751962
501.08387344600743,101.18872801720113,98.45236468426661,202.9875748969066
501.6050939445741,95.36042778533975,98.44446207538556,203.01849634451608
501.8121898951502,90.63780111398438,98.44324068733872,203.0275848312698
503.6879682837379,87.5400929274805,98.44205441263527,203.03654643132833
509.2967600119298,85.15746635120225,98.44114194624174,203.04332094237483
512.257425500225,82.11038619770554,98.44092112284953,203.0449319253326
510.85361347784595,80.87762851781692,98.44085526244098,203.04519607775816
500.29532004202684,81.13257905308365,98.44162220304898,203.0448228692967
489.6623522570551,79.28938469403734,98.44184312760677,203.0446986403068
477.6108283718438,79.54589400694505,98.44243003682321,203.04429360902338
466.1763398169863,80.05566871993504,98.44294744500021,203.0438419880666
462.6835785131998,80.2663875768753,98.44361249336909,203.0430173544492
456.562568742568,81.5168580733686,98.44370870241836,203.04295827178672
448.94577516566653,78.48774879889488,98.44414728139209,203.04260595891773
440.43902717005216,77.5019367237049,98.44451117728394,203.04230473145194
434.83656248805437,75.4305276437635,98.44475819112084,203.04209320154592
428.221337494688,74.07407703385505,98.44517048864468,203.04176619565482
421.5398492366069,72.17835601252862,98.44572120066859,203.04127780121965
417.8875362032441,70.20259777518733,98.44611323953168,203.04089307846877
413.86394701569657,69.66443276087166,98.44643854913608,203.0405890576845
409.28561850500563,67.90641944832913,98.44665578932894,203.04037484757976
406.522502251725,66.45775861847429,98.44678575301303,203.0402508285785
402.66082741620096,64.50181514598077,98.44686357728982,203.04017526441027
397.7459117106497,63.26803046178905,98.44694302000856,203.04009827239636
393.131950213799,61.75233386111752,98.44701319235986,203.04003667217998
387.9407713454368,60.59604430626122,98.44705910810035,203.03999323474292
383.146467682711,58.84154509413996,98.44709774611312,203.03995821744186
380.337874045522,55.67338107128066,98.4471571251357,203.03989719837165
376.8139346550338,54.750028400935975,98.44721200016741,203.03984465026707
373.9774340511311,52.35456141959729,98.44727724529567,203.03978349194225
371.91021210622176,52.08802816681607,98.44736129853605,203.03971136473032
368.8074070964176,51.851112383143544,98.44745831765616,203.03962133507144
364.4098138792507,50.524157202162144,98.44761797281507,203.03946155810297
360.72774188256653,49.563901258286094,98.4476996569183,203.03937529655545
358.4147448636781,48.56395597962066,98.44785493813391,203.0392091102645
352.2678957956685,48.98872671180638,98.447951084407,203.0391150750732
345.6684655772552,49.61061387663119,98.44811157006181,203.03894469020202
339.84870579927673,51.2842029529055,98.44821919974918,203.03884676836628
336.12609218878816,50.06936042884945,98.44823834806391,203.03882548141064
329.4713946916264,50.16108978811296,98.44833482706753,203.03872085750814
322.3203118362303,49.38459832067434,98.44859681318945,203.03845884399823
316.00527355375857,49.170670592824564,98.4487342988482,203.03831203162184
309.5229102767094,48.480872381813086,98.44884121641084,203.03819944828896
303.23287684855114,48.28489007477195,98.44895106436554,203.03808765946863
297.184421512803,47.579583327373086,98.44904758028322,203.03799272683716
288.9898740086548,46.5448932369988,98.44923420234925,203.0378080882498
282.30802785305764,45.128174274706666,98.44930766283551,203.03772631564473
274.08077660377063,44.703068370478746,98.44937290555012,203.03764585868538
266.32119655307804,44.58120162718842,98.44943377140069,203.03757447323005
259.4393832686136,44.75667573929326,98.44949336950437,203.03750851101188
253.34071736777057,43.04598946136879,98.44952807493796,203.03746931416
246.48285808214482,42.03329723432232,98.4495798752544,203.03741402902565
237.75672080314845,40.42502520363584,98.44963160915047,203.0373564802149
231.81591019800277,37.56959291770539,98.4496820034018,203.03729881086485
223.9455979664216,33.40893685564909,98.44975070331954,203.03722173667424
218.22876631995587,29.587242436543832,98.44983264401706,203.03712693612133
212.37574345673494,25.657275160144323,98.44993049448235,203.03700556545843
205.98868771879242,23.264002859062586,98.45001986801147,203.03689998680525
197.6816043619661,19.983154629478676,98.45009089379786,203.03681503957048
187.07180959498584,18.84093408228938,98.45029146596643,203.0365810126417
178.47202996379912,17.34796846866527,98.45042216999022,203.03642014928323
170.65661320075213,16.043911664216324,98.45047833707545,203.03635514261106
165.32842933905386,15.643582388941567,98.4505407473616,203.03627976924852
160.69001292397812,14.262152308555272,98.45061061517181,203.03620095373327
156.1864503778168,13.229404588529476,98.45064799997489,203.03616013318
151.80294961257508,11.06237737887433,98.45070941357604,203.03608998736578
144.78490615942275,10.633259165966777,98.45077699462435,203.0360090379978
141.90541692086498,9.938415422599022,98.45082240441809,203.0359580842197
140.11065458940044,10.109007230011414,98.45089885376993,203.03585814501784
135.05684682815507,9.522423060313955,98.45096375522793,203.0357842730709
130.55621928670166,6.660428033085807,98.45109445611573,203.03563749815098
125.3340611324669,6.162999351926061,98.45178054607938,203.0348429597022
119.02373859063755,5.597823054202394,98.4528987666399,203.0336748070111
111.80565970792827,6.350819788232499,98.45389684883092,203.0326793076246
106.11603225218931,5.826776474534668,98.45670885106813,203.02979383094768
99.99754968510268,8.801147498987262,98.45654095911833,203.02986808148097
98.9969960770505,5.373166939215878,98.45551361368402,203.0305354502608
98.57208110413299,2.190198183637463,98.45423751188872,203.0306320495524
96.56069928665937,-2.1710225415337447,98.45300956205814,203.02952365706034
94.46360272877402,-5.011739431821724,98.45256204138474,203.02912035572712
92.78357775723066,-10.617687495240773,98.4524161093036,203.02909669801932
86.64804306236645,-13.085243501609654,98.4547667795496,203.02620946225244
75.58402856836975,-14.9775319723405,98.45766797518463,203.02303210645766
61.05101096923537,-15.77393126246433,98.46126802330689,203.01911428274414
34.02914514400571,-19.296209179136298,99.4397035006705,201.90892215313642
27.654673154324286,-16.702921566893338,99.53598997118326,201.82552542977965
26.952831287220754,-16.507394546768765,99.71596209554993,201.64359611856779
24.923511091233507,-15.414957976515922,99.77799470706788,201.58983936829037
21.784985920674934,-16.915773205580706,99.88142720837179,201.48005348654567
20.544528497937044,-14.813887402940267,100.05444853921439,201.31113963120376
20.897926522053204,-15.038594495450582,100.18264060820009,201.178950169946
20.240141534495493,-14.84591981838119,100.3183988672358,201.00054180947387
22.596784254626684,-13.078707812125955,100.35047618560989,200.9614405012786
22.526102601934916,-13.55966015542046,100.37648880497973,200.93547532912584
20.701266083104848,-14.77374395215682,100.42049472838205,200.89941071625395
20.80081695485478,-13.851753547881373,100.44867717792113,200.87055942621197
20.68234008051109,-14.601236009553759,100.50780191433377,200.80414365707475
19.7297780634931,-13.244618753399791,100.55700682567382,200.7568563436346
19.329139703579088,-15.300445685705284,100.56308033657851,200.75072904598363
18.081943558647836,-12.503926821506582,100.6366576354437,200.68432982542924
18.81414092419211,-10.99530969684237,100.68030035228453,200.65175548630285
16.547489464399916,-12.305466537815434,100.72899939003298,200.6117550851496
15.80013221924736,-10.516008583368233,100.78058362559261,200.56081592758272
15.080530870320743,-9.27382223729991,100.80685011281352,200.53460220532523
14.35662765909808,-9.875219934892812,100.84141443358953,200.49770908484788
15.434305153279404,-5.985698647883382,100.84460875400374,200.4975528290358
15.017430433228562,-7.0623508142137155,100.88746988462667,200.45786542814545
14.864039583378059,-5.571375591100235,100.91323967508123,200.43582585151688
15.801725729958903,1.4864221702944462,100.91621084486357,200.45561965673045
17.743262411063334,-1.2417472760489403,100.91618315602507,200.46143994132396
17.0451355528215,-0.07290255247076516,100.91651576140187,200.46905593697767
18.864937126139893,-0.7029503588384785,100.91584579652778,200.47592932261654
16.236247257613165,-4.674699022150733,100.94067205152557,200.45311710181673
15.897048651115192,-4.348072934745076,100.98944626866809,200.41526416845286
15.20267861997025,-5.939350158661526,101.02872167603549,200.38266373004004
15.429751083129574,-6.50597062802666,101.06554196706875,200.3530036248784
15.974886538349772,2.595048403781334,101.07577116343988,200.3720749515212
19.52241484550204,-2.6400813134398646,101.07576345355429,200.3791757784807
16.95923750472609,-6.3225973187249025,101.11137268604003,200.35019581471605
16.21298950406947,-8.979629674958076,101.13316663523688,200.33299650816994
16.453586086091505,-11.112932857079954,101.15889094784686,200.30891769556433
15.850833975011668,-12.145362532621974,101.18542757490613,200.2833703903831
17.026843852202035,-12.029772294164886,101.30102056390308,200.16373219795761
18.88951498015461,-14.33373755138345,101.34186788319325,200.12322521239474
19.425336707899305,-13.525962831886503,101.4492759461441,199.9918813770004
17.800888603489625,-14.122658883403332,101.58619720035836,199.83976681194324
18.750274557908803,-23.851387049277363,102.09098473785484,198.9738073874657
17.934515414155975,-18.218908459144785,102.51475079757729,198.41959601866296
19.95276429820352,-13.720813335099962,102.53046669830545,198.3991080563399
18.544353415539298,-11.305929879463477,102.59121260456406,198.33885093739482
18.6015620115546,-12.014695538646137,102.84231070422429,198.07854190370173
20.012739425679754,-23.008870921367716,103.51966166744737,197.04117207283142
20.466771080153656,-21.3260844943468,104.06678269897655,196.26642596859122
19.91244333801206,-17.2706019618675,104.41429932684876,195.81099183319805
18.777856529016326,-14.610522581511532,104.64246471081618,195.58054378491897
17.727576594628225,-15.37811900618739,105.17540871293131,194.95446744634344
20.399909153610558,-13.593495109178619,105.46072225173545,194.60347946372727
19.116857118754474,-11.99916016942575,105.84131449397874,194.150299667916
16.998934101901654,-11.099318759804405,106.25628369090765,193.72496167441793
30.54237849877579,-21.515667925614295,106.98213140838985,192.79108323906993
25.92254733831129,-16.49039917325466,107.06052930976318,192.69952343363045
23.611451841642534,-15.38694000041724,107.43156826452648,192.2535436131555
19.718917938573497,-15.475947174374625,108.82208813136401,190.48596961077425
17.7573346869218,-12.257449333331664,109.48005354290105,189.59136618256406
15.204466460734949,-6.7571497274126955,110.58482821472666,188.60571200093852
15.004382280067446,-17.71286655838979,111.66671891902965,186.62537053166713
14.7455801910736,-15.210190449760105,112.01714217140966,186.11853439717143
14.370056629797965,-13.29335452710042,112.21609060249746,185.81887129323084
12.916524206740014,-10.366590335690702,113.18084547298928,184.59044495356326
13.264694461784948,-8.857639296651755,113.49334814641686,184.18317386456008
12.688788523673587,-8.56209302597074,113.93920940484936,183.60660470829066
14.314331093896698,-7.771160242976578,114.1310392271717,183.3421486576832
12.77830972215348,-7.258813625274513,114.52055395170672,182.94285918414278
13.362282124155278,-16.60745425959091,115.06925391164965,181.85722724476776
12.916242410290806,-12.457333159238445,115.51471841828561,181.05455794292757
12.503899718317953,-10.834896847571585,115.98362510807848,180.29668173187108
11.004295081864129,-9.515184295399507,116.62967495334331,179.4675058369309
11.698202461087874,-7.175697204078162,116.82609300205525,179.25385891716664
11.146172425878369,-6.267947343438777,116.92552393734242,179.16442447394115
7.405203686122164,-3.632542876296867,117.04819990409848,179.08551007090733
9.790902563463511,-15.724837046665328,117.21182736456471,178.62312575539426
9.254466365293709,-11.244570062956782,117.47921665810586,178.0600317446422
8.583798105733749,-6.79193765506237,117.7282334502818,177.6184500572103
6.767899109344455,-4.324850704898125,117.82239993137216,177.4715319208894
6.866690694394578,-2.9602681462631324,117.88460026766535,177.2868573794098
7.682009665453471,-1.6471193239398616,117.92763237902962,177.20437558597482
7.589653764696735,-1.0028421146170956,117.96438268323627,177.126381846765
7.188945454979063,0.4356567174115753,118.0017602630598,177.08492614628494
6.53330375306318,-0.27431635562219014,118.03195281129311,177.05761715776995
8.781396024770594,-13.100291979846375,118.22047543264269,176.6575416575611
8.163789755566299,-7.881184455516376,118.30317124837214,176.50497876954563
7.626776088128402,0.5261339364036814,118.37099874651697,176.45323184776606
6.152086695071894,2.027544819742076,118.39735144773009,176.42548484915568
7.108675757177764,-6.999722911378427,118.54122665107877,176.11443498424825
7.317267027254481,-1.9082308366813407,118.69545822397008,175.94005774555964
8.420733613434201,-8.664606087823088,118.94636477901237,175.5143231022743
7.281780032541825,-4.261228398738751,119.15780394038514,175.19359639537026
7.349232823243064,-1.2390210122147778,119.28205548016415,175.0872190177996
6.506363300302702,0.3777383127865619,119.32145725530818,175.05328771292022
6.585387453723008,1.3412443635082099,119.36327487079937,174.97836954648974
5.0778008242567765,2.0506056834389454,119.38000404937905,174.95933181263413
4.4383878010962405,3.476870346107205,119.42801289694677,174.91282179348048
3.551669675350304,4.246959202423454,119.46438252188987,174.89730752918172
5.776527176156257,-7.386684387501376,119.55000163053798,174.66432768022278
7.237472432431247,-4.17000586491794,119.74614786496676,174.40531946623267
7.52868736971741,-13.278012853557797,120.06486005115111,173.7763512962956
7.997442556505007,-10.582174590839443,120.35004467059503,173.29199097874462
6.197177021841782,-8.395599584031416,120.74246540743246,172.4222310389048
6.020429857096232,-3.6187161015247256,120.80564297638355,172.2674461219261
6.532661984935615,-1.241403002161391,120.8553185541551,172.20351139429928
6.306975126134283,-0.3895202198087446,120.92834526233737,172.0741731958507
7.6646130264349,-8.919048955051977,121.18125345602935,171.48420570295826
5.651290011895519,-5.139493668232134,121.33199587869332,171.20577197105442
6.071968252914203,-0.5999990914405231,121.45335973118583,171.0733570285918
5.021401675410729,0.7657494712235575,121.47376960051773,171.00744422905404
3.5166516673986266,2.0404622541586974,121.4803528036452,170.97667992378862
6.230189042080156,-10.435946401802326,121.62193354515739,170.5100312170339
4.519764060965976,-7.238796147164166,121.86422992614796,170.00977510701907
5.1883580411967145,-3.8333004322319084,122.22367327805678,169.4431050234375
4.418503926321641,-2.162387651584794,122.27403130810752,169.38365503625522
2.9676816538054993,-1.3089486988099566,122.31015275324052,169.32727611694975
3.8822382963078894,-1.101903756111355,122.38531011719203,169.22058046787876
4.364408503468674,0.12228955995007595,122.40561149326048,169.20633499481352
12.440197649995547,-13.865155746978274,122.79650985425947,168.6206253279085
6.9124229701969355,-11.630796454967907,122.89412292693042,168.37094332301984
5.6448770565860045,-6.706328085809076,122.97304038052557,168.1461997762305
3.580580782255538,-1.682221634016102,123.07839713130443,168.0389372663213
2.4228413200661905,-1.0299632828732541,123.1460313596382,167.91268387065335
3.3648018537200386,1.3259413826654765,123.18685442151141,167.85449573632272
3.0419639596077133,0.8003974303236276,123.18270439834995,167.81501033015437
3.0196690946434117,1.0928504901904574,123.1902680991984,167.79699236397371
2.689856391071501,1.4039941428314222,123.18683302002555,167.7741124931553
1.7525086422110547,2.20393107541517,123.17758066847276,167.75033659322827
2.872720662403374,-9.845192673946784,123.24361390920079,167.3723019722012
3.6748240055131447,-6.263914307298734,123.30794734310606,167.15751774180427
2.530959078377691,-2.111646422975255,123.33308821956325,167.09920733021298
3.1582273207121077,-3.1589942792532355,123.41369923493257,166.97391302773903
3.525567673271105,-12.15817225166515,123.63378390924343,165.9292220212689
5.107665039102912,-8.956357583484419,123.734758082838,165.51070249096824
3.280098273048175,-4.976919066552426,123.84369491580502,165.0943726830564
3.026159525354835,-3.524895926455997,123.8971898425939,164.8773946268168
4.1613900962248,-0.9963968271971311,123.97370831892648,164.7222137500764
3.9115392900332893,3.055369903422104,124.10013825739173,164.64583425764897
5.485573451537526,-6.8365010218319355,124.17732470847689,164.3778335544461
4.390308876343454,-1.0682893909128524,124.20205161849333,164.24700225732963
3.7336545351892454,0.658799867689055,124.19093353059148,164.1411702119123
4.424698789529792,-9.13256032301112,124.33262155312987,163.60451727177946
3.4464162758628945,-5.585389947294928,124.45034681110026,163.05693517208047
2.7525514086143374,-3.706587838808801,124.55768139541274,162.45194721754413
2.1288815044958085,-2.0302275129361362,124.60493413318471,161.90891274972824
1.610466515626534,1.3402133136695653,124.6287604039912,161.62289655214428
2.435176238685173,-10.697318312070976,124.7351582519947,160.54376592545154
2.60836104842614,-5.377034333623143,124.79022129571506,159.9869219904675
0.788800318697696,-2.545245568455556,124.75715995678632,159.68438839018603
-0.18788999696068487,-1.0155367452075836,124.7192496611698,159.46213657620962
1.0759210990753019,1.6631721597437377,124.6729554796569,159.5635238505355
3.2191826787925635,0.5817195376274071,124.65977874432517,159.50489651153146
1.109786506984996,0.8602391064809893,124.63514142714318,159.45274721967237
2.4796040287253405,2.001077049013574,124.60195207763222,159.46302227569302
3.0192967158987045,1.264291202268808,124.59640255304745,159.44177361281353
3.3484802217205996,2.2487014471166304,124.5959542330388,159.4530599537148
0.09016401086004322,2.585092881335612,124.56622091684487,159.5329661488259
0.7369322937238891,6.466877772068912,124.53038777461724,159.60927254228605
0.7944062277914128,7.956638977960694,124.48659509695003,159.62601554187944
2.299056462495045,-1.7910247615551924,124.45244688164738,159.43053949307918
0.889616688089383,1.8431982653278993,124.42016185106722,159.31570509931666
1.3243204753630522,2.261005706469632,124.43785968185054,159.2828484338911
1.5616021930687012,4.732626076278109,124.43203068962696,159.32929942858812
-0.8268394977679066,3.3355795865730897,124.42715242502942,159.34723288308055
0.10899761705339017,6.6350402290351695,124.41185329361528,159.41068371043056
-2.786803619558789,11.091599548415275,124.39467700402226,159.4402463842314
-3.979190748008463,12.932224914611837,124.37728107964719,159.47810971700855
-18.800171183227924,19.760836593112344,123.94292511659002,160.1090857847512
-17.458957236095237,25.950317954192272,123.8579839567149,160.23174716995217
-17.628147836934545,30.54842924584716,123.75950298769726,160.37306807419122
-16.52327718344597,20.010280760711765,123.3761469403484,160.8626359947794
-15.329252300769248,24.194187883340035,123.28658912979843,160.98641415674942
-14.069017290215882,25.762902844626325,122.98918686915923,161.39022373422262
