1249.5,891.5,268,184
1227.629541015515,883.6701983502198,267.4222686769775,181.28669184631323
1210.1497036006574,872.9099404255478,265.70579223105807,181.68562757175587
1196.2024496251051,855.9877000367673,260.84407459622537,176.9420803952155
1174.670997783905,842.3377510443947,257.81791272686775,172.51453659224086
1161.7633165876073,831.4998894498103,252.78729733626028,166.3501966863169
1147.768751750556,821.0917925272944,246.6451937950307,161.204007261085
1139.284388979201,812.1311266411656,239.46964176510886,156.54326772902135
1126.4566207572063,802.134100876862,233.3189781816322,152.88679130352702
1115.250982320603,792.6723818327275,227.00795547903337,149.46263799164933
1106.2180062372631,781.2496330710461,219.75712374068385,145.06164122179933
1092.6269822460836,772.2007751563608,213.4511689459432,141.0123309891582
1081.6163104227855,762.9101393403919,207.41367660926306,137.2642664547143
1066.8813862208817,755.1156194815895,203.19495308313907,133.83483731550746
1048.1993932685727,747.4823104940843,200.4579906540168,130.94743498106965
1034.891888871112,740.1566590662623,195.98056170479714,127.92915356242185
1013.1050713429496,732.3729902689967,191.37470762538004,123.54054709567363
992.0423418032774,724.4443662624141,187.4472873712284,119.29415550617772
967.2738072328923,717.4520466529299,184.20691357986962,115.34064050456513
951.5488477411121,709.1349541892064,180.12641416743392,112.38862853259806
932.2992259135608,703.5201046940447,176.17547013943118,109.53239479129294
920.6489322732139,696.0559030966946,171.40863073860635,106.39035578628604
903.9757246733026,689.7885490565684,167.42571549409303,103.78737332241012
891.7009739518725,682.2356560349591,164.09565455902361,101.28071734902713
880.0337039580734,675.1508100963172,160.36229102794502,99.26434355248279
870.0101264925205,669.0720374233479,156.296963888128,96.94127423625093
859.6558311382297,663.1654591730266,152.80377618484434,94.66925713002081
852.050007664417,656.9544168401305,149.00329620986244,92.30591947067882
846.8279115862927,652.0128028387471,144.6791396722632,90.85965967284744
840.1216924131519,648.4677176195447,140.97777606236815,88.6704369151464
834.0606490617716,642.7000536444308,137.5971104610515,86.98475465724437
826.437942820478,636.9249628912804,134.6146119481552,85.16663000357201
819.1004932502854,631.6415145778593,132.76596868436576,83.90772573472333
816.7403803128888,626.0763448783622,130.27932161909558,82.5059930664567
809.7682045927852,622.781831239706,127.92987842734465,80.74111943434536
802.7593389483534,618.9907799092996,125.95563107088367,80.44960826077713
799.5984753262845,614.8902740437715,123.56798102620283,79.14012289863264
796.6845285397975,613.1164832944982,120.90211449022918,76.93652374837544
792.0407359662798,610.9171205087974,118.65833615002089,74.89137686799464
786.783029411722,610.7546766274842,117.28509455027414,73.31192221767259
782.580633388079,602.072954197019,115.8691449441179,71.78578158360787
776.6706636649648,598.2454904238164,114.88274798745334,70.61899377509367
771.2921092943361,593.2927393843112,113.09303990284383,69.79485680075932
767.3588871303136,590.4539608638497,111.40289987267349,68.53983956952654
762.5468518776663,587.1861322674629,109.22079228501157,67.80030354788366
759.3610194676831,583.4380806353076,107.9521072400182,66.85622794103936
754.0267450552856,580.047974341965,106.67114358312394,65.65677620201063
750.7271898588979,576.310372968656,105.3635199861837,65.07734294704154
745.3839263957877,574.2646921385382,104.54183291551679,64.05598077991529
740.7520150766763,570.9811974296864,104.5958109645062,63.09942588609536
735.9117148366793,568.5229407443278,103.13542690928297,63.037076971198445
732.5735390178804,563.7596920587463,101.70573854596527,62.575828103653095
729.1197061709078,559.9329129572586,99.08990189005709,62.46525809846788
725.7259531304403,558.6784780668304,97.03900713023262,62.182040801229846
725.57857342459,555.3097047610147,95.41617711589271,61.33293656447265
724.618620924035,551.5953744693586,93.91184653465089,60.636957636676534
726.6205198023788,548.5520588019789,92.28842869320071,59.74926379138209
730.8377456584991,544.9777255983109,90.12032725027782,59.33693938832375
734.5153995954591,542.7052901586944,88.10496707685816,58.39860637961749
739.0247167994459,539.0556550619868,86.56534277401776,58.10655796570227
743.9167695008898,535.5007977214298,85.45954490439401,57.61875229540649
746.8689917985967,533.0708854887127,84.47293840559897,56.52776299054628
749.9010061004918,531.8875185137277,83.38325214800018,56.06549527540087
750.8773545352111,529.4696810097446,82.94410997082994,55.24562790970998
752.2324436165057,526.3579508578799,82.22943594909448,54.455189363951995
750.5850364550212,523.4305873876067,81.21812081649728,53.82619457140524
749.2651502002941,522.6402910402006,80.79856286254204,53.16247521825901
747.9534459828978,521.1945359655706,80.26578996188526,52.568679581386306
747.1754477181455,518.9219463760279,79.30218681525771,52.04723125803024
744.2893128903945,514.8049457271626,78.7159826929888,52.307081898107164
742.2087551065487,513.8735565771278,77.75878828600997,52.42439444271386
735.9350944254995,507.5414192342023,77.88764880216094,54.159006424097186
737.1432317395428,507.15310418026166,76.98125960441044,53.36248613563143
730.9979499432761,501.98732852445005,77.01258495384083,53.92165375737434
728.708074025681,503.17507372519793,76.47793163384928,52.80962494569178
727.5321339278448,501.09197255048775,75.8687687100911,52.344129640387976
720.9207259761539,496.16876352271225,76.4216446186609,53.06603979188632
723.1284686686782,496.69489307235085,75.88608186201483,52.54842642882664
718.8524566769133,494.77665844003064,75.23464896688255,52.188901316330735
719.4712367250768,493.6489094603585,72.89341183617766,52.5166597746756
716.1618667143155,492.98735315378246,71.75697006830208,51.593065425242244
709.7493816437104,488.9502301480201,71.61880258286418,52.25303865158019
708.8515685550361,484.2197745880001,71.41720633665929,53.52744159290918
706.8783179816604,484.5634503303948,71.26617759525766,53.67147786637483
700.8639629491504,485.0968433475083,71.66338169409124,52.90053853281622
700.3426364139982,482.65032133379844,71.65552197371562,52.818255545312816
700.1727799059126,482.05131059425935,71.26144304252198,52.199185082557555
696.0821175620626,482.24852675592456,71.13266812847625,51.71405458409477
693.5870293435764,480.1716972040152,70.6415399199105,51.6053769569565
691.7328948612044,480.7839971300707,70.80655880073121,50.54016542350336
689.694149341423,478.88483897070483,70.60025305303205,49.921155291887175
687.7348467446844,477.8032049033331,69.82801323384436,49.226044539454136
685.4172207109361,476.9767772691172,69.74809253370177,49.00669884200463
682.6507684546334,474.295749485832,69.98998666651597,48.021844408727624
680.4239111698487,472.2597464442325,69.97963806851342,47.90517031996
678.4838022844621,473.7503089368889,70.06269569066598,47.13327146608641
678.0370516075899,472.10733441899384,69.85600855068176,46.56259828279088
675.6557504875594,471.0215309756169,69.48104422427534,45.78731362329545
670.8357669051079,461.06153656859533,69.19306243745717,46.66220699361297
671.8669584471298,465.92255441223807,68.3903603398178,46.73949343462333
670.1529559051743,468.19476625296863,68.19123276953874,46.381764375202
670.6409405755498,464.40191562054093,67.67212790499154,46.2781980047119
667.0644328072502,466.5542502428204,67.66716395321805,45.86596884079574
670.0664354090591,466.0036952807474,67.36798367406936,45.611286600139145
668.5799930512276,465.332120088252,67.39733663809959,45.26518508541071
668.1203935024531,464.5221994247486,67.25532605699861,45.17147334139551
662.5830639426,463.83244336533767,67.1049104086384,45.19759786599429
662.9178949038045,464.2120890174939,66.92189481062574,44.880883178684385
662.4442955680929,462.7772930720033,66.55002576545041,44.425987860345415
663.31413079701,464.81750196119634,66.52714634136099,44.41405152727196
658.7364088872517,463.4216895182594,66.5589243512461,44.220925903883675
657.6448629421141,462.2579319222357,66.2978042816825,43.99356977520665
654.9898137862518,460.94865347318046,65.96415621736948,43.59358605251331
652.2585108460119,456.9514220700162,64.78973578788236,43.61745159169093
651.3121993801014,458.69314068924575,63.88526246726186,42.9962169975799
648.9788630741654,457.7663720516043,63.54858625177194,41.85912936823027
648.7194136719759,456.4240895229143,62.971467457045065,41.010288406399525
648.544384138834,453.7674054352284,61.357154126859825,41.9220361937403
643.5059492568577,453.12535140697116,61.43186858685725,41.44884256206046
643.6390054227865,450.86098917015045,60.33161458334219,41.729773838070095
641.206502233245,450.7622432548565,60.07510187367976,41.46834882572048
641.0081516721837,448.6583764923173,59.23737327873868,41.359350897857006
640.5329332917426,447.6606924255905,58.2457482577377,41.37752090737869
638.2283998656687,447.1346458282425,58.17487583986567,40.899091755578056
636.9160960031714,441.0456718829283,58.0942092213698,40.91715328603809
633.778607327576,442.34390311841514,58.05819719267779,40.92588943681424
633.2629042810028,441.6449083296682,58.038630585705214,40.874578129107555
631.9268800963125,440.7727408829159,58.01218642807771,40.875501004789975
629.6815872153154,438.9831372229409,57.39962277600951,40.60911773330925
628.9633780443755,436.12076086737983,57.20731809256729,40.36105969919223
626.8450350994539,432.45103343765635,56.813546104297785,40.45618224510151
624.9419315330873,430.99822009120896,55.80077492739944,40.825690430611026
624.6281139583441,431.104183073812,54.5713734863097,40.62958029340058
622.9505455012668,429.0952918921382,54.07154781310793,40.513912625467604
620.724391829117,431.4782075460228,54.07323212197648,39.87101375178047
620.1397762957912,429.4834430752154,54.198081093291094,39.31358758475261
620.763151603271,430.91857866189554,54.16393738522252,39.13597745837421
620.1297856803798,430.45790642202235,54.17792336422938,39.065529199682885
615.3718447975601,430.130496151385,54.370900543076594,38.91639025208898
618.3850625359088,430.0704041459334,54.34991436142332,38.87552138032072
613.8891470315689,428.9783163166012,54.38585471458555,38.74111808047382
611.2775252745326,429.13042489254286,54.84412315770474,38.033996686313365
610.5662650318978,428.89741507837044,54.90164661366967,37.024689061316465
605.707565976706,428.7478161311711,55.08083290154375,36.6780627021561
603.7763738691758,426.15092235782055,55.55684598089234,36.35415911345066
603.5185043507848,426.9835517223362,55.927450032227355,35.906133684628465
604.005049119393,427.7494569895764,56.55475867787997,34.977506538857995
596.2733075292745,424.90929840978583,57.08201787435245,34.81154884568645
598.5911897435828,424.5560678480598,57.28942551910005,34.166413494491096
595.9784990888634,421.81624064340167,57.65919264320564,34.05720071630734
593.6093545789981,422.0674964359527,58.00797532290937,34.00622402829428
590.6801002890809,417.3345804122118,58.65194771271075,34.4281670300608
591.0560518128581,417.99382351685085,58.824024483977404,33.940992046673685
590.5503803934705,419.5108791434441,58.81944596845865,33.56356590739414
592.068045426276,418.62682818207827,58.650956265396665,33.100357700960146
588.4488356514843,418.8278472502719,58.713377127235916,32.935623939148506
589.6091264537706,418.32786588888223,57.990077336284614,32.74831351720577
588.5546481039502,414.8497434517513,57.850125039343446,32.75624277104527
587.3708925489434,413.9262380774923,57.710043709705516,32.601520216493206
588.5865609116817,413.22498640496974,57.2497347161246,32.36748529440273
587.6110635845779,412.5814628236924,56.58295488379039,32.25066866930632
587.5721073799808,413.9613166079601,56.45507412086347,32.222832944109
587.8181362150116,412.8883044285703,56.25655481258966,32.080358662828154
588.3260431480743,411.5227698024725,55.95412992589933,32.025787675308145
587.6541677953305,410.59897087274203,55.95482550233554,32.03968452025042
586.2065873242307,410.7523919319528,55.94928945166102,32.045837805833905
587.7592047303351,409.0857071353004,55.920615613573354,32.047508027800774
585.3588279998488,409.70125611418234,55.91195182677378,32.051161532973275
580.8943178867455,407.1036417831266,55.90373049871997,32.073040337754506
582.5301122977843,407.46197051879113,55.88746627876963,32.07631315760123
578.731073658709,406.5875050984797,55.8934682090199,32.084065366441585
580.2179683496665,406.1566651031357,55.81757583218592,32.10855180845018
581.2923226054864,405.7454487282005,55.73933860731966,32.12068981096808
579.8533810442456,402.6672932441015,55.71593178992111,32.128578537955136
577.813206379052,403.52019467179457,55.71036746216628,32.123294052243594
578.4050148905761,402.51293022414063,55.660606378029364,32.11230715279748
580.6384478725859,402.04248907812314,55.5695319636925,32.13048313885179
582.2477970234528,401.94827184667463,55.46359849731639,32.166305168911265
585.9773171607629,400.9306555122178,55.448610442086945,32.17157434447775
588.4358320333956,400.5615361237683,55.447635899305524,32.17200727802355
590.5073685940296,400.27302141158077,55.44656822161067,32.174464437250386
592.2168393570498,399.1372370695959,55.45025819772182,32.17370927440312
593.5506665596457,397.8238130270402,55.465813211780464,32.171592935381184
594.320807334884,398.1523742327316,55.47929588535635,32.173612898990854
600.5777776602116,397.43440953137247,55.506057100850946,32.17820196490952
601.6222429510535,396.85436349201893,55.52603135772907,32.178955807761476
600.876108602435,396.0521246345358,55.59170937389008,32.181673254516326
602.1585753582486,395.1691699185482,55.603235746906314,32.18026598746345
602.6804129520746,394.40370928780766,55.654180667858945,32.17535877776079
602.458694546992,393.8961429632436,55.76366961086916,32.154197443429425
607.6440504428133,393.39889761629456,55.77146447968791,32.159744202886905
601.7649891766697,392.6881038469285,56.16667292658694,32.09535075407021
600.2710011275709,393.0641664249279,56.25545907574873,32.08312535259558
601.5467881154937,391.34229357435737,56.2957558846628,32.08033689693738
604.7929387573178,390.970281152121,56.305504047120564,32.08435457931605
601.5635410882036,390.4099928093724,56.539777748386015,32.03199911683353
603.5840344082866,390.86709614910967,56.558290848820555,32.02839554338088
605.834774011355,391.12932285633826,56.54647572044271,32.03394049098804
605.1243337303763,390.41167398757193,56.54227634065049,32.035938806256574
602.157518887504,390.4252288860888,56.531053197415474,32.048173189598224
605.4379316008282,395.91892107733213,56.39770942207327,32.18179005070285
604.2687901208095,394.27209859560764,56.39183158689899,32.18823337116171
601.8705985749837,395.3354013568113,56.38504781224801,32.195536120543885
599.864973188579,397.487352581092,56.37485283386725,32.20722739146488
596.1270510757528,398.86303241143895,56.3658061217146,32.22161551633924
595.5682648052747,399.34124245939296,56.36463142832633,32.22331868712822
594.0345405000635,399.17999724866013,56.36206889983249,32.22721065936364
591.6008207951609,396.7646054448011,56.36147108582202,32.228095909690424
589.201934290124,396.71214301541124,56.324568783853444,32.28102927596022
586.4340269712926,395.9061881082982,56.3041185441968,32.30720055049058
586.3018238097634,394.5842871584935,56.29914805288991,32.313265652767186
585.4481852259164,394.60151283377115,56.29185052595041,32.324065660512346
585.45743091838,394.5157167192587,56.275857903472264,32.34517788737241
583.0706514454204,394.3922908523762,56.253077814357496,32.37459771825192
582.9394684252985,392.7942678405674,56.24777998831968,32.380507309221954
581.0837140765514,393.25278478489264,56.23118504811863,32.40081445498384
582.3578647915704,392.8142192857269,56.21417057296045,32.42058294454147
578.8879444657132,390.91824139308085,56.20245311157674,32.437229167150406
581.7157345762442,390.2530565859057,56.19406441502015,32.44668999663437
580.7821481467473,392.13524847356234,55.879682956539604,32.78359072525785
580.1994024083913,392.7511339702825,55.851910068055496,32.817098190412786
578.8053298623324,393.4846945202439,55.830924729951754,32.84141726745378
578.114611646609,391.4561813042808,55.81550223081074,32.85663127948874
579.5974553918943,391.2261780190586,55.70880946260655,32.97281364215045
579.5416223066128,391.03516819313853,55.69720495017896,32.98718269570297
578.0971165541678,390.6599241429455,55.677600627508674,33.00898321168881
576.5766580192332,390.692886555383,55.624851382299,33.06858649886776
576.3452701608428,390.201298976172,55.581923828644534,33.11414918332505
575.9273133266773,389.3416203742732,55.38041507838097,33.34004799688669
574.4270507486826,390.3128565731171,55.298607861704966,33.44257209921417
574.3415513188892,390.3602666017127,55.26738578964275,33.47571881851325
574.2887574931494,386.92975796564497,55.08639982247176,33.68278206156537
573.5803508399092,387.52805079402447,55.01632960787219,33.772202020994456
574.1774186847435,386.22560545029927,54.96046989915294,33.825304139948166
573.804136185016,386.9466312071219,54.95203472456253,33.834621077421296
573.5437029301318,386.71278982001036,54.74626214236245,34.05546616117186
571.8409898382904,385.81496028770596,54.71278404061416,34.09257410502249
571.2266543735437,386.58353246347735,54.63893481420094,34.17630928438642
571.3405571258053,385.27067784693685,54.52288152917603,34.28867899796673
570.0898279619878,386.5536516774904,54.27267164201295,34.53661034992109
570.0833540825204,385.0399122956602,54.18957595577775,34.60705500255857
570.0594930380078,383.2014053393027,54.06060055220362,34.698081585790554
568.9576458858656,381.958011470241,54.05105041831652,34.70610121363867
569.1835349770345,385.220547698216,53.98516176616062,34.782810602781396
567.7001586016064,382.7091421474245,53.784419981570736,35.039291939044645
567.7006705590061,384.67746126146227,53.745841717021044,35.08263513339341
565.8816508115173,382.68499110427257,53.49541366172092,35.271590464328575
567.6248061978605,383.8908725301517,53.40696293923595,35.33666071765763
566.0570951596038,381.56753494327455,53.38403430964871,35.34728471343336
564.6881647263114,381.7036640285954,53.37680254584724,35.35180410827097
564.349493971201,381.3358028275242,52.84376564763594,35.735768298562185
565.9735009078033,381.5326889950249,52.53053475630387,35.912255296217694
561.5765476438413,380.72518315224755,51.77281889348102,36.293565514258425
561.3961876146186,380.71538438397204,51.632830193095295,36.382730455496834
560.2032357083526,380.0648512618085,51.50773122662031,36.52733236152125
560.9967214927829,378.59327575985003,51.48848960771108,36.55123383083127
559.9153271261832,379.08707312580185,51.44442614326324,36.59925382785525
560.8697281851894,377.9470020002018,51.407593248273365,36.63274943637039
561.7135255745762,377.29394354478615,51.38479684844407,36.65688082588517
561.2727154282312,378.62091997554523,51.28582626121693,36.74047345463194
560.1584021863217,378.9062939856856,51.08358030469782,36.922399715948316
557.6184716750454,377.77337524504793,50.955722954905575,37.06240583163834
558.2234879907821,376.86029538484723,50.89158473165794,37.13713980893671
559.4925726606111,376.26658194483724,50.84072151001156,37.18030973953196
558.5359665734552,375.76234860463035,50.82169534394554,37.19748656589601
560.6050563664359,377.0698490591334,50.81970664925017,37.199806194457075
556.7978528200719,375.22640059889875,50.81015992270318,37.2086986116763
555.9559326037515,376.1972292368239,50.688234607319785,37.3295041425276
553.43361539841,376.0393757016454,50.50726877538823,37.49410233701393
556.0524211262184,373.2353937999025,50.46808690427446,37.53120861562782
557.1968374714909,371.38172668514875,50.44224969522055,37.554600050335566
554.8818443218652,371.57906524175195,50.426595621242086,37.5633039867622
555.6198403154931,371.2099226334258,50.39902439700204,37.5943979149433
554.4458162589491,371.4767120481131,50.3938482325937,37.600746925801545
552.3582216809516,373.2911555567219,50.350602577950234,37.6956383948358
551.4403209944335,372.40663064769234,50.26349969798059,37.74594822647517
552.7865167620199,370.18631380838485,50.261132300304645,37.748036678039384
553.033364664398,370.32238348073184,50.25164627147302,37.759718916139654
552.2510609917455,369.9191601307317,50.24684448477436,37.76610027752832
554.1220753433075,369.53497934003434,50.242113555011535,37.77428055113036
554.4976329990652,369.75866475769936,50.22136191050731,37.799569661288224
555.6050762746781,370.8782146565801,50.21500507005118,37.80799507867574
556.3485070290411,369.36520616856035,50.18738280578627,37.842401527676685
556.0413025152567,367.0773890534685,50.18118368239613,37.848811400255414
555.3600993997723,365.53664032025466,50.180420958515676,37.84982161540131
555.3700640841515,366.2686457320659,50.1710518014827,37.86033910446186
554.2483160200212,366.8107310899737,50.16626502034998,37.8652214234288
554.0686504029849,367.381730859188,50.16257041032565,37.869114862714675
553.2257737595301,364.05488394645835,50.16127693095407,37.87047447491721
554.2605906147558,365.40615334200686,50.15332925947359,37.87815339812978
554.4055853931452,366.03242009575973,50.151699404328056,37.8798953317938
553.7516704163829,363.9240652213489,50.14913626283627,37.88298823262356
554.1492927823965,363.07432380796604,50.10988948660806,37.90739970070858
553.2381924485195,361.72983957701103,50.10412358350798,37.91152462242685
554.9108876721558,362.39555394181536,50.08989606577025,37.92621934977319
552.4780832860839,358.3211790647652,50.048089447899386,37.98838024431541
553.7556323057703,360.36766028601045,50.029200276553304,38.00723897644648
551.1419767975023,360.67097315064603,50.02798803869492,38.008887468595596
550.99323415071,361.393876961936,50.02345284210994,38.01181854020672
549.7055158504256,361.62957219532314,50.019878240820155,38.014884204890684
551.2382828785481,361.110181476899,50.01714673775208,38.01740563292695
551.2279955313926,360.98203521118796,50.01411152562815,38.021032465820774
548.5659717241515,359.81355674751745,50.00941091394443,38.037936530994415
549.1871909377863,358.9689631573731,50.0038314506413,38.041164968187836
547.4705336881577,357.9718834852205,50.00399065166531,38.041720963761
543.1285902420881,356.7344201873969,50.01242912614103,38.03725932240861
539.3441170924112,355.46639130089187,50.037693803943206,38.02548651375366
537.2387987120511,354.78458474423974,50.039155454800344,38.024784474889614
537.2023289686272,353.66246204875563,50.03995341351855,38.02444864332369
536.1561647936044,353.430875903877,50.04113839388947,38.02402056577324
534.3998887717512,352.3716349344474,50.045956377308315,38.02204104070427
534.968785125537,352.7255126055599,50.04842901531007,38.020946207588715
533.7023459807879,351.72388252784685,50.055754793593195,38.017655574135475
533.399462369096,351.6197122309714,50.05969773337699,38.01623749874841
534.2192712237301,350.811899599899,50.06080015312201,38.015814544073436
534.7830942025864,350.26822319632134,50.063849419217696,38.014507349473966
534.5712792536369,350.1032121540267,50.07819198362822,38.00741527877073
533.8024245197269,349.78559877672967,50.08196721587557,38.00570668008575
535.0131353839779,350.3366286006845,50.085240025489945,38.00449797192678
534.5799896580529,351.1808560241767,50.0912527517158,38.00210045412022
534.1485146012375,350.9769371794166,50.10154530881279,37.99858446612919
535.4320055720744,350.96632806545057,50.10602909780591,37.996658784189634
535.7245487591538,350.9082457928638,50.11393043984531,37.993452995512776
535.1702903735162,349.8628254301882,50.125046188209424,37.9880193449485
535.1865701279514,348.8486585697358,50.13630232193409,37.982984716777935
535.071312697459,348.684746090128,50.15255992772252,37.97595763617965
534.8954589107473,348.2658856307744,50.21233476927905,37.947668008202534
534.7180004386286,349.46804423749603,50.26021880054696,37.925664999928976
534.4329799055912,349.07132716031026,50.28869683256392,37.91259770614603
534.06995526221,348.86142187312146,50.314914275950294,37.89958253637154
536.1050911586066,347.5833124102249,50.333342777651694,37.889042829504824
536.6987836002941,347.39880926683236,50.39462429995458,37.85681326762463
535.4586312982551,348.00980647029024,50.41426892325854,37.847616383253644
535.9743692563907,348.5072586641924,50.4243116951894,37.84298725923561
