1230.5,624.5,38,120
1230.3837067887998,623.157192849828,38.36664954705691,119.17879028377297
1230.547685196907,625.4045596456494,38.931459206520024,118.8610133457251
1231.4003707461025,624.0163810129559,38.948862017698104,119.49870874969257
1231.212670587915,621.2699891143978,38.53618712540886,118.2484190833687
1232.3476836345503,621.2446177290095,38.810447998462394,118.12751195108626
1230.3370507132631,620.5029631666994,38.91724698312656,117.73926860836028
1231.3342049991095,615.8855724699645,38.85695022841236,119.04455275985637
1230.8205791173252,616.8337881796969,38.68177198213887,118.9041918350434
1229.2429861712458,613.7646149251301,38.330311479567854,119.59139269522062
1231.3460204954656,609.0687366794098,37.93419890488927,119.09311355738873
1230.9209764287655,610.745075215593,37.75068587347165,118.17382400295135
1230.9952225892634,611.2377739129035,37.38396390102485,116.26469170499476
1230.9627557285075,610.6563033065423,36.944586895417025,115.38954626496135
1232.4820405413557,608.0403200456243,37.24512335263705,115.26332606499561
1232.596441710497,610.9124991153171,37.43173913259295,114.43792325169036
1232.5188387457406,610.7285535371583,37.02828056139254,113.58569409722456
1231.9932882408386,608.6690132552259,36.85376273193264,114.02906803610463
1232.5035978618264,609.336341050677,37.04483582317842,113.65218732275068
1232.225950444834,609.637802135956,37.05038265368016,113.16447896359011
1234.205826377247,611.639309286057,36.78928782468202,113.151986332776
1234.6453100536394,612.6478569837403,36.34710098423003,111.63763602932445
1234.3024145221966,604.0813411332737,36.17278206224094,112.9676844462612
1233.7293907911164,608.955397537501,36.011977422121475,112.73464446037744
1233.9615380039256,607.0698603116525,36.23004471849564,112.70126220125906
1234.0199186821883,603.6520342261922,36.47311752635143,113.42493202659864
1233.3721465771507,604.2838825879559,36.70740115541022,113.70255753436382
1234.0731484884943,601.7130735011141,36.175964356476804,112.75855292057193
1235.8159524388602,600.0286621072662,36.214924775065604,112.59722124163866
1235.907795165598,596.7378219347931,35.926018459857545,113.66345540051915
1237.4162463265757,595.3901556552013,35.88923083631198,113.65621084559763
1236.0370768667644,597.4125834767577,35.69948921623106,113.1396199634558
1235.4563276975484,599.294903181147,35.387967954748454,111.07832501897924
1236.7936842383365,600.8967187379337,36.05795258702423,110.08712819724535
1238.4969665253705,601.1659735779821,36.22997411448854,110.72240694545539
1239.2998992387265,601.5448916600716,35.80482496394498,110.97440721659437
1240.3905976978974,601.4900674562966,35.67826908716826,110.08487185014977
1239.6368295414534,600.9144119208338,35.57498784844356,109.16929935708
1239.964918504669,601.9098027493524,35.257800282510814,109.21038782676703
1237.6323430320533,596.8103770253576,35.43249035509173,109.34868477036218
1237.138758804745,591.8850756279841,35.272990971611684,110.66481986796569
1236.8525126840443,592.5947636930747,35.08119174773062,111.31108657149404
1238.190457362058,593.8415703115217,35.03959475582392,112.11307589464363
1238.8472023427034,593.3905668054783,34.80334120848896,111.61957628632314
1239.5924701351803,592.687334147383,34.360149592880056,110.89138755740883
1239.0356779120004,592.4318772607744,34.152983921937945,110.88833143240203
1238.9823638213018,596.9722252557013,33.87897985183417,109.07879032307194
1240.2622623606715,593.9863370346703,33.88253321216638,107.25567636138632
1241.4643666728098,592.6200402646416,33.75613754565349,107.68579969422942
1241.9490029739966,594.8466994195587,33.89982182480318,108.1746481896625
1243.107621182165,593.421690042031,34.19542153097891,108.51214257833922
1241.7482061086178,592.2719702974567,34.02081023939874,109.15949569034385
1242.0666282603029,588.6449736512244,34.53736611875237,111.41789638866183
1241.5459647215405,592.8964956848338,34.15734426687183,111.8277055624099
1241.273814368148,587.5550193554183,34.14255275001292,112.44216247081363
1241.2824868890032,587.4122399754457,34.182168399068885,112.31850473739055
1240.7715550220169,587.385762462665,34.27180809777842,112.15484447350244
1240.131328147161,583.5020974120126,34.75474043511777,114.57575571723255
1240.6342380235403,584.0475152615894,34.616791728424936,114.94210373676042
1240.2131574669454,578.7674614676528,34.64868801579397,116.37499403184802
1240.9823812353252,581.613970761087,34.97083952001972,116.92956217212198
1243.051263749818,578.6645125286478,35.0186156439881,115.95690423514479
1241.0603713818507,578.1966236501523,35.335697487619,117.07242258497308
1239.9051597709777,578.3516026815718,35.356386584227735,115.2328381526578
1238.3686607651182,575.3104454446087,36.094400293426105,114.07933757836628
1237.4669513537194,577.7286648550953,36.562253787625636,113.97501068824032
1237.9382178109315,572.6233366087142,36.81912904676238,114.5758201122157
1238.6500462995832,576.9664237797413,36.69713522978337,114.49797268208795
1236.4959385734362,575.6351277026598,36.85244760209069,114.89972084401748
1236.5938520492193,575.1605616708157,36.797829075688696,114.48145273833322
1236.4038152170049,575.5553152609555,36.43840835678239,114.16360495017211
1235.2946854836493,574.745692528308,36.244719857871544,114.38762989735483
1235.3190617619287,575.1825680586101,36.37500216025511,112.51592816364742
1233.4531503524952,576.0755276357714,36.161901339824325,111.07689653822104
1232.9747725034103,576.0087243217127,36.47945492007399,109.41990107836386
1231.8641424746638,571.8325505448195,36.60096088248966,109.81682718439657
1230.728671812412,573.9609257353982,36.46380040988993,109.41684469607657
1230.8841085742192,572.6157211513355,36.654487276270416,109.3417757300466
1230.9343966495937,577.6212291308536,36.299681758742224,108.96853709950165
1230.0620965540218,576.2524361607733,36.36941384304436,109.28978411906905
1230.4722066822517,572.1510194929309,36.751623000379645,110.1036623384819
1227.6511927186903,572.6758820432208,36.62514392371842,108.25738058630992
1226.646735551952,570.9516041973327,36.637113472077225,108.34838661072763
1224.6671027924622,572.3873888120144,36.707580754209545,106.9676010727706
1225.0341225912891,571.6196220369316,36.63347454478911,107.47783042467111
1223.4718489390668,570.9176062588781,36.230699556905506,107.09461360774637
1220.1484661899722,573.3856153866068,36.5834181762802,105.07386568081067
1220.6636244373396,572.5517813960386,35.92701821811499,104.06862082587227
1219.2539778288103,570.3285608191596,35.765817412803955,104.2080398849036
1219.9530244785258,570.5881647994062,35.6305374430701,103.79491518339708
1219.9272133805046,570.0443376645437,35.413576430789774,102.38735570609731
1218.6243487409345,571.0984625994749,35.139075521560315,101.49943142541503
1214.9642654577003,570.268763591759,35.5447356526344,103.92402355886983
1215.0320517151606,571.7059989921186,35.36164250020137,105.84579070370722
1214.254334455447,568.689469441149,34.77420921605532,106.88367921238472
1213.7780536810121,565.8277827825883,35.16087693605595,108.67350360219896
1213.0083642904399,567.9859867820167,34.70104476348791,107.90386665284167
1211.847753664323,568.9000459549092,34.75747166605163,107.79923210794487
1211.1983010703666,568.0984349956962,34.43007389642917,106.74212063136656
1210.2056187202188,572.5601618755629,34.57027286720245,107.00032466277081
1210.2603671554325,572.179413366607,34.57018219235588,107.53348723890153
1209.5464299647667,574.6042603531024,34.36155395012941,107.43176480063963
1207.6343666858747,575.7191816210695,35.124534010187055,106.80364915431572
1206.9252942866563,576.0963817092572,35.057964538985544,106.77712343577655
1205.0278396561118,575.2310243304424,34.75434446123782,107.2314354815377
1202.1842577966604,579.1137715001288,35.887061482905466,107.20051212223709
1200.488983089406,578.7986729601081,35.792866110198084,105.96606276749452
1199.1901695687586,581.732216681505,35.914800640888046,105.56604733474103
1195.028088049337,582.0216296059162,36.84628112739399,104.66045970374921
1193.5343243181142,581.5020471747796,37.35858481016099,103.80013850111153
1191.1296490956718,583.7644511001844,37.68671596335875,103.4380961532318
1188.636193660192,580.7327960217436,37.713397437498294,103.62523329070409
1186.8388048834775,582.1645821791432,38.23583378723767,103.47994915911731
1185.1159711630673,581.7590933069636,38.38335998698436,103.76710465549439
1184.273161283911,581.545578070402,38.18134296455875,103.59226870453384
1181.1066114841428,582.6301016078257,38.90134632691202,103.05484155995379
1180.212591332171,579.0589008632556,39.283006096683394,104.53077395195656
1178.039025972641,583.1405873899153,40.0672882477812,103.49056555241529
1176.1673882723378,584.3474473358067,40.845707977458396,102.97587753815006
1151.4131823113078,570.9539851783377,40.146905544049645,105.52274295416248
1151.016474098499,573.1108172888206,40.63926433292947,104.91585630582827
1149.0486545125916,571.7659904328311,39.828189866438386,105.15833451503029
1144.1451610871966,571.1079578906181,38.24382406372503,107.41928854885063
1152.4705815634659,569.0109867217705,40.76888452415068,107.87781733521528
1152.8677639713237,576.924057378026,42.08811424044768,106.86557410925218
1162.0891556319864,583.9273448224617,42.38707019219389,108.70114514018044
1160.9297336458555,585.3335548812112,42.64629426089106,108.76799486101451
1159.051499431509,584.6101616102193,42.51232532500559,108.41216993277594
1158.303214495129,587.0898182820366,43.057467797653814,109.39680867272897
1157.072527167231,587.0071770104124,43.02723764845692,109.00431846035438
1153.6167061442834,589.1883466881512,44.74052735746851,107.48998225390933
1152.2473080066238,594.6846547459701,45.48269773251907,106.68388003902855
1149.5146224790565,592.25081115906,46.05681913097687,107.43318523576716
1142.7023914823633,594.4956199380508,46.46371177316698,108.82435600404915
1136.2742679953558,590.9343358396765,46.355006278309475,109.06061648442817
1136.6938640046571,593.5951696005869,46.532657578646365,110.07741799108031
1136.720551335763,598.8517398159765,47.70762544954575,109.38634196002032
1136.8352750448644,603.8414333771159,48.55416405906093,108.15336330026584
1133.4697487125934,606.8584420444892,47.62725678555361,107.31409865869567
1132.414525544513,606.6053462463408,48.124685205035064,108.65311704818632
1133.2494583043535,606.5924852542225,48.288117414845985,109.33925950981306
1130.9290722115463,603.9842004238918,46.63436350030199,111.00090468240677
1127.9642077626136,602.0903829830364,45.07101702737867,112.85291389177715
1129.0027255008947,597.1080034693796,43.1050858380237,115.36007852440714
1125.6983886330438,600.4305642273571,41.94026199224333,114.61924816140623
1124.9373006394167,603.4207595107442,41.388275973119406,114.17654728045345
1076.3984381387022,613.7643099776514,40.69207519329854,113.91838998067243
1076.7635536260398,617.5882476474512,39.98977107527522,113.24381605174773
1076.4239950757303,617.6294665506992,39.546213353086884,113.0039397435359
1077.0471613214931,620.3094702140617,38.81171154908386,112.31134803570772
1076.622342944614,624.8898543759408,38.285250742913206,111.22758605197612
1076.6743928134529,626.7712490811842,37.83348155280678,110.32889733614564
1076.8103239427044,626.3636498886958,37.787203562873884,110.94033606576625
1076.146817950293,626.3830205767256,37.451026970998285,112.73205523810749
1077.3417387878599,621.458246070428,37.02151494769725,113.46015096548531
1105.3389523275655,626.2317298447363,39.475745857787764,110.5770752091663
1077.1707033762227,629.7751721882729,38.78732615793416,112.86697293939037
1071.8455761830633,627.3214155360058,38.09418912579615,113.20653361102046
1073.471931852619,628.7021281447713,37.695107852602675,113.52818153268002
1072.1769069558034,628.9961763268319,37.39142509847394,114.79649197645836
1072.896249162665,627.5869146609311,37.31265284180949,114.14946774661449
1072.2860291405734,632.4861600971566,37.695602923414555,113.54857819252283
1069.119390069201,638.1632472343606,38.77707957537581,111.00362995418661
1070.05539587977,641.9131819770215,39.41720179098398,107.24480594387101
1071.020361675134,639.4865398563776,38.760815465453994,105.8773722782068
1070.158165478061,638.7917967442808,38.32810336741232,104.74020306683843
1069.9156479817736,638.1983514351734,37.40160607715797,105.32674896755032
1070.1399068299907,638.5730235220105,37.143082209258985,105.77073973097197
1070.2782005042714,634.6637613576764,37.00735611860825,106.09528794345957
1070.031776505323,635.9261641634527,37.09527683297955,106.75482924619851
1069.851669475122,642.2589929052973,36.52856821443413,105.84084927563175
1068.6085565564879,635.2818459547045,36.28518241649414,106.09847455193956
1068.2160892612412,635.8580085555487,35.727985153883544,106.5094412575616
1068.4999858199192,635.3286745378688,35.60032781352456,106.86305238717499
1068.097172640907,636.5595813163435,35.5345535768373,106.15238669647461
1067.6623879179858,639.79875467008,35.611847415094,105.17853751707774
1068.3389018579287,635.0802918160327,35.366075351667874,105.11360069923236
1067.4081258809686,634.3221658859977,35.468998937210344,104.2898822090369
1065.6400408936988,635.534270869545,35.2528326480934,103.03396333386132
1065.8676372922039,631.1439095503895,35.3022665424248,103.02948776050255
1064.2302468484318,630.5743988208451,35.17239006607714,102.52981850952351
1065.8850871743352,628.4606155086393,35.245027434137015,102.40795886440384
1063.7395570889403,628.0658386005177,35.26322993891151,101.55312173998084
1063.4974192824645,625.7284279334059,35.31905827550922,101.42818034837443
1061.6569038999037,629.7665685143859,35.57853948199122,99.49612764481878
1063.0543021086135,633.446147275952,35.21679631965279,97.37540920478618
1062.5122627162134,637.1778124559057,34.52499381401741,95.91051529583677
1062.8597699192173,635.6376783167565,34.52462588570867,96.1177696008992
1063.5153653229888,629.9068236723915,34.779719138643884,96.26784673325699
1063.0321096110345,629.2538536857078,35.26896699272075,96.93481555670306
1062.33847082555,628.6988310736177,35.48907773458059,97.17330610816514
1060.822237324923,629.790166415411,35.57772592823263,97.23620346161172
1060.8976021461503,630.6928844165359,35.484505838465424,96.89885453650281
1060.5544079303766,631.0828884923567,35.97297169751937,96.10569271078009
1059.2902366339913,634.6483175064263,36.64213920426866,96.2622001191949
1059.4828583728718,636.0678035421483,37.02518064338528,95.51072099056086
1060.3851201836346,633.4293452232498,36.95946720347715,94.73560420398061
1059.983463123261,633.5887748633343,37.15095210297615,94.29168619833527
1060.523540480315,629.9021184931578,37.20589894564573,95.7767638465252
1061.9687612483176,632.1966314013637,36.80367190243856,94.86789068476133
1062.873000014218,631.3701381163035,37.05421727408033,94.61755372373094
1061.9681103167932,632.7295625833075,37.89142487871144,93.46752204760406
1062.793870205643,636.1693737095646,37.747471314619425,92.27435885957334
1061.3068185137672,641.5495632349509,38.68646160213379,89.41102351378741
1061.829103838624,639.6384014342092,38.4733568523649,88.01834934686866
1060.6302646593451,644.4840414642312,38.204089038208224,86.33683014345311
1062.2390661362513,641.1663870302807,37.16972411387583,86.94275821301434
1063.6327006401477,644.4133829045529,36.37088906318287,86.87554716515348
1064.2601272543966,645.9391045099613,35.761683122053796,87.62059581567999
1063.8851303624592,647.101654919672,35.97641759949772,87.18714662666022
1065.004907389764,648.253376732668,36.460218361325005,86.10397434962141
1065.5829616961157,649.3797547784126,36.77810066582755,86.16248634933416
1072.124156209074,643.8081324905523,36.001141098528954,87.1159440140438
1072.8031836913601,641.1708026728212,34.49193018531805,88.53069077719164
1073.6314061018797,647.234055522975,34.11293854840645,87.86380746000161
1073.875858403002,652.3258429002007,34.68689598477418,84.6972615141443
1079.7042807136952,646.1594854212075,33.43721593705718,84.68261776851737
1080.6277603478982,649.3910781275774,32.10141781719952,83.45538568677108
1081.8768691506843,653.0981320211573,31.258049502474705,82.04041530119217
1082.5569951529985,650.0592444095413,30.561235579587894,82.16246247037756
1087.9972062443749,649.5066451950241,29.767736042403943,83.28829055125637
1088.5240860133174,656.0827638514882,29.716110470011426,82.31295314830132
1088.8342941405688,654.8778553385808,29.308415742131068,81.84559698876753
1089.8361818157555,658.2267923396046,29.12264094679641,80.87845638134294
1091.9834402785516,657.4674999283033,29.072992299707693,81.13154924151272
1092.1297077898616,658.5852121174571,29.21957530477429,81.05737593132025
1093.8039697114232,658.0209196710132,29.616779239132587,82.36519646139607
1094.3445462895518,662.123051452976,29.868245630719453,81.33671176328451
1095.2075335011361,662.6345954047206,29.804846452454186,80.91686589947588
1099.5507897753528,660.812631786685,29.864202586882232,81.28383753099394
1100.5596356729877,659.4629251619275,29.089414977860983,82.7647859291294
1105.359238668316,655.2669028557026,29.02200830361064,82.60883306690876
1103.724204352265,662.6263259722208,29.549783577863657,81.11266692573034
1109.334042882624,663.0880728856636,29.32262589580762,79.46591072921208
1109.122149027573,662.9574104756286,29.47053163002051,79.45929484922775
1110.036129502124,664.6127044416104,29.05275887900808,78.32045436332433
1109.9643563846664,668.3434612079869,28.699474263083772,77.43581651721686
1110.924141578106,669.0032913148489,28.298790919203984,76.40514480432658
1111.474073548641,671.7227135789198,28.770181350730446,75.46927860107476
1113.0200724656825,671.0669883471915,28.737173279907402,74.96487582642567
1112.9360682784575,674.8419803435431,28.49542353358221,73.71860753959392
1113.721581205017,675.1219348073588,29.11378953188855,73.53322302650191
1113.1727210356764,680.27675681325,30.306508960406692,72.22696074384535
1113.5637278990707,677.2686130326541,30.915054549299576,72.90634997816353
1113.9467227566026,678.0477296974142,31.46971290838543,73.5027086858443
1116.700215986929,679.7980443454745,31.892935130746885,72.3262080175007
1118.2479970904399,679.9690064261008,31.56399499022305,71.98947791675263
1119.9988822260373,679.4297391758568,32.25406584451645,72.17934048263609
1122.6043912748307,679.2630381613336,32.98282750538274,71.95891874258965
1124.0485338441674,682.0736516157605,34.04268274947627,70.23174553132216
1130.6433780531684,681.1176095061131,33.883718856925995,70.2473910327746
1132.321041987924,679.9278452108352,33.87689290811485,69.74939977736781
1135.0643254641145,679.682191422688,32.08697884498555,70.93379606397046
1137.5910823407278,676.6280783494437,30.7830860062181,73.98632763038097
1138.875902676919,675.9800747583023,29.680753616688133,76.38565684177757
1140.7395538003125,675.8591520219868,28.958007310529013,77.57069449837995
1142.1033048792272,675.5737062311747,28.603713437077456,79.4805185941947
1143.6821990091212,673.9816908993186,28.274664105130626,80.48304190889287
1145.839216600461,674.486317590536,28.511008198726977,81.12854316512966
1147.9764540966532,675.3949009384646,28.78224710786216,80.99956728710548
1148.8365818799084,679.6857503041977,28.643244473900126,81.4000615488035
1148.9344240498442,679.5189045354734,28.875802221392842,82.05543807260491
1151.540896102518,675.6395299891428,29.010047542467397,83.19919645405398
1152.691572853452,677.464783303381,29.173631012263584,83.83839367155545
1153.5654781241642,673.5729546411962,29.890266300231133,84.80754971037186
1155.583098333686,674.8215543650776,30.06054794158154,84.71951254555272
1157.5916917743793,674.1948498913623,30.08298718171586,85.20771515600845
1158.7315124582317,670.3661673048546,30.361862793228603,87.55622431858671
1159.436224736592,668.9610813216857,30.262448550495638,87.60890588842483
1160.601419848297,675.0340333372231,30.994785063154744,87.84033549840218
1160.8148340713453,672.1359868533748,31.369092931926644,88.0099912789043
1161.863493985352,672.2186595007215,31.69012856884865,88.95213652376144
1162.3196644737445,674.5719453564079,31.6212662121161,89.07287680503391
1163.9371118338918,676.6784832878716,32.546508191498305,87.570560343428
1163.8784140841985,681.0922908966918,33.03173536808315,84.66759341069968
1164.735926140285,684.3987836721011,32.871218392255,83.72162484291329
1165.7234452341108,684.0108902301537,33.6951323072643,81.78464078793488
1165.7369649207217,687.7993673528492,34.57324900999724,81.32439625171125
1167.4878621004243,686.9073869500041,35.273261195849294,80.02685914976296
1168.2167293752204,686.7614670063168,34.66378841984344,80.73060837894963
1169.7193202868984,681.8743622779857,34.798043079870574,81.59899698905426
1171.5503650548096,687.0938840396423,34.47404563274756,81.7336515095645
1173.4233469076469,682.4754793948707,34.53956984020489,83.95363226212027
1175.6956795282886,684.2937662690474,33.49513920280336,83.8276094895665
1177.773192603834,683.9554131481082,32.61541093188484,83.98360573998991
1179.3465222759044,687.7696497929769,31.89612618910847,85.31727253356526
1179.9942061345737,684.5250334663494,31.17202232150538,85.56006954457783
1180.4386434774804,684.2189774838572,30.816337766879524,86.64521574241718
1182.2698492711756,685.1825366444914,30.61656408079493,87.76383921764224
1182.8675088177608,677.6868370424152,30.478184827941384,89.5409439882011
1183.9054959140706,682.9381952736019,30.604980391638883,90.00511309253906
1184.3520247693177,683.327624824635,30.712564861587268,90.91267884189031
1185.5631563332065,681.8558630603156,30.95746915896564,92.60549069107027
1184.842715300668,683.9450798019989,31.292502792455316,92.65013688910051
1186.2809175647728,681.4218511441956,31.199000743417518,92.3459891937207
1185.673449655783,679.8286168985168,31.351563996127574,92.04883179625384
1187.0378994085117,683.6802471317546,30.818077364891728,91.42093591946916
1188.1271773512365,681.1203413599599,30.94545304758841,93.04713326628145
1187.4287405565544,678.6781183689203,31.048879857701138,91.22109760468379
1189.3640974345753,680.5426639250958,31.10014266797416,91.86867589922369
1190.4249134189847,679.0893456105525,31.358461222531574,92.1309197995048
1189.0672553242434,677.3022034647597,32.03805682523763,92.58399232389363
1191.6496412947245,680.3077836015681,32.20052868920709,92.83097309107883
1191.9460383649082,683.6660613999993,32.62777649143628,91.62681335298112
1192.9435460418413,685.7718574652738,32.64781154879447,90.46889806607531
1193.3275305444884,683.6180986738715,32.77243413914988,90.24285346549988
1194.9074977468376,684.2338101895746,32.72843053012096,89.34021519790667
1195.1625182907057,683.7364643579948,32.87795858663348,89.13833920645654
1195.048645900251,687.1279857088687,32.59650082762247,89.14271010181582
1196.5455813358212,690.0630771794357,33.28458863186654,87.97116750720876
1196.1808678884304,685.1864857794585,33.30758515107228,88.89384779709233
1196.4996425859988,689.1575547989642,33.15536538392607,89.11667061928706
1198.477714086168,693.9002943153232,32.768642959683504,88.18200716884431
1200.438676939284,699.4309356056933,32.74721874309044,86.20499601907338
1200.9366530631826,699.7164354737655,32.25512917429799,85.28244168054442
1202.1552408050097,708.0454881444047,32.26549325859121,84.26033792618023
1203.103821017522,708.5930196286794,31.948739260950063,83.66414249918245
1204.990421523234,707.2361056921073,31.21991557649099,84.73967090714702
1205.9095659716904,705.7199793779303,30.86514468399568,85.14395236316841
1206.9988802166924,711.8240401873625,30.796696571952,84.05322423795639
1209.6842159097482,706.468817160801,30.275814328449037,85.81214078821054
1210.9629475329918,705.4771710474455,29.75381346141721,87.36737287073561
1212.4380677295414,707.0875135238313,30.28484838837132,88.69266121889794
1212.8012668540675,704.1051087162697,30.762094176565903,88.56354392743546
1212.6382822511448,710.772463199103,30.828437113070933,88.21109185111207
1214.0323079887585,707.7609972881287,30.61847153719657,88.60618506145772
1215.0454453630211,704.7959405952116,30.49146315086155,89.51575248781923
1216.5718972604934,689.3885994704342,30.090783896627226,91.58135789411254
1218.0272586375413,687.6066034828975,30.245279591170473,91.34984816020152
1217.405245676882,687.7395937147995,29.905912057937282,91.65116509544146
1218.5951623708338,687.5712935166295,29.689778773793307,91.37621802168883
1219.1845376435665,686.3792296494862,30.649062095210635,91.59822422162776
1220.0261944878193,681.4519985972483,30.595404483136047,92.23598958690661
1221.707317659037,680.0294433192163,30.9373710446771,93.44668916560717
1223.743619339991,679.8052925371969,31.06996835491853,93.55348383124289
1224.8619209323285,674.1133690868802,31.625423876527087,94.56311751318734
1225.2237147279234,674.2376549799563,32.10535074208667,95.34615860011235
1225.7962259724518,670.6560901631116,32.1620579082956,96.11386482147901
1226.4175575584022,672.7823445522059,32.19961727152824,96.7260554069987
1228.126494894817,674.8694732489164,33.22144367902081,94.95196428669499
1227.8738434551349,674.1910221986616,33.26163992209937,94.68022275526927
1227.5531055900149,674.0840946310727,33.293372057215905,94.45146416955325
1228.5509207418609,672.6312933269364,33.31916127867021,93.94353452074576
1230.7006781524387,670.8586081112699,34.00754003890515,93.51299166586966
1231.7016691231422,665.0842877995331,34.32657750858513,95.86467851584482
1232.2524571494407,661.0839136559091,35.144046189035826,97.8333432917403
1233.559570075257,661.2601803566181,34.87944234858779,99.71412488131948
1234.1995877948943,660.2117558566956,34.643208336200516,102.61938363162608
1235.0299444820728,658.4025318163524,34.695986640081586,105.09865105206478
1236.4241295841045,656.8940988719098,35.01278048707397,106.7798670929655
1237.535676444737,655.8513243226652,35.191988792557794,106.89118602120486
1239.4117499158024,655.052038743942,35.06051479163489,106.6436734183897
1239.9355026549167,654.5841823560773,34.95676929122378,106.71594639576392
1240.470194555856,651.6953217588903,34.46772992789801,108.10492466640144
1240.8537723268098,654.2877349305531,34.149556654562254,108.97906209871041
1242.3618689308166,653.1486959853988,34.18268962796027,109.5309932910212
1243.7238925387426,653.549524252686,34.29935185996938,108.47056801913072
1244.5323503174645,651.1724425559746,34.8035507949418,110.23959943356479
1246.046420149328,651.9815209511853,34.70885205490536,109.70461031530064
1247.2461290908564,649.8742010288031,33.929594870739415,108.4127389486699
1247.4859268766227,651.7086818376445,33.67864359573364,106.94706350194664
1247.8926233784127,652.0190276037127,33.48565358392528,104.76406580411478
1248.05635990413,646.5614131796253,33.284036037957485,104.81734473163542
1248.2308109325488,651.1549343039346,33.326027291428204,106.17535691874662
1249.0480499149983,645.6053383548481,33.41909911786521,107.11489038491297
1250.6962153124648,642.9406866800384,33.50191394518583,106.84357775629141
1250.9745352223717,645.7418602679885,33.4766441691263,107.50457534510058
1251.2281314860393,644.7631385755266,33.99181888078954,108.07703256783886
1252.2122304674897,642.0154998873477,34.23079092750204,107.89505812840063
1252.1480595124647,642.3948784583313,34.507292848128245,106.07697493376772
1252.9627298883986,640.9160535395861,35.02655410508005,106.26549430288959
1254.1510908045152,638.1803977920473,35.60787823231931,107.39000117913189
1255.2104585430252,639.5729296110118,36.155922035008274,109.48158024521278
1255.7896802592654,635.2259608607723,36.47625827610422,111.09096974917081
1256.7568124088573,635.4773747504697,36.54691088327719,111.32503669652912
1257.9309439458252,629.7690064751246,36.32776625187687,112.9450508351101
1258.6403500359131,629.7864825660168,36.71804790467049,115.44344435263591
1260.5988805324027,629.1839757683588,37.170300628579845,116.29598063586405
1261.5604637662752,629.4279978180396,37.473852348166844,118.2814229599949
1261.8413410817764,630.1953476339452,37.411309028505116,118.62070873792035
1263.4915071979913,628.3770456718642,37.32233534328606,118.83305109210553
1264.7499650514062,627.4193068511906,37.61369009086256,120.06206639071345
1264.8437888986969,630.2757470789597,37.51911762699901,120.1279506599067
1265.1996684005426,625.6686594096889,37.532485783856785,119.62572966666139
1266.5202000173144,627.537736850047,37.44106344424905,119.74088298678106
1266.6595993155167,626.6812524914641,37.26913089463092,119.79302287513548
1266.935712959291,628.6904479010836,37.21865306301106,121.16934593452791
1268.1216501805438,623.040025756549,37.08580802800698,121.69452875509145
1269.1812191082852,622.4730532156386,37.371391909432056,122.51671314312364
1270.5036181182088,626.9589282013785,37.24131432949571,122.52360945002522
1271.1158710681507,622.8595356720934,37.50086907471531,122.54747061180566
1271.6919330753178,620.8388750967575,37.10641564172204,122.23790255654495
1272.69611076962,619.5285911086561,36.82157504842117,119.9441386197534
1272.6383042008154,619.0102812254029,36.29661802230328,119.0597346597964
1274.7444745874668,614.5689696773677,35.75724492134865,119.20926449414821
1274.8601687092757,617.9251155763867,35.43457759573035,116.95237983874932
1275.9538890330318,617.2392952181203,35.60210072766774,117.62965398099462
1276.9006422378288,611.928885061558,35.92790865485025,117.50480111449266
1277.6952668545305,617.3851041267897,36.29657687330551,117.17926083406621
1279.0890574218172,616.5078229397678,36.25809427808485,117.81686911989877
1279.6921968127251,616.0847083864589,36.06697283822568,118.37437356564315
1280.7948100287251,611.6794709938133,37.00382385220985,120.30843834345757
1281.3798450587822,611.7961009008887,37.45846399431285,121.4667462363685
1281.3544601466172,613.8202929641832,37.5695433591232,121.38280412447386
1281.3947821165054,609.6610669430152,37.68263199392861,122.84625900875938
1282.7821957904732,610.6122280063342,37.27986184547114,121.90389013062192
1284.1318808607853,611.7809097938655,37.90386478414693,123.3131865496849
1285.39011762983,613.857833888002,37.82265034983268,122.69173372426582
1285.3309758172836,612.0263240578054,38.00852271402256,121.14339722163407
1286.497317175385,612.886760647094,37.979131557039196,119.55540194425328
1286.8720414415127,615.7516631530384,37.76930437793324,117.06398189444651
1287.2591294763724,611.7299002159551,37.782456968701936,115.78456312749978
1286.166040285111,614.817625281368,38.05639091209985,113.85779597244297
1286.7701440638102,616.3149906025761,38.12656875547339,112.04083618306946
1288.1176321677983,620.1307464404922,38.01878937443182,110.25359378290239
1289.5442917807184,623.1690862051737,38.04607584622377,109.75317052871642
1290.5174441358263,617.5598612415401,38.16946493979506,110.53344525456748
1289.609381022237,621.5629897380641,37.61813854551381,109.6892103753197
1290.3327000407055,621.2450293756475,36.985308532506025,107.9622854408969
1292.0311816717012,627.0850970726148,36.41367457425615,108.94722153438923
1292.087204038248,625.4217575911983,36.005501210524486,109.91885660912989
1292.9219172304208,622.5170420101891,36.15036642259143,110.63525159637432
1294.2340573704953,620.4863404761942,35.77663903512749,111.00081597455998
1294.62342561047,624.0498557096948,34.91650177330861,111.30396176564597
1293.7393955753112,623.9916429087144,34.58158385252162,110.44595930993611
1293.6761370141407,623.4472858592503,34.82940343797688,108.61740894734702
1295.199575654086,624.158928299974,34.82378187059581,108.06941153910128
1295.4733589840012,626.3167381227739,35.14318551143974,108.27923544742612
1296.1976235417415,624.7654207774309,35.520177388238366,108.40494381136051
1296.2351380698901,624.8124606796781,35.17462979060467,106.6434365862498
1297.090526996866,624.6804218820486,34.456942208602825,104.84526642836565
1297.6667299328503,626.3955498756634,34.334696406099596,106.02512835342844
1298.0473757236757,626.5972609876096,33.764405449940035,105.37234518073508
1298.5256631284083,630.855404021038,33.17346430699027,104.01168159617812
1298.4011576526623,631.3089181071115,33.31843716151799,103.70381183028876
1298.8086372860073,631.4010080632409,32.69697918848716,102.19672113235501
1300.24579977739,634.4500003141856,32.358128982943406,101.69344173529342
1299.7708326076902,633.8865424182964,32.41196548346438,100.77032252722438
1298.8743006631883,633.7218137936098,32.687187198891834,100.43924485828924
1297.9581972769658,637.6562346224487,32.68693738259173,100.83293829582632
1295.287293063072,634.0290217840533,31.85493532835438,99.8962590837012
1292.5431072713748,639.0271049464549,31.89478339032509,100.6372334144156
1288.1083959902587,635.8110132808125,32.50752546397111,100.19633887628493
1286.8561471196442,638.516526906146,32.826709980407315,100.4943064910354
1285.212344596649,647.3960565634329,33.99525737106355,96.86564115839508
1285.153631095619,640.2289223644241,33.72509685562371,93.45839725782886
1283.7263955351511,638.6599077372395,33.849598951901115,93.72216608663051
1281.6149142419683,635.2961421255945,33.74485472445447,92.87388926167203
1282.4883984477162,641.0816917296651,33.73428906297393,92.84945715252995
1278.214121169419,641.2986956139838,33.92119124530053,93.42696976963478
1279.379774118348,642.204142240794,34.393598907546945,94.38885240445738
1279.3662553225363,645.9600814879301,34.32549680942703,94.7243097256149
1279.1347800218778,643.9368863736546,34.37178325740662,94.5020251037019
1278.2688502735657,646.9755566687211,34.67847388215121,95.80486248827003
1278.771823400951,643.0944081761452,34.88672419014743,95.60894137573487
1278.952724919276,643.8706560351574,34.579766128968906,96.70112281988091
1279.4010836580187,645.5149513839389,34.60909818198957,97.38136533040208
1278.44946877343,645.3459359090003,34.62376777527149,97.83506825022945
1275.0248754562788,644.2841072214762,34.859822409604675,98.76208549141977
1277.3859805361196,645.6494822233769,35.43199672944563,100.37107719446651
1277.996091457766,647.7694372331513,35.9752191906192,101.94363427315399
1276.2136397532947,645.6302923967153,35.8513711404397,102.05492222178287
1277.740734153858,647.7099483145814,35.997082251193696,102.77838616958942
1277.2560130688971,644.2182391142716,36.04177987470213,102.63920878316078
1276.0400407253471,646.1878172847156,35.89503641711835,103.66040629359105
1276.9220510369794,649.3830492283303,36.23661305146792,104.73937380666074
1276.1196150916342,646.7443782488093,36.69238869162436,105.37079501222368
1275.8116875793621,646.3843376754459,36.57354875843538,106.70293789791853
1274.9728161597604,644.7332715457056,35.82832392529053,108.82140297447657
1275.6737973289664,646.6149851366321,35.65876116974161,110.51013329002959
1274.9582608558478,649.7392188585758,36.15174599694872,112.30415966633277
1275.711676263756,645.180338531283,36.08575840565767,113.60679723971083
1275.7356537853886,651.0786358865817,36.82875074007396,115.3383960029295
1275.4177473079878,649.9323277786717,36.9612359079533,115.59347416714427
1276.1675785871548,657.5056009698004,36.696909057283925,114.40099120041421
1277.0931677650667,652.9739178816308,37.390561738981425,116.11467170780826
1274.7374270940345,647.2127986082777,38.4658808000094,118.82649784759299
1274.7983667754902,653.8111168960239,38.696830982834236,120.74716798138996
1272.707014822176,657.155403785917,38.77214830041233,121.85974070886714
1272.3431462348015,652.6635402900229,38.90781841230674,121.25513743179533
1273.8889317380329,649.8604423403921,38.635378303366004,119.92456766028069
1275.2169110456807,648.9297022437867,38.849024752462334,120.94943258907568
1274.7488513613857,650.1803047363446,38.933534414173806,123.31958361439695
1275.3920116359952,652.8407234084343,38.93146877351644,124.35017144111586
1274.7039876434171,656.096670736885,38.33871359132965,124.07150451401174
1274.2969677680983,654.1113633913203,37.991332996660645,125.97441285862948
1273.955351434996,660.9063364350033,38.097389688019675,126.75451624788707
1274.7342809210293,658.5107754994654,37.59966298104399,127.01431993124923
1274.694386679238,658.0721404076334,37.79911681166603,127.04635816463025
1274.7432028350674,654.1391591873245,37.977272002534605,128.66761778923834
1274.3019874893164,657.3140184719782,38.16489438972687,128.98477601283878
1273.2418561467912,660.9143960328245,38.19230400547175,129.96548127170024
1272.6219699384624,660.9163096022272,38.2011637367351,129.1285301509422
1272.4624446559249,658.4105541425548,38.60460707293496,130.27668018848166
1272.0750123787382,662.5189673903117,38.48878547294289,132.30204119296792
1273.1415385885937,658.5450023659749,38.59827937319319,133.8633788534883
1273.0066946010743,657.2292310214477,38.50861729277578,137.6429687513288
1272.6897163706076,654.3887025093704,38.904369199985744,140.539726163438
1272.983463341452,653.3481103803183,39.005718746990176,144.32324446790614
1272.811276054056,652.752837268648,39.27633891431683,147.48008617197488
1271.9323652331436,651.6037841760808,39.58729118281989,150.5787733355029
1272.8071968579743,651.2624566101942,40.11864976657871,154.1407321610473
1272.8881898396003,649.1765827389406,40.54701806710918,157.62284307703928
1272.542224446651,652.7861145987071,40.89203515767202,161.64599165303858
1272.700880442609,656.7226742145024,41.80548493218972,161.78016612262002
1275.115188988283,660.8207009047089,41.80417792613827,162.75820884968982
1275.7627783280564,661.9195527306464,42.01202108287269,163.2088792784728
1275.3286875510344,663.4455899832049,41.91901992340789,165.14745971872944
1276.6685649208832,660.3357313651268,42.429175357126304,165.44139856590843
1276.6740246387515,654.65178848191,43.161731358554526,161.8050862580012
1278.7443902444045,654.5962031231275,43.11330390014767,160.72125322762633
1280.2943658083564,652.3518904498063,43.38165464068247,160.5430265768929
1280.5206228207385,650.7819953876187,43.2561567907112,161.64744349036124
1280.5233882294326,651.9223200469211,43.30220627201517,160.49713748974207
1281.8878181076363,653.389766671067,43.33801498026847,159.03488868973034
1283.0992228572757,648.8704810233406,43.651833298143416,158.71812570326193
1284.0857983391058,649.3308978106126,43.37926793819706,161.7015150939586
1284.6808855854383,650.3849478462046,43.202014659635914,163.6342489728171
1286.167196828709,653.3181595208661,43.242305400176,165.92613556001766
1286.5284575497003,653.8839773011271,43.60353635191602,164.20866990706563
1286.140974680929,650.6564171148996,44.26366164900635,166.41001134504174
1285.9545890791649,650.8754996127454,44.06064548709812,167.62435293923943
1287.014716668045,652.477552188418,44.151167830471394,165.66823851531896
1286.527819253957,656.5470818519436,44.219053478006145,164.65852746631356
1288.1763107882748,656.7434919327923,43.84346165807349,164.5479350890114
1288.8498043501097,656.3243183812033,43.64570644510931,165.07839746924128
1290.893171420609,657.845302946641,43.116700833087165,164.49481785901088
1292.4745877674718,655.2157865374122,42.9140021687499,164.24863550946924
1293.9321400875265,656.9985336279509,42.8466052770538,163.1628707423782
1293.8836958857748,657.3776081927563,43.1214430495106,162.9982497642795
1293.8035150178628,660.6477031412364,43.56825412830103,163.75910719245337
1293.573139417973,659.4612602341575,44.45437575306643,163.86131162538578
1293.111337439301,659.8818026447857,44.60155416996313,164.88782140385325
1292.3519284123086,664.9936857196401,45.11892979154448,166.76777687279684
1291.3432824380561,659.9161158840526,45.2191605303705,166.92236532021687
1291.0860469369995,662.5883613180317,46.28107986956195,171.11873462834495
1286.3080531632313,662.9961651319056,47.03658657450819,171.01522023465947
1283.5819445944944,660.1074102075116,46.98891052350509,173.92797802923295
1283.05614079199,661.526560878372,47.76477246844765,173.83044893482656
1281.4188128017688,662.089573917417,48.55244395754169,175.34141006605654
1280.3695262330234,661.6826982819357,49.39389922756271,177.08050705587996
1281.5444849053126,662.8188738802656,50.42837938969787,177.69452866386183
1281.2706357283573,661.5280109229388,51.21640346272661,177.67858259288903
1277.8646363763194,666.1122738488375,51.817294435937285,176.54067159399716
1279.0466625183917,664.6146435498783,51.35154196506291,179.2822648373318
1278.5507527862267,655.1166831543884,51.095366768061886,180.28412892665136
1280.3758764914103,661.2828777731041,50.94911644517328,180.67488517414418
1281.6939627716151,665.6472419124358,50.71937770548808,181.34849206241208
1283.3667461490393,664.4711551986621,50.02127975595316,185.36327017955753
1145.6053712265232,656.4944582337264,49.449272520907215,186.0640729763113
1145.58198141702,653.3209449009579,49.367393487607885,184.55358001523086
1146.1582929236044,664.1001761234818,49.2831893348743,184.78766861083244
1146.1015960408358,668.97539629176,48.91619818434444,186.63826243870463
1145.2146948476632,664.7412312506268,48.72720197526121,185.85754524161322
1147.3630732505294,673.3661136716477,48.72979733856568,188.02674669290658
1148.6455532208527,680.4191201154558,49.461703576431745,189.54631936132046
1148.448463487205,675.5304407008036,50.07230494590702,193.61580198518052
1147.9692478184502,666.9472264515207,50.623309598321505,196.69039832279663
1147.173236954664,674.8189825374517,51.80557484424665,197.96348008404024
1147.4675704372964,662.8437441555419,51.76343454943742,199.2363330990804
1140.246784580351,658.9567835412681,52.06339516408514,197.41763347801853
1143.5403405811735,661.5864201748476,52.169848054255624,193.86337849279636
1144.33523034715,661.444412140246,51.9616368349477,191.79396333717654
1145.5109282631777,664.6568450502682,51.62981707558479,192.68040637791103
1146.0988146449708,664.4466511508747,51.44853892898402,192.27662376606483
1229.4368701494734,661.1798141420362,51.93142450200982,190.33989506615143
1227.3372109160157,670.4698934783788,52.33863824785611,188.00725302554642
1225.2720878634273,666.3743906603609,52.743883256307555,185.8239519828104
1278.6068992533112,676.3242558031177,52.119563821266105,187.61414021536297
1274.0105381309127,672.7582523513712,51.80099360848283,190.9982497323051
1263.5880859653846,672.9310477752689,52.74856670174577,187.69778341530193
1253.6769660502866,670.7555115830462,53.00192645076498,188.2034449759252
1248.6155822072876,673.2112710491728,53.57024124064494,187.92207207028358
1235.9717509848351,669.7508704093643,54.17303582666307,186.33098389219788
1225.474956383079,665.0463846069886,54.145459182397,185.90311391369727
1214.7270486599452,663.5546425896306,54.26634520056385,187.37373681579157
1209.9746435643922,665.9746645381435,54.4355039939652,186.19531401251552
1197.9117272815142,659.3209851999509,54.351863903471006,182.52848674529753
1195.8107975167293,656.7400219286201,54.48391161205719,180.9951198614454
1191.9108348007537,656.9698723431989,54.80647631860543,179.02530114383717
1188.3114121396677,656.0294625000331,54.46325411300652,177.7399683529042
1186.0994110773993,654.2822760135682,54.14572486547296,177.30554217345974
1184.6900577546785,656.2625437711702,54.01722620581511,176.77842993897175
1183.7145066673074,654.3892667309115,53.638716602297876,178.02013768503178
1183.6696290218028,654.0891626839069,53.06969322585706,180.51936490116464
1182.3074851959957,656.430808692056,52.67854265458624,180.53073497898282
1180.2128543207396,654.8322315914932,51.96360909641312,177.96952307216765
1181.165273129662,649.6277121616096,51.25506328288212,180.11491389879288
1179.2315084653294,649.8950831162854,51.22067372345488,179.87837521934546
1175.6703282517783,649.7658293975026,51.280796887831315,180.0959330217034
1160.5396305779211,650.8650406579976,51.37935043867064,179.47652682857122
1148.923699234928,647.3117551941529,50.723185933494776,177.81320315634625
1135.9264174937462,647.1337141120382,50.75070077083926,175.5207767718388
1118.5947405357106,645.2465700231063,50.58565884340447,174.6130070921892
1107.1749588822452,644.2408717438122,50.572065106878014,173.72433727504506
1096.0828829416494,639.1336411201828,50.43455408523765,173.68766937191316
1083.9565222280503,635.435817052852,50.31994877598591,173.72016309525878
1080.2579274309835,630.9073646064104,50.832386573397066,175.2502616336195
1068.2350102378387,631.1066195171644,50.46742765524317,175.81926990331326
1065.7685341054819,631.0335294456763,50.67379405493619,175.11067902826102
1062.2701086281556,633.7009424998329,51.18553520352757,174.43888402117477
1057.3966980423756,635.7536861146036,51.48855163418173,172.6170295469128
1053.936454061212,634.1631702549965,51.48447380442526,171.14367856043842
969.960415540522,635.4133093757048,53.88221429795384,165.27732170383345
954.0877766633248,636.5254365564825,54.22073088291466,160.9308144011464
963.7606778778887,636.1918878827116,55.66265771709262,156.22894659976225
961.8588771083855,636.506629847649,56.32791568348246,152.75749341825488
959.5884812496313,635.7979643851937,56.83697007341526,149.37601386114042
956.6467660849542,635.1848532009981,56.02706391595295,146.74680348073704
955.7929199423143,635.6655275142413,55.39047309728983,144.33066080498762
954.330291724911,636.3966362902484,54.14511815056569,142.38396597140303
963.1601124587613,636.8591532755678,53.9223052961462,140.18088420070012
960.1224087855452,636.7811782386119,53.375948459534065,138.47610052712966
956.4799015506638,638.5883483383972,51.774496902990634,138.31767482493458
965.3858778636853,637.2653176128198,52.4469688680122,136.37134716933886
963.0522211962253,636.2986164799012,52.74002177736451,134.72150463460844
960.6739286715249,635.560888585856,51.71300745008696,134.6667389604491
957.2646333089519,635.7505817350392,50.06181629962246,135.19082270145034
965.4896531677263,635.456757506676,49.71507286198105,135.0014589888156
961.7085149946872,635.3855693932558,48.49528381651859,135.4889748383443
970.632208673741,634.7347674214304,49.15339915921668,134.07215350809972
966.9306066811686,632.3586921510773,48.63471765394415,133.86670393207626
962.2065656070403,632.6770799902034,47.453379521744246,133.36156272762477
961.0342115491867,633.0305216319402,45.94240288021861,134.39518871577275
962.2690772116696,632.6757080295204,44.89375560161659,134.7817547226163
963.5261454464985,631.7058650133577,44.10095347014713,135.19304796319378
964.9167472532437,629.7276160796832,43.27657320565579,135.819233578498
964.731100069419,630.7941472779345,42.708072556062795,136.5682042916603
965.9689820699068,629.1823378148707,42.373571324786184,136.94726068727022
966.9830534846316,626.92719277164,42.04701331131555,137.34051872264536
967.6270321356587,625.796134863965,41.768318809477975,137.76087986308374
967.7369648095406,625.6764251461224,41.7610923613981,138.72652807236295
1057.3927969838792,627.3550310983908,41.67240469729138,137.5726617050118
1058.63889452119,627.4229315590478,41.420714602756924,137.0345575052516
1059.7773193083897,627.3768783449109,41.54994241330629,135.4918118817905
1060.340759860395,625.0001612036111,41.553587017494124,136.18860792357577
1061.1502495206255,624.8177855011058,41.574403954052485,136.35296653099698
1062.8611054318542,623.4293563540525,41.86625795801072,135.6793364961701
1063.1344125150413,626.6204376425959,41.69918569537106,135.02903264939945
1064.893938063889,625.6929328286022,41.843176666157134,135.3629663134127
1066.8447988740209,624.9342178395425,42.06524769420846,135.26303248099293
1066.4905741099778,624.2538248367948,42.02061619860166,136.02205297306818
1066.9927008309066,624.9578876972888,41.75956890012306,136.00720227458686
1067.6347305960983,623.7459316262258,41.53539499081082,135.91921375333706
1068.1532690831675,624.0656309522029,41.05432963385611,135.72116907810937
1068.536868644435,621.6091418394553,41.22267094901963,135.18237318327363
1069.6987831118859,619.4903651924269,41.26889292125293,134.74100382413246
1069.6509333144895,620.2576459982624,40.98038747272935,134.31014642655745
1072.0505390596163,621.8861107319829,40.835042273522,131.63016214477796
1073.2512430897143,622.5412380201647,40.94963949095965,130.7029229030203
1074.5514052829005,621.1361627606221,40.87494486342233,130.70944307008517
1074.8905186347408,623.4850046640739,40.602474454469,130.7755813418865
1076.1928130685835,621.9197796512995,40.30047810272882,130.27119636262876
1041.8691127596708,619.5079226953053,40.39948547104273,129.64657319652264
1041.9419301942921,621.7692380941776,40.488683633692524,129.1525206801806
1042.59697770295,620.6628437143397,40.71259139729126,128.05452247734738
1042.9906873062785,618.0462299068093,40.99848506924305,127.01751360025101
1044.7965224856664,620.7174170440339,40.819149848788015,127.17060794228735
1044.9890272579655,620.1445617046097,40.52160303489544,128.70487036297425
1045.586796693284,620.0666860040307,40.519604379750824,129.50253118462268
1044.992728377689,616.7604982729425,40.659162152565244,130.49608264167213
1042.9040530784023,618.1452060134297,41.079658693826886,130.6053824374157
1040.8792331354218,619.6244128761259,41.44301236877392,130.16350828569273
1036.3762234427115,620.036132178526,41.78645031040791,128.80941119738728
1033.3771596262393,620.0029540414021,42.86010370400287,127.87171435579052
1028.7633597561753,623.0774927431577,44.195721842415665,126.14302898871725
1025.9246310546432,621.2924274548427,45.074576664455726,125.91087723197322
1022.2384214068408,622.9642664969322,45.43249867994001,125.2701100479103
1044.5126400026384,622.3224950446571,46.40770879669415,124.49941272571482
1044.5791343183855,626.4097101219405,46.25217964991128,123.47907297565848
1044.340106279986,627.1428646522513,46.99163147914032,123.55005174634329
1042.9912427143859,628.5650303056304,47.313917774387974,124.40338779989095
1043.0303381770705,629.4012525716973,47.22487917806139,125.79706961434533
1043.360145100571,629.4797131562563,47.192085597306985,127.71591548548017
1044.5279440848135,629.3900278597697,47.02392971218055,128.38625269651428
1044.5150354394336,628.8911655476817,47.0368054273312,127.72558560659432
1045.6770317073408,630.729255995032,46.0988193660119,127.59798535840848
1045.7262120081784,630.0220827330886,45.88714388241588,127.41933504658665
1045.3529245583798,629.8194007132789,45.64066147143181,126.59520427610161
1047.4326396319925,630.5831602273429,45.685066811572284,125.89431011827412
1048.4884952834798,631.1195387855208,45.31214077547387,126.14719999841628
1014.9375005802195,626.842168477963,44.000639886584146,128.1270047004458
1015.6921571418982,625.5227642539393,43.25410558183424,128.76363424109906
1017.2326926406049,626.9560855340303,42.55373302687978,129.6897973526087
1017.6239490078718,627.038665793066,41.67128487248843,130.95426854459004
1019.3979920824582,626.6218252956198,40.98867771577784,131.0542997491952
1018.8214455819686,628.4043708982913,40.840011235327026,130.68410190399015
1019.0521606574193,631.6868044704354,40.50543644290702,129.38114281405385
1019.9898855361105,630.2321430077288,40.30050854087905,128.8429397613787
1020.84362595421,631.0479562557672,40.49929665895698,127.28747604314302
1020.7545730204264,630.4197059337591,40.35271817484149,128.73174863335078
1019.755815294122,628.3781099882806,39.92992146123624,128.50271232148816
1018.0306954718931,630.7637603358814,39.62397986561239,127.75432794327241
1015.054191897244,632.3682574533908,39.39838193525976,128.3531473526629
1011.6289579961189,633.7786987857302,39.24003254161757,127.7880949759177
1006.8964355422421,633.5837703291658,39.439937869598126,126.8676335382545
1001.817287792261,637.2925065615019,39.417048600883575,125.56248245038273
996.2171366362243,639.1158440032492,39.34082541552065,123.40492888475158
992.6133495868733,640.2785338664297,39.36237961676173,123.46941455679766
989.5968348290103,640.13731006163,39.69127943659522,123.85161264794279
987.1365822964015,641.6610043199661,39.53700642182643,125.13602792994632
984.6283281776809,641.0120771026194,39.17558306441885,126.17199558914612
981.6319224138545,642.5478293270526,38.88757231500277,128.07960662642475
981.5002908115785,641.4842709397637,38.95404743206751,129.35794133847185
981.1045200669851,641.270445604244,38.732081793492284,129.8802275557188
979.9078998232336,642.6679715268085,38.60191172229475,130.49077578154305
979.2225647417969,643.8716302641196,39.35215010435319,131.95041764034062
978.756609595644,643.5389406113385,39.5324663300389,132.05957879862513
978.3948430965781,641.9462343086149,39.222024680648715,133.6031930270354
978.712422711951,640.6224111445563,39.15040471648911,134.10879361883974
977.6868761356831,640.1435229263998,39.022151069174754,134.0487539884108
1013.244435048658,647.6842021577883,41.179158487365456,133.43228982037252
1014.5136804826724,647.6501451245554,42.16856378518456,133.0324238894417
1015.0936998450794,647.9203310135463,42.24908165808006,133.42033377630824
1011.3011956563722,647.0326565897931,43.90097264581554,134.13011548800398
1011.0542661926772,646.6979009530437,45.398123895364265,133.00072472674316
1011.6827716785107,648.5417982365213,45.26384127147571,131.45568399928067
1009.3389206763545,646.7160839392767,46.679868642762,130.10105008614042
1009.32175734169,648.5273096482825,47.11038050157646,129.22034747794336
1009.969212468201,645.1173680418598,47.21392884859877,128.24522441561174
1009.4229529362578,647.7531243147959,47.496825624734875,129.58278455498132
1007.6043690113283,651.4918287021526,47.97251376306122,129.00623895089177
1009.87795854904,653.0144229648988,47.248602862763036,130.28257695280405
1009.3286701742753,647.1688125806013,47.520424625052556,129.86022464705826
1009.887028743231,649.8562527697518,46.96231929734868,131.076308586079
1011.9591621669055,658.4845921536372,46.755083242235955,130.37513938556899
1012.5472951383794,653.8617021745143,46.2654042157349,130.86201393304796
1011.7159465760478,656.4682663570536,46.1535438691226,130.7759846051399
1011.7351610283954,658.616226624603,46.136004019411345,130.10389224272495
1011.9333620403,659.4756664232655,46.16122003997829,129.74521948782242
1012.0851490557484,665.5982062608086,46.1413841751756,127.68109856059993
1011.2254859559571,663.4435620222815,45.895758263513855,126.00120265807648
1011.0788344218562,660.435440010553,45.79440187212475,125.23288695481853
1008.3038732932642,652.1840505037775,46.44502736874951,125.1468560013283
1009.6385326267093,654.0904807261899,44.97658410335629,126.82629892793315
1008.9920923661842,656.9951169799081,44.63361848640607,125.08058547582499
1008.0556995848644,653.2434486921427,44.291402704364806,124.52682175533526
1008.5622100547635,654.0959577297239,43.69244143334626,124.01167415689567
1008.610424634652,655.1117640582148,42.39341322495463,125.55011173947672
1009.2534447702903,649.6812754716532,42.7003119728811,125.50656506311269
1009.0878461531236,651.1372469112519,41.61853616091177,128.0715060721599
1009.9705585306313,651.8143596327726,41.15961887411993,128.3779188422761
1008.8960287975434,648.4189473511594,41.13609476027872,128.17753103749092
1008.8583737037969,652.3710541554062,40.92361566258867,129.10328588145114
1010.6640913808177,651.1605345055643,40.19257595941073,128.98489408601154
1011.7084374995584,642.8260651664745,39.661134221654834,130.89560255484065
1011.0548776202394,646.3876140670274,39.12531460346166,131.62566179719198
1012.4428228555387,644.6599319361278,38.52070690111252,132.78445313533064
1011.5731484938294,646.3478800339258,38.495755754993866,132.2426116482157
1011.1485716816269,646.2707061283592,38.66068340293177,131.64769962982774
1010.7667340045313,645.0541430328757,39.617359774097395,127.48362733446652
1009.179056752136,643.2064818377481,40.643164079379176,124.65295828490238
1007.3446093513602,642.0505205596041,40.75016947091197,122.65763892453367
1007.4486332780482,647.4720907216773,41.490652351121355,120.65763443412771
1009.7245832668316,644.7765857667472,41.614491185047356,120.10124329723496
1009.9331016172207,648.71174722142,40.99177132742135,118.64621265092045
1009.9479900180421,648.4556831855099,41.44468238650578,118.64843872231344
1010.1819882791874,652.2258502848048,41.145939258222874,116.55815869242481
1010.3042403909823,657.1073843964309,40.745348813295706,114.02211216335579
1009.0038013957392,660.4420530550797,40.733183018686866,112.80132125566519
1009.9596952021395,654.6355110672202,40.48002506172413,112.55182874670398
1009.8615668069308,657.6265280864368,40.17789454521292,112.45687585451094
1010.2326014055303,653.9936675115314,39.55268239241257,112.38661992683762
1010.1715352509859,657.1125766515866,38.85266345781483,111.95276292373538
1010.7715039938527,658.9234311639633,38.58356402053941,111.01324288671395
1011.4943221272795,655.1233685040187,38.07036654448387,110.26979082165442
1011.610157257063,656.8157712020292,37.54144571605032,109.75954101340199
1013.1271762783217,657.0512596714118,37.050733574564134,108.3269789701712
1013.3901426654453,659.2696984687138,36.775117360585526,106.9527172469966
1013.8801096325419,660.1867724849894,36.24039504553099,105.48518075476288
1014.1821690585037,661.1270252958002,35.40439269756121,105.34840007534886
1014.0996182040443,661.3182355261197,34.95153061558655,104.25952229783427
1013.8698392883107,666.0958304390555,34.582892517526524,102.95831024753655
1014.3148814716627,666.6682204244082,34.290493607098355,102.4676063166221
1015.5568925046341,668.4928462079783,33.53860588334925,102.30053606013564
1015.4842506318139,667.5088113237384,33.1074697986673,101.21458876165978
1015.163778454882,665.1862138286891,32.603095048336364,101.0393820832099
1016.0829786636166,652.7228017813095,32.67327731824532,101.42116795470238
1016.1279092520402,650.9573768195553,32.83847955597158,102.71985587946205
1016.7203746340559,660.5492281130914,32.23566807800054,103.71688601944068
1015.0790181548801,654.7797905074091,32.01368800504121,104.79435070834441
1014.226138109432,656.130601727615,31.60060597099838,104.27064622523835
1013.317069998237,651.1185725448461,32.15526677529758,105.2051221475389
1012.8021828575572,646.7691576449204,32.12788973906075,105.43405753821061
1012.28032839918,648.8114148449256,32.07890222751617,105.16046003883514
1011.8591585459914,648.3411741122972,32.11248832423623,106.07687914066113
1011.6089142673205,650.9808628869131,32.15900934012164,107.20609953759609
1010.286414412823,648.3114840797436,32.684862702070944,108.546661265323
1009.5816076249334,649.2485022097251,32.82886212589521,110.23272937547735
1008.7969703437819,646.205513663061,33.39360148998654,111.93554253981998
1006.0776089446165,644.7662034702817,34.136084816881976,113.6912101065082
1003.2416700782512,643.7231849251567,34.57895006029377,114.79305697115679
1001.7417195222348,646.798061979093,35.13941640555714,114.23144954983826
999.4059508819646,649.7440336649097,35.26262147174205,112.58401825935097
997.8411894270013,662.7293275021278,35.8731855746771,110.68313082600375
995.4750244599471,660.2993423422295,36.16699746145263,109.09158165651215
992.9831512796545,664.5785589112908,36.43137774842944,107.74722074586755
992.9731645598971,655.5561760922865,36.54857512545567,107.89425651021885
984.3120394160558,662.2733218110753,38.02400362816517,105.66771253205283
986.0636106496929,656.4007213079126,37.78108884109713,106.11839888231128
987.5536716774158,661.2177520397325,37.71304206679477,105.26394805252143
986.771587878775,656.9654997670531,37.7055366284546,105.7902712357284
985.5556369529435,660.6978809638607,37.77951306507869,106.43167568171279
983.270640278589,661.7888390204023,37.35841230139137,107.17196430152433
980.8984040003301,668.779634676495,37.743035881774006,105.25587992445868
981.0455566043761,660.1685070678475,37.518320355605276,106.89062503280591
978.4958545533889,667.8502334347088,38.10191444476227,106.41186735218395
969.8353571342935,674.3312072676064,38.53574802807011,105.235724434924
971.0279195783389,675.4608589015867,38.501967963816796,105.44494538456897
972.0040074285275,674.7895562906208,39.09059402697399,106.0644773028011
969.2480174069642,679.646985453891,40.39587612927425,106.42432982220791
968.1547253160171,679.0685391085213,40.77738585781455,105.9571771409381
967.222094847008,678.3456230310368,40.494874245250045,106.16652095362197
967.5829678511832,674.1361404772472,39.759941178629504,107.09438527308481
965.7379974530322,669.8352636791203,39.342189256425726,108.21664239030409
959.5382337802306,675.8973709741884,39.57579634446052,108.4023280839813
960.6328593087032,676.1798167515784,39.541431294824235,107.56316104750039
961.0858340601765,675.7235427543541,39.035238849306076,107.1769767612179
957.697239887745,681.220051623287,38.949395806839846,105.11233617484136
957.618247573415,680.8255855750883,39.20385937455627,104.90392115476837
956.5233354809408,685.4705996750674,38.48289836129313,103.9482464017706
955.4802481270295,689.7655243411095,37.64932523967831,101.86470657896382
957.2379384732214,689.1320419873593,36.58452395212554,102.51834271037613
957.5407034930869,688.9107758950374,36.91091032808603,101.00487647430467
965.3609902613503,697.8851645295509,35.77599398760421,100.58677318599047
972.1917007987279,700.389487285314,35.01281109491671,100.84954243123924
984.1814963930656,703.2116406134571,35.491597744376165,99.47897511287431
1001.084478333982,704.4120203583071,34.77100678734801,100.47013070610569
1020.0071090841102,704.8545784438846,34.671240129620806,99.99531532621435
1039.1079475543888,705.0073858488477,35.07353657773557,100.44154349190458
1056.1450942048352,706.5616535193502,35.17616130662803,102.00622497066283
1075.0940016070988,709.9973469233659,36.96348901919033,101.79281002160978
1091.5728773705182,714.261068911691,37.14039249113091,101.91160151096284
1101.2101292685986,712.660625691586,37.49458132192349,103.02714387501616
1111.507169888707,717.0467951761016,38.03987004630618,103.69359618100957
1119.1174606607663,718.1856241184198,38.254647503347385,103.5048066759659
1034.700265958037,737.3426752685004,37.204179731071235,104.60248568683986
1043.3069997788778,737.6926984952794,37.37546436294953,104.21108916065968
1043.0622999156076,764.6739401468125,39.19390282869422,102.6002408368415
1037.634624384554,762.8542879267468,39.660639236260586,101.94382946810437
1040.1703349809718,766.2514807790976,40.53890075597972,102.2320953785457
1034.45942458347,772.0442315256787,40.85048633674957,101.16602404590598
1035.29610451571,772.7135035905484,40.435188000475684,100.46687014634543
1035.1930267847843,774.7054895964134,41.41054253564201,99.21955360832443
1029.5662724251158,767.780872139193,41.612257202854664,96.93191527752614
1029.5301431992505,768.8713097756658,41.50078813686155,94.69850112163925
1025.4910693104189,769.805129901297,41.23573809195396,91.91280295182831
1028.1426964199768,766.3121428018707,41.59951516098486,90.83924784617663
1031.1767270943885,768.1953864321365,40.71531220678439,89.15028596291856
1033.8969257953172,777.3493421461143,40.3395124115857,86.3031804279073
1036.9786502864129,777.5809082966872,39.107821833172835,84.39227788883886
1039.9971868017587,783.2230090975393,38.29776906615266,81.97304363332623
1042.4089402799723,782.9153039843919,37.31448780628924,81.1369657223756
1045.5708574290197,784.1185098572588,36.30330657292214,80.44980668221588
1047.7953318003638,786.6131910422972,35.91043578738762,78.73612008575975
1049.9300926528012,780.8512317699444,35.26137411592926,79.91957785318257
1051.7870786607218,783.8689707688104,35.232371525289814,79.92497385981449
1055.0028132389057,783.0960259324388,35.134930612940394,80.1582237000611
1057.432738881461,771.8410316354797,35.07319267392951,81.92858636319338
1058.8068155761944,776.6254710537094,34.99066795610898,81.84246700244196
1059.803278303267,774.7831278471648,35.66556295560766,80.16633216843024
1059.8214886292312,769.4065381447324,35.880547542784264,78.92122246501862
1061.879666861169,770.8816997532863,36.142257618673376,77.60276284196595
1063.3693103593264,771.9567389536028,36.52808864909197,75.00692645621803
1063.0981011946085,768.8448577132732,36.42108367730754,74.7370838000058
1063.1799308857132,772.5703582168253,36.719694256932144,72.99358515801391
1063.458811701505,772.2482027775607,36.58821929293392,73.04429409448086
1065.5012649828313,765.7768230427521,35.578252934901656,74.82777183344618
1064.9563766988085,769.587149038265,35.31417723091355,74.88620652760089
1065.962012477187,771.7427454242885,35.516534443077575,73.99244677900674
1066.448584159307,771.0680424725497,35.65579363716424,74.89855762089613
1067.009135052235,770.5887219993851,35.87847463386302,74.87356641991298
1069.1534430702393,769.3413760627541,35.5970979395904,75.81779211332741
1069.3262129896752,767.6426713258176,35.60572138978859,75.70228311491033
1069.1997521815997,767.044757177187,36.231629024597254,74.9055851193706
1069.773025042344,768.4819404351172,36.54827242816979,74.32303984488914
1070.2760273281012,763.539547787351,37.08355194097541,74.51541181034315
1072.9383717629032,765.7428278826278,40.75987301247252,71.61272878272312
1067.5874284726017,759.827629075351,39.67294695574639,72.85646887316776
1068.3179239559015,760.3317075444849,39.358236516261655,72.05842590732557
1069.0226171658762,758.9490662701867,39.064181388464675,72.07146851337119
1069.3909084017405,760.3911767322463,38.59169091507452,71.57675535979016
1070.5244526832612,762.7304711464855,38.502305017362076,70.70344054101648
1067.4169824522608,762.1119551183348,37.47241630150676,71.17000275297661
1069.3152043694074,765.7311152482358,35.74667287424158,71.62992658802321
1071.7239848977097,763.5793065257458,34.918480971613505,72.52502190394448
1072.4056340101245,764.9605463337905,34.423321358100694,72.7033517761516
1072.9664613273949,766.8315965066323,34.45079587585758,72.4536163138907
1072.5489707933598,768.429427999086,34.27022490001332,73.07354967107023
1073.4797601114324,768.0902765057272,34.10769621351373,73.64819816141615
1074.4584311029662,767.9170426825596,33.39018698934963,74.4193761410987
1075.4364846351345,767.1531134622908,33.200577060175405,74.92168421618808
1076.2214008973249,765.7120698028333,33.70578916775281,74.24334887618289
1077.8535117533145,766.8651719427445,33.149457727913855,73.50700875022252
1079.5280954183856,765.377103031343,33.24996452725794,73.18891229720754
1085.3835231300893,770.1846622959723,34.11178957717825,71.69861256982871
1085.0677730893026,767.5618898658201,34.38297803136373,71.90334636827409
1084.8501596225433,770.0315603825587,35.340884532219135,69.54343925279606
1085.0449434793597,769.8471340384426,34.89142709224539,70.10270844100062
1086.2303159105188,775.4307668993127,34.738861694267634,69.27782133559349
1087.2150068823003,774.187295107222,34.96420264155836,68.62107099582485
1087.476918231773,776.36530833799,35.21510841961422,68.5262115836968
1087.1376560838492,775.2008400454928,35.965282676635546,68.73496303189599
1089.2948675013613,779.0390923973914,36.798241147305916,69.00625801071601
1090.9162521652158,775.3626513459263,37.580346983628495,69.09234161739981
1091.750498491991,774.221280678986,38.43285686113012,70.05504105636783
1088.3925508589841,770.7760029708453,38.04712573096441,72.52419354143572
1090.2855605702075,772.2075685922154,37.929214294968034,72.25287133304316
1091.1132104435571,767.9577718970654,38.40551302086414,72.66251034712246
1093.5562383224676,768.9974196431191,42.38142816453248,69.74139652234297
1096.3387098928774,769.9404134403317,46.23776111624214,66.70082666587868
1094.4447140890506,769.6144284448784,47.725009859286956,65.75118849962733
1089.9894847421826,767.4665369197519,48.51108367295677,64.56784461964338
1090.1213761776914,768.2171234639447,50.508644281095876,62.087785642204445
1090.9037802756927,766.6111436917956,51.96379815746541,60.629243000681065
1081.096885454318,762.7489740083349,49.093319611738515,62.72068212956542
1083.742361066913,759.3296544651075,46.59796331719747,65.12637596455544
1081.3111987937325,756.592546771919,43.94424229318466,67.38656585349568
1085.565098800022,755.2436085836723,42.11836471636619,69.53007283997837
1086.5361370367987,753.0907056505877,40.01200884151073,70.88765177743682
1087.7040019803785,756.1688523248522,38.550542360150594,71.95010985941907
1088.7236148796676,754.3038448398045,37.87988522040153,72.03920728991808
1088.8292483196838,752.1783096411227,36.741737503882106,73.06372305509474
1089.5928796184874,745.9161926303137,35.91510449821698,75.25546234099498
1090.264956391531,747.1528967698725,35.09515610034925,75.96201216696461
1091.146767519816,746.8960748728332,34.87571423699886,75.08970217705439
1093.1523877719828,743.2150204004536,35.37632981176641,74.59103279005704
1092.6921671682599,744.5265340430832,35.79467597555302,71.9067120741713
1094.1007270227203,742.9836805623896,36.06859783157383,70.16343191397632
1094.8488572521246,743.1009718184295,35.9058341817707,68.71816212219542
1092.3944530833523,739.6848730665976,35.65971860345236,67.8601626348925
1096.0131910036966,739.7638928777687,35.332735659797294,67.61325581759945
1096.6588049985294,736.6627155589035,34.909609743801475,68.10306839829263
1096.3521522954177,741.331590045619,34.40375700125931,67.98795469402677
1097.033388054441,739.9858275075021,34.37120887455481,67.2417632861906
1097.3538627468974,740.003003294556,33.875076663122805,66.87872112360849
1099.74296731971,740.0823944156508,33.44895978358037,66.6821215597012
1099.6838760307444,740.1749608098405,33.36803855906941,65.8592510799194
1100.259705842833,738.7156189851952,33.53717590144464,65.8277353635942
1100.2014754705729,738.1362437517697,33.74018263488239,65.30404638399594
1100.2636707512352,738.1531521241905,33.42384599919132,66.35436028395266
1101.6488526644882,734.4724539310622,33.412109110551064,68.15173603651175
1100.9215618209996,734.9578094801781,33.673351807316976,67.36765445714646
1102.4813547591311,732.6369121997461,33.922884859963276,67.13635493613178
1102.8099046036757,730.2807030440314,35.07003886826955,65.82378793414574
1104.2695245131852,732.179311693996,38.31523014437394,63.63441951689144
1105.617309019267,731.1482626786105,41.03338269364221,61.79033072858597
1106.1137302722498,732.0649986432072,44.05839726241421,59.99122693442778
1101.9985738466423,728.5210236188077,45.468950744732425,59.3658190578116
1106.6410377063467,727.8866716752286,48.1923695829411,58.61583784250708
1103.2256405030876,729.5566534330615,48.5131656679258,58.2583052617474
1096.8745481468154,721.9986545099089,45.61769508414455,61.437420135335394
1096.7794269349658,724.0071565777512,43.656172399735254,62.84945500111544
1098.092678300498,722.218854385224,41.06140124812385,64.61263336840881
1099.8496575063295,722.8526054410077,39.29223458260017,66.67792997624758
1101.2399451515328,722.302191620462,38.14691129109506,67.48996983514645
1102.7115041950085,717.5243426671693,37.85128108294299,68.60190305514733
1103.6034789098985,716.8875650445289,37.816911917254515,69.50373509557713
1102.6895523050237,718.8691852152685,37.0094439867147,70.54529841162967
1103.9719123475495,716.1777471309895,37.00694089880984,70.20001324519637
1105.8151271304093,713.6502725746524,36.99867009316071,69.71002140938421
1106.372919754795,713.4343631150822,37.1294315565019,69.58885865385326
1108.8477053388845,717.513612395086,40.133987223192506,67.11774231506752
1107.9203626738333,714.6888469815152,42.814842997783146,64.27897186504865
1107.9585855284474,718.0791586105977,44.77688400768641,62.12592209702633
1109.750402212267,720.1842317587581,46.59600399316603,60.04544427490296
1108.325698681412,721.2074443274337,48.36318322875797,58.42018084876773
1104.3192652834803,716.1248470564528,45.31094649373725,61.54017218180607
1106.837369164251,714.6750118048328,43.101216021395786,63.14833055335512
1107.9028796632485,719.4821170423351,44.52771469770191,61.74009465720808
1108.1775028154202,721.0400072151173,45.744587039026605,60.73365116467101
1107.3979336741143,718.1614535625554,47.12201057826254,60.760147622321746
1107.735783490672,720.0894190054814,47.82825917779775,60.579580992374815
1108.334472267362,722.0195301039114,49.390111046034,60.24695002399988
1108.8265876140354,721.81276010031,50.23623349351804,59.49789392467346
1110.142719547512,720.0283385926102,50.667504601616585,60.92925143592274
1106.7326768429243,715.6806753929916,52.578624900012755,60.05843670661993
1104.1902849299197,715.5906721552769,52.80533835248728,60.14424421751296
1105.9774549302606,715.7883321743709,54.03998024725185,58.820595367202685
1102.9276418813095,713.7483033373693,53.75054346368458,59.74568287213852
1104.766881731716,712.9688824571224,53.38226564618768,59.68712589377126
1100.783668611057,712.9119189346493,53.07678980315489,59.500170241612025
1102.3945861015457,709.8054864203117,52.706341607684664,60.58226363332443
1098.3687427706045,708.9186472348296,52.338704348363734,61.59653740462206
1102.1537141939314,707.3665922827926,52.34955106774966,62.04215021358809
1097.7658222875086,696.9121029171348,48.794098041301034,66.76854036763301
1099.509775914987,702.9915867475414,49.168770847303435,67.2115901094688
1106.429300333748,708.4280231189905,49.809323869827594,66.25652971398259
1102.0884081794977,707.8899993094087,49.76570439262246,64.74208603828545
1103.3345999622713,707.8016938019651,49.52769986111742,63.29138439295518
1102.7231063233028,710.2034478412274,49.36965753318939,62.25044025829352
1103.3956522444478,710.3970135993472,48.96165328636184,61.33389474392698
1102.8674745982835,709.5683940788707,48.46286701050646,60.82145080529635
1103.461599052352,707.4474923947768,48.11494429236427,60.78172236272377
1101.2722780935917,701.7485422991818,44.807174829117315,63.485224627582866
1106.6045338836059,703.3297312858409,45.39311433704073,62.928920272199996
1104.055722812992,705.2848636485191,46.476532452999756,61.18688321942052
1105.7318505789249,698.7977857305175,44.78811804948341,63.331316650943734
1107.4099492297694,701.538603119486,45.20859954837696,62.467192191762834
1107.7155210127141,696.1763481323162,44.40975889972952,62.85550431301398
1109.0429574973405,698.887040095811,42.738739985881615,63.79198715009308
1107.4843574780314,699.0704674779208,41.12599961007129,63.75023566880199
1107.1558044886826,701.4956985163906,39.47435948929656,64.76618909250338
1109.4620800228004,702.7751186269884,37.59691655819197,68.3867931843569
1110.2991576048244,696.057923884781,37.10667951262092,69.61889118012444
1111.7640373764843,697.5294477708109,36.26188519833514,70.25216906304811
1112.0410176033067,697.5988666418034,35.36453034600131,70.26888957935803
1111.6050778634694,698.8612853093366,34.59082250057943,71.21225078211815
1112.1075444518883,695.4766698525095,34.075468405277284,72.34922709524741
1111.6649632652761,692.3978602911114,34.14133984250819,71.15563753121495
1112.4821194212423,690.9559207449802,33.78332474222336,75.06692057416885
1108.4014734266102,688.6375073065531,35.03527491935357,74.70000332565687
1109.5190538690053,691.4234457308238,35.26752722159026,76.12729678046013
1108.818677447969,685.6588395002285,35.57423597434537,76.49209006745636
1109.4284441381649,692.6564155256804,35.63664710727467,75.29230430378396
1110.3347631449735,696.0291452963256,36.029828700438586,72.9039423882258
1112.3440331711643,690.0369568328388,35.742705350327306,72.69595271516302
1113.1973520964436,694.8505708328338,37.6591296335576,70.90167292302813
1110.9557912443884,694.8729657919024,39.18509801735563,68.65889735578197
1109.9619561263448,696.7497455105906,38.45010151302548,70.29783212006569
1105.7578689530253,696.5042778775498,37.93138930113159,72.02968733377162
1106.5089741574143,701.3226978325106,37.541714965084765,74.45062196761224
1104.8136893659353,700.2626958758311,37.449812366722526,76.1752010381368
1105.2083990448498,696.4293420308891,37.023355701869455,78.21397236480061
1105.8825621928097,695.9429688772454,36.21527744233428,78.71049395160986
1105.9538090097592,692.2735866320472,36.38026223632234,77.2005016518452
1098.123798849614,695.9653905384627,38.995958635408726,73.86735036290955
1105.2221070885905,696.3690558501676,38.04412269792236,72.23587758146832
1105.14955737514,698.499535058423,37.37872150302769,71.41458185988826
1104.5706807097317,702.9770381886373,37.33854259049691,71.56458944681104
1104.3791862950432,694.2366624984938,37.227573036075675,71.54956751166819
1105.3916688868221,696.4930932095205,37.39440940052168,71.40287077391045
1105.629352637272,698.6374641809903,37.23796584981737,72.48811364466118
1107.121346215511,695.6168572887141,37.210470402095005,72.62328485337733
1107.0585454867244,691.4310490553845,37.00710020549168,74.01457323699806
1105.2352650166715,690.7052540538831,36.877686871915614,73.09740551523896
1106.1930185212386,696.6440617819135,37.0096232526737,72.84848650082854
1106.8267521347047,685.8384153347496,36.716375109527476,72.79495395570333
1106.2157002534632,694.612277652343,36.52147726697703,73.10729096602425
1105.9370747965354,696.6277927755636,36.19232003063649,73.71139207868333
1105.9701659738282,694.138390046485,36.501231165936225,74.3951917385007
1106.5381088596978,698.3598611220116,36.635435854974325,74.657759726913
1106.7347286990187,694.9270251118783,36.851845834535695,74.4339704205803
1106.702225331393,696.0148779704455,36.95079749694292,74.33901326149034
1106.5338597355546,694.4225017629128,37.396222891817494,75.33079635435104
1107.1266255254666,689.8908389902341,37.22923610512276,75.13620068083651
1104.9352931748099,691.6072295620219,37.27113437653488,74.7513090083151
1106.640070307203,689.2858264848173,37.31310818410599,74.7832071312606
1106.2829332646236,693.2987624697432,38.13169073289792,73.49167725964477
1102.225257037089,693.3702598369797,37.98713928019111,73.52155325056513
