639.5,541.5,62,174
637.6771597936322,536.0438108630295,60.69527457663014,171.91318412873835
638.6756862758851,535.2640649419283,59.43700479283795,169.6227890767148
639.0801391208729,533.9241425099456,58.80090819705313,168.31328672121288
640.169046444767,533.8462615587224,57.871086541666045,168.0831591828844
640.2278909900327,533.9145055173598,57.700622120292984,168.39314936424054
641.0385140423693,532.4931718283563,57.202329430536906,169.91752686626336
640.0769679706021,533.8300545839558,56.72069030042015,170.10847740807344
639.9625862225301,531.0110813761927,56.603793825326946,171.19387827611425
640.8081214997659,531.0292750405079,56.31373771806753,171.6033052887906
640.760986152887,530.9443712268502,56.380216818601525,172.07680847560755
640.7093810182037,528.37697057233,56.071620772784534,171.5644177833051
639.8417645796598,529.5570392584111,55.86388718869085,170.26403132571656
639.9837563763236,530.8930272436371,55.877141647254405,169.98288777942844
639.0999028777875,529.3004414583042,55.8852981920943,170.46426844700272
638.3002842710914,525.0038421879843,55.8422361110148,170.78660631564549
637.1163225793213,524.5618214356507,56.19287748543029,171.27000003107275
636.5177758293098,525.6300379359285,56.564943400423516,170.89662199744382
634.8441294456657,520.7059805220783,56.48026461772412,170.5866223918555
632.6426539615326,519.997481330926,56.74979130391617,170.52831211746778
631.7247875069958,518.4413534112853,56.922625791702366,170.53560370046264
630.857039417214,517.1752027572222,56.95882835783205,171.65108484009355
629.4633067223428,514.2524027427506,57.46837135568296,172.33510239909643
628.2299871372999,518.2004791779211,57.41410288531175,172.95390028101386
627.7364385186972,515.4838192069191,57.091856546085694,173.51118119485014
625.676569604202,512.9287500790722,57.133203299942004,174.02219120423666
624.4859958074868,510.8167867494218,57.39164567219606,174.58653286445295
623.7832303309535,510.9187103668828,57.40011480046395,174.36117771442156
623.4684123050122,508.67087186081733,57.718810229063365,173.85013895201638
622.4443004152665,509.9128227455122,57.56119246726441,174.11749746323574
621.1486608692599,508.1419451244641,57.78551341795094,174.613624396082
619.0295495874068,508.7435963240642,57.926135521604564,174.4220474226021
618.2450807188053,506.59002165454615,58.10924619429326,174.56460640290402
617.7037368108371,507.18873373650786,57.69676651640948,173.76297657100807
616.357411009151,502.5032869980763,57.645092005127196,174.38254730159423
616.2622507343934,504.5524498668243,57.681215666433815,175.10346499518954
615.9033449680337,505.1137898305873,57.270789951686304,173.89203699259562
614.5508570326158,506.2784714324531,57.100609896771445,173.8613900955504
614.8163720984114,503.8046621999292,57.012537822106765,172.58132024806764
613.2534531679114,501.8717793330452,56.7141086295029,172.2749701790708
611.2818483103711,501.06214262995945,57.02898572968472,172.11256943859001
610.0563180784673,500.34100023320775,57.15828458536857,171.9868534386365
608.0609831002287,499.36402590730296,57.59876456992201,171.43148063925887
607.2192760495416,499.50886299123897,57.85186699145618,170.98553571406939
607.5123315298757,499.37662717123015,57.81157286952913,170.9856772053901
606.4490240393359,498.21208303251024,57.6553123127364,171.10690119831452
605.0591697990212,499.12839100087604,57.467059482025405,170.82167488808594
603.3853291432848,501.09076489355664,57.32137073734589,171.44295094839734
601.7203160066712,499.74677928040614,57.046087047346894,171.76551160836829
600.2588225337405,500.0738475768151,56.637517673017875,171.4587475772436
597.908712003682,499.01739878681406,56.907746057353464,171.59378339519895
597.4646682344579,501.64526130375276,57.19924331526886,170.7501591532526
597.2385943399615,501.5884044198709,57.27323736290201,171.31097937181246
595.4320590864825,502.57811729683226,57.51267186255107,172.1818832554172
594.8820617668503,499.2309636870666,56.60967601757786,169.73573522897684
594.2529331331991,503.7734193355069,57.79625446015726,166.9542954973429
591.5856080119145,503.4157915212803,58.358992127958615,165.3261175072505
589.9398575511798,504.2719626246423,58.75823512057971,164.29427407934654
589.2884095598793,505.9896609005769,58.70113812222361,163.65132986283504
587.4970537759684,507.50283745529595,58.368402931774995,163.58840429703704
586.0305885206313,508.7752119952013,58.40992118430115,163.0520113115868
584.7588710033081,508.616222775486,59.36346216262745,163.30662681732207
585.6045819155063,509.42436555111544,59.99651944131938,164.21849659290632
584.9267864807208,508.58862368357427,60.990668579437354,163.55010558357338
583.8392614212441,511.09896209291674,61.772590660938086,162.55490951211138
582.5853385291363,512.480034851001,62.34216158477162,161.57930855732897
582.6710125867188,514.1314985677013,62.04288908692007,161.11248051014366
584.3519484637104,517.8809524686698,61.509864025975645,160.01485454185544
584.4716880842892,518.3756557252885,61.55862384665062,159.6079523010787
585.2778441115042,517.6777798066166,61.106655677642266,161.41925890030927
586.7373106770767,514.1980497482173,60.9273749417456,165.70969574173256
587.7559479191501,510.65735859802885,60.062046625544724,167.84429163845337
590.0223620434077,511.75796751878454,59.59600228205876,168.46701455087873
591.4253530355975,511.8440194561762,58.78292865625316,169.76242638311132
591.3917273329034,510.0995547810944,58.57833197909901,170.24640926301436
592.8099285981302,513.0806559766401,58.35122982363018,170.4203352975212
593.4801497531145,514.8191703986008,58.68973663132206,168.8334323243043
595.3772933930961,514.3353422040376,59.32058591752104,167.3187176215882
597.5660283338508,516.2166071913877,59.69996866281207,166.59107233812645
601.0206937446536,516.3484680010552,60.06429754732217,167.79369078379383
602.8718893255577,517.011267937936,59.98685035714783,166.95819942982473
606.6027071616339,518.2837072568406,60.35551978448281,166.96628476410726
609.7107218142564,518.906751336993,60.21584355235794,166.83322274592277
611.5114052047999,520.2017083327493,60.47685346118193,166.93981549307304
615.8513299949772,520.823710337174,60.56730856069785,167.09581634796248
616.22887052078,522.7394325830777,60.43328931100267,165.51239202827415
620.790546984295,522.1399678639619,60.37688527465877,167.27689581447856
623.2305934563223,521.2135177686948,60.968388571601565,166.5093352563403
625.6032106946108,522.2806609872138,61.073427704185875,165.64040750574966
627.4864260215321,518.8220787970963,60.64844082742747,164.06455755035216
631.095642289627,520.5374260251874,60.09510505103387,163.09172714026684
631.8427737934622,517.3938878696074,60.447604342901045,161.96060581959088
634.6930107810796,524.7276669646049,60.54712435951811,159.93600531697382
637.9515885835417,520.2568568502918,60.02502633744926,160.63314255152054
640.4485232597535,525.2279904995141,60.025237051706405,159.46879120766562
644.6923151227455,527.5585140017866,60.5740054833153,159.52209108880174
646.2929432001212,530.16862328517,61.68295907969306,159.09532430807627
649.0873299631421,531.5006192845194,62.11364480124027,158.8566460205439
651.6227700257417,531.9825494098435,62.30401135725447,157.55400363822383
653.4100975152419,533.0373450260304,62.727190583881615,156.1549521044509
655.5241246094251,535.6269499116756,62.410497374595145,155.92185735009764
658.674445640736,534.7592937510562,62.40049423561856,156.70144829300997
661.5159455936252,534.3175342303571,62.364207109838816,157.10186358227207
663.3317635721313,537.0457467704964,62.635560063501856,157.31815845743762
666.3213857751934,535.012826048199,63.28915342974685,159.6681084215865
669.0646725799289,535.3729932544378,63.47504609835202,160.1111352008586
671.454575917921,533.7336031679779,62.678161261128295,161.57236590669174
674.572669266771,531.7227404633912,62.347463531323996,161.86626686632567
676.7031325246924,530.5952690885804,61.49115265612136,161.3385539000051
679.5147836299122,532.9284401294707,61.37990155118078,161.63574569655094
681.4416066080132,530.9325987522034,61.32701133419102,161.60690681030786
682.8976635929043,531.526326053573,61.565209788114885,161.80136026668868
684.6247251631387,532.3087009066886,61.90895442260937,161.85501411442027
685.4744550521842,533.0426245688035,61.65106123101279,162.0433130781086
687.917143577945,534.544717531567,60.71289210719502,161.72647909464402
689.8002309895572,534.2761303564719,60.21656157756509,163.7342076774317
692.1295235976587,533.7975486848546,60.77806532010237,165.19879984556763
691.078005444415,533.8713422258131,60.59926368637356,165.95145592675948
692.5609018190727,535.9737322357106,60.15053431634599,165.08821409780631
693.3659443805345,535.7779452616373,59.724986127321195,164.5191475558976
694.4793195090481,534.0457652140124,59.65340511887513,163.35264255410178
694.2215202201148,534.5185183823619,59.67199665457211,163.41282726888596
694.9081337823171,532.9402830192312,60.26341300856091,161.2350990434261
697.4838034428323,535.337297391524,60.67856862924203,160.75179408042618
701.931653705529,533.4544769213383,60.60631437765225,158.68059629856864
707.687445832524,532.9299012726485,61.52847455420442,156.3194435264291
715.2907367738355,537.7954164856135,61.976107530589985,155.3138493111315
724.0272375757451,535.8059171988995,62.23087768580419,155.73089648571
731.9383970657806,534.0739186550612,62.30117497770579,156.25037119255754
739.7548873207102,533.8788382521384,62.71789806586904,156.49921658290157
746.6566683556779,532.9984375408484,63.03410890700538,157.08137239467237
753.0755778682337,532.394382920195,62.83809839172043,158.14533099143844
757.8175528386215,531.8866733984869,62.624475065324766,158.10335159640078
761.8000202515935,531.2809485280704,62.328162733124664,159.3585335221506
765.019393217489,532.0319147037029,61.54943238437211,159.51692073761237
766.6292897091101,530.565853858722,61.150256123236574,159.18781362775405
769.8542014197516,530.1957723679657,60.66300575340636,159.46981504658555
772.2602032226464,529.7017469920651,60.48812048715527,159.4780702828495
772.5607646315627,529.888809465826,60.977033107860265,160.64587291139276
773.0013079885395,528.9692983155917,61.05173870176047,161.22879706065444
773.1150561392135,528.0883863095464,61.509241866354756,161.07898734281034
773.9948794347457,528.6811983397988,61.540816297896235,160.46369479618724
773.6310910625324,526.7710121116924,61.407773199316715,161.32606730771312
773.6322511789563,528.3822318151729,61.28293405451126,162.20889637914573
773.6979251693675,528.2065206043894,60.449269491486,162.95962056806192
773.0714650837314,526.0802278206219,60.54724476606022,163.57907558521237
773.0442897799123,527.6978607390981,60.74692481929881,163.32086196002138
772.8630919382484,524.8392974171634,60.13427982841705,163.92013114768355
771.491951951246,528.916603993132,60.014443465599136,165.9551761607246
770.4795496377762,532.2910546039932,59.86797319210255,166.15509886783502
770.2672922230154,531.3547760359188,59.96577049590366,166.7946995945294
769.6932645497568,531.9516318120001,60.014313146154535,166.91655911208437
768.9741636805068,531.5260331112795,59.790569780055655,167.7553752457915
768.6222173662228,532.5327345438373,59.7458675285196,167.58594899753558
767.8328063720469,526.5281359822895,59.9991285894803,168.9292325387827
766.3511884423655,528.1301684510074,60.52772571021095,167.9054661681654
765.3943983276664,527.4237484854475,61.03804570859096,166.74645317684548
762.6646319840826,532.2198119560153,62.01107050315004,165.56226137822702
761.9270711837743,529.7989816010283,62.466371413611654,166.17345190768947
760.6864671387851,534.5958687587795,62.75935113483064,166.15742589083226
759.5454766075148,531.2790314032362,62.867203903380094,166.84063301540138
759.2165129536643,530.1071576144773,63.07033066491197,167.2876083274851
757.0006598733326,535.9301909498196,62.64639164582699,168.89467638427843
758.1255169090758,532.741147758462,62.09900732916975,170.97726058117206
757.0936222382308,537.8774917048856,61.95421021646852,171.36795903323443
756.4987816585178,538.7938137979438,61.90485588871944,172.95307474244274
754.9482816309373,538.6824662976861,61.76507368298561,175.56524318122115
754.3267609720175,538.1219539002398,61.92416615019348,178.69199884349962
754.618552653444,532.995820808585,62.138722419088786,179.63289036250256
753.9687021231729,540.3152984106966,62.36820408208604,179.54627185108944
753.2244189732806,533.9882552066141,62.84088216775912,178.77213751035313
752.4339579926534,537.1956583424587,63.07393938196621,177.8473982438212
752.8211212460269,536.9726873021452,63.62349402451126,177.28196489720233
752.2167508937412,537.4572857048634,64.30270909145611,176.2460621570627
752.6540300623694,537.2131811407418,64.00672421954695,174.8261797402008
752.1779679099262,539.2488972328998,63.69339041743872,173.89483682933755
753.3106158230675,539.2292786502992,64.53188582803354,172.66601235666036
753.2349717337033,541.7891248084389,65.51513778430393,171.89309795633537
751.3011352539179,543.1775105440994,67.34318867546963,170.87797335181284
748.9688101727263,541.0118370890277,68.22158490871468,172.55919022846325
747.9758751045708,543.6940459698093,68.91620123986515,173.3596784918329
746.3572884175321,545.268984976524,69.46433538359592,174.46838497776244
744.4579269398729,543.9366371318479,68.98492542341755,176.34948677406373
744.281629512824,544.6591629757979,68.63053146602246,177.169916558179
742.8679709665533,543.7602757246596,67.6799023248143,182.20262658253534
743.2081324943128,543.1882526055309,66.39488251865451,187.16923766110924
741.2521431171765,543.3028740243748,65.57595717060163,186.74124614545264
740.1580660406812,543.5045685345646,65.01443748020847,185.03082632806834
738.8961422465245,542.7324275111962,64.39627008820581,183.88744386598557
738.1751729827633,540.2323589524359,64.29336613411493,183.9739185498818
736.983638580644,533.508170968915,63.82789057914643,183.81833066499473
735.8291928005692,528.9648014107252,63.52627155160373,184.0474924574611
734.4286101840589,527.2758888679734,63.50959692370827,184.98399044793263
734.8946154860348,525.3746864912314,63.61700024874208,187.7372473571021
732.1921999248805,528.3428853145272,64.54216275380217,190.3884990559087
730.8968101388261,525.7008352084989,66.15760100587283,191.04346699715205
729.6248502003244,523.3318575976048,67.02074082973763,192.4996040674665
727.8860290723378,519.7059550247882,67.79849294899202,195.14323393538962
726.4891662422361,517.5342181833835,68.64169296775415,195.88276283975665
724.6530420165651,512.0108975547314,70.3837696909621,197.0467499069972
723.2430916056742,516.8803330088008,72.1535134425839,198.3130049983093
724.139331606179,516.5645040615511,73.44391656115738,200.14028164147336
723.0345278051026,512.8236127439461,74.92661214167325,199.24586836909077
724.4795426481888,516.4294649312317,76.19908903585358,200.61115030738583
726.7278931533386,512.0367627765993,75.36343929889996,197.43726601954367
730.4220054692619,509.63441315914497,74.427349276276,198.26371665826088
731.2443895963953,512.3042961994813,73.09252076409742,199.8149403580142
732.3226587123328,509.1640490341545,72.15090412588857,200.14879658136795
734.5411004721304,507.5934098714234,70.67126333357274,201.310060582642
737.1980117731622,506.5198072312299,69.30490662811576,201.1340742202677
740.2135837418873,505.96079974233527,67.77924584114766,201.45800220531632
742.792742289983,504.4424593262414,66.07480309455033,201.93255640099898
743.3516374219892,505.48722211937593,64.9579448688924,200.8316553278792
743.5426007462577,507.4118099443028,64.07269418852547,200.7195120915081
744.7818187653797,506.8812361896645,63.07342918795524,200.4163005795979
746.4316685448857,502.7126818453146,61.932234353445814,201.23414123240906
747.320416342599,506.40894795580385,60.76020357411298,202.36657429768536
746.5583848623332,504.1735559831064,59.59172898848651,201.7761781283342
748.0551463676529,505.93536791273254,58.86166732924187,201.19961723828965
749.0286280816107,507.1157611237553,58.66211205295285,200.60438381383324
748.0947546302285,512.2441467617614,58.80165518221859,199.90178696103874
747.4771890209342,512.7231878421278,58.40428599072716,200.29615898579198
747.8799702728512,514.9305344578388,58.41474856518988,197.87999340043473
747.9503400997401,513.9876050961672,58.24460197829829,196.2216440740038
747.7619765875078,515.7823236547245,57.79243099012483,196.4353349609632
747.0581688442021,516.3875067980221,58.13835709990505,195.21171124629555
747.4442916466512,517.7580647084112,58.7406946201213,192.32885495439274
747.4917357864697,524.3607287509649,59.20472022703138,190.25730925606507
747.1319867005587,523.777089479913,58.858754975124434,187.7398827791717
747.9198134061768,527.3193199177414,59.15345347447952,185.16217057981493
747.0788289745443,525.2783744530948,58.86538523504519,185.04596141908135
746.3223289543197,528.4030727037912,58.86068901408832,186.23879991066943
745.9115211434946,524.8846923882486,58.5029335171931,188.8876644808111
746.9035269478112,525.5297200583773,57.94869094771383,190.16668400970963
747.5606339327089,525.5973528441426,57.539596158597774,191.61171876929455
748.6809771666232,524.2465469758554,57.03459396639634,190.7193933472846
749.9607831107554,524.5252491014824,57.092359359320845,191.75538778625435
748.5252617122093,526.5479641986628,57.42067873913117,192.9211869162342
749.3212824090626,522.7365746521498,57.48342428981361,192.80775661671254
748.5045064108995,526.3769880575254,57.88023891564899,192.5142693025739
749.4998052893774,524.1130261006559,58.02253567468428,193.55685691260183
750.3675756885156,529.5147745330491,58.466330947422335,192.4554712920172
750.553778864179,522.6420144268304,59.09004916169699,192.33672701623445
750.7997341675226,529.4196254749219,59.05757303448472,190.8030980139236
750.20065458517,521.6173857194473,58.86958660745407,189.92641831466773
751.0274600255658,529.5815245896154,58.76364990573953,189.8357870587064
750.1381831777549,522.2369961547307,58.40442937231172,189.76485037531415
750.8509723454455,529.2749328660866,58.1586007641796,190.08965749459455
749.6074734171467,531.5441813279856,58.26355382860193,189.81622147243843
749.4255046136232,533.0212769134134,58.6534066541662,188.48489180613748
748.930510515221,534.2459595212359,58.783984565020745,190.0103727151416
749.0010175095903,533.423104699532,59.15871007680488,188.128453936766
749.1253178735706,535.750142004684,59.377769626926245,187.78219058668526
747.9736847843303,535.391056304971,59.864223170938715,186.9799748134123
747.5029313844053,533.5684332989275,60.05321560845353,186.10147767288103
746.1216522684468,541.0340548927096,60.17777430576349,186.36534957473333
745.6688493752786,539.3190948391727,60.545247126535344,183.820241166945
744.6624690928811,543.3041442481788,60.47943732542441,185.3120802532909
744.2861863682602,542.4995073739004,60.51471213478881,185.69060761341203
744.1279191940777,542.5145079737961,60.766411620206526,185.31599315955043
743.9657380984281,541.5772389827849,60.81681688682886,183.99242294531422
744.2603059057609,545.3624844921511,60.26512609837867,184.97630852875483
743.0447598742154,541.4949874914455,60.37000837791562,181.62168193995592
742.6015832489769,544.2491893127874,59.684919620374046,185.94980326065118
742.1065399348532,546.9482460973159,59.4326342126413,185.05866677289305
741.4350033118396,547.1416191394144,59.44264397543019,183.4649637060834
740.4966508807602,547.7778566797517,59.63410451576609,181.43412770307216
740.9294295288669,550.157920989482,59.364125174798545,179.7999508505794
740.5673074977512,551.0996289318223,59.08645855053697,177.86425344463797
741.0788856546475,556.9327872506752,58.73152800197272,178.38367155577254
741.8527526695729,556.2836941833002,58.525960634338176,177.3665367218945
740.8267617002148,559.3549651951819,58.21632238529499,176.63532444437772
742.1887620516038,562.7472907377385,57.279182029310896,178.14829222523127
741.5654515878333,560.0760704017981,56.46942292335893,178.35261939842417
741.9275273033229,559.7143645705072,55.98271897770754,178.7322661002401
743.1381798305233,560.9366854362461,55.94580117802156,179.6848573781008
744.3058248210847,561.2892064878635,55.36934889678902,181.09830907026097
745.5765990027771,561.4807322903541,55.106807014574656,181.98587876502336
745.5478022808722,558.1236345091222,54.939723402310385,181.73590291788022
745.9060723774918,560.7212304197869,54.689422154793945,183.0109621799248
747.1497692529887,558.8605722971382,54.85452736429521,183.70084436607902
747.7063747823992,558.5276677281337,55.166044818238205,184.16422261507773
749.1553813259799,548.8993239047325,55.54311551136531,182.7964462268459
750.0861907699065,553.0715587901024,56.258167270179634,180.98542562907974
752.1878809926474,554.847219494881,56.96852126073307,180.00749708756456
753.1162963412929,555.8700420862543,57.646730942012574,179.21727938456175
754.6412942426275,554.9412982364315,58.27669419810484,177.39759943016995
754.8562974416942,552.442348516494,58.825056022684905,174.16757833781838
755.2548657319173,550.7985418295357,59.178970844330756,170.1582418483013
756.0228996964397,549.2595538124946,59.42776805620092,164.0756210348493
756.308538597026,556.8214145571316,59.83276856008213,158.70958520689118
757.7918840852011,559.5352857056185,59.38604108661566,156.18626566992705
761.0053276148391,559.7989598558181,59.01228036248375,155.51570779292112
761.4351465463102,561.7915760225861,58.62118489656382,156.61424573450108
763.6773823806884,559.1295888260081,57.94934435802597,155.53635369165238
767.6504826221366,560.9702908195355,57.317017642982464,156.58579324860392
768.5248097822599,560.1492181481948,57.137273325444085,158.00978086773944
770.0520212180717,559.7903877156351,57.092835423913314,158.5789551633349
772.7968622334356,560.2659093608504,57.33516423455507,160.79605609897862
774.904072450487,559.8188984874168,57.0111437333138,163.3939204857688
776.5989078080224,558.4620676967036,57.07951611669247,164.85861656541022
778.6098589084721,557.7245936571154,57.50860316216154,168.14564347816648
779.2039222841025,559.1487474768683,57.95247876456898,170.8663131946177
782.2060214217396,558.5674226068261,57.849802172034074,172.52516641685318
784.2393422019937,558.3576647422043,58.795601769820536,174.7970569381958
786.5955596904731,556.6527734118986,59.48700352000397,177.89654866615177
790.1645362470191,558.3418592483356,59.855648402670084,181.5275570622476
790.9097380159501,557.279410635211,60.35968303619481,184.66478184033855
793.4626812682676,557.6063357377493,61.001583053471535,186.71796956098206
797.0676428217848,557.7674679066237,60.20538246154325,189.4891347886631
800.5529588165724,558.05659674579,59.364100657362386,190.53099978145764
804.2427062921782,556.8342396209757,58.4886683587386,192.92249799840238
806.8704447264543,555.5405937980245,58.167927265180325,194.02920013529462
808.1841499082303,554.7095763807979,58.07150869430721,195.27308120693033
811.2917231248952,553.5835365151252,57.69002381722129,196.40129533387508
813.1935457707267,552.8947041866254,57.794975279632354,196.71680534018645
815.341450889674,545.4636637997388,57.814165575795336,199.66493805487764
817.8103230303781,548.7398735650985,58.06727441328373,197.870733951557
818.8664873263475,549.5327838645416,58.56472088772053,197.6460418021108
820.9958944678009,548.5462458211182,58.33246786503727,196.5917684169116
823.3108319546506,550.570375730838,58.17290977823966,194.79339487180982
825.588310011897,554.0482343591412,57.934991722981486,194.5131470137018
826.8373119088817,549.7759845515748,57.466727547313425,194.31684958598805
829.599629585859,554.746883121603,58.01189733862245,193.01825713495765
832.0473056385779,557.8159397031268,59.037834200317334,194.88607296513504
832.8082938426395,560.922224023197,60.04295740156919,197.27785060032429
833.7528073986265,556.2586537011327,60.789972884504735,197.22177247919402
835.4837315789474,556.280798848455,61.05637955735606,195.7729647723638
836.4489343914818,559.69505207777,61.4069347305507,195.58321649625952
838.1829407536313,554.0208511749156,60.45474823153246,195.68558463345016
838.8768883132842,556.6200819501672,59.37652388835536,194.86980254537988
840.7810082922373,550.4027241714847,58.87717880311481,192.20337617311844
842.138839907888,558.0395633202021,58.51874504301979,188.4420737072875
843.142234387733,562.4543047976767,58.0498630876864,187.87525745460874
843.9734086405344,564.9445343940072,57.714187016890236,189.82060383064294
845.2614181216666,564.9575401569564,57.45002623181105,189.70002087078322
847.6783385662937,567.6951333926492,57.16934219527899,191.0382084419086
847.2367078034091,565.9163038171844,57.531618236925,192.35890074446482
849.1531306846837,570.047636275831,57.91893725022428,194.58030183669302
850.8446972722136,572.486561589456,58.74977378265329,196.26064584674162
851.3584360824294,569.6919978835922,59.20941702899714,196.08626160075448
852.8127954726104,572.2305729166854,59.324919907341936,196.7387720455848
853.9426685310657,574.8187370372355,59.7779595112566,198.43501765702376
855.1384968597433,572.4412602490074,59.56591644414176,198.37546136485798
855.79544682487,571.0934113184538,59.70249172980016,198.97969732906887
857.4860053877421,574.8669744075902,59.856475064108594,198.90922091199604
858.752396810173,577.4619518547507,60.27310289620298,200.29498346686316
859.964975654425,578.1713914268703,59.90475868616892,201.93545242900828
861.5930249626671,575.6768433270995,60.14352000353773,200.3491416003516
862.5726870687973,578.9140823256237,60.119695101770816,200.05915285348638
863.587103350189,576.6189256580767,60.32008483665604,199.02653470817262
865.8355098725294,578.3915692290063,60.19128565077021,200.55905976113752
868.2700801233801,581.3609282537668,59.94622199233042,203.09423964557655
869.0615882133211,576.9107969234383,59.762638590806986,202.43273758913156
871.2445977857234,583.2917041750898,59.63419688435701,201.19194588245966
872.0027442767239,588.5160615701479,60.43629403335266,200.77294853771664
873.7935409554466,583.810089773912,61.05552398294459,200.64624638586497
873.4454958602523,586.527643228695,61.47060029713335,200.12306574583027
873.9888468895678,587.2251839670574,60.97996751483527,201.57966001793034
875.0541861635038,590.922223945762,61.053029563734555,201.42517785791506
876.0413665767637,594.1485511370089,61.854905509752015,201.46835973335575
876.6903042099207,599.3263404557465,62.87518553213427,204.59646563567554
877.1496971247533,596.5502423379752,63.39388956967945,207.5025620653863
877.9567425716787,595.4853466293622,63.78033797865474,208.5148273090206
878.38984270377,595.1764150717291,64.72830259140986,210.40585767682725
878.4521919272875,590.5662162924941,65.22783703259665,210.46387120209408
878.5534609291783,588.9328070188722,64.12397851175186,208.71854423008142
878.4208123000709,593.9948260756876,63.37955556370594,207.12615761333785
878.927868229213,594.1523303812777,62.795066355568174,206.64732460781232
879.964659515953,592.462502835034,62.43224842861828,204.24591757414007
880.947168213096,593.6749028960177,62.186523913436886,205.15175824501947
881.5193981913709,595.5782977220324,62.00734538379372,206.49785784469907
882.8858932838685,596.5568399026793,61.73438098615194,206.97169599164496
883.4279539617702,593.7165113684378,61.579548554089044,208.579885256173
886.2039024231874,599.1868569995913,61.77925571145494,212.3180661023253
887.3725762621225,599.6283227225243,62.10508313963337,214.77531290772566
888.9954004453823,595.9476896605286,62.998509098675115,214.82945918537314
891.0782219828393,597.3288114956492,63.28264028905042,215.27366883849606
892.7353464329375,598.5855070551827,64.21102568527142,214.45043608658625
894.3175346438652,601.9870267842612,64.95818190387297,213.4513641043203
896.3137944084127,605.1767843067433,64.27495636014483,212.97370214392032
897.1543118061911,605.7105275175722,64.01310422278357,213.54705839842512
899.9227429764387,605.0611267168532,64.14780121608965,213.98449509879742
901.4434921583559,607.1359415328968,64.02084266625073,214.47862948572262
903.3903924557015,605.7568727785815,63.94586183283569,211.01886385714627
906.0243420796455,607.8253976439096,63.39824609324844,210.7306941790565
907.5597630575238,608.9638796652921,63.38110267722568,210.03270331038672
910.4831781476956,607.166991880946,63.5029671837717,209.47967979155473
910.1466396652187,608.1600216733754,63.12788824490934,208.17772119222295
912.0379325012867,611.25506103744,63.05679821066694,210.47306650584173
914.0241810040056,609.2400187838284,62.974734755110234,208.97689683597116
916.3114615999298,614.3880041957932,63.613861459990424,209.1236311664606
917.3258293060511,612.5257918026177,63.890509729998655,210.98736798169642
919.1488166068826,610.2839476520769,64.91274944947207,211.71112543370293
919.6424201036934,613.3090948252107,65.35193930262173,211.21012365182736
921.3717087956073,613.0799045067879,65.87982260452401,211.62277912932592
922.6799202429123,616.2377541259656,65.53884374067562,211.8913208043616
925.0521881045623,616.9404333912944,65.82083685267224,212.547929169761
925.0072073576888,616.3356545486021,65.7765382135105,214.6185905090535
926.0968541421855,615.5237767557356,65.74259438549913,214.38671975010567
927.789118071332,614.4369574554892,66.01050016101043,214.75597698005419
927.8244417412463,616.2787857115303,66.41729833419184,214.3493318624726
928.3419675955429,610.2978946224573,67.06229497211825,214.54543944955404
929.3357650312759,612.4628976205247,67.14058111452256,213.29378447423227
931.8691641404012,612.1532802874762,66.86006543563958,211.92003293808943
931.7714959643715,611.6667018311871,66.85987612658806,213.9905857475792
932.1643383776639,611.3983182363552,66.50101488622875,213.34581137516267
933.4600392302175,608.973338915561,66.0993955621793,212.4484851275298
933.7551111147916,611.2834900988528,65.82159130752513,210.99409205125983
934.5910295386257,612.0915780698142,65.84958439588456,210.4089961168901
934.9510350476738,614.1789207053121,65.84354803246268,211.03840182260964
936.0797293946835,611.3250730839834,66.24874245116014,211.95404861098226
937.6237150407254,612.5850313561846,66.4920680798526,212.32074472031218
939.2954962820069,615.6243877304921,66.36081042784076,213.47908727336332
940.0044062208017,616.1101278935698,65.90169120714191,212.43266146757642
940.4290082574407,615.2527107540632,66.19101476562365,214.03805655238736
940.5449940229379,614.2227249260566,66.00787175078477,215.96741498568235
941.0742642360364,615.0632259705085,66.1367257051573,216.7522403618358
941.9351524219021,613.9555241045712,66.76552811836825,218.69009378381418
943.1905576223088,611.2751588003614,66.83048690357481,219.17210601607405
943.3710352981637,609.8936198363615,66.86862678912013,219.13069218572718
945.204998609254,608.4601936002896,66.3745991022577,219.40990747182062
945.1098328939615,606.3125068878377,66.44234408882231,219.7777265277516
946.2639445278182,608.3483772964099,66.38194692050445,219.4964830136162
946.397421173539,603.1994719159162,66.42308455427978,219.39603175067776
947.2863349777374,603.6260500894208,66.22512979248629,217.79032319238402
948.0355131606519,601.7808326370587,65.92079536688847,214.7976225876173
948.4214968589552,603.5017968724883,65.8120983841577,214.59440881173498
948.338770834458,597.1780885375427,66.152390525811,214.26246013281
948.7274949910442,602.3849184658798,66.33738824659332,213.9506460174079
948.4906538074157,598.7024100818213,66.34815683244568,213.7577628335901
949.7425205960128,597.2274538286553,66.26737972192622,213.6951416752188
950.2547863615378,598.5768137590387,66.41705194434789,214.7245891099077
950.1807574437887,594.176024292992,66.71949470580728,215.0603610809417
950.4582470381672,594.9717179321306,66.50346823721563,215.48421614084512
950.0771258044927,590.7008097050967,67.05018354260895,215.71759810852362
950.7423882688499,593.4430042633536,67.18731570312787,217.67567763519838
951.3643605602272,586.8870240962106,67.33639365760465,218.26198413037298
951.130670109203,583.6734691371053,66.732938373244,218.29677389248616
952.4930889293535,586.1699031062151,66.31030772604618,218.3747310542117
953.0660920532447,582.556119534279,66.13872631728341,215.40548842940706
952.9544173210921,581.9667119745505,65.7851182577659,211.63650815778132
953.0041486667368,580.9690334333337,65.19865474345563,208.91190073597295
953.5716681386539,583.9873012494634,64.71348261900306,207.087853278152
954.2573959584987,583.09488109987,64.18331489025172,205.77952341132334
954.9510322299279,586.1700069944221,64.03279604955705,204.66522466711044
956.4007405399237,585.9251063610637,64.05295202134702,204.1119934068572
956.7989766728087,585.6144927648357,64.06035621517557,203.88848146023324
957.0149567414411,587.075402737187,64.42711155013217,204.76174384623428
958.5609994238956,588.9933048326271,64.50298063010831,205.78521404271373
959.2151835717439,589.3544069934984,64.718856046837,205.74924008243278
959.0049757699314,589.2253929810493,64.24111131206011,205.900889075196
960.4001837981818,589.3096388454543,64.39348767117826,207.53672209251792
959.936483185,586.888569286902,64.8931816724576,207.77002551244848
962.1304506393152,588.4036430168134,64.88811171591459,207.8161727131939
961.5101139997303,584.4686102210087,64.4057366657313,207.18135549230325
962.5353235970387,579.5631293189172,64.16453480490802,207.57681856296577
964.209838379335,580.1747443942493,64.35602209364778,206.41070019711748
963.4983674364441,576.9723617597516,64.29194062585297,204.97292424830883
964.5051656414129,576.1553672669797,64.74233395056513,203.1841331969262
965.3542149579093,572.7421145552155,65.02668127284872,202.9856189747639
964.3851086835737,571.3313148044642,65.22226488952086,203.45656983468012
965.1905320685037,568.5075888508463,65.99454723953397,204.19143123822317
965.1748712639413,569.1032053037767,66.1963866061936,205.61004802375342
965.8441412580203,565.9289319257408,66.18691718612045,206.49540088639267
965.7154283885695,566.9279924444334,66.30127371735348,205.83195945258416
967.2490904173446,569.381528164669,66.71849679801747,205.96246468752793
966.8187788802966,570.5980309697851,66.91978366281627,206.89834411757897
966.3113920722726,571.679341830703,67.28947707008581,207.75911531146872
966.7137581265573,573.7546388023477,67.67766874577242,209.25037946907065
967.2410978317804,574.6532740044642,67.72454134490896,211.25743512227183
968.321256771475,574.7095421939255,67.53394549806666,212.55493292303652
969.6052220933641,573.8006284290016,67.11951016602555,212.55719760860802
970.7445840477216,573.505079612378,66.99350551657267,211.9739247145875
970.8474034017322,573.9943353706028,66.20108983673424,209.6283849617488
971.0512322828399,574.7922634192167,66.07680563900065,208.62102239050296
971.4074049675179,573.5253781404367,65.78754855199136,206.75210587530898
971.9552724162971,576.056512150234,64.92455010784701,203.9888571924151
972.8182807889232,578.0304233334174,64.71121079370138,202.82264197707966
972.7391355557953,579.3590225012778,64.42419132295694,202.63398574035796
973.6136980267969,582.0983294644511,64.23941698596465,204.2053700973974
975.4002487651499,583.1177108478329,64.45080323356292,205.58888311226536
974.800914792144,582.2704620172435,64.48387374076252,205.54819360055436
976.3179764500874,584.5501801339418,64.20986962462851,205.47542213919155
977.8317418023572,585.7662789044502,64.37445804164032,206.4054749262387
977.4649022913852,586.4060953746239,64.82432138165004,207.43296922321133
978.396505971069,588.157216381802,64.98105416014539,208.14865704894308
979.4953817447599,589.3143997453766,65.00865346954464,208.4926312527325
979.6341299661863,594.7861800598401,65.22003330986072,210.4092390808367
980.0567733082305,596.8170917492677,65.34282690798364,212.0077698394022
980.2282924616517,596.3097393594556,65.54493888114006,212.74398690688145
982.1019127397672,596.5583795394047,65.68199879526138,212.8349164144608
983.7496427911215,595.7106483209104,65.51474470718586,211.15627411321373
982.8208890613943,596.8197965509406,65.32942503727624,210.2479357534723
986.0409555449569,598.1986656722611,64.80983669447957,209.50622972976458
985.4749617694002,599.9222616904941,64.86575799002337,210.30800915554818
986.4645575988811,598.7550523439976,65.14050834384858,210.15230481501766
986.6091600539618,601.4584757431121,65.4704696886845,211.74181116620275
988.3698879017189,600.3571740049682,65.48773054781192,211.68424752060332
987.4563513037228,601.0221121038488,65.90017428442303,211.43845356866882
990.4539619827206,603.1449924911632,67.21432773569265,211.26422361297935
990.0611732594928,607.2134794239586,67.7257525754226,213.0265798865487
989.83463444494,606.9217367466119,67.99622563831169,214.03052999534663
992.0801014664231,610.5315157774247,68.6193634413536,215.60176630627961
991.2468552630594,609.3655644709935,68.5595492904258,215.48851067596274
992.8925121929915,613.3569082717336,68.67581366046568,215.90942662825466
993.2615072418802,613.947849582697,68.48409607893896,216.924501832942
992.5849645202654,614.4176711917362,68.845681561746,218.44834552472992
994.6272289239587,614.8286163897645,68.88706637435462,218.50524008322125
994.7637624105055,617.4400801561936,69.77401224248568,221.47231403809505
995.3158464790723,614.805431644315,69.95288188706742,221.64457374648345
995.7265087856629,614.5134847897953,70.19035797121302,221.42505823673503
995.8658441467337,612.2046930167234,70.30729391587462,221.77172198307397
995.2911897138711,610.7928977382492,70.18088838416958,219.58896726795825
997.5816542163942,611.7326289569922,70.52794600097995,219.30259405338012
997.5829145697803,610.0783487532201,70.6830277832022,215.0182994842703
998.1011712750812,610.7571455249694,71.19481273151779,214.16159244065355
998.7912283743619,612.7157317307849,71.44928832425421,213.31953642497263
998.1609272460554,613.0841083334818,71.59704086849545,213.60709356999703
999.7495736523157,615.5137723859817,71.47417949442092,215.42014162085053
999.3347853745829,615.2166586763193,70.91110699535915,216.6562512809475
1000.6486378848197,616.2897178388289,70.75635553285392,218.3398658508259
1000.4040333734216,615.865154221254,70.54512599659466,218.87023018753058
1002.8038090114903,617.0057317995197,70.18052888686955,220.17072576494672
1002.3552850746257,614.9555835071785,69.95165777618564,220.7321241200302
1003.93932550538,617.1407079705243,70.12050718964032,220.3246108462621
1006.1082840974573,619.6105581961317,70.5182977653431,222.0075023673985
1005.809354395143,617.4459381007932,71.09231751929593,223.55724779565477
1006.5164322129774,618.375219674065,71.41320159462568,224.59604068243647
1007.7210809655619,615.1915451937883,71.29440759134887,223.41752792195095
1009.0741650032651,615.6728365330547,71.42231615893262,223.86375287872556
1008.5604657787402,612.6168042345025,72.01821277239756,222.67756250909395
1009.7807999554841,613.4817709461745,72.16185590420035,222.08483587858143
1011.2316925187765,612.434268003558,72.71696112223518,223.09872055753095
1010.6981227900276,611.6169065453266,72.29127793263832,222.44655868929516
1014.2236973903987,610.8841892972906,72.38651916997601,221.71468083032576
1013.8050195274564,612.5646903842937,73.00408995061116,223.50448460648443
1014.1746987357354,612.3442092072869,73.27090681367032,225.93287812905413
1015.2805197991831,612.0085532564638,73.91331889934517,227.5220722943609
1015.6695123037499,613.5491582053137,74.58995341707467,229.57438061565514
1015.1343237941817,612.8577522690223,74.89954402206479,229.58655376009614
1015.8116429907011,613.1763077091355,74.99440750108852,228.34109653682933
1016.5857144563355,615.94509750786,75.45324332004856,229.82252652952917
1017.3845107425127,619.5507832735487,75.67125352708258,231.9625696786327
1017.1706477142951,620.8370688113195,76.15251310406731,235.28387610934732
1017.6015127151579,619.7152802771076,76.57312184078326,235.59861313661048
1018.0667534376008,620.0640318531571,76.77610890461789,236.26636033355624
1017.511661405469,621.5878874436951,76.8351281033876,237.46323848124632
1018.7708893023423,622.7795791902597,76.70118139625004,237.84239175226185
1019.4301148839676,624.7916162973303,77.05279086761243,238.80956423840752
1020.0944899690703,623.9506010905228,77.5658735736124,239.91262791522905
1020.786906033925,624.5379863187603,77.47018524463851,237.99214744345704
1019.5903993306072,624.8617670030803,77.52321733375402,236.7234671716568
1021.261918393434,630.5982281737182,78.1645480092173,238.33766393285924
1021.2363932339887,631.3881033521154,78.5559544694368,239.25322578996258
1021.9190763105125,633.8203180554988,79.0912853092633,240.84674029951657
1023.6225484964225,636.3247667000921,79.06276725084342,241.89836556663474
1023.3139747288368,639.8478817492057,79.68361142044901,242.8817089089594
1025.270325248936,643.4111733256825,80.01092111862353,244.6410653540892
1024.9157184722637,648.0327512828903,80.64766669664952,247.03097561704178
1025.3731833578452,649.1888010338319,80.45511261642393,248.15058206684955
1026.1224723704588,653.4851394257573,80.09593245076974,250.3042851352935
1026.891181106134,655.5767249683398,79.72614100271227,251.72120932219264
1027.9149467673951,658.7314984767772,79.36440296079118,252.20051833482836
1029.8435791847246,660.2523038536413,79.25398241781946,252.85326354576085
1030.665375403464,662.8921094731988,79.33033111956199,252.85876659497586
1032.1237045868593,664.7105240428184,79.1232326702212,252.0235057254664
1032.830974369096,665.1390525989191,79.79018719868864,252.97868730650225
1033.0134752342467,668.1381673211464,80.24932792444245,254.63689049067926
1032.6752310040501,670.711768268402,80.81051362095602,256.90007849637556
1032.7877822299176,673.8745907014819,81.61106035916995,260.13431197951985
1033.3058136473464,674.3491988804894,82.2004478970083,260.75679524079794
1033.568821036034,674.7311624953479,82.97769594941393,263.13208491095287
1034.2860128162954,676.8848684742381,83.93875439786322,264.6255452790698
1034.447049505841,678.1506085622536,84.59718439907066,267.00384036014924
1033.4620739786649,678.9326291353516,85.56902110596491,269.1316234117226
1033.2716257267923,680.8585796427842,86.32334738494802,270.98638028336234
1034.7037134483865,683.5836807704886,87.64149873543056,271.91941586669884
1033.237422923593,684.5121931884203,88.61943081345987,274.95994399790686
1032.5589700883222,682.7846711955723,89.05252171044198,275.8133239172882
1032.9954709200035,682.4034471135974,89.43625298775325,277.0358382805406
1032.3044039787085,679.9245243699693,89.5469940480774,276.9878510956778
1032.9137359415179,677.3808302361371,89.4908040394662,276.5176398188171
1032.2288082041712,676.1601062043412,89.55576852390229,276.0312316755149
1031.1979700684615,672.585945712776,89.16545752878136,274.2763963781275
1031.6895791046977,667.129383434345,89.46104149354795,270.9770175017622
1031.090126937212,662.5834329374591,88.75423691948455,266.73504188573173
1031.9843999108878,658.4695378481692,87.57635802201796,263.79734477488284
1031.7821152263007,656.0946240479095,87.11459515823994,261.25315315314276
1032.7430405650778,653.7944696424358,85.88366668136544,259.4449279141022
1032.2918905716558,649.1258235102301,84.97275844581992,259.70087080564986
1032.7582196335782,643.7289926607195,84.1930702783736,260.0310830265215
1034.3935319314733,642.497401872683,83.25085010915808,260.0177276133828
1035.5601142837902,639.9078876143071,83.1147097499218,258.7523577269668
1036.6915779012957,635.581838514295,82.13847966418803,256.93454816637086
1037.005156337727,633.78473349049,81.20182314013184,254.32153050707166
1035.9681620816036,631.9246518762031,80.51533720894274,252.13216118864835
1036.722445058673,630.9983300852675,80.31284897353859,249.50267948823205
1037.5296986297546,626.9681615334515,79.88167105596185,248.09667461951287
1038.8350435977425,622.2501777101928,79.21298842322403,247.0079764335107
1038.6807033694904,617.8472064188697,78.96097984765026,245.36174578312466
1039.1348899865438,611.3712360694703,78.40763023605652,244.69744216582237
1040.100818423813,606.6596942371012,77.83717623074267,241.81629132586087
1040.4114983738307,602.0784633655669,77.55694947818549,237.33097932625378
1043.0569275220134,588.2349330249523,77.7590654631307,236.7482627095094
1043.6222599620457,595.9343774676423,78.25128926733916,230.81625557614356
1044.3844566843784,586.7722740031445,78.64615274825672,227.1189495199097
1045.9594361889922,573.8490253166026,78.73000797853108,227.19289249541055
1046.587504617267,584.9333494267195,78.94096423206557,224.2342567110897
1047.0611667611495,577.0059372552837,79.06758379767896,221.4925520470033
1047.5054657501273,575.4491328333163,78.78772465934989,222.05994845616948
1049.0123483145107,572.3027873475509,78.77936781763142,222.5393626599696
1050.674524607811,570.425064814111,78.61925892915097,223.33166294764402
1051.3572469069463,569.9197254186583,77.82214110213947,223.90021439155686
1052.129328312723,571.6861008060644,76.95821725275971,223.33340814532443
1054.9318258045419,566.3739319138896,76.86118735701251,223.88750495524775
1055.9457645205352,566.6324927230464,76.30631796163907,222.774084403905
1057.0092066309792,561.079321092989,75.60214725889391,220.90628463576053
1059.8592458034693,559.1010313907951,74.7384818205605,217.5334906804681
1061.5282970573153,558.7545081953762,74.67993987881721,213.14539655311754
1062.6653036786977,557.7458020958305,74.1665125401738,207.4547723294793
1064.387954963516,556.8171567627818,73.43397423369001,204.77996565594657
1066.610700529014,553.8194450882748,72.57836738385282,200.44674902082963
1069.1483976687118,552.0186586142369,71.33453919980917,199.48185182272638
1071.3744252196634,551.7832612175658,69.99948682350718,198.9608673482806
1074.1504941890023,552.20203406447,69.60549574304456,199.99612474647512
1076.7053129697963,547.9503575550934,69.404352177123,200.06016101565558
1078.7850130795568,546.9755636995221,69.93116306676365,200.65677526564704
1079.5422922636658,547.3195203715549,69.8620343812771,200.81938032701888
1081.7764717988625,545.4892702490258,71.0802287891249,199.18370890688544
1083.0699476784514,545.3514186215892,71.68872447486272,197.480891768387
1084.6687184225766,545.5061051352861,71.93752736222255,195.85581797156885
1084.9936970806461,544.8789646695732,72.2882180677818,194.27601486902861
1086.2524860601827,545.0624333594495,72.84817073119093,193.61433904757013
1089.253857977266,542.9063617425296,72.64777837178617,192.48489817115004
1090.7390996702868,542.5510173622927,72.89186979958752,192.14649976483778
1092.6558450822713,541.6033000076021,72.17296199106013,191.71732590984195
1095.4645906849555,539.948013022047,71.23603089769108,191.5700382190412
1097.1768692869975,538.4487563842666,70.6656309030034,190.2673172493016
1100.6422620138608,535.2877452186337,69.44890814001197,190.07990535739245
1103.0825298970105,533.5146645659204,68.92657816900052,191.19106099799373
1104.6556844865477,529.6783087497936,68.80789240491964,190.15157246545235
1107.645848378714,530.5269432055235,69.76029434165649,190.24104993670588
1109.4261693834785,525.5107344259084,70.48248257046947,191.9495396166025
1111.1128121504944,523.8558871711026,71.38768090408313,192.76547377884785
1113.1046809574789,520.4167697781869,71.68048356950254,193.6635702628299
1114.2253652801635,516.2406027756548,71.50866615361038,193.75273402558437
1116.7502266244446,514.328767788729,71.02829036980236,194.7086533547522
1118.5280406232698,513.4999475584534,70.48918716386954,195.72097345941114
1120.308324999697,510.8677077059767,70.13071058173063,197.88278225639027
1122.458617377802,507.0117757680238,70.0307636429036,198.33870903283932
1125.999484725541,504.5412853725474,68.93267724759647,198.73679832141178
1127.638228331938,501.53260968016156,68.7248716792421,198.32584026557072
1130.9011354134975,498.51098674794895,69.14040320780393,196.9734953478304
1132.0087840627693,496.3403245940885,68.31034145727972,194.32273610605185
1133.5834455576394,489.7746000393664,67.78246865331559,192.4659793057669
1137.4697519294295,492.2276106006754,66.98190419235841,190.2484888666664
1140.0114645571437,486.21430611974006,66.36446042038982,189.19481657090768
1143.2346970566018,486.3489980305606,65.59892889696766,188.46089813875676
1146.3204446241598,484.49932867350674,65.00122002054923,188.41306092093402
1149.2532353011277,484.77817164706244,64.30185360954549,190.08595530371764
1151.525448541758,483.5672892556569,64.42741099211553,192.04040226693343
1153.451198418903,482.9206665454828,64.68951196872146,193.49454847380056
1155.1630004865324,481.5857596693571,64.86839492071263,194.33008030466527
1156.5110596518352,480.71801703586885,65.7495971658207,194.5349840973375
1157.5232999779266,482.36438296956396,67.23202135410764,194.20227205683642
1156.1812637648623,482.0523528083238,67.89265723391051,192.2751296052689
1151.7954750711278,482.2020551472797,68.69883726343846,190.46825276987875
1145.7233228157343,481.07218330474376,68.93674395470676,189.51313553881286
1134.4415026697425,481.65556230005274,69.7659863585069,190.08558374307256
1128.521992232419,481.58717808312286,70.84417540026783,188.77435174587154
1113.9515855368995,479.1195753627253,71.13515625651677,189.41867364555944
1098.5414790005123,477.16744576781286,70.86751875861265,189.270959969326
1089.5088441892087,472.57821406364104,70.48284483873923,190.35983998075798
1072.3302563160128,470.8293816848063,70.3588842631097,190.06277216777926
1057.8264965774054,471.2254676158869,69.63247887460192,190.02404599052792
1049.6230173795254,469.04394910205804,68.07996842880885,192.83136483466822
1039.8803729855322,469.1562499974244,67.70952716003286,191.8953729658677
1032.7533405569811,468.3208305701256,67.5481638555138,192.86934793077103
1026.6226502507102,468.6353662192872,67.11612882627114,194.6799409963089
1023.335581631579,470.63074305238,68.11673920525003,195.50761203181406
1020.0491491908758,470.56290873457647,68.4837930629441,195.23897821938675
1017.2250292407551,470.664471993104,68.55107650414021,194.84736877703594
1016.7026527365152,471.49710615337386,68.27554919912805,195.37780277087305
1016.3275386433265,472.8810208487132,68.08951054600121,195.53000659667083
1016.0093606356655,473.71832970400584,67.56767082729935,197.05433035527798
1016.2995081914374,472.0099190862775,67.1450551394452,198.33735251465447
1016.8677612412331,473.3000782128042,66.58160526086216,198.47837253369576
1017.3260167351633,475.03821189483324,66.45510550013263,199.83798163448137
1018.8165831770959,471.9940666110156,65.81126242644812,199.9651744848314
1018.7965293831028,470.06329903817465,65.60939129460402,198.3072875762226
1020.7819182498727,470.91290025080224,65.0945428403916,196.86966296578487
1023.0893296299649,470.4715343905215,64.86035963327714,195.757929931288
1024.432476081322,469.1534776051133,65.25022787672695,194.78388935018793
1025.3976987129588,472.67268504235113,65.19629967087234,193.1939002455182
1026.5413245983411,473.42259047426967,65.77899437990489,192.2116545128686
1028.2485724334267,473.8931756024846,66.66151103883509,194.48446159332224
1028.4240662401185,473.0030102516971,66.99948218952781,196.96519485274706
1030.8510615048217,474.94959239270383,67.61803633022646,198.1904530789734
1031.6621186079121,473.2483033243684,67.61678305830291,199.74397377965494
1033.9078274809483,475.43529227111725,68.74718957675726,200.53099280006708
1034.4622345294376,476.02725376962246,69.31472726543814,202.0279827745532
1035.546854181812,478.807376147316,70.23105805765908,201.33468471640126
1036.1431936129204,480.6194080080595,70.3377845318223,200.84755432163553
1036.4482067402605,482.19740515415134,70.54742239781622,199.4860397571969
1035.9027818684967,482.2514587105287,70.55642161262696,198.55468097980355
1036.9461675949158,481.2195842474032,70.87807549090424,199.24257016865843
1037.8266989617377,482.6047112086571,70.85166468043987,199.66784165394176
1037.9581490596133,481.4777552118446,71.12958681182613,199.5572698142537
1038.0870288423482,483.7655984979624,71.12064607601188,199.3146687789749
1037.16592015014,481.377789825731,70.92129065120898,200.24481617180814
1036.0463332505312,482.87278134775636,71.02852480084466,201.36388244797834
1036.8765690438586,483.37225544674817,70.75847889625744,202.26522152054062
1037.5173544025365,482.6912936046968,70.59093472537984,203.85410608718792
1038.6953096396473,489.12725509659447,71.05751995008735,204.931644086669
1037.9510894957339,485.6570201933323,71.94131808512783,205.86490316168693
1037.6938923852092,488.92603391433636,72.84335010019495,207.02728894676008
1037.36257486558,489.86057208853293,72.84254783257242,209.93886559824486
1038.279520516677,492.2525081047427,72.43246105193951,212.976296456603
1038.548679982059,489.7014132669559,71.46840390572879,217.10500340417207
1039.0380296085757,493.8341056005902,70.95905978885125,218.74884515444495
1039.199372457041,488.08487069120116,70.89243046027181,220.38940386329875
1039.6119379031431,494.1178538731078,71.51699229420262,219.1410434717756
1038.6040172282528,491.38198738068127,72.27587694747311,220.676317392145
1037.8094126412498,494.216861861167,73.12189863435378,220.15404033592813
1036.1873845350729,486.9121334340131,74.00373455938467,216.95234377837062
1035.9230044747446,490.34239368837916,74.58843489086024,215.17426126173453
1035.055137881334,494.077508418696,75.16330062505992,212.96088967311005
1034.5274574155153,492.6654957061837,75.22488595054222,211.2868048037926
1035.3870093956127,493.947171050661,74.96348486548453,211.857235309525
1034.9314405050602,492.42115556406725,75.44833132984198,212.79116277853157
1035.542350907783,494.62161486458234,75.3391274210257,213.6151315485646
1035.0590372633555,494.1897612016597,75.20457081858405,214.45554620252085
1034.873459356127,497.13376760922796,75.65770619836378,216.31365336342796
1036.146050359976,497.1338515220279,76.11489383292317,219.49296060687414
1037.5691474493449,496.84207783796427,76.3938775144457,221.8616276277495
1037.8116619738391,498.53470468055065,76.45997059442055,222.53051260300765
1036.6543060572646,498.21878699724664,76.88830390088181,222.9638974638822
1036.306513856102,501.75633225446825,76.96980525152574,222.98927558499798
1037.0371722777395,500.8568391540549,77.1404383098315,223.80193896563816
1038.0910281980546,502.22155000982673,76.94252413765847,223.53806624625145
1037.7135470560186,500.4530122240173,76.55945851531244,223.11947861367716
1038.0375891844515,503.15443396073806,76.35939108078499,223.17538014298228
1039.0962961473804,502.8479177942219,76.65817564697733,223.01531978888457
1039.833848557602,505.5525499037166,76.76493911743503,220.34760983014908
1039.5534745114462,505.85700862000704,77.2986478886074,218.18537306258435
1037.5642480299725,507.9870206943649,77.19239883663138,218.957576430043
1035.5471351351327,503.5371165400237,77.31213297286867,220.09101444224717
1035.8456896992927,508.24942873110024,77.79561850340058,220.78490698209117
1035.4335901540733,506.1424682280997,78.13802416041156,222.8692002834719
1035.4201066192652,509.10095737439303,78.9103020730186,224.45317900306165
1035.3644571175007,509.3949238028493,79.09089821142362,227.6836737088628
1034.4458045302022,510.46622739730043,79.07025317544942,230.08028065417682
1033.8430039225552,510.00351271218045,79.40694950211343,231.10060040283236
1034.5751237489453,510.91096673360164,79.0141665200943,233.35017218787084
1034.3498706897408,510.68665564931985,78.89947493228112,236.22484883412608
1033.8741375191028,513.1494053309439,79.20500997005587,240.33070723607585
1033.1222380925774,509.20698375330716,78.79322366285115,244.2424637958139
1032.7958827590314,511.3640743264941,78.68996814341969,247.45491829626005
1031.3571629695646,503.5216992900324,78.97953330981676,248.57383718479622
1030.6165396951758,507.1271074860253,79.17154736614754,250.43215741237842
1030.0128884380383,504.74023732094685,79.84418036195183,251.51211088302298
1028.9945173571039,504.89942012802743,80.56634792455458,247.80959214119147
1028.0777920815501,505.60707568707244,81.22440227166737,247.16999989088026
1027.2081648766614,506.09464743623926,81.6086013492608,243.46909402529803
1025.9626280557168,506.035990376551,81.39150767662053,242.49686897440944
1027.4179291422058,505.2743775927237,80.19993516863579,243.07582744792876
1027.56369964458,502.72395947664586,80.15283230547155,245.5494175386507
1028.7561376531412,503.05859711020196,80.44790795613503,248.00535637142252
1028.2863607842407,502.0718446946993,80.95227557604855,251.4953131572695
1030.0237070288906,500.2331974460168,81.41880265500149,252.49443601996046
1028.3275073894677,499.9499206186456,81.7736629285677,252.67314216174236
1028.7435147051815,501.05081970359447,82.23380451662247,252.46062779196976
1028.6025950053486,501.5842936821613,82.29821286276899,252.40120647095978
1027.4329436973283,498.9263670080405,81.39097350188092,250.2767007036008
1027.9632083979054,499.96185032789265,81.50699365459795,249.19758545330453
1026.7427230746407,503.66691357622005,81.62206398488911,249.1266146306304
1026.2452877342123,497.5685337413224,81.02236998946086,247.29239228290857
1025.7357961230005,502.0722853877864,80.94407449770459,245.62451768642234
1026.7145965003924,505.6513787071748,80.6178081669397,246.2330685087356
1027.3322171357956,506.4184890332649,80.27043792312585,245.64008798841047
1028.057225858476,508.5965554559707,79.78199986018487,245.1449771385432
1028.3126101103712,515.2826571044668,80.13594883991466,245.82919798248116
1027.7848207589752,516.0853390042704,80.10578876459243,245.48088958467605
1027.1528931171697,519.6760654703851,80.31735432385352,246.21981724479303
1027.8978673664294,526.2342231177988,80.70599283285658,248.9727369887229
1026.5160032359777,529.8108037272074,81.41845180092864,250.52520702600916
1026.88092571272,535.5677910796957,81.88194440714432,253.73733324266337
1025.6769819431483,534.0670006592117,82.08830888072045,255.86771310487546
1025.2692573160414,537.2046241422037,82.52583154687582,258.5199058285277
1025.1000469133667,541.9938668407444,82.59790255974502,258.50147616417325
1025.6153796485019,546.595621387356,81.84747679074539,257.7438384240995
1024.9230187978094,549.9755282234992,81.46234418495561,256.94955467048396
1024.4859971734238,548.9539148346835,81.56717590304169,255.94698886846444
1025.4610106712507,553.5705786659788,80.62927177687904,257.66715718518276
1024.431757941763,552.2505987359638,80.37991662298576,258.0390046241771
1023.0136900362886,547.8108582421479,79.58013858505726,258.4075202645188
1023.5806599763625,547.1026432537861,79.26132017679126,255.16716809097377
1024.7943661762224,551.3218941235174,78.81990807652511,256.0851908189795
1023.2690960593361,548.3311334216988,79.0164763521374,254.7025259356904
1024.759515220992,549.5225132574205,78.09716575786032,252.79879815487772
1023.8055810084395,551.1594246336491,77.34910914748833,250.2577358914075
1024.335980514838,550.213616847427,76.84441956309726,245.46045003944374
1023.718709181526,554.2114321900942,76.42755319976061,244.21532050996245
1024.5094619389663,556.6680151913065,76.04991166326572,243.49145647515883
1023.9095964088913,559.1180080519102,75.6612571414457,242.63645938615346
1024.1353702650388,560.5500253418743,75.8676522606669,243.6875854622009
1024.9404723096054,559.4187303394971,75.23896638051434,243.80321878475007
1023.8306079033948,557.2820186015019,74.51516201079136,243.9227597572307
1025.1126184860125,562.2879248374426,74.33227654768906,243.07258649891142
1025.2414017008837,560.0623804235281,74.38815073884597,241.8152912897226
1025.859647279199,560.8921333540131,73.72748914774046,241.52796195672965
1026.8799879401968,560.0072247461062,73.78391070622267,239.4084642826356
1028.1393241180351,563.0096303812121,72.76571912161097,239.19895111194168
1028.9401434634028,558.9970308610614,73.3362608450752,238.61258265498955
1030.2629160156964,559.6515274723105,73.3530411227208,237.4796595116989
1031.313808148771,556.414262363834,73.2259379955639,238.65102715388355
1031.6697349495867,558.9744164650449,72.83649989481184,238.0245658447725
1031.1689378147562,559.5886465280612,73.10951917324678,237.69086400283174
1031.5088956133422,564.5320117713286,73.14106804073894,239.45750818823296
1031.5774561746107,562.6443863384777,73.42396639580765,237.2856865479838
1033.6972750159193,567.8262345405575,73.89085308529125,237.62473748879512
1032.1245480323876,566.4313432018282,74.10289807675383,238.26534189972833
1033.492148771949,569.5139723960629,74.56686408763633,240.0913449934979
1033.8424835890378,571.3836342451532,75.24951967261316,241.66948087859964
1034.2257416600041,571.862907467021,75.4247701503628,242.82087305638487
1034.4577775349967,573.9353215741409,76.91711560332706,243.77279176368455
1033.5091940195732,577.9848882625506,77.35044358006661,245.62179662386467
1033.654078894067,577.5822197123971,77.13745189276666,244.7525237054415
1034.998193323792,580.9158972745229,77.23712586534809,246.76249096888512
1033.4356756726806,582.4114286349366,77.25124550671279,247.9918734041554
