839.5,618.5,82,268
840.2167109770646,625.5590735375081,80.75377346613587,268.1039302946738
838.4024989228624,626.3942322232849,80.74729628936899,267.21504483649585
840.7136178780171,631.1885056707397,80.58290406692569,266.5172040039033
838.2923911440223,627.9984803092315,80.30563183072208,264.981046936545
842.9532779975508,631.5624199678014,80.18982411945368,265.37359150856526
841.0638761408622,628.5071497440895,80.12971725314935,264.30548062313386
846.4013660954072,630.3227767146074,79.20764128235297,263.92472807637
845.9933813714728,627.2643570797165,78.08200706963846,261.94821216731856
847.6158201051264,628.5641549410658,77.6236460303248,258.0295403833714
849.4794824476965,627.1578503223668,77.10082321247918,254.53086078715123
849.5877713132348,627.8786286083765,77.10162736108956,251.88214314621547
852.1613847873876,626.3025947385945,75.69503461574115,247.95220919968335
853.4660740125951,629.0303572533792,74.35979533120454,245.01494965587736
852.9510476497774,625.0354767933177,74.91167465190806,247.74757089323066
855.0950811270851,627.2768597924121,74.82795387725474,250.1966286255106
856.0508589556742,625.0866451124671,74.61567192555884,251.21853628549513
855.9746822488655,624.0308974393042,74.09081667714325,250.62059688412512
854.2072435138286,624.7795647595435,73.36845671282977,249.20870439179538
855.1000881785967,628.8050142199576,73.01390780611464,247.65793993904603
855.4158903053291,628.1448452543364,72.52114391507963,246.14290470706513
856.7870190351589,627.7211800194741,72.6650184572969,244.81179436753976
857.0718717815755,629.066267080322,71.94417954638028,243.6846577605305
857.7887228053768,625.7330411919543,71.98643834949353,243.99005750098064
858.3763676571567,625.049803731509,71.57358789687956,243.75096794681167
857.8727134125683,623.441649678109,71.68194634571611,243.31287522811112
855.5195737036884,622.3628626425954,72.299232214129,243.5558610861715
857.814569917792,621.9669278105794,72.03486329818966,242.71554648315941
856.9472126093807,618.5749715421391,72.63044136220168,241.92007564677954
858.4352564010334,619.1041029553319,72.34822241598143,240.16099410291406
858.3893691967862,618.4664038516428,71.90209673425815,237.64216232600896
857.8431184145801,619.9299521438862,71.54408612787874,235.52722599504688
858.8566727047215,620.6356923900589,70.83704125780852,234.13437035976938
858.7863165488139,623.9490721964977,70.79950929178874,232.20046658185288
857.3596105107652,622.4849124423905,71.3584703695802,232.91635418241344
857.7929983025651,625.2920435182228,71.69094548406964,231.44144530604788
857.8386188533669,628.2972333359551,72.37891304259189,231.10288058910135
856.3383249146763,627.9227870105315,72.85904985109515,230.81691894707916
857.7221136112192,630.9049891079042,72.50965673840454,231.2871871079855
857.7086968503506,627.3523753998646,72.8542186007676,230.89822764586035
860.3526621903166,628.2082248530999,73.01592867172076,230.98434620803295
860.6203623430976,628.6925356789355,72.87761823494277,231.98494865170613
861.0133736919682,625.1514258312345,73.14985025598187,232.38585149453866
863.5326189502757,626.7265880347812,73.08066668516776,231.140257407422
862.7265359008653,626.0697824570822,72.60523112230645,229.31900423252836
864.515780589385,625.3477463963588,72.32366371372697,230.2080291399439
864.5603682069784,625.1233920271101,72.20509442189214,227.75856669199425
866.7028103106135,626.776354400972,71.51275906182057,227.42592761931922
865.3763104636527,624.770551255395,71.35264983469128,227.69076352854552
865.4419241618161,626.692909127897,71.5564621135999,228.67464723651415
866.4156148670005,626.3020559057708,70.9095505785669,228.61806459871627
866.9105149063032,626.4581873248902,70.67533986592069,230.35688437156136
866.3358198433291,628.801665741917,70.59302003474605,231.44920057065002
866.889212974095,626.7994566278905,70.50826674936485,234.35199800536031
867.113182908207,628.2055846408455,70.84125233385002,237.5800990923349
865.8832507407781,624.367466671276,71.25930210304931,242.6353764648081
867.0950700000249,626.8582038870385,71.5670538223639,245.23310993046954
865.3560158204726,626.0840291097638,72.29171250304742,247.93254402729337
865.8837075951417,622.6138779056101,72.05789875408622,249.8129199257435
864.3967083230478,622.2329767933159,72.84493254798387,250.83225540257118
862.746922665302,624.1954706939188,73.5766907054404,251.0710921596235
862.6452436842828,625.266430917268,74.04029035477652,251.42709127240363
861.9919132485799,625.8974150170307,75.14184635359801,253.21522435309092
861.0050873965231,625.2577280851699,75.33605598579697,255.38754815558647
862.157655798466,629.8800635933599,74.72218118867086,252.75744251167362
861.9262253336201,629.134258893052,73.85233685903941,247.5090073184782
862.1345895012125,632.337421383125,73.14225204564032,242.79526089248574
863.5393588923953,631.9334618566234,71.9848380258099,239.89014507724863
861.8322614604215,633.2374360912604,73.14116388455423,239.7194481758152
861.3439066902774,634.667206115973,73.61957334931128,239.10595586160417
859.3765873946489,630.0601812374441,74.54730423907608,241.2831079593602
860.2121505272518,630.2581394454589,74.93033523095059,241.6787377092738
859.1141403644973,628.7554946699735,75.41702952763558,243.4463408645996
859.1509662822361,624.4273299080726,75.57611123984539,247.10148640173747
859.2126862910306,622.7868040665943,76.2096286340225,249.94351181835754
857.1750617768005,620.8854350613633,76.22192085248537,252.16736725378453
860.9165893972403,610.5077230912195,75.97765087848191,254.45387525474086
861.5229128677165,607.5873940382785,75.55927862529637,255.31539260210874
861.2551750400019,601.1736047054421,74.79541379419928,252.83956550606254
863.4891966443488,603.4390536240966,73.92351693064396,249.0572262496292
864.4123646823892,601.7147212307353,73.34115146804257,247.70564718182885
862.1518321639057,596.9417566099787,72.70088389774048,242.31183528869857
864.7639462721479,598.8893610925944,71.57886811030266,237.4448789250908
864.3075498050282,599.9493475640933,70.5402357305926,233.31792651660845
866.196117646661,601.2278494999559,69.52492203257165,230.6583294613655
865.4297209423348,597.707610076665,69.15909924649893,230.60082351714553
865.2890605954776,602.1300979690665,68.87544169829289,231.21851424387825
864.2622542356984,598.6457868555893,69.03840581441214,230.80432158664672
866.4102452464188,598.7849826179208,68.43818666566719,230.23648314182714
866.3427647829587,596.0732054712919,68.84932675723542,233.5000311503713
865.3697685803045,594.3971066041705,69.35637863748886,235.50049210063275
864.5636740981505,591.2569459496822,69.77064906751801,238.67898268870783
864.8799123672507,592.2033219760782,70.50811662492926,241.19619042900663
863.0046777874345,588.8550180598415,70.4188807941747,240.7035806940363
862.7847869488082,588.0848436678763,70.18054746116566,238.27312812451214
863.636684091445,587.9274729370286,69.9131907827036,236.73035031721784
862.2122017790125,589.0310807792764,69.3027566610781,237.24396483482485
862.5404668871597,584.3076180048407,70.08640758091488,233.67967040536388
862.0757122790517,578.1343911480307,69.82913145682197,231.2936850778462
865.0970407601011,579.9348231149008,70.17540719964869,226.79039257669643
864.4782400416475,577.5203869365109,70.11967379482755,222.7134936779829
865.3910367645002,578.6302300045701,69.31335363021964,220.83491517855495
865.5939315239416,578.0385695779505,68.91202291641724,219.12473427321856
864.631219642368,578.2431261983622,69.23400234171967,221.97308186499106
864.5060721348106,573.5883321726753,70.09270533107775,221.45527924558826
863.0697804817988,577.1636410808641,70.5210587958688,223.82900587348576
861.9778024224105,572.9659681888236,71.02702125944082,226.05317570084077
863.197906071255,573.0175789771758,71.20290378261349,225.79230435375706
864.1147893525754,573.6499909983762,70.8211776538564,224.04569102045144
863.9367976748542,567.893282454811,70.2851174187532,223.7715028219372
867.1620802404606,568.6032115364316,69.91650295206074,223.49548163379382
866.7783207378432,564.0961839648314,68.96509230889606,222.10776904628113
869.5431041788405,566.8414594214684,68.32914782527787,219.84894525626785
870.0141504838605,565.235286168045,67.77647930085507,218.30104787044485
871.1593001937164,561.2830932359701,67.00656049733126,218.15941704147934
872.4557471163637,559.6401105515903,66.37612645466413,215.07913046474354
872.3798660469223,557.8264532116223,65.9248806809112,212.59448997881634
876.3112253592344,557.4538111752793,64.68701042207073,210.15913359244172
873.4246697429586,554.0514726963262,63.634890579335476,208.51703892864379
876.0572546863531,557.1735896464397,63.14808392039082,208.09949760959358
874.4571520770053,558.3591885776501,63.49229706030518,207.9278990132249
875.5246917329231,559.152002716032,64.17459316999361,208.95774138427316
874.6354854494758,556.720521865504,64.4885912595398,210.05842142906397
874.7322249309505,554.3700902312677,64.74346794153183,212.08943554020308
873.9099184036619,551.2871260716289,65.42488841397864,214.0877389090717
874.3207954207147,550.9072967209337,65.45932661105124,215.3331781177883
874.6418330780723,547.684355550174,65.33132228403744,217.13680419938942
876.0863076685267,548.1476226002961,65.05995351694706,217.74238532016875
875.1688330469373,543.9981464813394,65.2968215290087,216.34932286386834
875.3333120499296,544.8506412683444,65.00467378328992,215.32501058458962
876.4705243027596,541.2957683495622,64.94341503767026,214.42832865726143
875.9659834260575,540.5420048208521,64.74496450443057,212.3778377455502
875.9437196730952,541.9250210101209,64.02198737788207,212.3038388962941
876.7379858553569,537.4222383818167,63.78557553204303,210.76523663428668
877.2840660312042,541.3815947081753,63.84585107912936,209.5916979126915
876.4567640674793,532.8390642569782,63.62741123102078,210.1083174240944
878.9121541968506,536.2172001922792,62.718742407214634,208.63137485341912
877.382888098717,535.6019159737,62.551791185970764,206.714286611424
879.7316406031955,538.5671765003406,61.9286308120235,205.08620190991905
877.092897804401,538.6764178548702,61.89143201859093,205.9799059903724
877.5971629474831,538.985905563371,62.426246587735264,206.9572378510501
877.1129919971144,536.9681589669771,62.68145735873094,206.02543062879914
878.3705686930197,540.0036662127462,62.778305147569185,207.15682158998902
879.8092785897398,541.885071090758,62.632550011721676,207.83883986741287
879.3001107824621,541.1573205481145,62.710143729647925,208.00322328454783
879.4653119475072,538.5654448660755,62.816518425018884,207.23985064426194
881.4390192136697,536.7844885087262,62.28432796801121,204.23329431141406
881.9436691286029,541.4765606346567,61.608110486253025,202.55481517109484
881.2303783010369,540.2039055485686,61.64875349697582,200.77437308497008
881.4434059442809,539.9390413930116,61.22705568627525,200.56908415603675
882.2235533058225,540.426820024961,60.80548540948879,200.93906991906223
883.0963560989986,540.346467096003,60.65701477091339,197.91012428772024
883.9778457747386,543.1368416941949,60.22522850891845,198.20418912484473
882.1250765007859,539.9123393063046,60.08080339181547,198.05705637697437
884.3700317938079,542.4930338943104,59.826537146286384,196.59010136691734
885.599467259361,544.0790402034535,59.77503702092076,196.578036620793
885.1061862312231,545.6397562371311,60.15277005574264,198.45570094702285
884.8607416434373,543.8568593412366,60.23358079517791,199.857512109036
886.0453041433316,546.3740390511392,60.309525823694344,201.08681931902188
884.5262815618861,547.4472590627387,60.43148669703463,203.1385256390543
885.7365241537279,546.8531960984741,60.335244105208744,205.346289271479
884.7692926569589,546.8590928108754,60.59152068212087,206.18555069391684
885.2271196528353,547.9341209891272,60.639914122313876,206.8565514186356
885.1643698498593,545.1664069847567,60.73311304366479,206.60273477558238
885.8846347762806,546.2035317233924,60.35269352140412,206.8297641278855
886.0881509092134,546.0215246686757,60.4665566174387,206.19793989322173
886.5563184301835,546.7207920045864,60.84119331240646,207.93790901130214
886.8396971718174,543.7828767309709,61.590754460310876,208.1231415475162
886.2877964044277,541.6371986098906,61.56783735476287,205.41507905417285
888.3783252764332,541.0661141512392,61.1396256133305,201.8443125237826
888.7012934196686,544.1174195833107,60.411583429492836,199.5341525644857
890.3597384360027,545.7629123340118,60.17948934866777,199.06241430887223
889.9735712020755,546.4574416273512,60.37568311475132,198.09119468307958
891.3563965516448,547.6376167761484,60.7907846929871,199.11809814677645
890.9513029783544,550.5897085274328,61.63500850199743,201.14937711903087
888.4581467006619,552.3630619871604,61.67303929239836,202.2907605239773
890.1158087724189,553.2949036212603,61.73608710284858,203.37196703963667
890.9321272773489,552.6022423474631,62.03692403765261,205.1777027535159
891.2668002667065,550.6474984989293,62.14489170859171,205.4899039877996
891.4835356531603,553.0783996698511,62.09801967173192,204.73484831953994
891.9226469093112,551.9039964557537,61.71125912189148,203.7817832095724
893.8321648947714,553.8207506418559,61.14932420993111,202.12682388865306
896.1533591691499,552.9476738684326,60.99552542481548,200.38780683270105
895.8780285148736,554.267581618778,61.010502863052515,201.0310499753513
896.1209175783082,555.9954021748407,61.163807346790406,200.19605009476274
895.1022125588305,552.2221598049294,61.94103691241823,200.49093504591954
895.2004742437947,553.8999949525398,62.84974935753809,202.21300208208908
895.5445058894543,554.3358790413231,63.2083305154529,201.94974809424264
896.1294973381367,554.0661390121769,62.8696456713527,200.87404706408756
895.7981630711092,556.4583590098977,62.47172143483115,201.3972442833066
896.7631181132531,558.6762152958311,62.00613081808794,204.21123082719305
896.3552481529442,558.5764445355729,62.274143451890026,207.651343369743
896.8326776857964,559.2513886443071,62.257752723244664,210.4083157899396
896.9614124905221,558.5716041843448,62.20509689219375,211.80757387074766
897.2447020575461,558.4838220763827,62.14828356195978,213.52302062737462
897.8499619889544,559.7624999222198,61.91293723210579,214.93674094735803
897.820993875688,559.1038744111024,61.847959241226235,216.21235504440216
898.8212130658268,557.9566047468168,61.87228301457411,216.67856004146094
899.3945734857618,559.4347168862662,61.698309977438356,216.39352888542578
899.9006259893771,560.5404687908963,62.203643620339115,217.4543143522888
899.8196801398844,561.12386282645,62.47061411338653,218.04344824105817
901.0733784436336,557.4161975330173,62.29407096810748,217.94747921778583
900.8446847129863,558.6411624057773,62.36970444828847,217.47538226645514
902.4829406344496,553.9459313351766,61.93108013092045,215.16860357818882
904.7052607360303,558.7159857390552,61.286782487573674,214.70911553611768
904.9698526521423,557.1709467971222,61.02278359425708,213.76181224780356
905.2859747436449,560.3910380875055,60.65124720687195,213.6727539536884
905.0827834448444,555.4544967713638,61.5322335766364,214.5130855025979
906.5209655252124,561.0613622465012,61.79545109619808,215.04441165834112
906.0772359377503,561.5110729273589,62.5745117591166,216.59795984771216
904.2627160115203,562.8958962881065,63.52880509820989,219.92455412353138
904.0491446515758,562.84991158331,64.33649364286507,221.28831820990513
904.4042740017132,566.0804799337723,64.34371047607547,221.79388063236308
904.4982537302612,569.0332565271822,64.7437944106841,224.45321067766002
905.6970976436986,566.4310581557855,65.29037934038591,224.6268070778935
906.8211586634585,567.5955442319221,65.21996235038094,223.2206957268403
908.2080842963857,567.6768146485849,65.15844333321434,220.9793461090299
910.0137103075622,569.826118893875,64.92301504705213,218.34996223831507
909.6898725865791,574.0537005538062,65.07132235785762,218.71982829162167
909.4022458697752,574.8463044244942,65.9251901336778,219.2584584980911
910.8063904421648,574.8743831987279,66.30484802373468,220.08365903668667
911.7514313429076,570.2612434151797,66.33103731275656,219.37639444484742
914.3663311879595,575.5621091608928,65.579805222903,217.42673109154384
913.2960425966605,574.1466278609737,65.39498682139448,217.12911598218395
914.3298020157886,580.3153967815706,64.98816007889486,217.1662834556265
914.651953891887,583.7642615898986,65.03301268017154,219.0114375212213
913.6713258004677,584.3490966790608,65.52460214357379,222.8547277768568
913.4470780979356,583.4812663295133,66.37110363021911,225.09421360403022
914.5538587134807,583.3824426434705,67.05891697760477,229.60732928742573
914.0208960739867,586.3996517012816,67.51780888466745,233.78170862663757
914.0065398242187,586.5428593219456,68.15743692585218,239.66800046615083
913.6470949483272,589.8363432858382,68.96415738506599,244.7678992986194
916.9107147770125,587.0222021036444,69.63674730609519,248.60647149893677
916.1249838647091,585.9529623104997,68.61430773490433,252.27824290193746
916.1930204549905,593.6628762045193,69.27071144681281,254.9372134079659
915.4845511783342,586.9419039020136,70.71075896118603,259.41253375302847
915.8583900573053,591.8651664370277,69.61964520051231,261.9255334098681
916.3081694836789,591.0293098922339,69.61368913621375,262.2433331922656
917.0543316144634,592.5314514890187,69.24531821708219,263.03391179221427
917.9635390710706,591.3462347078557,69.22544175029438,263.1063388199635
917.9248507732766,590.9243574470436,69.41896193013383,259.74973399710547
919.0547855164476,594.2925024823588,69.29185654482008,254.96241901268726
920.3734379618274,593.33881235643,68.58627477188875,252.2434817634767
920.6849759504868,599.4495302989038,68.33050654694094,250.77478578484005
918.4098782006928,593.9965860172777,68.3214607516681,250.75895861170324
918.1432346110008,599.8818139362821,69.23330841450772,252.1212084621709
917.730522247529,594.0502594620974,70.46777669194273,254.2039312487362
917.0983546254511,594.7638190283365,71.08992821503318,258.22367815171935
916.9025685864577,591.716596544033,72.16823246598564,261.4530234518236
916.6858129467967,591.9322006678669,72.93794231365194,265.94895162535937
917.0284169968501,588.377707899926,71.30961301870578,273.4568343322617
917.5996380346566,582.5509309973704,70.49706122405479,279.3403223529184
917.7201789840624,582.1248669675333,70.31272793895819,284.03510511764046
916.6299047098893,582.2908776802078,70.47629512400789,287.3584274632722
916.1219096626292,572.2786885412227,71.26702518432472,288.8927201394357
916.1253966014226,571.7662663539622,71.20440074096453,294.48405993250515
915.5874648933229,569.9328963444509,71.49773629318463,296.09940548894235
915.0057038296147,564.1430040409767,71.9793246003533,296.0953602161301
915.0803425292664,558.900864219627,72.06710420144844,295.6076197095987
915.4811405600958,566.6038787927321,71.2245321481532,296.4846353784519
913.7463105760467,561.2802080452856,71.33394355057766,295.86012914843036
913.4489227606917,563.4970052433553,70.789313811529,297.8983355564292
911.74462043489,566.9465781915203,70.58638100662006,300.7685988397865
909.1466878514731,561.2032306265676,70.79928213460502,298.0068322463643
909.6107257747618,561.4907277709003,70.51453501431915,296.1333615001031
909.8796624675307,560.44135441509,70.80352396398646,293.5233064653552
909.2741167479263,563.1514301061535,70.00315581419059,295.37489647345654
910.353557056391,564.441360631839,69.80580314087254,293.2845850589266
909.4441228489943,560.9500017376565,69.71235773673419,291.7215474609388
910.4953999382038,556.6278854768757,69.12023699375527,288.4499484166436
910.8232808245336,554.356049350269,68.67460101014193,289.1617303252371
910.0359467587473,550.1562231215013,68.51304961637751,291.1029191139493
910.5110099298647,555.8247489447547,68.6504617549013,292.04817890695676
908.3766977203467,551.4862156747506,69.44305606262436,291.79167649249723
907.5146558953335,551.1923687170614,69.9684885180784,292.2749957309327
908.1474908970362,541.9730050004923,70.8912009018342,286.9820680432213
909.0388206441213,545.3901726045533,70.62136272438305,289.1803475430462
907.9727095687907,540.98220636686,71.3880401982635,293.9334023634033
906.7513497308406,544.3972013033199,72.43758701401815,296.3902128750052
905.2337213627923,535.6799554545232,73.82086811840107,297.71003095809647
905.459649384949,535.6349658283414,74.14181013545834,302.1148533882555
904.3803065497838,532.1892916946462,74.76934403424349,301.87587109305446
904.9593927066987,530.208193659948,75.2302297333759,303.4840623025264
904.9310509269067,541.7566652140645,75.00932117040509,307.18521299007
902.2481703527068,535.0271462124865,76.08874589683842,308.56704819628965
875.4801037988464,581.5183776652087,79.025899054608,316.50861940949767
868.0357266878402,588.0005076722574,83.292675470529,319.3417903875267
867.3106077599961,580.6172936631078,86.11087842841306,322.53022405920717
866.6595009099769,562.7740857117706,88.31205820244125,323.781112160368
867.5752243340576,566.7159679185272,90.13182786123788,329.716475783354
884.6809555877752,528.8768659130639,91.62831976054093,337.7199971770931
876.6564528810393,543.4006787250751,94.69841949621741,343.9533926712346
874.576735185624,539.4955536076993,96.29219631771215,351.2065650809168
875.0662246160657,542.1598862027545,96.45004933644431,356.3198058661484
876.0731219015552,544.1094320789783,97.69874527640616,358.1674339508893
875.9151308151833,548.2582229880517,97.72251934382423,359.4803610515048
875.4203614724272,543.4873600461647,97.77264787928522,360.07707961106
875.49027374145,547.7286974832792,97.95637344633454,360.6233001149437
878.8341060429674,538.4828310234865,98.01681103141004,361.4843739311357
882.8759576610668,526.0437804876892,98.0375503916469,361.6501394161823
883.4660130074908,532.4564341924059,98.11506015263323,362.35710911398763
883.9836742173129,532.747762521207,98.68516762076068,361.90086723223374
885.0433493564298,534.4503675583861,99.01390718055491,361.68148298261326
885.852787477544,523.4062198985744,99.14978989237464,361.7999868898832
884.4531777349968,518.6684728579614,99.21036930750752,361.7835299823395
884.5563964696992,518.5523799084018,99.34234230501214,362.2223296307245
886.1519920556335,512.0638295622413,99.40279479082773,362.57063565294055
886.4245224930614,513.843999250048,99.40802628867553,362.57600872926207
886.5754010190512,511.59639856416715,99.41924994815604,362.60385914124583
886.6099149064913,509.845975464409,99.43157317036626,362.6013367246581
886.5105332602388,507.6477187288983,99.4445006543556,362.6296603839728
886.7051319445516,486.9084394546404,99.47822041333929,362.5883214715511
885.846008033633,499.3641697564865,99.50831902138566,362.61049467218027
884.7726874254441,507.5773431700401,99.54443892123506,362.7245645626024
885.6080519476125,503.69518460304533,99.60471673763142,362.77961598766854
883.6986776848071,516.848718412505,99.61019397913867,362.82107055502837
884.3606835610752,508.68584413062774,99.64350515789224,362.92292690686895
884.1068112704626,498.92109064914825,99.64701369661793,362.94823388813853
883.6268878921985,498.67688334225033,99.65067904617128,362.9852637787479
884.2661723382532,501.72173926366315,99.6507478016905,363.0115282695404
884.5299359573951,494.4331240807371,99.65096396255007,363.07794587599295
884.9815643830243,504.2442839101711,99.65271256630867,363.11658355355087
885.6992193397355,506.5450828242414,99.65257223048496,363.1388661117628
884.761169096361,498.5970080827099,99.6529127580132,363.1448016284561
884.4029089096813,506.78767243319646,99.65302684560974,363.15471018639414
883.3417931102972,500.2684496591587,99.65336027009204,363.1627487825654
884.0529372840583,502.05365183115583,99.65355763176004,363.16894594385064
886.2122173558117,500.5569538502557,99.65378649353279,363.1739562283133
888.3688909300206,490.84034167579114,99.65397169756264,363.1794423875451
889.230809522925,482.6433944708473,99.65401396827376,363.18157501764773
887.5799514416987,481.42119216671136,99.65409057384187,363.1824342844278
888.874636760798,477.982034699231,99.65418889163678,363.1859747633643
888.0792872462262,480.8640829541247,99.65420052663833,363.18666020548125
889.1680987530816,464.47473859986223,99.65420960635696,363.1871087101488
889.0306923589205,455.9735170878558,99.654264800809,363.1879018775943
888.3382758117505,444.9690957625045,99.65453111124407,363.1903568177256
888.4238937309177,443.79999592478896,99.6551279089083,363.2077240022357
889.6931130649364,436.7974244770493,99.65580610030702,363.21454154981467
889.8716794823804,437.3151810102838,99.65664007588386,363.22622260661365
889.2324564576795,433.6539726692971,99.65691160574664,363.2343592554755
887.7784056726446,434.84926444903545,99.65749860367305,363.2529529993131
885.9802876597801,431.34194606501467,99.65771416927328,363.26635142125474
886.2015199872999,433.5025951837261,99.65850630963995,363.28841885308236
886.842728500964,428.63094363032144,99.65930563954304,363.30671204167885
887.6143805602032,428.46281004664183,99.66051081271331,363.3426100059473
888.5852611934606,427.93145911738156,99.66132821956114,363.3633888183559
887.2797732646931,423.05228205571746,99.66164495462932,363.376550413913
888.6560551843193,420.12921070974204,99.66297687495945,363.39911665551597
887.0431224695535,420.49811021562925,99.66369243457223,363.41446417293923
887.2643526728652,420.2253540053846,99.66574546808081,363.43791238444413
887.8380839476886,420.5687742662982,99.66955855319976,363.4778423232226
886.7328949378482,416.54111757920276,99.67380940613258,363.5189049421034
863.7437601504288,414.8283075389444,99.83855664210417,364.2376744939031
866.9488315834063,401.4566537737034,99.8926052129165,364.48840351791534
871.6486869000602,401.92992862334944,99.9409679667548,364.70522621604607
873.3328513384249,404.6638358641385,100.02978907247778,365.1996786564651
875.777914309729,406.17488869012186,100.16290035826327,366.08050326420295
877.4453889181887,409.3182218612843,100.27568144415444,366.6938756410552
878.7935946527197,402.6072268733808,100.37496456470734,367.08621874338814
878.6121004643194,402.29732910715705,101.30707632884469,370.2094658616053
879.5519378731958,402.29661270725853,102.20713969888173,373.19617536046843
879.3499248806911,399.99918373861885,102.67284123616989,375.0413692295258
879.2799491451156,397.84167851419255,103.48309867465193,379.79859109772235
879.3993126954873,394.81408846365,104.2808398413493,383.6950859914404
879.5917179343694,393.586170270454,105.24177278132485,388.29990084958854
878.3504532555709,393.3855866511374,107.13625910484527,395.10088936965485
880.7588467689425,399.01641939495664,108.11437154175565,401.1581211293307
878.2497106784534,384.16302491857704,109.32835605069087,404.6525916616798
875.7269719635356,385.9086740781891,111.64207774703657,408.6012490538204
875.3619448472214,401.24551182959965,112.5038928749172,409.2003244054915
875.7878075233976,385.4717188050278,113.8450340863616,410.98549742973285
871.2620589032397,396.22974016639057,115.33321974983434,411.730738581519
868.9105187544484,377.60934031680154,117.17121206142458,414.94784138128307
868.60084676131,404.680672934957,118.48416004016346,417.32242620600726
868.8553282024844,411.6917004613164,118.8279023980642,418.1424665283496
868.2823762737391,410.0796351542052,119.446593516564,419.66494843041363
868.527244553061,420.2847947204276,119.83314495468929,420.25284592699717
869.3528136059603,386.0909460479527,120.51067019804245,421.48524694626343
868.3655983915625,385.0795619742545,121.49912506331181,424.55918282017655
869.9199415087182,377.22911226232816,122.95356682353764,430.25443553840176
869.3034576113558,403.5809082214618,123.1075184096136,431.0024847028982
871.589042835615,403.1329301321532,123.1432581898246,431.311661465908
870.3101537004109,402.7601439939121,123.14428807003506,431.32511799684573
869.4886259570037,413.70454646991817,123.14541893717485,431.33127344827597
868.0837979028372,408.8687597700516,123.14563228694755,431.33335698747436
868.0653915801747,414.40232545808806,123.14633200164687,431.33953550977793
868.9323943133098,418.1496027813779,123.14675649085923,431.34285989151863
868.2483952808738,415.19390783939286,123.14718272498186,431.34499140985764
871.3848236858133,423.0163029551642,123.1474334437892,431.34653964114455
870.2613730808188,430.44428515432764,123.14758525268581,431.3483814485672
870.207735822288,433.4762003440946,123.1477677766539,431.3497552125574
870.6150266253844,434.2306851097645,123.14790090024685,431.3507426371272
871.4459097932556,437.9062684842522,123.14796439372043,431.35131148004035
871.6206586196805,442.14653729543414,123.14802417042279,431.35197979792304
869.4101419332682,444.8645602311243,123.14803941962074,431.3525784806809
871.0438263600125,443.8655003066957,123.14804841952561,431.3528208509386
870.7190618161475,444.5756839188217,123.14804739451229,431.35298430352833
873.575370558591,447.2007952942484,123.14804826060806,431.3530915239884
874.8086781142744,448.453514298614,123.1480464419354,431.35317767373493
875.4978189391161,449.91736898389433,123.14804149799374,431.35323796412405
876.3368277076567,447.8142040361329,123.14803955062675,431.3532881050082
875.6637358734085,445.8677114910754,123.1480358659888,431.35331669983816
877.4570433720434,448.4636816156716,123.14803190120507,431.3533882838367
878.8886569266355,440.8318372041033,123.14802643737606,431.35344623996883
880.5853568711144,437.8648724404808,123.14803365481772,431.35356410263256
880.927663637185,433.6521274367712,123.14802989345144,431.35363144159476
882.4145077777296,438.27748770616233,123.14802759220535,431.35379019053227
882.5204857693896,437.6209297215826,123.1480287208401,431.3538099940346
884.3596045311633,435.8697572230384,123.14802744340153,431.3538492450445
885.5774369256412,435.44247051885355,123.14802540087511,431.3538746759667
885.2803769604839,437.03629908990376,123.1480219676951,431.35388800315036
887.2472764036976,433.37319122930694,123.14802377859422,431.3539313725068
886.8623577600449,432.80980039849703,123.14802499774629,431.3539393191075
886.5580698783227,432.0718277661532,123.14802321173302,431.3539394687056
887.4723311164379,437.58718712665535,123.14802258322761,431.353948134176
887.895013797732,440.15209632789197,123.14801946667609,431.35394817118635
889.706212614939,439.8100860596013,123.14801496351821,431.35394437381393
890.7057043419272,437.4178055726445,123.14801250853444,431.3539460978495
891.1565922270217,440.7740192610702,123.14801233687147,431.35394681395474
891.7963843192678,443.96281447251556,123.14800910311655,431.35393894111286
892.7318424331435,436.19159300510387,123.14800983798864,431.35394336885605
893.359734427718,434.1709231494996,123.14801095645232,431.35394606682
895.6797058700532,439.14980718235586,123.14801405566845,431.3539473950284
898.0078942981972,443.45848471100896,123.14801213071578,431.35393814765865
900.0593842963361,445.30696485212655,123.14801322498383,431.35393187734064
900.1804131285824,448.02280064710044,123.14801240710993,431.35392380057647
902.6716249515681,448.43299955439556,123.14801397399847,431.35391954830305
903.5046137608371,446.71550992459413,123.14801395269724,431.35392342224014
904.3060011286849,445.3886516425553,123.14801455231347,431.3539193690234
906.0521482053745,441.0616207500665,123.14801614096918,431.3539160218599
908.5351704107206,446.25347190490874,123.14801710991556,431.3539112219411
910.6771209360205,453.67401031931706,123.14801775075257,431.3539074293182
912.753613576842,450.48985297472274,123.14801899559886,431.3539078523021
916.7103202080649,446.5730661399322,123.14802021145515,431.3539100878621
920.5211844054913,451.83078142893123,123.14801832951107,431.35390519193203
922.984919592962,452.4767767863319,123.14801863862128,431.35390654542124
924.1377316391515,456.7563932714129,123.14801807758379,431.353905333377
929.2956805690718,454.8489583437035,123.14801911300691,431.3539060233753
933.296194051122,456.26806250542893,123.14801925614532,431.3539104284248
936.2405098934561,455.717531858765,123.1480189153188,431.3539139538846
941.5311346866351,457.36554979557764,123.14801951969544,431.35391551579096
946.2031680816275,458.5996207066398,123.14802030325822,431.35391930256856
952.3186677361555,461.21415927702174,123.14802094079646,431.3539199778143
957.2790070458725,467.7297992832157,123.14802332111829,431.3539204830044
964.5697102623003,471.31503786984797,123.14802443525964,431.3539216537036
972.1826280751177,472.247741469443,123.14802651714452,431.3539239479599
979.1847271183605,472.5932908014015,123.14804271746307,431.35395633939794
986.9527098924375,474.74421066692946,123.14805357922111,431.3540050742233
994.3549280783008,485.87526260559406,123.1480996675165,431.35409106200643
1002.3243308483557,496.3242739491932,123.14810733694041,431.3541053315953
1009.3841106329985,506.6719600762292,123.14812708284036,431.3541676478357
1015.0903654264841,514.2141410326525,123.14812359938468,431.3541916068764
1022.0051269856311,518.9752721537959,123.14811784559275,431.354213872341
1027.0771703909675,532.0787370027232,123.14809403083076,431.3543135171379
1033.1296320069318,539.0098283899612,123.14807783472963,431.35434578477606
1036.9652239053612,545.014992958382,123.14805235162225,431.3543983465428
1042.6977959857174,546.9504269916815,123.14788831633693,431.3548626869415
1048.7393692097255,554.6501941013894,123.14619996005652,431.36000013653216
1051.8832282880928,559.318453930501,123.14452020206443,431.36300093271547
1055.7528576069587,564.2991351278848,123.14414219864042,431.3638806644129
1059.2900282790251,565.3575491236938,123.14365816194207,431.3650810751233
1064.3855157854264,564.3115084574436,123.14290112094136,431.3666074550024
1071.1647573052273,563.2415885219144,123.14130284696402,431.3707611669267
1075.4280316039856,555.8802862124547,123.13948779284392,431.3775054190248
1080.3637334333168,560.2122183921574,123.13530405910782,431.39142979405557
1085.2321873172223,572.6240533956802,123.13412932352345,431.3941662658917
1088.6098233477508,576.9479620314205,123.1336876228794,431.3956448012959
1091.549755528853,580.0955689872208,123.1316261094909,431.40340988215746
1097.6021437355753,584.8456923105027,123.13132471740853,431.40502766888227
1098.557255632449,591.0386000924741,123.13078605854889,431.4070781251421
1103.594580947012,594.4742168916601,123.13063932804327,431.4079439263367
1106.4825296744918,596.6483707041041,123.13004094534944,431.4109794563559
1107.286761437818,598.3299162944215,123.12988084639285,431.41155028019205
1107.585245426941,599.2409394945898,123.1291735945993,431.41412066967325
1106.1285103427556,599.1086508768998,123.12905094757049,431.41475590180306
1108.9517705476394,601.9736623905226,123.1285557186196,431.4178018175812
1111.8742319634289,610.3841495407586,123.12779058281106,431.4231443506053
1113.0550842362973,616.4049287074238,123.12772935143566,431.4237956425191
1117.1696879092744,620.6476136547753,123.12732754747353,431.4266659898202
1116.9779587414537,623.3309589632263,123.12721846048687,431.42755817092245
1114.2705838445938,625.6046797998063,123.12684288418102,431.43066266704375
1116.4048818475144,631.3372882905924,123.12625415678197,431.43427865513695
1115.624927167327,628.2915728551995,123.12575015656091,431.43867243943583
1115.2921034798253,623.0195690633731,123.12538286023913,431.4409863356497
1118.6551754334967,620.5115689235854,123.12517441203316,431.4444725008452
1119.9078418966037,622.1193624911966,123.12417188247106,431.4547030459817
1120.6838513283944,619.820276971365,123.12252228158499,431.4681434604923
1124.0365977328024,618.6336796331772,123.12210473674625,431.47164390392726
1123.4982220358997,619.9989487833658,123.12179209322859,431.47615342078035
1126.4059369814563,616.9545222923778,123.12130027050513,431.4822727716224
1129.861106888357,624.3833848599553,123.12002236542575,431.4955917954028
1132.6897692028465,609.9387156906837,123.11946033639207,431.5067181588484
1130.647013898182,617.7317807751608,123.11879598081639,431.52119681557764
1131.3679120435334,612.0885710810286,123.10624146657972,431.68315121513365
1135.12865820538,611.132861333588,123.10367910123043,431.72632260496556
1138.2098110996972,614.8898407404781,123.1006230951582,431.754459929186
1139.757659942243,612.221722053349,123.09726063421785,431.79125691953305
1138.3735341763072,612.5250038083848,123.08522060877753,431.8917410507387
1142.259840357423,608.9874338912231,123.08347559426346,431.9520364674902
1142.9701384562297,611.5027235924285,123.08636825201151,432.2229921946265
1145.6639061100655,610.264093906875,123.08617587418021,432.24961970881515
1145.7320160309985,622.2482488151094,123.09356220332607,432.51654319923114
1151.204209644322,622.5255701875608,123.09449129137646,432.537080865667
1148.9061410444035,623.4265811552957,123.09494825439705,432.69187417296473
1152.4746373459172,626.9556928640905,123.09589844235467,432.7665691132242
1154.631681278304,629.2672453698451,123.10231905765288,432.8182802333067
1160.059984085348,626.8861568954115,123.10407850246366,432.8563575460959
1160.1705549101378,622.674627723136,123.1094114509348,432.9084690064917
1162.341602636548,623.514580645019,123.11034168247063,432.9175848693069
1163.632157042906,624.8931329921056,123.1157204014165,432.97295824062434
1163.0203797829092,619.5622503388703,123.12441579341213,433.0362662106692
1163.37174416437,630.9120638681538,123.12595649927455,433.0568845134303
1161.5370383264692,621.4636775676471,123.14570520357994,433.1959743141508
1163.8962113784112,623.8406193510434,123.15230512172964,433.25344109296964
1166.1549066306588,621.5505845468051,123.15342400520416,433.27843410232515
1166.5645862708482,623.4191964487758,123.15348267831664,433.2900897310621
1166.4208942474472,627.406038803774,123.15380980220586,433.2940070260705
1163.552219353679,623.2608850823239,123.15509706303988,433.30654633390014
1162.6453157608591,622.0647304137042,123.15820991178819,433.34791878149105
1162.2026997940552,618.4792664709184,123.1601680650503,433.3702646854036
1157.1403474656563,623.1188447573073,123.16485853117419,433.43669298201047
1157.7842002433474,629.0990853475054,123.16748767733,433.4727022801301
1161.948281606094,621.8353528662577,123.18652629918792,433.6088832536727
1156.6974282296528,617.4175009377307,123.18856111603527,433.6294797651457
1155.037097968628,625.1468624321035,123.19023665273323,433.6747459960658
1156.288651060801,622.5376110315018,123.19671298791862,433.7680447109654
1155.7681859145457,616.5268508031788,123.19863573591144,433.8649454929286
1155.4211250396158,619.1080470175341,123.20192850675585,433.8973129099518
1159.373029945634,618.151764249722,123.20226345866602,433.9481757649883
1160.423001052306,619.4467714766733,123.2028869172429,433.95932302945397
1159.1926519240471,619.6817270455631,123.20312975612752,433.9731754672285
1158.005068298856,615.1101131788525,123.20365463437838,433.9888130212063
1158.1684219578729,622.5950386819796,123.20419925731052,433.9937001359846
1153.3242509235265,609.2834210261265,123.20261231751935,434.0372445144635
1155.5755678636726,627.1573825420592,123.20299633960103,434.0387263898248
1156.3822241538794,623.7147276074215,123.20497428176307,434.06712412302215
1156.8316405146654,620.1439591951387,123.20593226444149,434.07740007570044
1158.987649431024,623.4124984823537,123.20609065929372,434.07902541972743
1157.8368180150317,626.7148233642376,123.20690309989028,434.0863336828456
1156.2401644158604,623.9087955991245,123.20727983825684,434.0967179941998
1155.595830734239,617.5388915465405,123.20773752475738,434.10225314251966
1155.40430933937,626.3802830487742,123.2083532479306,434.1084712214263
1157.5260189061412,625.9659915234795,123.20868325608144,434.11546402724565
1159.2890166509135,632.6477961945936,123.2090461325492,434.118028429219
1158.815307910314,629.1765994145195,123.2107627298827,434.12769083778653
1156.1295176130798,625.2059807967272,123.2116925560713,434.1321447596199
1158.433244626893,633.5316240112584,123.21313955230978,434.13658190233485
1158.7384364828072,624.02274378065,123.2138969261059,434.139770219997
1160.9432281191762,627.668313627737,123.21482705439935,434.14283142303975
1159.669823754828,625.4906121774925,123.21524215020685,434.14386468317844
1158.3652673904646,633.4982778415326,123.21553229478155,434.14487551818416
1157.367615523195,623.1116225961702,123.21581587818248,434.1467168926982
1159.4624842936441,632.876776575532,123.21718370303716,434.148398985244
1157.8129098574257,633.2620859052765,123.21826929727615,434.15049798046
1158.8394128049274,630.8664131134535,123.21881388406895,434.15290218074404
1154.384466966768,636.5235761245713,123.22185379189368,434.1695288028567
1154.9991950991384,624.8913055393688,123.22648022597504,434.1858361780958
1154.3033189999912,636.8557515001397,123.2309943986042,434.2081771667101
1154.714706430276,629.2430300962961,123.2340246656555,434.2146487219559
1131.1600373544602,614.7273203593777,123.04616738271659,434.46845169493827
1143.7391766173992,632.1960032427243,123.03427786440733,434.54883571462216
1147.2061704712808,640.9709292747972,123.04653058175377,434.6086523821657
1151.502648415556,637.4418516392069,123.06064180135782,434.6262693423417
1152.160933539079,638.498237224442,123.0603867284143,434.6620663252527
1151.0043099336492,642.1506541871271,123.06425507689279,434.6804850778001
1153.2082719635928,648.3605852830502,123.0758275532608,434.6743439705486
1156.9415902292224,647.3549343312425,123.07992657192824,434.67750912489646
1157.3808314522873,639.9895352512076,123.08248291077922,434.683133334771
1135.0358982313223,628.9228303906706,122.8116254757559,434.7794165147072
1141.7713929004974,653.1890180063725,122.82031619874613,434.91505199497334
1146.2710077190204,640.3989051580008,122.85852686168816,435.0263560303397
1148.4758876794742,644.7741906065435,122.87370848054485,435.01131694020023
1147.3570947775984,651.7741546664214,122.90511514229803,435.0108871877539
1145.8625059851104,647.9519881649086,122.93015255050113,435.016848246352
1144.3981257829755,647.2199600227568,123.02286220594593,435.2075720540398
1144.916031348455,652.0759418436643,123.06087118912288,435.097834669549
1145.4810818131537,654.4096081815946,123.19254158102184,434.7782979569756
1151.7673249678328,656.1580194820303,123.28636176733,434.6598797349952
1152.6760568298262,659.1573873664126,123.33783362836542,434.58624238541995
1150.3955087391191,660.0088326091877,123.41929552480637,434.40863845516003
1147.8743931389456,657.1130261023147,123.44725594268256,434.3388074724766
1147.0240281134763,660.0889756252933,123.84762436032042,432.3990258123838
1149.74266599248,660.3438233579998,123.84602756120607,432.2001628474286
1150.0684119844007,665.494856968246,123.9235231519421,431.54727127085687
1148.2152384829224,666.1256994266852,124.28202913049958,430.4513646779867
1156.1928394984554,670.452901921552,125.07490258466287,427.41515712935416
1152.0516180787786,665.5574484212719,125.2264221528376,427.04812708004846
1148.7966891436067,676.5110737030155,125.45008712919919,424.34028600142466
1153.3258740569893,675.2583023920299,126.25852142535888,422.0190339990673
1150.2725687268917,679.8059055835139,126.4271390359329,420.40449806821726
1155.958859225924,681.9998963195823,127.34995007430597,415.64965921640555
1149.9002866822868,687.7576964746315,127.52571084608958,413.6892432706259
1156.6513377940526,690.7401603473922,127.7908453321531,412.5852559814948
1156.6277964778562,684.4623745628301,128.07994363925567,410.2547506234341
1153.6703952455193,692.7955363366783,128.32069863383683,408.5279021352469
1152.667552837324,693.6830999648934,128.83324370642282,404.3854521954824
1153.4399711914182,697.4811048818274,129.35206189783156,401.4163239610408
1151.6378186784837,699.1638631886648,129.9292525323737,397.21623032338294
1151.0089599110572,699.6146474235796,130.0298639061087,395.62939130568634
1153.8260194409156,701.6908200639123,130.12241654210112,394.95357443116427
1153.071919642936,703.5509742502434,130.21271998651758,391.92422408157336
1151.0223375411574,705.6964049882752,130.3358528866692,389.3822590851164
1153.63670000352,707.348620028492,130.4329717729791,388.35497820512217
1153.4876159453925,712.2396594159549,130.5910301713882,384.8288031510521
1153.7134817158505,709.6869195482404,130.93595142435657,380.8112817878482
1152.3485388872996,715.5706094945708,131.1625385604164,378.70162055363465
1152.8230915933848,713.4850723729048,130.86879110513226,374.95413286154195
1154.5112893356181,719.4273738221675,130.98033688577175,372.2615217690467
1154.2037552293896,717.8979764111166,131.01178711298067,370.64228514659897
1152.2578902187468,718.3867903404779,131.2366134000591,367.9645258715556
1153.992603170757,717.445744099549,131.5001419981442,367.04097336439986
1152.1667340666004,718.4335429236941,131.5300266164457,365.1061944781439
1155.5416796199247,714.9557959164465,131.7107762072764,364.43075473104227
1153.2238855443422,715.1307109063932,131.74842391349515,364.1939446720345
1153.0873908261722,714.5286611793153,131.7314363655729,364.2937354017869
1156.623676734491,720.773693619071,131.61671262098724,364.07301008373787
1152.8503249734285,717.7257281725595,131.4486820656582,363.6126904045564
1157.0495369935486,715.0805403077484,131.41164050985435,363.67787167998534
1154.6397498442354,715.6586748115163,131.25599460508107,363.9525226772941
1157.047306875185,715.0617815069935,131.07770276684496,364.0361105501491
1158.2135315649027,709.3242434976524,131.0992031726425,364.1849326778399
1159.036527057405,709.2106803877748,131.15833632742354,364.1785239356565
1152.8543095080313,707.4409559460596,131.1720462522206,364.2789073626964
1160.2614392207731,708.9577242816163,131.06096332515,365.0447445567106
1156.0704888190694,704.8957654763639,130.78643960615756,366.087274647379
1157.4674176373699,703.8231716552764,130.91991770869237,366.8404601838412
1157.096275742374,704.9359129306735,130.86014476889065,367.6708054891108
1156.9988483348127,702.7498696520032,130.81065512602947,368.78869421052906
1160.7834839179036,701.4906481990067,130.78606693943152,369.3058305827086
1155.612109501603,704.1269578641695,130.77576458642423,369.5284571859155
1163.8415602063712,703.9463564555812,130.7657939172444,369.6947092436814
1159.8131490886933,703.5794560945224,130.7321477459233,369.82735832061564
1163.0842314483893,703.9315452052124,130.73280634119774,369.9804053981169
1165.1180395085437,705.2418368715032,130.773718358096,370.1750970193775
1161.1870527464614,710.1927827502204,130.78906369317403,370.1505999381515
1163.3776421584696,699.7290166345047,130.86476305442966,370.4810710123566
1162.4112842155243,700.8281633423994,130.88029744846827,370.81884222135335
1163.4787347189283,705.1259602348621,130.8309040729623,370.9427318119775
1166.9868647797184,707.7632361695387,130.8469921073574,370.7783627047703
1151.2852320948602,695.444971497499,130.57133673122433,371.4231985521455
1160.246738769881,695.6315125059115,130.45755037092874,373.2377984486964
1167.3900622290853,703.3861634595255,130.7452051721855,372.4588527578991
1162.5058438666638,704.7069808029911,130.83675438482183,372.41082192037874
1166.5138341125219,704.8207238719418,130.85968857358665,372.4244975312443
1165.415869091876,704.874222567282,130.7611707160134,372.65257283677295
1168.6091881110947,709.4499160862633,130.84537980739765,372.6724924089177
1166.7867555581258,706.1645235491305,130.97647457146252,372.2050804426252
1173.068964961545,707.2947475509827,131.1025255064456,372.0473386328449
1171.4055944573483,711.9245030805571,131.12791067606307,371.9964667185937
1169.2649305399427,705.6138114818652,131.125494652537,371.9096704421003
1174.5899300533326,711.2137175011139,131.12566213729275,371.8800444463887
1171.7651111817254,709.2592549052788,131.2226050829911,371.7647506019566
1171.371084205167,709.5719303915266,131.24321055121018,371.72640542350916
1176.4378689159016,707.7826901885369,131.02400689817375,370.95621963838767
1174.8981049879742,697.5997869556699,131.0649147589115,371.1385925714069
1172.5067573955214,708.0951847076155,131.28142828411885,370.7624420717881
1172.766219569288,707.3715665132013,131.48224796324635,370.3349673047252
1176.5766368729069,706.1460678309647,132.03045785063742,370.13969701668657
1179.2609625220082,710.2514881142663,132.29730793716985,370.1591049013163
1182.1555224128779,711.2309139615093,132.5234850914658,370.12645204697185
1179.5405295225453,711.4085248992553,132.9341273052363,369.41666300133636
1179.9157661640115,715.5464715885528,133.25405902871245,368.73936476510613
1182.4424484834567,714.5444244690873,133.69854147005276,368.2632370172663
1181.047564343371,720.3889102234446,134.10492313828595,367.4109487818674
1183.306348657828,719.4852661899927,134.7353504581634,364.5760549754496
1183.767044344028,721.9069279269504,135.0405319569716,362.75677029319047
1185.102421496919,727.8127733232859,135.43088242566435,361.4644419501656
1187.1855087135032,720.6084657908358,135.47952742380113,361.0936638189599
1185.1955140638652,725.23441981269,135.52320380918272,360.3202532804393
1186.0904738146985,728.9034918400096,135.7237299213772,357.6232573161628
1187.6818010080297,728.3481229898987,136.0862465571297,356.2512422163968
1185.7887905331913,727.1483126340723,136.1014185173201,355.43678545536267
1187.304096599849,732.2137294344395,136.6120945214405,352.0742690772237
1186.4534494628488,728.3433442811059,136.6318114705735,351.6086528177286
1188.474646659833,732.5583770913329,136.68980894138184,351.23860478302913
1189.6489268788114,729.6186103932134,136.80334281037082,350.8479856104509
1186.4836666716549,731.4435864064541,136.84414411991702,350.2014126904913
1186.6428467749981,733.4419972209708,136.83155407199814,349.34295466123484
1189.033695860758,732.8235338443076,136.9930078513149,348.04251573958885
1188.8817535736164,731.7994273256062,137.09887771922448,347.7251272373798
1188.3508100644021,729.8917362055612,137.13823430113717,347.4111907633281
1189.5624390275643,731.5848282930575,137.3083120033226,347.13053303563146
1187.9740232086428,730.2985620246894,137.39646957271466,347.28893726883985
1188.0615972145645,727.4073687289585,137.63133690549103,347.48504828275634
1186.9775770873277,722.3685007874153,137.76857109535885,348.061168641551
1187.0909150692717,723.5393825974261,138.03554830968605,348.2758859060814
1191.128036481247,727.5947615825045,138.06995092488336,348.1772615342523
1188.8843972390325,721.2211835317207,137.98708952436357,348.64280047120786
1190.1246054160868,726.1460563428438,138.02800948731732,348.6421768963861
1189.6426600727652,723.7320709718038,138.03898581677507,348.9899630834125
1193.6805983855954,721.9091518067839,138.07737272566035,349.0523973492737
1172.6627761217749,704.4129070557814,137.61624067249107,352.36221816536573
1187.328347404412,719.8854987187893,137.61843207633305,352.37458488817794
1168.7295970802938,706.2011625881497,137.2117304540614,353.9406982505313
1181.655435220536,709.1953180002351,137.14515511046713,354.68516979025213
1191.6783983963696,719.4660922846698,137.16353692530342,354.7593572290732
1191.6407672940322,712.0838533304977,137.20977487172226,354.9766864328884
1189.5748208840228,710.778461506559,137.27567390588322,355.4268994592756
1187.92892972107,710.3165352479318,137.30889938898466,355.5777120991152
1186.6546914180458,702.2096279001844,137.35083474289695,356.0280866624688
1188.4277217965366,703.2381032697874,137.418566882186,356.4836950987541
1192.0758222314425,707.6555250249869,137.42301660899284,356.5192863494026
1191.720541029829,713.0813345328548,137.45117431527828,356.63059133726773
1189.6266716594964,708.9908404235555,137.53860702185563,357.2318199580882
1192.8323614012015,706.9370189321319,137.5864942010432,357.42856163287564
1189.881664835466,704.0129826748281,137.5733847118171,357.8342785147012
1193.579725104197,710.5243117296897,137.67171045197358,358.1384608056739
1192.1607008238932,705.9761182057125,137.653289858223,358.8209293584499
1189.5319358208594,701.5557699850825,137.64613375665536,358.96504586654345
1190.3704715912852,707.8815103606177,137.65421450805508,359.2894094987129
1191.6039410326766,700.6568782192066,137.70291540722414,359.8538633338421
1189.8622816577215,707.7861824169037,137.71189276461766,360.00523189767654
1189.3400003355364,701.0386719315129,137.74224196618505,360.3852483289684
1189.8739430874948,694.1542946155495,137.69783282449697,361.53703480598796
1192.6545140980693,710.3425733462377,137.7524744947539,361.8329970284495
1191.7820309396725,697.6085769129321,137.74618947163523,362.18012693424515
1191.7962251830338,703.0597296667872,137.7604239758188,362.56289375319517
1193.9424333419345,702.5140080419617,137.75169429589602,363.3033485849823
1193.7771276645844,700.692987786709,137.73907692301694,363.5672732030776
1194.4720590982445,696.1084398854589,137.7591993595755,363.724663607018
1201.7265558029726,698.8290840112318,137.7755879920506,363.7508097617528
1197.3949319530816,706.3149244602266,137.79098374786298,363.8330801271909
1198.807637842041,698.6814815644175,137.77868852038958,364.0848683007061
1195.397825381609,703.71090468779,137.78862868783585,364.1585560810606
1196.7475866749642,698.6966544275169,137.80713059338888,364.4165745383134
1200.6524859699493,703.354357557931,137.85147705346768,364.5668350484203
1198.2448070123378,699.3562488256928,137.88706077969513,364.76793704201066
1202.743594755872,706.1121432646892,137.99683754940202,364.9043825313883
1200.706154602441,701.4058344623216,138.0117589214799,364.95652364228795
1200.7131758240394,702.2283671843537,138.02261890957763,364.99080523649286
1203.9537188594722,703.3273895391775,138.0514276865814,365.06077543468217
1202.7766008581193,703.2876608093802,138.26303335061866,365.3841236864081
1208.5061089240726,709.9393507681989,138.27237239754496,365.38635633285764
1228.1722049149187,701.0174156105148,138.06491338704416,365.32522596158043
1211.9010085932302,712.1231990077342,138.06446698012815,365.31809451565243
1212.0582029821458,709.7868650951749,138.08291712503595,365.36710129951115
1228.8936380699677,711.0595113229614,138.04234174919722,365.30857780489106
1217.0483204823222,712.6162200880501,138.04737282902877,365.3114284326724
1214.411322971586,711.7859527111557,138.12541400452352,365.3124662830419
1217.082644975613,712.3420396780721,138.14347871000112,365.3098864558833
1216.7798754355877,708.7580171542226,138.16121865818135,365.28947401456867
1215.624492246183,709.9725443725449,138.17599671568618,365.28822118696314
1217.0583085244245,710.4856575241964,138.1892442766197,365.259237393979
1215.4438465598064,713.2351769976401,138.20479073011745,365.1910170048309
1211.4582901226645,710.6594616009145,138.24021367825398,365.15064434292947
1210.5046017617008,713.814688007938,138.25924229761168,365.12981908091484
1207.8346054869646,706.9868553391705,138.3707764425431,365.0668421836477
1213.3031132157664,716.2695787599228,138.38449893812563,365.0392028067426
1211.200686857196,723.5204155559537,138.45845270278238,364.88128875142394
1217.6857991091742,716.0761552324255,138.48255860501453,364.84218278867803
1220.2003702009351,727.2153833951179,138.61108215101567,364.51815227506086
1225.343488551357,725.0838486426793,138.71509470249106,364.20274201309235
1226.8549424195228,725.719725086661,138.89085616133465,363.46227077519524
1229.7132893415371,733.7824825043581,138.92444841960085,363.2754337275818
1254.8986728614427,727.8512014292479,138.62624073647933,360.9785176902412
1255.1439877632213,738.2899513320232,138.6258909650799,360.833464555223
1254.1632632186806,741.2751392298819,138.62282174552197,360.40803972157204
1252.4995159418404,741.867378891607,138.53596078276865,359.19007466887456
1256.2806996541642,746.1369563993127,138.55615151318074,359.01624844222056
1259.7310360039764,746.4781269171915,138.5661667369875,358.93476233972484
1262.7092966036062,748.4008655862444,138.57010906159292,358.64471970544577
1265.2367610441263,750.0781968965509,138.58382518101033,358.3371016004425
1268.1330423351635,749.4555997383361,138.57846066564764,358.1259596570302
1271.1654217683129,751.4071428052054,138.5636647967855,357.8515482688515
1273.5229812516848,754.6379207403269,138.56025866726085,357.71238772331554
1280.7727991344746,757.4720240710294,138.5627534101041,357.6577050220239
1279.664844945858,759.1163947797168,138.58239632827653,357.5831762606703
1283.624296496832,765.5695532019002,138.59212405518588,357.53319314890837
1289.715576341905,765.8727961307288,138.60288177837003,357.4920547839461
1290.5358110197624,765.0692185854243,138.60934597825837,357.46644505827084
1294.5007744471532,769.5438328869561,138.61306866342434,357.4527108781199
1296.0618279091384,772.2810040211368,138.62130708399732,357.42108902296656
1296.890116574503,776.111282119709,138.62403413368466,357.4117326434796
1302.5145953255023,781.8925041215459,138.63629756369303,357.38761681058213
1303.6400985926753,783.1150894399341,138.63739078177335,357.38382858194785
1309.0216890632946,784.2816954758498,138.6379818513376,357.3820047452086
1315.1751557180567,785.2643996581452,138.64252429559775,357.37403461113246
1317.0933973227502,790.6511973026801,138.65487059403844,357.3520519853316
1320.951934585737,794.5590554542213,138.66243214594567,357.33834431109443
1323.8834262625464,799.3284734317468,138.6724980515128,357.32053210634854
1327.4524719461429,798.4365344416052,138.6765861734559,357.31365612602235
1331.1936761657462,799.9191351327245,138.68482886492535,357.2998223604373
1332.9938360867711,802.3505268653498,138.69865120236466,357.2749466863243
1333.6565515470354,792.2577390489226,138.70110376381535,357.2652060044814
1332.5243290397386,780.197574768047,138.70083119952108,357.2627013142794
1337.0974490129395,761.9090994334988,138.70006664069263,357.2588986569598
1344.514104757291,741.1336639089745,138.6998850348019,357.2584276955103
1350.97923424186,729.2494408475574,138.69918958800287,357.2577373895117
1350.2193950742255,719.6173241201224,138.6987473025441,357.2579403878387
1349.465183007473,711.527844466515,138.69827878067693,357.2580514284519
1354.2855199427304,713.9575197906071,138.69808399799152,357.2582116788579
1359.80804303582,716.8242315419129,138.6975391164389,357.25872019452606
1366.0831747255056,716.260612022189,138.69700508429668,357.2590287587392
1371.2745716180225,713.1682398534315,138.69644396527832,357.25966293161173
1374.7320386009972,720.1542326297457,138.6959120073856,357.26057776960835
1377.4869865170826,723.7794735123587,138.69547567075915,357.2611574438965
1380.5728894886247,721.0228876292699,138.69482565724033,357.2623644121004
1384.5736584142667,716.0140424029472,138.69435973588796,357.262878236633
1385.1120154628484,708.88106127987,138.69378246619365,357.2632488613886
1388.877138299546,689.050123717745,138.69353795628112,357.2642467578554
1392.4986927977013,684.1331134208086,138.69337844574926,357.26469782505575
1398.3787529699937,685.0104103482466,138.69328312557846,357.2651287609436
1400.4291687318998,692.3085500992094,138.6931634242759,357.2652371221773
1405.3993756484954,682.9502967171195,138.69282260439047,357.26607234705045
1410.0186902537748,684.197793535899,138.6927550240807,357.2668784893833
1412.1097313245757,681.872769165416,138.6927293094808,357.26725424527245
1413.7966767151074,680.2970766834669,138.69262140157105,357.2676930688812
1413.8226892025036,698.0517459831249,138.6926139180895,357.26771192195787
1417.8159876649033,701.5451859288748,138.69259593463528,357.2677767059035
1424.1006625299087,700.0171374896307,138.69252206064266,357.2686036278031
1430.0043222409597,705.033960992833,138.6924545687776,357.26897036956746
1434.137610615948,702.2257027726018,138.69236017201146,357.269843308748
1435.1381133020293,708.6869016443862,138.6922488695203,357.2704745111021
1439.5845251462931,710.9447796701735,138.69219785555313,357.2706476816345
1442.302204315355,715.7309373630294,138.6921465433386,357.27092121651594
1442.343266689706,712.0864562427474,138.69213085105022,357.2710918005858
1442.32050207476,725.2601566569082,138.6921382665661,357.2710821008042
1441.1155081199367,728.8644855764015,138.692158992146,357.271072466621
1444.8356520363413,719.0819589671869,138.6921988036849,357.27100117333157
1446.0396216742408,711.9092764312481,138.692238301003,357.2708986777652
1441.5659745071673,710.5431724692337,138.692303249774,357.2708268242673
1440.706723511698,709.6824745346294,138.69238723858376,357.27074411204745
1440.8231180862012,704.9977524537875,138.69277925324616,357.27038007670967
1441.1124948754139,701.3413672162504,138.69346102333157,357.26971976565096
1436.1112378031398,697.9238531162728,138.69424043429808,357.26887245443675
1436.3271457828275,702.8724106806125,138.694538360802,357.2685297104011
1434.4795254041476,706.6374500740462,138.69482758389094,357.2682155757858
1428.123852031224,715.8161249361029,138.69510140798502,357.2679424965698
1425.9662891511555,719.8672686730833,138.69538923553543,357.26767337893216
1421.063876172391,718.3033922996486,138.69556107166534,357.2675376847158
1420.0328602419822,721.0761505129665,138.69566275288722,357.2674452426076
1415.4534822580029,721.9141961680244,138.69578548872926,357.26735166656164
1414.6599978477047,727.8773031464956,138.69580627217772,357.2673261785523
1416.2896033758623,727.312933176013,138.69606853968466,357.2670964501756
1417.1592081988792,720.8321006762146,138.69622876288284,357.2669789943278
1414.5814059162437,718.0332383366886,138.69649790182368,357.2668013754064
1413.3831895187095,721.2602410500132,138.69664063303406,357.2667105910912
1417.7217415275627,724.8707683068687,138.6967931994952,357.2665980977964
1417.0357789874804,730.6027175973034,138.69719418412419,357.2662310110676
1420.0838976180635,727.6159514752399,138.69740772862212,357.26604318149487
1425.8566648301517,737.041419118889,138.69767160614248,357.26576821829315
1428.321601019676,740.05137001562,138.69801315531618,357.26538432339055
1430.9391644616767,742.2896532734126,138.69851535304144,357.26480333484415
1432.4740183046185,741.3328544862765,138.69895732726803,357.26430109660873
1431.169414453043,737.4429618430904,138.6990634965296,357.26414100944567
1433.38930980936,738.3317282131663,138.69916173805828,357.26399207361504
1433.3359675729714,737.7390375419916,138.69930181306378,357.26381557370985
1433.6398244200268,742.8119243181366,138.6994431409064,357.2635784441495
1433.8428117839592,742.2315156525892,138.6996880742778,357.2628096098159
1431.6794213673102,739.7887390215947,138.69971290705698,357.26267218271835
1431.78162582878,735.2297255540777,138.69970838291596,357.2625035839996
1431.3267619935098,735.9719761393602,138.69973500412883,357.2622516476342
1434.4394836886868,723.8075030574107,138.69967441864543,357.26214774744636
1431.2856107745565,708.8228984924992,138.6995083740423,357.26208617109256
1427.446573016059,695.6928221354992,138.699477583054,357.262143288779
1421.2983148853773,687.1943067338298,138.69945167675368,357.2621552780312
1416.3846600692816,685.6497742404888,138.69943834904518,357.26215781239677
1410.5005553253955,683.2658529633501,138.69942788900255,357.2621623654229
1404.463370201229,691.8711526055774,138.69942679944447,357.2621419994252
1395.7027651308558,705.022108955366,138.69974002857018,357.2618936522652
1389.6795895569826,712.6004371705126,138.69996004228344,357.2617285015741
1392.7423166840356,720.8445991069239,138.7005820096431,357.26117470931774
1395.2749130436605,731.942329788658,138.70087286049247,357.2608923314453
1400.6261245820544,740.1411862648685,138.70151470222268,357.2602187924765
1404.8064853411306,753.3906594994959,138.70385795000047,357.25769985923233
1414.764070871664,758.6669695034986,138.70738043141426,357.2537363148499
1427.1784884549263,760.87828982379,138.71034954040195,357.25021074079547
1436.3033334524298,770.5913636171142,138.7126527247167,357.2472046336393
1441.394209848792,768.7666871277075,138.72779267033462,357.2312636804916
1439.1712990252217,773.7484495702892,138.73363047271758,357.22473952775016
1438.267951783573,764.3942174867593,138.73435059173488,357.22387218235883
1427.6423756100169,748.3331104460166,138.73435471496995,357.2236001493422
1423.873991524768,738.7222786768385,138.73435158801288,357.2234790960236
1418.2449722782787,723.8367245647568,138.73418752819578,357.2231697023892
1412.691028315155,710.1186233863148,138.728043662756,357.2193581737751
1408.121816476757,702.835007733335,138.72627912238946,357.22071251898035
1399.1546294953623,686.7269235221069,138.71963593429987,357.2296436977842
1393.995526112923,674.7609271856923,138.71607107747437,357.23774339576005
1393.5301167385408,672.8808946558956,138.71541508096496,357.24018216026354
1395.171045447794,673.0878251929818,138.71532169291493,357.24047573487206
1402.940039121182,671.4459477324874,138.71526674207436,357.2406491605757
1409.3445317579365,682.3584185416726,138.7152509662461,357.2406987684016
1413.2042748594306,688.2961279203387,138.71523383369234,357.2407673386451
1419.421556079423,694.9030563560196,138.71521595700094,357.2408386899395
1422.4172326594153,697.3876186574022,138.71520772575778,357.24087702815336
1421.8877427059833,697.1159086454385,138.7152049027098,357.24089688366183
1423.2378746285956,695.1501935515153,138.71519311360714,357.2409639657343
1426.442482332875,701.0287949433824,138.71519077114962,357.2409728671807
1434.2615163242024,708.0963557946646,138.71518812662944,357.24098967627395
1432.841309461034,716.329119144062,138.71517922265636,357.241014353822
1430.561244606832,711.0828045525008,138.71517118234215,357.2410793355896
1427.8564423435334,715.8190703040123,138.71516543748515,357.24110680778637
1433.958385188001,721.7382090436931,138.7151467071681,357.2411281260321
1430.5908561408703,725.6690722067759,138.71547312723536,357.2408386437384
1432.3964038632603,730.8886024514126,138.71589988017857,357.24045975694315
1436.1724454066612,738.4288331679647,138.71629081528886,357.2400287651231
1435.7343600124539,741.8859578878779,138.71709253174262,357.2389239137672
1433.3165270805791,750.118421277868,138.7182585595241,357.23708040099893
1444.1894936656201,757.8378022295329,138.72414309268913,357.22806512547663
1453.1093043937951,763.5548393522951,138.72701469359035,357.2239530381555
1466.3145203753083,769.783525456194,138.73035912826896,357.2197744949084
1478.1865533867726,778.9258583658285,138.73309066698567,357.2165990015672
1487.343079620862,781.1640371718622,138.73614118037446,357.2127846290932
1511.3677590167965,771.209066539938,138.7401118562788,357.2081655749485
1528.5682529182236,766.378894758973,138.74192556709676,357.2061317793954
1546.5918350356303,763.7215595563913,138.74274640918742,357.20505540034884
1556.3291755106397,763.325993494861,138.74453068438837,357.2029675994364
1563.574223687017,762.4113132371422,138.74526379940733,357.20203362501337
1578.991725572111,763.0566010136652,138.74620515861415,357.2007771103585
1584.8541536126697,760.9736996690958,138.74687397984022,357.1998889730812
1592.3121016821676,759.6738707487075,138.7474579052362,357.1990569590452
1591.770133744128,757.492820301191,138.74790925086634,357.19843498039046
1598.6398200865394,757.8779510925574,138.74815868213267,357.19808403122175
1599.6552076927453,759.7630052488645,138.7481542483771,357.19782096587625
1602.2972534341582,753.9678398571243,138.74828775258112,357.1976318442661
1606.6274405573379,749.449238969288,138.7484111716272,357.1974514940845
1604.5766994432906,748.3068714938472,138.74840290213265,357.19738710757895
1600.3426469810604,751.1470011387701,138.7483977420592,357.19731075154044
1603.25954136844,750.8093770442579,138.748520863052,357.19713114610835
1599.8427157451433,747.3326783373625,138.74851770595905,357.19701350710375
1599.3076018980087,750.8084977740173,138.74852647952036,357.19674678040053
1599.9950304386107,757.228216213601,138.74852885056424,357.19670065593306
1602.878187067174,761.1887034604922,138.7485286694568,357.1966522562057
1607.2127575277536,758.2731380283675,138.74864300495005,357.1964861996787
1606.1903152153095,749.1530310755429,138.7486470012525,357.19643902744707
1601.1488728698164,750.670172120148,138.7486507184231,357.19637691847663
1599.2769319790882,739.2301388157282,138.74865151271192,357.19633183298043
1596.9504037597776,741.2434584063243,138.7486556213162,357.19627918438096
1593.6162251501378,738.0906153292949,138.7487494052321,357.1961472575377
1596.0115324322005,738.86275979508,138.74904603876908,357.1957781276794
1597.8373437651505,739.8213079996538,138.74928623259484,357.19550617856163
1602.3445825578337,741.6003651858124,138.74943228919625,357.19532394468723
1604.0251388537934,741.5902523902547,138.74957701195902,357.195149464286
1606.242740751836,740.9018774100505,138.74990149422447,357.19476545920224
1606.8552201928421,741.9310519715427,138.7503826375419,357.1942347489986
1608.196647022209,739.8191275509134,138.7506137051419,357.1939510524152
1611.111837580935,740.8260504504262,138.75108700358365,357.19343118303146
1613.484781266927,740.9284001845415,138.7515375222241,357.1929604438105
1614.6477788535212,739.8264843091466,138.75181483667643,357.192649385686
1609.4784296951077,739.9491156208449,138.75226108593736,357.192209547548
1607.0271807499494,738.8477973871536,138.75252632931188,357.1919282006756
1601.8366310775466,740.3251424347498,138.75267951475445,357.1917776429132
1599.7619427200539,739.8553688771191,138.75280095401362,357.1916410228038
1595.5817538699716,737.1992872028795,138.75294725464187,357.19148366205445
1590.0859268680488,738.1212693411476,138.7532358257484,357.1912000057118
1586.1836668499784,736.4797485174863,138.75386944831487,357.1905666976663
1583.1263710768526,735.2059411702155,138.75419650634643,357.1902590193899
1580.6086164011722,732.9825829113735,138.754531011058,357.18994403911864
1577.2835414991266,733.870398074039,138.75494870226456,357.1895404260144
1572.7997953844665,733.0946580563525,138.7553951475886,357.189091583557
1568.3610600733475,731.671328246257,138.75587163683096,357.18861971304074
1563.8254254181345,730.8200530721922,138.75642790404376,357.1880706911674
1557.6167705972143,729.839620908731,138.75653459636035,357.1879468541418
1552.9436033247869,732.2115410040426,138.75663481962098,357.1878391159113
1548.2464755303652,733.6492534481124,138.75671201796143,357.1877611268043
1545.8144357776657,738.6656283673674,138.75682696571286,357.18766891158526
1541.9134503583482,741.1710935843538,138.75697418831973,357.18751928892226
1538.8876673271818,747.9483375234497,138.7569932001766,357.1874680943851
1539.409991872557,744.7437854068285,138.75706511677336,357.1873878717561
1537.0365869122786,754.3300781951143,138.7570741378244,357.1873601259949
1539.808324029592,748.3917217401255,138.75716946801674,357.1872543790512
1543.8931115813953,747.8891600753278,138.75724825692737,357.1871705276696
1546.00032955508,747.8661410069012,138.75736948042604,357.18703829945747
1547.7694601751205,746.2593199921549,138.75749124739468,357.1869244829266
1550.0910705947676,744.8640751745249,138.75761194939042,357.1868052352825
1548.5078068817388,744.8488708774374,138.75776898360255,357.1866624405978
1545.8966497480678,746.9437758582089,138.75795295233,357.1865034914753
1542.0300488630014,744.5845324191446,138.75815158296692,357.1863171403866
1542.4794794931568,746.2252096811568,138.75825931727354,357.186215477385
1541.9281250973768,745.0336096825542,138.75841354912612,357.1860555655325
1540.381332074548,747.3328216996028,138.758516862011,357.18595726080537
1538.2914616567664,746.5812316782936,138.75862694119564,357.18585153777593
1538.904234759878,745.5296302866034,138.75874022460437,357.18573229204287
1536.5211034512515,743.3121767152161,138.75894535055463,357.1855217132596
1534.3224331050621,741.0657657515178,138.75910167098536,357.1853612531136
1531.2034625112926,738.9234568013942,138.75930901758207,357.1851543051858
1526.7974867891678,740.4865138780605,138.75956822397757,357.18491943957287
1523.2049393925006,741.9428601345393,138.7597484283838,357.18475544147736
1518.81292850593,746.4034819445587,138.7598871067376,357.1846372334257
1516.8455515543822,756.1562667161281,138.75989379074747,357.1846104454139
1518.5486023220537,754.3492628158891,138.760045116427,357.18446962910116
1516.9913422992051,761.7340954856018,138.7600498575589,357.1844518879426
1515.9314867291673,766.5942998444734,138.7600641420893,357.1843896210047
1520.915479697347,760.9165387720184,138.7601530043138,357.18429519639585
1520.0088399848908,756.2299764836771,138.7604127959334,357.18405246350807
1517.852401116367,759.7660877337817,138.7604238452063,357.1840121417962
1516.1789895202412,756.908764302224,138.7605525680061,357.18389774773993
1513.7635928483082,754.1963922451872,138.76075089539248,357.1836960305147
1512.2037943409646,751.416374489,138.7608820821377,357.1835685218016
1512.6201362845215,748.4643317737281,138.76097915224574,357.18348105500644
1511.3998053131431,747.6873955604746,138.76111580165244,357.18336287902025
1507.233145053776,749.7308334615254,138.76119581135362,357.1832933742207
1504.671685280009,753.7464668264842,138.76119961410615,357.1832795053263
1505.9190831651645,755.2338907674016,138.7612449425804,357.18323316386625
1504.8583100268856,760.319214101417,138.76125043430216,357.18321695085245
1505.4289936519833,757.0951152381507,138.76132834401903,357.1831419723068
1507.613019003889,753.5927887215081,138.7613954495036,357.18307384088877
1506.0498474306307,751.4574056127378,138.7615770207025,357.182906430347
1504.885605341502,751.0670762611994,138.7616920583349,357.18280716976653
1505.0467035942345,750.8660901454834,138.76193504461898,357.1825778082762
1505.1383922781831,750.6040288355673,138.76205939715024,357.1824655371707
1507.3411077992866,750.7490291189035,138.76216977492612,357.1823668827104
1507.8487069340317,753.0385182124218,138.76233674839403,357.1822237062026
1506.8369552352744,751.658855329084,138.76255332645036,357.1820334721305
1507.2202231373597,753.3121642763937,138.762798971598,357.18183089695395
1505.9075030128668,751.0122318499016,138.76324088951387,357.1814712550041
1506.5555569945059,747.3792975665856,138.7632684710124,357.18142871934117
1505.3946037085866,745.6970528580562,138.76350355694996,357.1812271173418
1505.2599789669766,739.8708740514624,138.76372664151128,357.18099683990437
1499.828050531139,743.4632443704883,138.76392079345993,357.18082651435253
1496.4865772170065,741.9471785874465,138.76404328689856,357.18071578230973
1492.9761441844103,741.9031649958888,138.76414976957128,357.1806163283837
1493.7820784101134,747.6335484543334,138.76416424319848,357.18058091784195
1496.259444549735,751.6746080256867,138.76418393233897,357.180539755177
1499.6086279048868,742.9147570847211,138.76430068913757,357.18041856276733
1498.5162500143902,746.7856507739626,138.76430591318518,357.1803990675851
1496.8454707219614,745.6079110540009,138.76466629209452,357.1800535601516
1492.154886681469,745.7455642185863,138.76480905874865,357.1799278390146
1491.0668080321234,744.9444255718221,138.76496242448678,357.17978933244854
1491.071804481973,743.1821425182164,138.76512672250138,357.17964383077305
1492.2751696547268,742.4897310556014,138.76539048137903,357.1794054919652
1488.1232318036127,741.615193316627,138.76558004163954,357.1792356839259
1485.5902292258395,744.8093785764497,138.76579120609708,357.17905352640213
1482.6843908292174,746.7619657243472,138.76603849876156,357.17883628665277
1481.144269601049,745.9969231335706,138.76631989362068,357.17858747238694
1483.0294348744976,750.6123185923204,138.76633646510106,357.1785428241134
1481.6085829074905,750.9007639730445,138.76653820947914,357.17835775686376
1484.5604528683905,743.4242440667958,138.7667332432762,357.17816098946616
1486.878300363998,738.8395093636698,138.76687342280695,357.1780098818022
1486.2430622837742,748.2518593223816,138.76688194428505,357.1779922000962
1485.2277958424168,750.7305604112282,138.7670228954663,357.1778739960969
1486.435674071303,751.5096947513852,138.76726966492762,357.17764903412103
1484.3520076315408,750.9817365790294,138.7677581764709,357.1772244459865
1483.2356090041092,755.2305429363216,138.76777878948843,357.1771836765925
1481.4344222447598,755.0623917293588,138.76796968146311,357.1770097347272
1479.6476253243206,759.8948156256503,138.76798397255197,357.17696067871634
1479.5386476505953,759.8822308224808,138.76802618411662,357.17688778132293
1479.9937053026972,756.8908196863716,138.76833570844195,357.17658961210446
1481.0889655703077,761.5694884189046,138.768348095966,357.17654432233144
1482.3886853946997,756.6598790244093,138.7685359419936,357.1763709070374
1488.1451602075083,738.8024543713781,138.76868121841528,357.1762162458146
1486.4430901013766,741.6391136135106,138.7688581032706,357.176064036574
1488.23825789937,743.2679280447403,138.76888887080938,357.17596490967975
1487.3464319170696,744.5762218850266,138.76919430163468,357.1756973623163
1485.6097412731058,745.1611499386419,138.769458476449,357.1754790543489
1483.0968834798093,739.481964055291,138.76971238930534,357.1752006135311
1480.4274156528395,739.4150327706069,138.76984046038987,357.17506508691014
1476.8831259416672,740.0714300092563,138.7699656362132,357.17496265577665
1474.302420774018,750.7720913023684,138.7699766070403,357.1749137969696
1475.2330960339052,749.2819687170453,138.77038336570837,357.17455026590983
1474.208534067705,749.8172240752726,138.77054518186748,357.17440724335626
1474.1752741196792,753.3846172544645,138.7705606218161,357.1743774500664
1473.4430836235435,752.2627039972097,138.77073646825156,357.1742204574198
1473.2706317711356,749.9306905297392,138.77086202274714,357.1741085984153
1474.3696049705939,747.4493381868697,138.77100808446326,357.1739808332877
1473.4551228807338,751.2468186596515,138.7710526150592,357.1739023759748
1472.3187067345045,756.5328922943413,138.77107397154356,357.17386242165867
1471.9038258718674,753.0470046843516,138.77122594511638,357.1737176282105
1470.8951626594812,753.8807950681337,138.7715159319003,357.17344852904205
1472.3755192920773,757.2950013598448,138.77152535156847,357.17342797442853
1474.265782621128,755.9025813691323,138.7717925987255,357.17319562919334
1476.0616979865833,753.427220775616,138.77195591497937,357.17304391812416
1478.1144333898442,748.6452903646938,138.77215460690147,357.1728330846952
1479.0926998829943,740.0827302391156,138.77225173134167,357.1727416201535
1476.3218386670114,740.5767071313242,138.7724020693439,357.17260047401896
1476.8514689671063,749.9517686307051,138.77241149345406,357.1725728426887
1475.8199312867716,749.7534552864138,138.7726060996526,357.17240250010707
1475.6301486183008,752.5802386571349,138.77279714112075,357.1722423786906
1476.2828510165978,751.8101351239834,138.7731707287356,357.1718946831069
1474.2564024992948,763.1083729367186,138.77318556882256,357.1718641412546
1477.068544929808,756.7145740175465,138.7734343610555,357.1716259047697
1478.8631793959428,754.9100913203699,138.7736525045915,357.17141919333386
1483.226529056208,747.3079601269822,138.77377603714964,357.1712729344794
1480.6581973348286,745.8934356955453,138.77402352150392,357.17103164575707
1477.8220054122214,746.8690111307275,138.7742734441412,357.17080850976777
1477.4247302088163,745.5735822449466,138.77444431861431,357.1706633401979
1478.3521133106365,745.5495334175505,138.77469983013813,357.1704414056435
1479.3970570730226,748.5689917501235,138.77471470633665,357.1704089034004
1476.008367532304,745.9704042490949,138.77494887886849,357.1701990711678
1478.4823065170108,737.297188422308,138.77503223986878,357.17011125452694
1475.7289828685232,741.557683265242,138.77513017847616,357.1700308780462
1473.9909547834068,744.5544104032165,138.77526042631524,357.16991614067143
1474.7794194143355,743.9313652547406,138.7753801814103,357.16981565126133
1473.007617721448,747.2083376141709,138.77554203314273,357.1696643627293
1473.2724362917672,746.8626979865201,138.7757119832636,357.1695118572429
1475.613809850409,747.9501697173871,138.77616760951,357.1691024779216
1476.6969021382708,746.4705883053801,138.77632982219302,357.1689612076209
1476.5084484383706,757.5775334976181,138.77634626463816,357.16891893715876
1475.8044278143273,758.821325011043,138.77646166853214,357.1688113055116
1472.2436936745476,757.8595624759795,138.7766173298359,357.16866226904057
1478.5592111935157,754.4459061098678,138.77671918612555,357.1685561970954
1478.7921266046483,752.2817014539851,138.77701403095566,357.16828737775717
1479.294078871813,754.0362528829313,138.77733224728985,357.16801983556905
1479.512569517196,754.5586864316497,138.77758249720432,357.1677945905111
1481.7725849519404,751.5721804980901,138.77785296972576,357.16752507411604
1481.326078854697,751.1145603448502,138.77818654578124,357.1672192613825
1479.7933257124184,751.2666450939079,138.77857714010742,357.16686837655817
1480.5736822763115,751.680377759762,138.7790750022734,357.16641355720174
1481.6231128614852,752.5513504965645,138.7795766821151,357.1659199430709
1482.6852173001457,751.6405541868082,138.7804841530605,357.1651035288083
1484.086670926011,750.2898413731966,138.78083841980816,357.1647590888164
1481.627869428882,748.9162358606591,138.7814954797709,357.16417477049265
1480.5311482004709,754.5553910294304,138.7815280168542,357.1640683971833
1478.351560238645,752.8990988271472,138.78206565391534,357.1635405428385
1479.2301837087182,752.1046190612938,138.78272944222374,357.1628657752673
1479.9454929746132,752.7988174494335,138.78304843904388,357.16255496032966
1479.6537426364996,750.3262604163849,138.78339443692641,357.1622129984422
1481.3207872267496,740.879714363303,138.7835273347497,357.1620918325112
1479.6496487565983,741.3550361512264,138.78401526786527,357.1616781398583
1478.3591274750431,742.3216497250129,138.7844044019443,357.1613707329623
1475.641125985049,739.0558671730923,138.7846979054617,357.1610750084036
1475.2647017055372,740.0316946052449,138.7852332082215,357.1604543323692
1468.595376633632,747.0226196018092,138.78571806882874,357.1600973354563
1468.0153512193328,748.8728174900954,138.78637260664794,357.15952946835364
1466.0460850139511,748.3214576927902,138.78684831002923,357.15913255066545
1468.3188434417766,745.9289784056142,138.78719699011413,357.1587832408011
1467.2309736578172,745.215640165544,138.78775826861957,357.1583268760166
1468.734554063967,741.5607200800081,138.7881093104921,357.15797398525984
1468.5385898069965,743.5627138942443,138.7885182481219,357.1576255779788
1466.9775588471039,747.7477193047725,138.78886652960148,357.15735333571865
1464.4447358809816,749.0011013922835,138.78961397094017,357.15672700859693
1465.266186342878,756.2139143279055,138.78965738308477,357.15662775631074
1466.2553939020256,755.5633977354638,138.79027001289754,357.1560446301208
1465.5317846091928,752.3541264506359,138.7908026883383,357.15557560691144
1462.2307808757794,748.2689382726953,138.79109411360022,357.1552661946653
1460.8245413198345,744.0818105916062,138.7912053093828,357.1551414451493
1457.1266933739682,755.8126582745928,138.79123221765562,357.1550606879407
1459.0277163874684,760.4836706071083,138.7913009157685,357.15493589473584
1461.3158283915636,758.9972589906561,138.79165695518532,357.15463915350404
1466.3619568498102,753.1481084041063,138.79202947137054,357.1543405112347
1468.772725005994,748.0574717167209,138.79260476560071,357.15378252614227
1470.458642365692,741.6109158734328,138.79314696499748,357.1533185443835
1469.7295786918287,745.4234604215663,138.7933781993284,357.15306923083136
1471.5413161059694,741.9363627344419,138.7937515708913,357.1527224641196
1474.0275954590397,736.7625190371986,138.7939149182786,357.1525695494631
1474.451275583236,736.7705066967652,138.79420245602628,357.15227893369484
1472.5776586612767,741.8292995406769,138.79503236737364,357.15165949343015
1470.761547371669,739.0061576421213,138.7955823258156,357.1511680448747
1467.2976557598815,739.2636249570423,138.79617619926225,357.15056547107804
1469.9058470380764,743.8654330389836,138.79628057371983,357.1503298919124
1471.2902548911406,742.6679259134805,138.7967245588297,357.14996054649816
1471.622987862133,734.4266416697055,138.79800869027818,357.1486098903715
1467.8335431239948,731.7691874903448,138.79848611058534,357.14803372531975
1467.3583382008524,732.0128393417855,138.79876990496714,357.14778228426775
1467.299022918667,740.5738762223456,138.79880112156766,357.1477216151886
1468.5715762617856,740.2770552925423,138.79950847265366,357.1470291704624
1471.3373954071674,745.6192425480747,138.79959844955965,357.1468320580794
1475.1261094012063,746.1047430771241,138.79969035512804,357.14663724101604
1478.2413142126384,731.5080515744831,138.79976474105294,357.14655978182026
1477.312380361475,737.9333087649055,138.79977044768248,357.1465312026723
1476.460211672741,738.7186336742503,138.79980611025348,357.1464039307509
1477.8222524510752,737.3030978504129,138.79982275915157,357.1463496037706
1476.3752126642075,737.0500293794291,138.79983266125586,357.14631859749227
1476.7906405835697,741.3563840779184,138.79983821216877,357.1463029871346
1479.9152455776966,736.485896185226,138.79984621097515,357.1462728749975
1483.5505489994416,736.0909416351137,138.79984826946273,357.14624066433964
1484.4682421786165,731.0649554524545,138.79984830656753,357.14621584490465
1486.3976885724644,730.6872525830037,138.7998481980864,357.14620876680493
1482.3426419136044,734.363981761895,138.79984649169742,357.14620213784303
1481.192865150554,732.1435645239732,138.7998411398529,357.14618587897604
1481.1245180579176,722.3321141738537,138.7998390460771,357.14617894066504
1481.8246299220696,719.2892788560075,138.79983666558212,357.1461800588403
1481.9892308382205,718.5327957908722,138.7998273822706,357.14617109240834
1478.9871284805902,722.743849001925,138.79982400960998,357.1461656911158
1476.5955078515503,727.5637624904002,138.79981541264797,357.1461502299735
1474.6846754366966,729.567882469106,138.79980208073457,357.1461333293551
1472.0646979691448,733.7651518757606,138.7997930075068,357.1461219513487
1470.142014294503,726.020365235952,138.7997697985477,357.1461036324551
1467.2086663833777,730.8730810831669,138.79975781897946,357.14609720047656
1466.5800223685171,736.3705533961311,138.79972019943892,357.14608570290505
1465.428811719925,732.1220097604887,138.79971158214877,357.14607405146023
1460.9216415884034,733.5495829340226,138.79970572245,357.14606147628893
1458.3900378835506,739.1927538158886,138.79968690916397,357.1460260937823
1456.5027650047316,740.9739065400147,138.7996812752004,357.14596720658074
1456.613531893412,741.6512313122964,138.79965774423556,357.1459157073665
1455.0218929821613,745.5702131332664,138.79963674051936,357.1458488893096
1454.1636187234726,750.3109942637818,138.79962739752204,357.14571572831534
1447.8960907960131,756.8937531602257,138.8006437550659,357.1447172454249
1573.9782464826696,466.28426137033614,135.54883848526822,361.10186000489165
1571.5000266946913,467.39417431742913,131.16805405457217,362.24436264006357
1571.0567240689452,465.8733632478868,124.65321916247925,360.2873456723978
1546.003638026961,459.18129623150173,124.35845130504158,360.45861482937454
1544.8960128097656,475.53176816282246,123.92524898064329,361.21187934075647
1539.7131229233682,490.9137280351165,123.91444374672409,361.2288128676527
1531.3459859828388,497.3454544951883,123.91403745200138,361.22931353790227
1525.346139780967,502.86091465372704,123.91398734781062,361.2293723773189
1517.7289265338525,501.60057898469665,123.9139816215805,361.22937926187313
1508.207900968149,498.6502875096088,123.91397571563382,361.2293846668829
1501.2538086362163,496.1346081860387,123.91396965226552,361.2293922245455
1495.7693661765798,488.0791473551223,123.91396438141429,361.22939965603166
1491.7238352285833,478.742590009044,123.91396087060767,361.2294072009714
1487.1536034903406,472.58000378846594,123.91395956437822,361.22941198618275
1482.9048539564285,457.9119799147911,123.91395821258583,361.22941732935755
1484.2797041320084,438.41628007335396,123.91395530824896,361.2294420427495
1487.5146241504544,419.219055485451,123.91395484426347,361.2294515212897
1492.7290124056517,399.66468802564583,123.91395316754836,361.2294599394353
1503.7253653710077,381.1497435319365,123.91394972096734,361.22947221786956
1508.6734189321949,367.31932838190266,123.91394359651743,361.22949014000756
1513.776701137498,358.0846583662886,123.9139402744733,361.22950033725135
1516.5086001024054,350.9898014163419,123.91393228453917,361.2295083884509
1515.6323142595722,344.0265396723796,123.9139305992718,361.229507714083
1516.452592723624,334.42976346148816,123.91393036424485,361.22950621130525
1517.400011760409,324.7455907490188,123.91393050459583,361.22950446827525
1515.6945278712299,315.18724595389983,123.91393307871523,361.22950246915775
1514.0733446966965,311.15098103520734,123.91393549803345,361.2294986990598
1511.2649882209944,306.68256176609606,123.9139363560844,361.229496226235
1509.7474613216339,301.65382264059986,123.91393714005036,361.2294936651547
1508.2293142101742,302.4392818392091,123.91393833318426,361.2294867946161
1507.1327349374626,299.411875178267,123.91393896730698,361.2294814862818
1506.5458855686977,294.08704655661313,123.91393868349724,361.22947575809303
1507.4342762927922,290.594647248833,123.91393784062454,361.22946402132794
1510.4372199037407,287.41213142806976,123.91393765028266,361.229456314252
1514.455378833163,284.439912537561,123.9139357094069,361.2294384716429
1520.277288959238,281.05720459857724,123.9139343125424,361.22941674661354
1524.4492301091586,273.4591791765825,123.91393457343099,361.2294083636133
1528.2620506502215,272.5493573300173,123.91393436044609,361.2293929428597
1532.5741292980117,270.0851632242377,123.91393592411833,361.22936919381715
1534.891159292451,263.9785815526431,123.91393727175708,361.22935962440863
1535.1936023239066,261.18840879506354,123.91393833672251,361.2293480648302
1536.285171629626,260.40965367190836,123.91393904947209,361.22933684870003
1538.178456209674,257.62049511979,123.91393924629372,361.22933201919045
1541.8448907439702,254.83957876913166,123.9139401842633,361.2293270473199
1548.6734477928312,253.72064720369022,123.91394106914574,361.22931781606593
1551.0920567743303,255.29632710576587,123.91394091391763,361.22931423216
1551.965172914004,259.79536837366993,123.91394138260199,361.22931004260425
1552.017715660517,260.6852293370987,123.9139415828756,361.2293052034924
1554.7945516493494,261.15352644446943,123.91394239573808,361.22929677270946
1556.2827067603448,264.95701730160033,123.91394290372757,361.2292906138675
1559.4557611210153,263.15212712297586,123.91394595683134,361.2292689634413
1564.1145609616685,262.6711429443003,123.91394557209469,361.22925197113733
1566.0550819384073,262.1970790908257,123.91394514541152,361.22924370606347
1567.7853843816927,260.77954046580294,123.9139454033417,361.2292358025293
1572.0925449809286,259.8197743143512,123.91394591354887,361.22923258774017
1573.5800574062762,262.4097719964426,123.9139460014372,361.2292270383157
1578.5176457881041,260.29151403125786,123.91394662120412,361.2292164794274
1580.8087190984427,262.9977419931317,123.91394664511921,361.22920371669045
1583.7060857461038,262.1710730556956,123.91394687411939,361.22919243041446
1585.3859658296287,264.7870702653976,123.91394722991224,361.2291845336852
1587.7692755187807,264.5048227446491,123.91394705708306,361.2291784088383
1592.6093734669698,263.29037553479594,123.91394696911544,361.2291737787858
1595.1601662919013,261.19475879568046,123.91394670743581,361.2291698073708
1599.6383061390243,263.20109911716463,123.91394581415443,361.229164926579
1603.3938703398644,266.11509455824,123.9139453612353,361.22915980797796
1607.1275277942261,268.4233846940939,123.91394517266542,361.22915239317325
1610.5264586169608,269.73619694432966,123.91394462643942,361.22914348947296
1615.447070489838,268.9195240089486,123.91394459742082,361.22913469638627
1619.701936218854,271.67756833732585,123.91394443211358,361.2291254654436
1621.6851492196076,275.20491304939753,123.9139433726229,361.2291135277199
1622.7295720510629,275.2304314015306,123.91394272428455,361.2291012119756
1627.3556212249773,274.4034992489253,123.91394245995154,361.22909123911774
1632.1807025271446,274.8181786349806,123.91394350612987,361.22907775289957
1636.4993618305764,273.9556685309793,123.91394255673701,361.2290620550641
1636.487348973001,275.4824864320515,123.91394190221192,361.2290532670799
1638.2616733086252,273.83166782342846,123.91394134993624,361.22904162911664
1642.2702989304385,269.72203806390286,123.91394112101904,361.2290323493397
1644.3186408596391,265.27660438523367,123.91394219532641,361.22901339991546
