803.5,650.5,30,89
804.0531780990578,651.7475863315791,29.883826082424775,92.74563630061739
805.0779105411993,649.9120261247198,29.65276181955589,94.7344597229879
805.7511115411871,650.9636993703965,29.88208799760462,97.7086464767211
807.321987921182,652.5023770493074,30.1506581422017,98.92783805493445
808.111828357598,651.1085952192504,30.128252445417957,101.20850825906619
809.3094180610876,654.9356922909914,29.985420746187234,102.0340504437093
810.2394830603592,656.0533321883137,30.163766737939234,103.6209990807662
810.9151036958303,654.6920726810957,30.313836292344977,105.86115060944047
811.1462120534309,653.753833110273,30.419342016909944,107.94503850710362
811.9727110074311,653.6188727697696,30.687628784507606,109.07843558371756
812.752042043172,654.1733539867348,31.298452758863387,111.41663172484505
813.2319796606143,654.8509691656275,31.524689689429472,112.94646882998074
812.2077205719521,652.8549628000851,32.082646858300656,113.59594487321459
811.9728285434549,653.8469336669863,32.116920428930875,114.20299916640505
812.5490444719081,654.2233249388914,32.2512434185971,115.95516881490138
812.9107368283903,654.1335251470653,32.31034866105793,116.52532270744496
813.3957252969368,655.3031511442994,32.16935503084975,115.13233372824689
814.0954373242695,654.8279040038797,32.136187928470136,115.30731096263492
814.509456052048,655.9198022480732,32.18241268662022,116.26964908919207
814.6663545846741,656.7969384926487,32.5853369176785,118.16954377533419
814.508079028248,657.2575819245385,33.08774315095106,119.68113683632863
814.8898596344814,655.7942209719989,32.66999241144958,118.68846472514198
815.0131323007772,658.447082816145,32.261355689559394,120.7815867094574
815.6319617132698,657.8129413550431,32.68549438807274,121.60346016777855
815.422263271815,658.6665835408694,32.682424754487556,123.07787078056202
815.3971844011619,661.9055661033274,32.35476343451458,124.92815844800458
815.4549898072516,659.6368005078837,32.04737823914769,127.15316317442968
816.7861618416192,661.94353319673,31.956522074007527,129.24246516886842
816.3639804627549,659.5326282285079,31.445787061045312,129.35291465075335
816.4174112920251,662.3006879013843,32.041909675938584,130.43868298886878
816.2503251460863,662.3674613541978,32.526772255167664,132.21663284170296
816.6788142985381,660.0333060677973,32.389907406513515,132.53809492664976
817.7235193824944,661.8582793615026,32.154133741820544,132.16088512703524
818.6132873657454,663.839591900852,32.364463674404426,133.5214988979763
818.5858562801985,663.301084311757,32.22808653320703,135.2741745075513
819.5961235634636,660.4267098654074,31.91365195370689,135.58855765089143
818.9068687445738,665.0188501254098,31.84613621993508,134.88027028731966
818.954435691389,663.5566215714673,32.115430071646905,136.0397258597892
818.6432659863756,663.3385109502949,32.24131571961924,134.86886688095785
818.5969314834117,664.5554062686786,32.042785250020245,135.44143963606666
819.3561518530332,663.9100654970355,31.941524691326684,136.37633208418944
819.9879752861782,663.8372919350226,32.27264873339263,137.64844490302426
820.1205602091318,662.7054330046994,32.14768331711176,137.545852405623
820.2205765496598,663.5358709184425,32.019860925593875,137.9396430973021
821.3304517311741,659.0185520815143,32.502068742038915,140.2167524661047
819.9436249981284,658.4293471807308,32.41386479388477,141.68142054794893
820.3095394257552,656.729552138231,32.369422510992194,142.1666565470262
820.1714413707078,656.3670035462645,32.96152365562903,142.87178409997276
820.6198095049639,655.1277342551037,32.80422681496955,142.14959545794432
820.2412925741858,650.7721036483894,32.77805373682843,141.12202610496678
820.375694777086,649.738529006935,32.64321668592164,140.80424620773024
820.9099457969004,644.0612574247475,32.91240499968655,142.1793000456282
820.885337118885,644.7456662698247,33.23634210063801,143.5179270232899
821.4304933349787,643.4625762592234,33.220187740922334,144.28737092331502
822.0773244226596,639.4929969000261,33.32403347152065,145.3944168525555
822.6747660562601,641.9183183775297,33.814367227215406,146.92337537612497
823.2639331649647,640.736506500173,34.68768830231722,149.4866107201507
823.8296295839983,640.896629503886,34.65882808944828,150.44556693554915
825.5307495953897,642.6908721290562,34.93165716036974,152.00930527224477
826.688826546971,643.0475111472228,34.76039141982015,154.32663088314348
827.933009418357,641.6895774267314,34.84592351564072,156.102970931739
829.588976511658,641.1487076279282,34.90250863522137,155.95166352083106
830.412892181388,643.2400483064787,35.39113903053325,155.36482237941308
831.249706935386,643.1959519497434,36.262737288574016,156.5529409685474
833.3662466183683,646.854240443998,36.14361961923417,158.03664264367333
835.7121567180837,645.763193189027,35.781724956912825,156.88647058447776
837.4772795153546,650.5794532815172,36.06696555507432,157.76754121218042
838.7257614962416,651.4655828638536,37.0848026186908,160.4174374277568
840.4502277090368,646.9143303533536,37.21559831962635,159.40942780794848
843.2300732358078,650.8609459597983,36.93615829223799,159.4867228134736
845.6186954072328,654.815576631224,37.366998532670316,161.21198200132287
849.6146536133944,648.9553847648267,36.729245767045384,162.24919732286247
852.1166244708031,651.5199881926486,36.885240480297746,162.6384717217964
855.6511618054411,654.1900045986786,36.5508569540577,161.91796052762587
859.1180973061934,653.8607330301315,36.8723918554159,160.56206432031377
862.9212207448908,656.9558251462493,37.140963779900964,159.80142835162823
866.8537066793398,660.6771697014879,37.4321761074751,158.23540292599597
868.7845858689301,657.4301564449295,38.197067108024704,156.97731037478172
872.3410873122546,662.7248235010868,38.57018015384017,153.7137146924901
876.0322073244467,665.7786688195301,38.674088010010124,151.99451711666921
879.8128995239298,665.7586945148321,38.822981168417115,147.52254908864455
882.5694836733675,670.1973251062296,38.65081676434757,146.7357820617333
885.4339784549857,667.304940906495,38.422421340210335,146.53704950371372
888.9514868159393,670.2766960279038,37.41192406181484,147.40694906619385
891.0640534281478,673.2574707917406,37.427053345790426,146.84117008829446
893.405112965324,671.8125754119236,37.60034580097908,145.4657707234166
895.4581775278436,668.8396356791767,37.495447869482085,144.93280316208552
898.3477129089193,667.0316191381906,36.938903180786596,141.23442555756463
899.8364902847535,670.004156763671,37.02545823136441,139.4168994780519
901.2491437949627,670.262782018368,37.80040455452807,140.50565880962316
902.5087837034915,669.4769689100145,38.33416095039162,142.34765917541398
904.9096997759762,667.4201338297554,37.76450844714596,144.73241495585876
906.3038413145115,666.3975667234097,37.79810833325592,147.16809557982594
908.7823597607202,666.0032853026086,37.623981310986196,148.15123800781492
910.2193612554049,667.1624802606337,37.80611874443786,150.42913534228347
912.3572241571811,660.4946628282505,37.58686047399684,153.8961178632998
913.2148402357924,656.0026069396108,37.53753820313453,155.78491323051458
915.0956369698657,659.4396071918056,37.76204040187319,160.09851667662534
916.3023201409657,659.1032685233681,38.48481965140927,160.85692598923472
915.573806964378,653.4292564498642,38.97787045584039,160.0174625340086
916.453582670971,653.3322088949388,39.688848598928786,160.911917465179
916.7799263159728,653.408478257237,39.86157024447192,163.52255279758955
916.6777693435666,649.8058401424082,40.39538927522949,164.05710749633272
917.400113152243,646.5916958380049,40.58371133004172,162.05507631906755
918.1593085980666,640.8830298723447,40.413696593294134,160.5094356093969
917.6113944142443,638.9647849620073,40.75944717687741,160.5456446206689
918.7365679996734,636.3200796408082,40.48288659850264,159.35290089371304
919.2687027477527,638.204656291459,40.36631331129782,156.74112745805786
921.0121965639934,636.2058519095619,39.804921439161944,155.4339748120923
922.250677493028,630.8129572668445,39.35600809641257,156.06651817162404
922.6117756672252,630.9401759595462,39.42244169711112,152.37404029130172
924.7913876513762,628.65820251922,38.94399580307341,149.24811395341763
925.5705316627146,634.608440698341,38.679884954964834,147.53169006252185
927.6684932417427,635.4335664189728,38.83569643512271,144.9185884082076
930.0031739612746,638.455613667097,38.539476284816466,144.41538222143777
932.5775081554315,632.88481250386,38.08291795814815,142.4795910161127
933.9333764784324,638.0822356445159,37.83594161564371,143.7990544271836
936.9918117960805,634.5686841276565,37.92334134320147,144.37673605511003
939.5405947697163,635.0639966414556,37.199546586573064,143.10548303178268
941.2392040711095,630.0046209925011,37.511347406317746,143.31609510087068
943.3067276423391,633.2789379832111,37.24044554278932,143.37246829108165
946.0909817467073,628.9822444220499,37.06050525855249,142.4037855205207
948.3144310751165,627.1377622105125,37.323358684558514,141.89497982488214
950.9136053283324,625.2047489709864,37.30568377736999,143.1888298474827
953.7781872542206,627.3987635506074,37.004113156794844,142.36323941466594
957.4439046775622,627.5824126762519,36.22812779589049,139.91611075528067
961.0519283573808,630.198155743256,35.58962035706007,140.40961117446457
964.9351533217597,628.3034196699224,35.73077369215735,140.43935918096457
968.4229329075514,626.8774400087439,35.994032689213945,143.37320607632552
971.5825274375536,629.0331101309689,36.025265534727076,145.56341030743073
974.9474379738886,627.0034799983237,36.67229983543979,146.078317564451
979.3404910657583,630.2379266944967,37.197073359036786,147.40192085331836
983.5258130927184,632.3243558758295,37.400663313905575,146.99784796733718
989.0341389587905,629.7226998714773,37.41562302432723,147.62129928878585
993.5170978140383,632.8465349080763,38.09238643565796,148.7344628604549
997.4407474779917,633.0127499172394,37.894866427514216,150.0119920868567
1001.1488349889275,630.5439245262664,38.0239813989287,150.2738172729469
1005.4893138045294,629.6300574365576,37.909825792566394,149.3371681363244
1010.9823321815282,631.0907106777576,38.404416098505166,150.2548206325776
1015.0708266152512,630.1139559095974,38.02641080497267,148.83015800970296
1026.754164201184,630.5570125529629,37.33549971696934,146.08068729823592
1028.0833547756522,629.0537795244541,36.96976688346281,142.30671445525977
1035.806013936728,621.2808682178421,36.715853857636645,137.37401190674032
1042.726910490157,626.312552245583,36.2429858453832,134.96082085321177
1043.761708798602,624.2339561225491,35.744826706558634,133.4662572894957
1050.7075556857062,612.9242111538425,36.507181852028054,134.92771957798308
1056.3043272267898,615.8367030329871,36.68710716890886,137.55131274687884
1057.550548467307,619.9922085464259,36.75138852095863,139.30908738742067
1059.388991240038,614.0730514157785,36.649478704485176,144.05478318329182
1061.949791357721,619.111354492589,36.42266435016137,144.5165242739336
1063.8778809776263,617.9522605485818,36.850394908019695,145.98455174200726
1066.3021846036484,624.2528101304109,37.00833653750613,145.0012876232097
1068.027546162629,619.9988162776554,37.2479312887311,144.99106110295182
1068.0671940631473,623.1231744208708,37.84728878750322,144.84396739800283
1069.2817763227022,623.0365912423857,37.44364816937902,143.34963755059675
1070.3394352478654,619.0960278783864,37.73364428771116,142.81746471804843
1069.8280537115916,617.3527738366363,38.3470599452884,145.32016625104606
1069.3984733731531,616.7808738395051,38.02790641318102,143.85202204669974
1064.6914443092446,617.0547313369942,39.050420198956935,144.38542658907528
1055.483572764891,618.7134458701134,39.356357226872944,143.76184255648238
1043.080090092339,618.7796328843958,39.80775845454519,143.55097127455932
1021.8728594936746,616.0710858877976,40.40235728615165,143.30471993084174
1000.0714184796386,617.5096088553797,41.057554072524496,139.47375416773934
975.2704507611678,622.4672373145879,40.8130730360775,139.19994813128088
933.361922272488,618.4067340755857,40.864428719491755,136.3376591686116
901.5806483708842,616.5594846021849,42.37823613573646,133.07710001757383
859.8885937756877,622.4219560279355,42.33119298237933,133.01030211693933
818.0015914890816,624.5510849077673,42.125636703540756,131.1760722770451
784.3950745580997,620.0997423061619,42.06731589021157,131.64134617196723
748.9125079839189,626.5775409962074,42.10690429980366,131.285276150885
717.4033065881263,621.2463026447199,41.790311821613656,128.69071950577663
692.0830863098877,631.7051964813635,42.007164579018486,128.5164830867619
670.4696999620371,628.087996414791,41.167553912903216,128.88579237289142
657.2698271795634,626.7485433333784,40.46290837982823,128.581811982906
642.8655646733314,625.7382213492244,40.11060003352751,125.92012677335737
632.4330161214987,632.5579947346488,40.31275997288651,124.83683820410789
624.8021679542084,626.6120989660595,40.42658242898791,122.93653646430874
622.9901298225393,635.7234363885149,40.26887391945313,122.73623100416371
619.8719321112214,634.0761351794025,40.26787119450594,122.80881088897165
616.0780964649413,631.0801758907985,40.33563644305986,120.68720789025193
613.7460835735722,633.4239420032874,40.140793150023015,119.88728204764422
612.7722351544666,633.0486941614774,40.391372540381,119.56431345685778
614.7685411605264,635.4183716869293,39.62176010101524,118.43510993526615
613.1939116217304,626.9386951208605,39.65468760130633,116.38277292763316
611.2345578621015,629.888131941116,40.094153749409365,114.99891250504838
611.7025229352879,633.4688357377504,39.917068455484085,113.49975924527556
612.3741945613209,636.6785516331036,39.4681847490303,111.51055616474372
613.4183142602581,632.7716249761278,39.3102049365367,109.55281257012598
616.2332168047546,632.1411049719841,38.170504522836296,109.89508971573099
616.3517428722254,633.5752632917677,38.23021750673224,112.46344624053151
617.5002722531826,627.9153926957322,38.15061818504899,111.88436750920157
617.9866372548827,635.7322729464834,37.00358208700247,112.44443559046283
620.2711339407442,630.8703492159636,36.754704758370366,112.79096276189057
621.670688933964,629.5034287745458,35.86030864102551,114.4625400367475
623.5169484849536,625.1304962235224,34.952685197539424,113.53909170800804
625.9844521877064,623.0154056156945,35.055879600963166,113.84246623535532
625.7128469711074,615.1050031306011,34.56663816610396,113.89426829111345
626.387412158426,612.7448447261423,34.632255029626194,114.14182919106464
626.2338030305589,613.880879886348,35.75561083762162,114.65120485072552
627.1232883227995,612.9805102426614,36.084523468090886,117.1889778628835
626.7216254832722,611.8294582660482,36.334707732026416,119.21723372951433
626.6381288345585,605.6102479099484,36.59845616153286,119.16068412005879
628.0084500508697,609.1292526531674,36.8817724119245,118.90393083250362
628.2765785454392,607.0727773350635,37.3871655988336,118.41333675664481
629.4675325233045,609.1837372509195,37.7083371051545,118.84448403690179
623.8514595654394,602.6838672418,37.556514667613136,119.56623466762858
624.8475378215427,608.691581235278,37.926533381618164,119.47045103644665
626.0909141682479,605.6314811619371,37.95196173183263,119.16137137889854
626.3205858171368,605.7841230099529,38.045762889010696,119.92467677416813
627.0725374450484,601.5103205812704,38.52282024071626,121.88090437323213
625.3731393551832,597.7424710071834,39.49133907288209,122.29456563383293
626.5354078575597,595.3277107734885,39.753594537153816,122.96470185058176
626.4652893458035,589.0867570771264,39.904523386897765,124.46222375288866
625.5932683922956,581.9853023931697,40.14240241206233,125.33372557380504
625.0948203841704,574.9924509170098,39.52937709213887,127.09411820050221
624.0011608470253,566.7348499503438,39.5752762788864,128.20578715196172
624.6056863707481,563.281341436072,39.630789268763706,127.71833253514993
625.1741800205187,555.1231938913913,39.120550590686285,129.38177842712375
625.6758461040371,555.4213508557862,37.836469698712,128.98372380726812
625.2568779663327,556.3351620126846,37.00870470401739,127.13246083662769
625.1861610255639,558.1211743242175,35.65445324658092,124.19717749411765
625.7213663239295,552.9903356571851,34.742196198686614,121.79847732574073
625.0965601959795,553.9430754061536,34.209333102299354,119.41779592303016
624.7279595201165,549.7639712114109,33.46676713148484,116.02326631355318
624.5058254689044,547.7173430503354,33.12951111214791,114.02549203801722
623.6257955457288,543.6707486364936,33.13742435682212,111.4383563112577
623.5354778234969,539.7824909199189,32.68520748538316,109.05105147768337
623.4140856957565,534.5359493521036,32.701002158682876,109.88982629422233
623.0665555345033,531.8359292259787,31.783812987590416,109.31629763015111
622.9062130685538,530.9279523952197,31.508334408213262,108.37372472802477
622.3297652110366,525.0502443412967,31.79062548896252,110.03608129607605
621.4057599381648,520.2203607542805,32.055211347320565,110.15767670191994
621.5039106946589,516.7721434267609,31.960668306954005,111.234108801112
621.8802036222072,509.562009239962,31.671392216719433,110.65789527926285
620.3018292553347,505.5700686057134,31.324789977334948,110.3663868764344
619.6464848540684,498.2467400424683,31.503202125624306,109.36685717431138
619.2041304158495,493.64501689854796,30.888890187166346,108.23521950066514
618.6145479864095,492.6355865949026,30.685236824000444,105.52713280036929
618.2223202690878,489.8570769077634,30.541681556510596,107.14933676784824
617.8040549039002,485.99108550491917,30.2936381835304,106.02574782671053
616.6883782885925,483.4295631758878,30.131705662803064,105.08314535952927
615.3021292387159,482.60834124149306,29.59308682873363,104.23930234973281
613.7836584619274,478.70089466951924,29.322358504304667,102.76129445455699
614.8487709325458,478.4623806301641,28.825021760966745,101.25535634865112
613.3973057718449,477.15764510234726,29.19828017494359,101.42694760348826
612.2378945672086,476.9310396236778,29.134081229540833,102.68094225461769
611.4616566564374,475.4013861779433,29.925929721733805,105.44462322102257
610.6059632723836,472.367703798034,30.1931313520927,106.6715353097902
609.851456971187,472.1542699157766,30.483568953723022,107.22616326109636
609.3521406104322,471.4097247374545,30.367120841797487,106.52255108592605
608.2506591185052,471.63615412035807,30.900202243391547,106.74249166895005
607.5521166506668,471.4789019557961,31.256698680952805,106.8115074885381
606.631017698543,471.5904378416475,31.530271373484503,106.65866820505038
606.5639046205163,470.19395686721,31.432403241665753,107.11104134586569
605.5305036926383,468.2904652560255,31.27677915976909,107.42489102331271
605.1534537461896,466.6579044962662,31.181455584553564,105.97382411204528
604.7083245169744,467.9217073719779,30.850921272598175,105.76716076250783
603.7487739103171,466.1354388561951,30.993315671146824,104.68166966831055
602.8663783097988,465.1712842049768,30.92947106037769,103.30322342799191
601.5834905446874,466.20751623734833,30.578277768121424,102.0949122119695
602.1910971688154,465.12370827765665,30.865376226408294,102.80396277700562
603.906928757712,464.54423469406214,31.11687621466122,102.6828980518759
611.0874851117301,462.2602584428815,31.133684611056218,103.62795269084911
620.9484783924611,457.8434594001657,30.68390340237727,104.20241457632949
639.2139182036475,458.10845374438185,30.28156763376422,104.07043289335034
658.928051790736,454.7345879146598,30.557230360710268,102.68334933672996
689.2717794916317,456.41816424663153,30.52753557903611,103.08016537891751
714.8403539306622,454.2442226953792,30.127573132859943,104.39296208806584
757.015057825968,450.18052963091606,29.47226476851775,102.56328835676265
790.5592301655876,452.50589289432116,29.434739486251303,101.63582127895752
821.1477794191669,450.22207890726276,28.990402362149332,102.08494663619206
852.0738951828323,447.85426616652364,28.932798978129057,101.13488886724306
876.1081377616584,450.62268664916553,28.323641518230712,101.15000264820566
893.9095091666555,446.9497527481192,28.42797573460367,101.59062180833054
909.7492770409569,448.36032375831525,28.779876906167004,101.1911814576314
920.810394158553,445.78804285212374,28.393730470047153,99.90370305547587
930.0613532932014,448.3201987001132,28.30474364301113,100.05953992288185
937.5696953288495,447.5153372588149,28.78235469195396,101.73631051321499
939.8545397564567,444.6001076070482,29.003901283669713,102.98539469467812
944.9364024477103,443.506621251218,29.201238904702436,104.00371761366725
945.065638444328,444.2749232135318,29.238511717995067,101.53197713241431
946.6065052552691,445.14128012391086,29.18839597598045,101.73488707664801
947.5519094543215,447.5558073084817,28.97700852590422,102.65179628096215
947.6454395862953,447.104785110563,28.48706442830982,104.24831883098189
947.8823024434893,444.9020308214543,28.02704538220193,105.01154540007462
948.7011525058697,445.7507910250087,28.322147457758486,105.28091938116457
948.317185197824,446.48911803447754,28.985770980161877,107.0530074658036
948.5822647969649,447.5034841622305,29.096691505715203,107.19946971217453
948.4738474316939,448.26222393985347,28.9475261799903,106.64779068068651
949.0803313227294,447.900396835078,29.071121031433602,106.60957867834628
949.2363503583864,447.79375912624135,29.4926763048081,107.01913983556065
950.3159709777398,446.4188675474341,29.540987260696774,105.15889520310559
950.5756577571794,447.5349093107701,29.190864964958912,104.7012109569817
951.8177707450045,446.83174633518684,28.982718405583906,105.25195866441575
953.8027787370613,445.14089539643555,28.973471121116273,105.68603252067808
955.1967918500825,448.4694724228337,28.79279500608159,105.87835194429172
956.8350373546597,443.4512133512723,28.84625218380159,105.77546960523674
957.9435616551739,446.55527255961505,28.91717150307666,106.01160320271137
959.9471150524014,443.2971895583828,29.095369350345095,105.27798568924571
962.3351103791206,444.80614140208553,29.110092483985703,105.44722866550603
964.2815633110939,446.3304518374265,29.21279280404471,106.52503687578724
966.5865731849595,446.1335231301486,29.300216064736333,106.51844856084894
968.3232627099328,446.73640342289116,29.339261245365357,106.45572779794222
970.6902638544557,447.57031213731955,29.796865954763298,106.06820609872257
971.977572268522,445.93803724457564,29.938298559385213,107.54641159443074
977.331996762333,446.5916776388096,29.795146288071706,108.11783058547334
979.0984861445594,449.9687803488321,29.67324192356699,108.20156156679545
981.6668871268937,451.0111165732047,29.579155985204498,109.48635280022502
984.9715125081837,448.4317595882415,29.759165133208228,110.50486329419921
990.0571685714739,451.7982102908919,29.518545679357292,112.73453303300246
991.8016061044902,445.5656703617856,29.290387766873557,112.46409634305836
998.0823334322037,451.0213103266424,29.32927300097322,113.33338835090582
999.813724330312,447.8389536728435,29.351911908644574,111.41026367632584
1002.6321757005676,447.18141880162784,29.33173318241559,108.47816106310535
1006.695621234936,454.02664377784123,29.93181755465772,110.91052910384253
1008.2299839419139,452.3255767069356,30.034912066009955,112.42065315291859
1010.2613460294065,452.2054202366688,29.953664436358757,113.6522410463407
1013.3862148298404,452.35410990347424,30.480232510997766,113.83607644466144
1015.6733148376358,450.2167580639866,30.576720170882826,113.87626493351212
1017.3469101157706,451.70558052215694,31.035754676029875,113.85344255745478
1021.6893419565133,450.7781612371954,32.1485594515758,114.02207585947168
1022.3551824991071,448.39037229523643,32.26850073329342,114.51172072565885
1024.3413358425769,449.76743106820373,32.417645424222435,113.43771637609727
1025.806956812686,447.68645454026114,32.771215219157334,114.50483629637755
1027.5430644789647,446.99355774049803,32.64912233838214,114.99355722305982
1029.6008998554487,446.8969372316986,32.89870264971465,113.97373666953749
1030.7482547028271,448.038875506181,32.66148902581994,113.9164273889443
1031.7582994796946,447.05456978689864,31.877073376503652,112.9294655071202
1033.4441059000374,442.54650126677836,31.402744805151205,112.77497590704088
1035.2786900362166,443.87054589540236,31.305667873811252,113.22453860825851
1037.0455328026615,439.39835895662367,31.37483063231875,112.7875352656621
1038.2329876005645,440.03723575830264,31.685806227476228,111.51553228397316
1039.1836401249811,438.141639285825,31.6035179928749,111.75302072873005
1039.2106953284424,436.3755045674793,31.476694665346034,112.1052600579232
1040.4720939971346,437.21369874017034,31.32315239387963,112.20179100975952
1040.835157274141,432.9266280354192,31.15809890467095,112.28771601911535
1041.3311016197968,431.93498458201606,31.025862255748482,111.36826316266176
1042.039374494348,429.0230177948821,31.025561967155994,110.39277733385346
1042.736904125336,429.82844803108986,30.84204805334761,109.65694231262128
1043.3206335585444,424.7295285298501,31.010514766001798,109.6694995615608
1043.368014023986,421.91978366511296,31.163310461915426,109.18333695872917
1044.084645573715,417.53559761760135,31.21564580739587,108.32373358988518
1044.5994828084242,417.8493400430992,31.425807315531888,107.30198001754742
1044.5132496419028,419.9881189416316,31.205128176763562,105.689218572869
1045.1040034155403,413.35889833982026,31.08625521677631,105.52693490771725
1045.5296792883694,410.8753343630378,30.929458276874023,104.34479137309256
1046.7952259034857,409.0405403323295,30.866994645258558,103.70105498306259
1046.4430438392449,407.8725947386235,30.909581694635175,103.64575969472081
1046.9017286342998,408.5460067874544,30.999292897905683,101.4492123771875
1047.2729515162107,400.0779709977295,30.783622851819487,101.35440207492339
1046.8884881881145,397.90123186608656,30.65840950290009,101.03609021522348
1046.5766115021468,397.1247442264599,30.63146832575209,100.89521736138965
1046.500605899193,394.41291732760817,30.400369038237685,100.44718183948247
1046.3654522274765,393.71122901287254,30.316025407397383,99.94500345911177
1046.3527300728683,392.9266448237811,30.28266047347107,99.62817585321723
1046.317183272192,391.52853147415465,30.223212183964026,99.23407824598208
1046.4893515456904,388.17807188957534,30.125669711740855,99.07489237745159
1046.1123661399965,387.6119966469981,30.108580294780815,99.06832330389025
1046.3080386462884,389.4812227676408,30.0846689195778,98.57328641828714
1046.5356736333738,387.8041182082357,29.99056166751787,97.39343505888685
1046.3964119019126,384.5366567239449,29.987850955473238,97.54694456769073
1046.3979987050434,384.30882152690566,29.945543632837357,97.61663358082966
1046.34079244463,384.8320705279133,29.94562837276115,97.6432345959577
1046.2628919889612,384.6420024881902,29.951211885098175,97.77391850169397
1046.2996903754993,385.49900243519966,29.834085065081883,97.7443573131194
1046.735009461738,388.7701370330832,29.6727135552023,96.94359803175057
1047.4209208822524,381.3081756167059,29.539415508752167,97.21400790979314
1047.736780795239,387.3172480096162,29.206109168067563,96.83678090198772
1048.6631180625736,382.21896508450754,29.079454731130546,96.69015655902874
1049.020499226795,382.8202378152992,29.05871702512817,96.65772466098302
1052.1969067327402,379.4193827267193,29.088155660088418,96.7105720947652
1051.7724082025716,384.7849446929924,29.069098032448863,96.75762828459449
1051.1743542317179,385.3633877932176,29.11947285609898,96.48771194851241
1051.624529923383,382.71273521717427,29.1682027148533,96.58545436408791
1054.9908826480857,381.92931811909006,29.222644310583366,96.54842710910737
1055.1420685265562,383.17077234580916,29.12078637846294,96.30605582226458
1056.3624965102786,379.29470258358043,28.96202584329972,95.1639959753842
1059.9336424831167,383.4197164149088,28.937039176401438,95.00912116764685
1059.5492698218002,383.8595603374781,28.93686026273692,94.74512772615657
1060.4835576915548,380.12106829013874,28.88992155764412,94.71700823273115
1061.3552732122141,382.405273873071,28.881796660085733,94.70421678351092
1066.3162323330073,377.87792725313136,29.05249259238877,94.9882677428116
1065.662109452038,383.7350043273231,29.11799355089836,95.03654569281669
1070.2785634290408,384.4742734077474,29.139194025847996,94.66382675727952
1070.4968448549982,385.7890358095671,29.141285090053906,94.61808891805651
1071.297459962237,382.92027293128876,29.124936538898584,94.38552905373305
1075.5888603547044,381.1546824265913,29.13739732775534,94.42696826091246
1075.7670468468925,380.44913543731104,29.101488477595467,94.50045306760558
1076.5114947811296,385.3518522312708,29.099567802144957,94.49789785950777
1078.5520259873244,382.8364214306124,29.095135505264224,94.51182601966251
1079.4136005593957,386.05534547210556,29.091748209571662,94.49281405346696
1085.7837143393385,387.06053200068806,29.03692161251569,94.27857427610236
1085.9586524064314,382.48502765046373,29.05967413733989,94.23535003587722
1090.8181267873194,381.1021456374549,29.060177279860522,94.27379696709205
1091.245759497999,381.73268108969467,29.059936851920952,94.27144872553822
1092.9735713573914,381.71362845827935,29.05922317303804,94.2712405026868
1094.1565943267697,381.51136003532054,29.05892158662222,94.26982799443266
1095.7132131770618,382.4354226683579,29.05886261604901,94.2695311165721
1098.2106459574593,382.4077971336356,29.05939033146863,94.2683006681654
1100.4615382540608,382.8882481641601,29.060780043227545,94.26563643394057
1102.959201630754,383.6612711723069,29.065532921646486,94.25929986646138
1104.4727713109396,380.09375045900094,29.065676752956207,94.25894862721016
1105.1030481965295,375.8503693317789,29.065932164897205,94.25832227081446
1107.7344264805402,376.22321554559096,29.074640421552544,94.24539647145566
1109.0389315335658,372.80205577911084,29.074963830668587,94.2445687265839
1110.284919206267,372.59386855347265,29.07798860924374,94.23658433310322
1127.7400619594305,373.27318472675364,29.070558022350053,93.98339367603253
1130.2481338592743,376.7651477934009,29.07969565195365,93.8375393658581
1132.8452672685266,381.15881900551193,29.079384254896567,93.83143263652131
1134.1809657795839,382.64024955434513,29.08919584331684,93.82244827263483
1135.7679344434548,383.6983382365291,29.089751828410616,93.81447551146205
1136.6572179065774,387.4051041074215,29.089283485386723,93.96935416625324
1138.1258755580427,386.890270981308,29.092091025244812,93.99066635067776
1138.5108897954913,393.584578206033,29.127292691033688,94.07692353666478
1137.5631177909004,389.85223855734756,29.131270900502603,94.02990506487059
1136.0514112579838,392.96342975025294,29.13409461468159,94.00859203407082
1135.979332454032,397.5744379161998,29.165323988544618,93.63255825375182
1134.7941975095162,402.0780325585423,29.169909129880192,93.57137002192326
1134.7428997918744,405.165828310439,29.165080037756777,93.53368745367669
1134.7156557979672,405.7834153897421,29.176977172744664,93.49940812768165
1134.3298762249165,407.7641026488295,29.178042334623623,93.45753682148192
1134.4286688300076,412.47216406884075,29.192094636290456,93.41318484022403
1134.1577392556628,413.7016194876701,29.191134463824778,93.35718661929508
1132.9173305752538,417.33084704079977,29.19358115813877,93.3261299085741
1132.104012903913,416.40411661134067,29.19581409698903,93.2866140066281
1130.3988367735906,416.19677611307793,29.055204147932056,92.45312271998091
1130.9149425994685,414.93613304560495,29.06266069857653,92.1840925116194
1130.141876141343,418.3225557640645,29.034321068250296,92.16348391780943
1129.167956596576,420.2094781256755,28.998877353294883,92.03679638681766
1129.1875191014549,418.9422561841947,28.97244856035146,92.02828606331252
1128.7992332926992,423.3816506138022,28.95294620468397,92.03325002697356
1127.4805794312006,427.5106494703503,28.93790779349562,92.05426594760532
1128.0491589594951,423.3637464999527,28.93073096995389,92.05252726407194
1127.4109451715367,421.31066025266506,28.91138444365948,91.99499345600437
1127.4649267278319,424.2053764360815,28.907919769606302,91.99201672042766
1126.2840516456142,420.6105084671139,28.90581051898738,92.00244758176375
1126.2669949984959,421.3618421386558,28.903649771243536,91.83710640769392
1125.4525927756665,421.3599804948285,28.998406374876396,91.40506249177909
1126.0696231014545,419.92202143259703,29.01906641116709,91.16711333337462
1127.0280844709298,416.27705461308295,28.9358717472435,90.46505735982342
1127.2368729715909,418.92040826703385,28.79101895713761,90.67230375675561
1128.0343358089722,414.81868154905806,28.59751661745042,91.0039973011972
1127.7382409563188,416.0375881627022,28.358635840026363,90.94777086399368
1127.3906151554722,412.5105564233302,28.17666549977129,90.59130568291727
1128.0923070320155,412.4048370270547,28.106401735126404,90.08983590947
1127.5314111330076,416.9059490103871,27.78906859131616,89.95391538671396
1127.3397682284026,413.9733746816613,27.681344539295406,88.96832981030933
1127.3931397844078,413.2689433375103,27.700127840606648,88.6056835664978
1127.2580619582752,413.0777374935626,27.723235725828694,88.26587340304424
1127.1802993661358,413.64474436672117,27.723380035234868,87.65455448285314
1126.6538197326431,414.0147710609563,27.708131680646193,87.22287114815101
1122.9485839667707,413.2988365568744,27.690710050617177,86.88039797701654
1124.966103180786,411.91808199940556,27.76431181652603,86.02904331288617
1126.1375069158757,410.39485196164964,27.85628804347475,85.27521065806658
1122.6292964237953,409.86928336856715,27.762787095415344,84.86485709391873
1125.57198505478,407.38091049153286,27.730595487132064,84.83964400094152
1125.4533634020092,406.6037014259839,27.713773398272426,84.72548481861622
1125.385114204007,406.9996794790285,27.698993760424074,84.70995121313739
1125.0007883393102,403.24127992029594,27.681794130450385,84.62543483225043
1124.985105369832,400.6582406858291,27.754728315145574,84.51192889337773
1124.3496485022763,395.88171223363054,28.021572721948644,83.64065317906149
1119.7241971528367,393.95419255509347,28.165544688101047,83.35839013745397
1122.0570264286432,391.3057399570174,28.11455975099007,83.27747388814105
1122.6184263606976,385.53062522610315,28.165772190233184,83.01829039373172
1122.0446300036228,386.63921731206585,28.229129474619093,82.73924804462122
1122.599357652217,381.6276923154829,28.215932936929867,82.74063818671303
1122.2988806475391,383.50695036461735,28.19265668066778,82.76438369847519
1121.7907300374313,379.6982965246043,28.18856822478922,82.77034608736362
1121.582933595056,379.3044392013109,28.187938298795004,82.77231654373433
1121.1215136811452,377.4204319075532,28.157858524222508,82.86132217052577
1120.8765965591108,370.9330096413594,28.151457934097024,82.89006932895113
1120.5957795382565,369.6891868230056,28.14731592571468,82.90184864790955
1121.5750436567648,369.43819042020806,28.14188062139925,82.91648315162676
1117.2500398325483,366.2394647390932,28.117722544124117,82.90312070541532
1118.7518680476605,368.2697702420025,28.116181601952068,82.90560956074167
1119.6409003348506,369.9316294882558,28.12011709242195,82.92060590626306
1119.7947895315826,369.92235984331023,28.111860085581075,82.92922257345117
1120.4296555627725,369.3905714047518,28.095938667351213,82.94113164108161
1121.2336690467039,367.9337512529532,28.087769268229096,82.94315943399769
1121.4111951105465,366.669919755417,28.086635424721894,82.940285062203
1121.318626273082,368.124899284963,28.08235521589733,82.94620072273078
1121.1598619936683,368.30088312747137,28.081339357104827,82.9490010457077
1121.0267773165394,368.3292227034081,28.078599316621453,82.95574019279395
1120.8551173320932,366.70030340809757,28.072697698332608,82.9452172149641
1120.596136267266,367.3169819456275,28.072258086005743,82.9265452223399
1120.8190824762398,365.89206947965556,28.039194888352913,82.8167527779562
1117.6913675741848,364.4513281162244,28.079907304309806,82.79166673917837
1118.9904579057563,366.24522326031445,28.30061459015678,82.49845524166295
1119.5991846259626,367.15651219031565,28.381810103182175,82.38762776980599
1119.9854033990355,367.7520568996369,28.37746870600383,82.39878477869944
1116.7701956010837,365.93822785008365,28.39276703811336,82.32923995689231
1118.9784783139264,366.47696557172355,28.377183515504207,82.2698161379105
1119.9171465925606,369.9742530112327,28.378988288955252,82.28816259220525
1120.4628234033687,371.8219896427541,28.357194479884676,82.31010442353804
1120.5367331870139,372.7159483311916,28.362737574194238,82.37084989990404
1121.1419615427117,373.62903870832486,28.35441094206797,82.40757953553768
1121.087257585759,371.88734920310304,28.35305625239255,82.41745328742118
1121.264916768615,373.0622915272777,28.3693134508267,82.45420894935936
1117.177209597042,366.4504116165053,28.532741061489535,82.21446207229577
1119.6758988256747,373.7295047994384,28.520678403937502,82.19734759821412
1120.1966323194752,372.9835252045104,28.42058810243283,82.27652018509632
1120.6874501689638,374.5465606432307,28.398072379022405,82.32248857805672
1120.3832167832313,373.5360081967727,28.35658596397543,82.46300231687412
1120.4884743801285,372.4470161467768,28.32798699215694,82.55628440194286
1120.2377743550958,371.9429113771669,28.311571273503688,82.58176653275346
1120.4686141130546,371.2550981723528,28.32729921303067,82.62461448855483
1119.7187375188867,372.1242797458829,28.328247116866336,82.6541328541365
1120.1063271977303,373.7647727000382,28.32977832903766,82.66382282435075
1121.04192815008,371.02281429777724,28.329966767050923,82.67140553387136
1121.1618865562907,372.40436477927705,28.266258540129837,82.77242410059587
1121.5897719601571,373.682948482327,28.25982012461304,82.80179572457108
1121.6206930665267,372.65088181099003,28.250074487372107,82.83424276124529
1121.5604807478521,369.80465873634506,28.278570791677307,82.75063881974536
1121.4052395141914,369.87153680070696,28.283228025539394,82.74315927350105
1122.2668106058939,371.98691459041976,28.293092319490512,82.70756169883624
1123.6529125273523,371.7707341845577,28.307817607127763,82.68829284208618
1124.3424167550775,369.8803028455644,28.325688467053638,82.60300514089185
1123.6380121992354,373.08533364385437,28.352196248171364,82.55315205566448
1124.286800081319,370.90273737457915,28.41577551711578,82.49386987802833
1125.8289078472092,376.44186113173635,28.442662327941026,82.55324996533749
1126.1045606641,375.4919995000446,28.528226363119686,82.72313748004856
1127.2418442408145,375.9746387237236,28.60076614328467,82.94147328668828
1127.453152023627,365.015434916667,28.991349740143132,82.09825751823318
1127.654828727049,365.63513202198067,29.747844427285308,81.08428652442562
1123.4268997346273,364.19697161309574,29.97106786775608,80.68971543736446
1126.276178404021,371.0412964013373,29.98751020471928,80.68794406522709
1128.0230724566634,377.6797926086341,30.009549516808363,80.75644210626096
1129.1193231649297,377.4886611362858,30.004486588282294,80.8592063546302
1129.701068631791,379.85725733124923,29.997398838496835,81.0281485701112
1130.8119573625065,380.2622695432358,30.0370139704498,81.70749377695167
1132.0563535479512,379.3729453035348,30.03539658735339,81.80407259712058
1132.1040318281975,380.6939106542605,30.030488108354053,81.83258090056725
1132.5635600895998,381.3541799920594,30.042009400128336,81.88676387127825
1133.264487781498,378.2890750447493,30.04128910334531,81.89118221621584
1133.4662047962713,380.8713181266807,30.04093428551048,81.89462093333456
1133.8580704552403,385.9429956540637,30.04015634911072,81.89996754635426
1134.0622697091273,389.304021205718,30.03522114537966,82.00370923250479
1133.1473881281854,386.78561738339744,30.034682307217874,82.04701569077511
1133.3304242615734,391.14180378396037,30.010864530102243,82.18912649408037
1134.235933705034,391.3294751659257,29.966640682357745,82.45269801723997
1133.2734574766732,393.91965918506054,29.718997638133487,83.25074785235286
1133.2302946619332,389.857485628278,29.656620914374262,83.63376768015127
1133.2820103965462,393.85283029309005,29.68487990261159,83.83942654083485
1133.4171195471906,390.76716373272797,29.735924050348995,83.98912317550555
1134.3523560002147,392.392012482877,29.74912981899854,84.0183150928558
1134.3570470851487,392.3364862803193,29.747845967372147,84.02430063973922
1135.1316420124824,390.64482955835933,29.73693814948578,84.10269054926587
1134.727996809914,391.3802846259746,29.720700086013913,84.16304889147526
1135.46627667762,390.1546143797063,29.72263857104556,84.17736431382139
1135.7031712511537,385.91269455202325,29.721340718123848,84.17918740577193
1136.3477740997869,385.6062630276385,29.726127540236185,84.2033912872517
1136.69170191386,386.0663067843247,29.7270124039569,84.2038794522279
1137.6202276456656,382.5898331493558,29.7256391410676,84.20462011053232
1136.91582771762,380.65185271714813,29.726649170765587,84.20719196928667
1136.738459926463,381.67319718350257,29.72653082499027,84.21012300117735
1136.866094524489,379.1488585568229,29.726036825252486,84.22442792482482
1137.7242382975578,376.2891936629195,29.737420306298034,84.23064106681859
1138.5751923009236,378.3377148677778,29.7397768211652,84.23742756411505
1138.3712707198417,379.5211172518851,29.752874544038242,84.54011432536514
1139.274128635043,378.7173216130831,29.66592444926186,84.83753542932408
1138.9310557261915,376.69415453361023,29.8827574501064,85.1096042989632
1139.560163569576,373.815485538522,29.89503884700157,85.0927284982461
1139.8984314672375,373.68741768969386,29.893622153679765,85.13237826343303
1140.8187150701974,376.95330792686457,29.899053234960594,85.14352886895604
1141.2354283619413,377.06392842888243,29.909792751498276,85.174157483813
1141.8680522904415,377.90103663825806,29.921387965481827,85.19067521308727
1141.4892719210175,377.5073537363988,29.95016289147512,85.17538764451805
1142.309215032381,376.9052088069168,29.98189000435747,85.16755065240025
1141.327138471928,379.0989229591839,29.988653889766525,85.16883093932718
1140.8588117429158,378.84543125355435,30.019158139245626,85.15751161191972
1141.3195560627119,377.66853917736034,30.034411328571988,85.14884421096302
1142.6033243453649,377.6295732583311,30.05073182274469,85.14509493905663
1141.7286153269856,375.93156593798494,30.08631080539525,85.0869329153966
1137.4445424619282,370.8591425733496,30.200710693530212,84.87152917164481
1141.8838960266683,377.67009364106536,30.227722367455787,84.83154479896956
1142.303150017561,379.7590073162408,30.12856750599755,84.9131464265851
1142.0034173717434,380.7435124176141,30.070131152926148,85.21962316994441
1141.791162741866,382.03904991014286,30.027345034234237,85.51714758063888
1140.8843468527248,380.42055666509174,30.23819289413589,85.74914373146193
1142.447490018651,379.9797475676664,30.379321370556863,86.14993611468815
1142.1298969085938,380.93821523413436,30.39499407901366,86.18610897324228
1142.5286629860661,380.8145392121836,30.402646049969036,86.20222685409792
1142.4894546945861,380.0896103625519,30.46585663588684,86.11549683821242
1142.980310285553,380.4014864898993,30.39952813722999,86.09560186234154
1143.9443580264617,380.3560483187928,30.393423765260554,86.11307039809847
1142.9476345774995,381.01847650774266,30.38866070987703,86.12249963707337
1142.904985933771,381.1775492798522,30.381823156547313,86.13868843652608
1142.7500789821804,382.22026344399575,30.387023380081057,86.13224770665815
1143.6002262829766,383.15920419640247,30.38883692324898,86.14263777205045
1142.6296546654667,380.93971061879677,30.389141940533648,86.14017480824323
1143.44292591267,381.7030357138954,30.388682700940972,86.15954202641696
1144.132450776558,380.43726613741364,30.385237364263123,86.16449512362492
1144.1361373648017,384.2076768482052,30.34302296322429,86.29464223460398
1144.4273103571113,382.32608584593015,30.241019038932702,86.39443002643135
1143.822412788867,385.30349307978213,30.203207659536705,86.45228750620666
1144.3351793230827,382.3426562632965,30.15964919285111,86.47911422297919
1144.7501399273174,383.8841738756717,29.940708018256256,86.45693843998595
1145.2631678150842,380.6401242554837,29.83683110720184,86.5229228312713
1145.4950780306613,382.28960933266495,29.822882305523994,86.55397668089147
1145.3228371304454,382.33971643648067,29.822348520533733,86.55545263150793
1145.8300752577316,381.6174266071607,29.81485983767762,86.57095347278029
1145.177688434052,379.680742817187,29.80777006264273,86.57542313784126
1144.2433721329066,380.5602722226912,29.811589098725584,86.57615474736507
1144.5142098894858,381.9537467612819,29.811361403846504,86.57666528207645
1144.6143389772942,381.09694234546754,29.812173730630207,86.57850715546844
1144.395842177226,382.12030617682456,29.79013810327132,86.582562650103
1143.664453120647,381.18631631723133,29.78881907420972,86.58975533525467
1141.637097980936,380.47730495368273,29.77617991973267,86.57521881056665
1138.6538677622846,379.19119520524714,29.76858935834796,86.5765576559638
1135.7187727344487,378.7076861994412,29.76727319987772,86.57794865293874
1131.35861733458,376.6698688396609,29.76638973234224,86.57426484909224
1128.3695067679673,377.04178642418464,29.763726313565538,86.57433403223301
1121.3572515640292,382.9481568138695,29.735981090949014,86.64204826995305
1120.718345344636,382.138720751834,29.521960319743947,86.78699253853246
1118.748305106308,379.9403008828844,29.421249761701432,86.89637957867778
1116.8083172157292,379.50600297687265,29.402276158169638,86.91752978351585
1114.272833386906,379.5552217399354,29.388691050923,86.93304062492643
1113.419659115587,377.91202950354517,29.37472139535767,86.95178045392333
1113.0565510582958,380.66953906697324,29.367777789041995,86.96765703705869
1112.1649759118,379.3449411984151,29.35551709131884,86.9825992722829
1111.3074626458467,378.6334671428417,29.34033284212778,86.9766627579948
1110.0695451420631,375.8342997507404,29.338547248040914,86.96356642037118
1109.3802761860347,375.1509812628044,29.32485798724614,86.96684716360011
1108.0233570870575,374.4488509347061,29.325586215107915,86.96666229081255
1106.891698620889,376.61973615859506,29.325755316481764,86.9641734020251
1105.8010672548407,375.68322734734096,29.324120957666413,86.96077982496362
1105.2333533929132,376.6683667483146,29.303766935610646,86.94559476443334
1104.0682950884593,374.993350769317,29.304429837777267,86.94889863595697
1102.830762643543,375.85843813165263,29.304195846079157,86.94671787643466
1102.6661900255801,372.7681968697327,29.304869123367663,86.94585207645244
1101.541365921315,375.6082179066212,29.302204433262144,86.90449522911597
1099.8419416115944,372.42707000294956,29.29628053263808,86.90369527611374
1098.1785145971303,373.5879329330922,29.298858591107127,86.88801494805496
1097.5417444420088,380.57504374971666,29.222443819410174,86.54244111906631
1095.9952175664837,376.74774315725546,29.22446911854115,86.54980309576727
1094.8727023803335,372.7500418306931,29.223463199718868,86.54830805144331
1093.3149067549243,365.4756272884472,29.254319772269,86.42785708374998
1091.3906935305051,364.9990766593486,29.268716308158762,86.35410621105731
1085.4286630729462,373.9275163130473,29.2684741684671,86.20408649228291
1083.9899474524873,373.8133180773307,29.28573361449353,86.16214892855811
1082.3705151191546,354.36211497261365,29.32913915373269,86.07027718389051
1081.5622190211182,350.43960630588714,29.403293915608934,85.96249328977396
1080.0585540046347,352.60982858151925,29.407244842054183,85.96988666346701
1077.5500167539883,352.2351413066832,29.407776908654654,85.96701066096166
1075.322530614693,358.5178953152603,29.41539105583656,85.82120040534308
1070.1081923647625,379.30652888899897,29.5711698353608,85.74252563457482
1068.9685659757547,387.93197265610485,29.866375796550404,85.10011092445968
1070.4466262995954,387.9254472734933,29.928502753239275,84.8834173745354
1071.5116197494508,390.62510299011103,29.977266130094012,84.7778867449804
1073.8076344670226,395.95984528760073,30.066220715183718,84.5613345077891
1076.3981142913444,399.4389005934982,30.114743240459603,84.43030700680346
1084.9582102070772,403.75980738726025,30.1317069418309,84.38454082070763
1093.6814010968174,408.09491398090375,30.132184522091922,84.35737782720719
1102.8855027381146,410.32623707570605,30.16294799059585,84.25116550601078
1102.0261894767557,410.94654069173356,30.165340663788307,84.2483568455424
1077.011306262371,366.71516060980684,31.533489813505064,83.03175757336068
1093.0549556276637,380.6465313873224,31.32455183121073,84.92719282191844
1120.526714354439,381.4020456794378,31.659572127904287,85.67685683412319
1120.4461206383976,382.62900663586265,31.65967790317329,85.67670436669283
1117.524559322626,383.47571944515266,31.660150598040598,85.67607497842894
1116.9808187591004,381.0603634670971,31.660556372423002,85.675424687073
1118.8472058251239,380.1346301435964,31.66073292778447,85.67520163776253
1115.5577241299027,381.3032305092134,31.66096668871041,85.67487634521864
1114.3479774017267,385.92939031705595,31.660959317272887,85.67470917246571
1113.9502770015672,389.6099679448926,31.661738411583137,85.67376576600493
1114.0764680592854,392.419584349226,31.66180318602371,85.67367215182676
1112.3323989319156,395.0141521061579,31.662327524366425,85.67302082985749
1109.5269931104729,396.28739390909175,31.662664580764854,85.6725808584044
1109.4578088522774,401.98297034707707,31.663551944144835,85.66847765742155
1108.3251635002684,406.02673139992106,31.664016350402733,85.66752915250267
1106.6479218440447,405.8481083525289,31.665092518303595,85.66606397480876
1106.1455692548834,403.70766159391593,31.680258550202748,85.64955797116079
1106.4575237631768,405.0337941350461,31.68322475534534,85.6462754137723
1105.5481501667555,406.9227318713573,31.68408321146286,85.64526804608451
1103.407208556765,408.086843907404,31.688268868272548,85.64018268782783
1100.5486194832597,408.062402074312,31.69131947469486,85.6365472076589
1097.5355221210605,409.5146559911469,31.69780985720482,85.62903301107396
1095.0571715543012,412.2601369011678,31.711418644531964,85.61673606606263
1095.5995118996482,418.36777364649123,31.712184788402496,85.61565210483478
1093.2986704444652,421.1780342244769,31.715783249000214,85.61153929694692
1090.2602982997457,423.82609959184697,31.717695575853696,85.60953078129245
1088.0833618621282,422.36699940303043,31.71970602051634,85.60757873315958
1083.415831895834,425.2401347878523,31.720148338358893,85.60699020304827
1079.9800659535374,428.44496073687304,31.72072666307623,85.60610075999341
1075.7901836154251,430.2183968000115,31.72172814044843,85.60497114546585
1072.782088335177,430.6522714457028,31.722895946275514,85.60342838083945
1069.5355275355532,432.09983297622125,31.723124326528854,85.603145560281
1067.0702276145155,433.36420716946583,31.72385117894961,85.60216077890975
1064.6896957769477,436.37757714684125,31.725215032613157,85.60027929889033
1059.2435852233793,437.8992703242344,31.725698201822734,85.59966476035764
1059.4197682759914,440.849599638827,31.726025088093536,85.5991549997333
1057.1257796911025,441.3114477236009,31.726501208829713,85.59862927753504
1057.686519142956,441.96044282328336,31.7281168638382,85.59649340823293
1051.5928732572236,443.52038095263026,31.728489422961886,85.5961182634307
1050.3477738008216,449.1583526595326,31.729300585140123,85.59528318702837
1048.105129302596,452.28457085271236,31.729341492754937,85.59521620450799
1046.9148196593449,454.07500511655024,31.729954704351503,85.59437787969789
1045.9022582615144,457.2745540445922,31.730174441006827,85.59409851650337
1043.9804314521773,459.2107432231274,31.73067935133776,85.59341591634517
1042.9534627083399,462.62346191052103,31.73191298159049,85.59170662612209
1041.9324709187056,465.54114814029754,31.73328743953661,85.58961759094652
1039.7843428901638,466.5905506938923,31.73399553443135,85.58879489037326
1037.6694075324679,467.3846926881505,31.735554234289854,85.58689197962322
1033.9573086241255,469.5939252669501,31.73613564167275,85.5862172349268
1030.782302674556,472.6886969598777,31.738263839487384,85.58425443455138
1030.4543320551318,479.2084897840099,31.739554747792226,85.5811773464677
1028.9869112554936,483.1790508484015,31.739664863608905,85.5805039786708
1029.9102270666447,489.70574218098545,31.739015554462892,85.57916618197216
1031.6773632707982,490.9832717822023,31.7461097233047,85.56407570855765
1031.5410122292553,492.0418704284627,31.746743961522423,85.56329367825909
1028.3042191207778,492.40509524375943,31.747799813487088,85.56213178312781
1026.349749898707,494.59108938224995,31.748144364578,85.56176225385796
1025.150180007447,495.2556539384932,31.748416301562443,85.56134381661101
1019.9569994281746,496.56269404301844,31.749074373254086,85.56030882316722
1015.2606160541877,496.41008380195456,31.750395961315803,85.55864248330982
1010.3248984352109,497.46259763048573,31.75123908195998,85.55765902523731
1007.6521012358877,497.70353565745165,31.756050361404693,85.55181734435044
1004.0311415722462,499.1773914150634,31.756651462827293,85.55089676273583
1003.1478342403143,501.6458790348172,31.757959415494096,85.54928481592248
1000.9389381315972,500.82052803992394,31.75879854607534,85.54807077863988
1000.630147781794,503.2597045429494,31.758981520099447,85.5478324729063
998.2060308700648,504.2238166301803,31.759705005728467,85.54715777983644
997.6347858874259,503.94902956471185,31.762348050039044,85.54420817858798
995.2410254274101,503.68836951206663,31.766481785927482,85.5389767392121
991.5973094689964,504.8627732995431,31.768455137996554,85.53585035474988
990.5844064834693,505.50353642016665,31.76852525394828,85.53572848953279
989.2420533006741,507.3275245577824,31.769189642610048,85.5345093401558
989.2677915844367,511.49369958401036,31.769670000625904,85.53376901365198
987.3549428879443,512.6168703848083,31.770252905009063,85.53305338480384
985.0475297818249,515.2906859201045,31.771733017394343,85.53113688330329
984.7232610990661,516.4734217000483,31.773104846031504,85.5293351956996
984.9602591421076,519.1605165388461,31.77373959262048,85.52845799140121
981.4854239860623,519.3884569758872,31.77653814720373,85.52472269379604
979.0889367793214,520.7410951568006,31.777084544022934,85.52394867610072
978.5986113959667,522.6481513389678,31.77788114422472,85.522394247481
978.3792342188988,521.8838671583618,31.78021833594222,85.51996735894483
976.1591964271461,523.710432212249,31.78104345023983,85.51866339443514
974.7194829970282,522.8617216296809,31.78206783893331,85.51712270559024
972.078475186175,524.8340922521265,31.782188299964567,85.51686187985798
969.750610156391,525.8170804750542,31.78521698166402,85.51175724968395
967.5036091083716,526.0644852265917,31.785462306615056,85.51146483454544
965.351373995476,525.5694671512061,31.786613078213204,85.5099679443163
964.2163031085299,528.0875152565421,31.794815088082473,85.49487068841718
959.6270579245096,529.9226253433475,31.79535078235597,85.49416731664071
957.2614106822193,531.8256852876245,31.7956367372736,85.49375392909369
953.8365334898523,533.7224143459122,31.796292439604073,85.49294126692499
953.1363209199944,536.4701838914249,31.796798546269187,85.49206922912235
951.0647079306817,538.4089428392326,31.797283321586598,85.49134138019878
949.9108523832067,538.1213841696617,31.79782593280239,85.4904048019326
949.0991956949842,541.8953181110259,31.798530647595744,85.48979481944237
946.7612118976116,541.2697985363136,31.80102440734951,85.48674318288667
944.9757165589267,542.927501817146,31.801165904497797,85.48644253629134
940.3025377234245,543.5173930871767,31.80121868200863,85.48637229176205
935.9535896756988,543.3952708210288,31.80218579949354,85.48496374609793
936.1093546476476,545.4135162844136,31.80314581221334,85.48324283123019
931.7181806419449,546.6868105015276,31.803238650889398,85.48311574076752
930.6556766674446,550.6324249897825,31.803912502981294,85.48221660205674
928.8365427578634,554.198462123859,31.80422561022973,85.4812081793932
931.6823258836398,551.8137015404961,31.808626079258033,85.47360875590893
930.7892238307013,553.7846987028056,31.811315685470728,85.47035134687852
929.9027243173118,555.9178774530959,31.811571248733316,85.46998934876973
925.3119685300303,558.1663498752276,31.811795057793468,85.46976767955509
923.8951559153181,554.6686358573465,31.8128299456497,85.46792036283942
921.8780249940002,555.0759900400466,31.81291734599446,85.46777902691547
919.6682797105302,556.7772894849772,31.813100681031372,85.46755440463214
914.9220716202838,556.7900077429226,31.813682221021285,85.46691857304457
912.1174603594387,559.0402616365329,31.813996089452175,85.46651998153305
908.9937608428384,559.9407856870421,31.81430335248069,85.46611723192481
908.0037411992035,563.8963967212225,31.814357283419433,85.46594548323561
907.3013058816055,566.9293018368428,31.814569243421754,85.46559593391027
904.2917123818132,568.8953226656278,31.815957819239237,85.46383925329953
904.4978139078644,574.1444899981578,31.816064413743366,85.46366971885455
902.0443041267123,576.2327574621231,31.817781928318116,85.46178832104499
899.5871718272138,578.8164864079298,31.82920638983341,85.44737703740277
896.995929637415,579.7636556691999,31.831943664786277,85.44362012268103
894.2616348532739,580.5724131666337,31.832770762822875,85.44268656778533
889.6124883626329,582.7301507433467,31.835410400904305,85.43937667467432
887.0068094105555,584.1167289500333,31.83623516296915,85.43822081252473
884.096978180169,585.8293152324778,31.836495405877205,85.43785412722873
883.1880321554146,587.885881529158,31.837015133303467,85.43702145299669
880.063165811158,588.7940474219654,31.838442501076972,85.43499831072302
878.2352414842596,588.9305369352037,31.838916151058978,85.4342704431992
874.4524849189546,590.4435058901166,31.839233721213827,85.43384260608147
869.4795134864297,590.0292965260352,31.840763401143825,85.43209106046363
866.06414211579,590.4986211017831,31.841574883268134,85.43080738128437
861.8297422909588,591.8533684325134,31.842073713533335,85.43012567186534
860.4719509619803,591.1471726971422,31.842061364547874,85.43008959801416
856.2970465331483,592.6098620893936,31.842439184308827,85.42964043234687
851.6497455207923,593.181300436566,31.843702433386184,85.42784387906957
851.8303685071783,598.3353932161302,31.84391586484432,85.42763695000697
849.5338965868734,598.7754035648425,31.845483400827614,85.4252874943426
846.6477462085442,599.7476444478776,31.845791950912503,85.42487106068516
843.8278880554217,600.6146403077565,31.846002393967915,85.42461359099583
841.6477590267633,601.817419110464,31.84628845116252,85.42424335397402
839.4903154178039,604.5517214445604,31.846256674177674,85.42418364580324
837.5790944849069,604.5495929253168,31.84647869133891,85.4239211728105
833.7447165740343,605.2529415929437,31.84662441710631,85.42371869343748
832.619818834139,603.2680070831838,31.848032321747436,85.42219150514781
828.268665754347,603.0147353876891,31.8482310518271,85.42199027295275
824.6306209209333,603.2537484716783,31.848551008113752,85.42149071010385
820.6596368752893,602.8759695187996,31.848597388433802,85.42141359274417
816.8715971138045,603.4226358013268,31.848809735347395,85.42109026116437
811.5368354824914,603.5855375671382,31.848890821154693,85.42100307604385
809.0675743991134,604.1598373745472,31.849102364741842,85.42072163272704
807.1250148046192,606.3678318359997,31.84960637085343,85.42011318772731
801.8908507813561,606.3006454509073,31.852646255148425,85.41617960839638
797.5107245248805,605.8077049961589,31.852900446566238,85.41590286217709
797.9265591300922,606.2207888497707,31.855419101400226,85.41339320406026
798.0717430385976,608.7906620014322,31.855561730222643,85.41334159144134
798.7927379369157,607.1638773286203,31.870966295082404,85.38923435472887
797.0918308946339,607.938707561505,31.871342381828075,85.38874497908547
796.0278958176847,610.9118329168822,31.875102313863646,85.3838938426108
794.4675928919589,610.0308618822005,31.87619298472743,85.38243523810797
791.4781226515817,608.0254463532216,31.877557209683548,85.38072977033946
788.5630328814119,606.2374892191764,31.87841631926743,85.37956355022492
790.1820088488629,604.0680512089341,31.878979046154377,85.37904309396397
786.3491254789598,605.3048242189284,31.87942682004872,85.37837576850961
784.6611157099926,605.6363197064679,31.87975756670801,85.37782956376678
785.0021719095627,606.5094300121835,31.879869381644895,85.37748335724271
783.530319009424,611.686551149035,31.879827423056856,85.37748245469436
782.1799920943837,612.483115835764,31.88186784790995,85.37525076056536
779.3980374742812,611.698384841519,31.882786899516297,85.37405013137213
779.5739837540689,610.6634954252651,31.88292670335564,85.37381329501089
780.4851407300015,608.863728889464,31.883730603701373,85.37217415782692
782.3630136089292,610.6106942776184,31.884180629461092,85.3714529819667
781.1044301301894,612.4328867582691,31.884947249721552,85.3705514210103
780.214258043558,612.5048383161176,31.885282749316463,85.36999281193461
780.0037900982414,616.4600035379005,31.885461882690095,85.36946289784876
778.7503744496049,617.0658417566212,31.885917390320863,85.36856410074996
778.6717891354506,616.4500225792755,31.888575434420147,85.36501087180825
777.4432632721761,618.1696645136935,31.888751359882665,85.36477529322482
775.6279570100221,619.0268254512283,31.88983631537355,85.36345502700368
776.4263225010519,620.1458457985556,31.89072593973618,85.36227317710637
777.807440881671,620.9777717266335,31.890890997727084,85.36202808383658
774.8750628019902,621.1911125999201,31.891979668990622,85.36025133938043
770.5382987016472,623.426180732987,31.89357278819465,85.35840969376066
769.4236268938579,625.5508947447977,31.8938233289749,85.3580709111671
765.8281744616186,626.0131301050186,31.896070432833287,85.35505700453744
766.5125618284503,627.5470619365416,31.896713008930796,85.35403637432833
765.7771963927272,631.3592931503027,31.897085508642387,85.35360692104922
764.9833624530303,631.3184626040218,31.897318500150334,85.35281243814507
763.2969632011138,635.5663722749314,31.897567231720654,85.3524288110474
762.8003351066766,636.5345878606067,31.898248013566995,85.3514964733531
765.0582288314791,635.8792867683127,31.89959236938173,85.34950126395165
764.0170654186448,637.3052276120999,31.900010015362785,85.34891194812722
759.6265442302227,640.2140725606139,31.90011996575429,85.34879559846235
759.3565304891224,641.5582013582789,31.900490451228066,85.34834627835517
757.0563237292357,643.5998062030901,31.90057314138098,85.34821401945771
755.7296481634943,644.0658934691759,31.900744865744183,85.3479636515815
755.143213328732,640.9642662727898,31.901497540411,85.34650374610536
753.055076382042,644.1449316043672,31.902358778914333,85.34545550406246
750.6293687371588,646.109578346164,31.90294589790443,85.3448507850413
747.486329886635,646.5352924413108,31.903045758528318,85.34470739670736
746.7002668234767,647.8020190962973,31.9040913193924,85.34327680134953
743.6714981471056,648.4086767219732,31.90488218928544,85.34215420460735
738.6133714017827,648.0596945564881,31.905365339965314,85.34143163782271
737.0068893422829,648.7955425375628,31.907350474132237,85.33889515958309
733.0575802987605,649.0153025828154,31.908050813679452,85.33796756261196
731.5665167210037,650.5157674378688,31.908683304047205,85.33710079500986
730.481054461875,650.1165581015085,31.90993843257981,85.3348797787618
727.9245056732002,651.1780397417556,31.910283095500784,85.33443527611516
726.9859254012177,651.2479093728268,31.91098559064522,85.33345065002176
727.5233789413195,652.786695503717,31.911167249836915,85.33317893679491
725.7794591415836,654.3902490686066,31.913650280018338,85.32947623359033
724.6285895457594,656.3163160445189,31.913777809755892,85.32929554981703
726.4706265779771,658.3263244590613,31.91441687054939,85.32842230212269
726.1155670328351,659.5296999625918,31.91507862297696,85.32765545834592
725.9581239530601,660.6326923443726,31.915877212813445,85.32666489644443
728.1952416220889,661.9811267843022,31.916812010253917,85.3246059302206
723.1553347511889,660.4234550625795,31.916916699014372,85.32447896427266
721.013905598523,660.3813155683686,31.91746213432052,85.32365333074766
720.8036974940339,661.7006981127106,31.91923856420778,85.32088339167605
717.1374534967757,661.9132972595705,31.92153637699207,85.31772818305456
716.791105273084,662.9440986433592,31.922888801624605,85.31585975995944
717.0020600903044,664.9473119648901,31.92309267516977,85.31555665968324
720.863988014816,662.1867629506515,31.923586801732657,85.3151297820021
719.2273715278806,661.0197366464812,31.923961632750633,85.31460077680207
718.2118184990062,664.7494092368014,31.92408042777364,85.31402253341756
719.1565742345259,664.6961033825845,31.92761724317204,85.30901111856322
715.8812861179301,666.9376337159092,31.928009703322857,85.30859167200661
716.2136807672052,671.1287447587375,31.92861649909487,85.30761615312228
715.1453262291409,671.943706079752,31.929123239865824,85.30692639454676
711.7155850582795,671.1864957764802,31.930404554672112,85.3051070003656
711.2698918546204,672.77207196602,31.93144187189106,85.30373678299854
707.3845699930357,674.1684979280042,31.931654553342927,85.30344591325998
707.7394639463838,675.5874721378106,31.932088712095467,85.30297207822683
703.5254553329124,676.4225139445052,31.93227715028082,85.30273237696201
701.6920524914542,676.6283031588928,31.933178549673762,85.30153782832532
698.8820738546692,676.8565190577459,31.933568428987193,85.30107667556982
695.8792754694368,679.2034296762084,31.934000099354378,85.30054948695411
691.3797246091389,680.0909976629222,31.934273885685077,85.30012881790148
688.5054341433522,681.480290622271,31.934538529264124,85.29977952678253
685.0458816512142,682.5947828134977,31.934741116384238,85.29949077535636
681.0417427799838,682.6047100803595,31.93565267842523,85.2983684597046
677.3950102838896,685.5259052270995,31.936410704213298,85.29747224962904
672.4055976990334,685.6664749619916,31.937511798608597,85.2964651033482
672.0346541298208,689.8780513224675,31.93760035734085,85.2963785216178
670.2009594137345,691.5996904202476,31.938228391198056,85.29573586225148
670.0116209865623,692.2435365682492,31.93879114127135,85.29468313743808
669.6069767595911,694.1108364123136,31.938852665072325,85.29455477041522
668.4687769467399,693.5642146003701,31.93911803822645,85.29420157823935
665.5221156445374,694.3094315823367,31.942297248161324,85.29043596261842
663.9324681844682,695.9270552872025,31.94374812075331,85.28843797877485
664.6012031654841,693.6442880490321,31.94368372112229,85.28719617948103
660.5240823771535,692.5411689007759,31.94381629662383,85.28698496732638
654.7844689939867,692.8058511157385,31.94385032919281,85.28694894325822
651.8361564790202,694.7813323580009,31.943998613520286,85.28675159163748
648.4339860704133,694.7287335159643,31.94457318012393,85.28618215230944
644.6734098436284,695.3429919857373,31.944792959285568,85.28591202081559
639.9736509286334,694.7588808008571,31.94536688821348,85.28532938740977
637.2530392651763,695.2896978267136,31.94649240628985,85.28397267849311
635.6513283134627,695.5507693034245,31.949638411737308,85.28043567256582
633.6375083076023,697.4755921139363,31.950239372402322,85.27970682057
630.9504552730752,699.5621412316265,31.950438829060186,85.27948971159338
628.7622398653854,698.1834539985948,31.951205887115776,85.27856506533678
626.2794981507824,698.7819720102212,31.952588478614196,85.27669324572786
623.6318961978585,698.2162727094704,31.952844760255488,85.27637547664669
622.5121149040768,701.1469825815981,31.952955462595302,85.27624666409318
620.4998931917764,701.1643969734977,31.953305259266582,85.27586453699783
618.3503443494424,701.679266152818,31.953599137629602,85.27549231395453
616.2226963894258,701.4582955971617,31.953916400894112,85.27513411887438
614.7423130194852,702.7689683579051,31.9548232927527,85.27369573811937
613.0483232440657,704.4517164678252,31.955321154138673,85.27309867675706
611.7671615334707,705.0522403516113,31.955753019542453,85.27246437468469
612.4400966287642,707.0670288939026,31.956158039336074,85.27187231360062
612.3954627164832,707.3488982959907,31.956656867599737,85.27124821212601
615.409717438641,709.9199439019343,31.957497227208805,85.26922982280958
613.2747929226823,709.5353191979572,31.957815485963167,85.26872696674104
611.9863057081067,712.3353295682452,31.958736772567008,85.26799993496608
610.9530226403895,714.652912150685,31.959147235927887,85.2675207632812
608.4105196391517,717.2661297994395,31.959437872039956,85.26714776359346
605.135478537239,716.2385825407946,31.96061231905991,85.26539852325361
604.5594180941465,717.7827108852546,31.960968693182878,85.26491110427703
602.135682176678,720.0743669344408,31.96114190598865,85.26468931123289
602.1273853701936,725.4504704014793,31.961096887956355,85.2644736491286
598.1079139970556,727.9123245924415,31.961342391495396,85.26414707262406
594.8818449532054,730.3360579099561,31.961558539346125,85.26386175778514
594.5612939868194,731.8063753415673,31.962885255538605,85.26157137316991
590.2818625734855,734.3185966669165,31.963012234733295,85.26140450219573
586.4941528776759,736.7993762428335,31.96352480033311,85.26080955324247
583.4118319727335,738.4466272062809,31.965377265430316,85.25850628433717
582.3239461694794,738.9773457864751,31.96554476694268,85.25815542098411
580.6401542037768,741.1230730700764,31.965654619215975,85.25799924321635
581.1657050514742,743.8746750822545,31.966384765289874,85.25696625844145
578.518756049828,745.2678037615639,31.966790451382664,85.25646191152617
573.8275874716485,746.2924920695166,31.967090444960917,85.2561423024568
572.1954183905901,747.926173065391,31.967290385336895,85.2559025793846
567.9474927377233,748.8627549893104,31.967483770232942,85.25568082158034
565.3862332435901,749.5698823507191,31.967623932358133,85.25553854745523
564.1439852293064,751.1061973012457,31.96781314863923,85.25526510888054
560.3367994560414,752.2607440511113,31.967930220529226,85.25507816432528
557.2408968695562,755.5599493196837,31.967960071539235,85.25502482780291
552.0394308408252,755.4187454060551,31.96838720804181,85.25448270078887
551.6991374154203,757.817443325196,31.970895586237344,85.25213891405126
548.7597470522566,759.0300425465741,31.971168221591928,85.25182812846069
545.6275185117794,759.6559541177892,31.971539056055725,85.25138829062637
543.8087506528349,760.8516947054762,31.974226179279235,85.2482449658229
539.6262270816625,762.2574662011245,31.974965918059585,85.24755402530775
537.4243131044703,762.8207579514569,31.97585789069334,85.24612656960296
533.6838549106584,765.1588421700375,31.97630314413136,85.24556962841353
529.1088682535944,766.3609818398256,31.976465667243772,85.2453449305609
525.9449126721149,767.8413492122876,31.97708295736955,85.24456134797512
525.6273836310289,768.8672514906513,31.97738507049388,85.24406327737766
522.0237167831796,771.5317945053563,31.977816262225307,85.24352138782949
519.1918123623643,774.7465095652957,31.97853821268162,85.24251848734158
512.7601933146478,776.7555738770865,31.978551324899144,85.24250490740025
510.06378252758844,777.947673679797,31.9791538323981,85.2415641215591
505.9904035294577,779.5056143576197,31.97946369328361,85.24116485781757
503.62742894593856,781.2053768913034,31.98043918173301,85.23999980441177
500.33110856102036,780.3748945249991,31.981320269867716,85.23883990323131
496.50963241303333,781.7854238658462,31.982015829086468,85.23762427535502
492.3068896596456,783.4415841363261,31.982312775376034,85.23727182254507
489.04465508393326,784.4221105728711,31.982625833203315,85.23688524832136
489.4285385005749,786.6293089825509,31.982828429412933,85.23611271561346
485.75362133323375,789.0898037757194,31.983303251766138,85.23548798599649
484.71138175058684,790.2188110931833,31.983594909430614,85.23508295685797
481.5246465615706,790.9458854659525,31.983705607287288,85.23494982392171
477.83703591839753,792.4530640621884,31.98389971391541,85.23470820342541
478.27656066889904,791.7359237191556,31.984100262503443,85.23436433676454
479.2257382392625,794.555318605254,31.984187866985323,85.23421496831529
476.010060303185,796.1431196653512,31.98466796094203,85.23355152686239
474.7684201825543,799.382085320946,31.985033516000463,85.2330558045094
471.8834178770687,801.8466795455026,31.985294684436237,85.23276616673628
468.44344966825935,804.5204722259762,31.985455577915545,85.23256192074912
466.08900144133617,807.3374221976251,31.985778213555164,85.23211630026628
466.40555523597044,807.5687337358593,31.986451878578134,85.23109179891294
467.23667234391814,809.5343510684133,31.987180814614522,85.23030638116514
468.75535539860493,810.076127909124,31.987535385477717,85.2298190440049
466.9203300138785,810.149960776721,31.988714036934287,85.22836156529421
463.0326356008349,811.0256554388922,31.98941795701564,85.22748639061743
459.83356149554925,810.7878054343138,31.991775113814985,85.22453708155602
474.7448227959973,821.2512959391569,32.09780323313378,85.1338521534129
451.9462728119726,827.5441470793714,32.41469842823393,84.65745334740986
429.7088413562003,830.0835087708643,32.59787814275701,84.09203181378935
408.83198623469235,889.2618875596913,32.97939218826316,83.93382922881125
403.2752443631926,889.9084411339697,32.979974243640605,83.93320827105028
351.8927789519704,872.9916458146856,33.82855374772566,83.94615453095646
321.65973920240566,894.7699811397481,34.10041175027308,83.15189309103643
321.3280684235221,897.642631380247,34.09980745433002,83.15388751284023
255.27992821124025,955.8808466577522,33.73904137010467,86.22176085187289
253.25944406903506,959.116526261465,33.741442588322464,86.22033563111118
250.76841309781256,960.3658545611619,33.742990004400255,86.21837311969952
249.40261977864566,964.5771220647005,33.746703317386185,86.21395563581567
246.19548506912506,965.498126392124,33.74872841651161,86.21016531230548
245.93271641315908,967.173603754419,33.74880697533453,86.2100518715138
245.73202422402792,968.8859481195087,33.7490889895336,86.20972413185861
247.45062713016688,962.4211764477935,33.74944397399337,86.2094197580038
243.95944524190384,964.1886910464428,33.749552291687664,86.20927882822224
240.39564602420904,963.4462765495304,33.74964828567104,86.20914404736627
238.27087160585648,964.9073502582685,33.74976265124576,86.20897152727458
237.69477990718707,964.8462681234445,33.765701393929135,86.18473059179195
234.73846658201566,965.9852841137366,33.767552382803444,86.18229761404595
232.10164604193818,968.027012022698,33.76785466825016,86.18189157029302
228.50191805440488,968.2680685335511,33.76839849960949,86.18105392824464
225.70267363464606,968.6252419025172,33.77369333125358,86.17391653899095
223.0324317192871,969.1584156056324,33.774027759353096,86.17341891379692
222.74285441783675,969.4449149595489,33.77499525421395,86.17197164811013
220.50688421642536,969.2461757870935,33.77536516524596,86.17148757184218
217.60181666026398,970.9458475705001,33.77596000580968,86.17067663404207
215.5741805992,973.0326363499239,33.77649885157048,86.16998783099282
212.67100004701834,971.4000074300736,33.77674575915644,86.16967884482668
212.06230563856394,975.4022112213746,33.77677634452072,86.16961143403854
211.62290856354423,975.7025812524973,33.776877092746616,86.1694675612922
207.3001059674809,977.0231041829427,33.778119835227294,86.16802865306866
207.05765059341851,982.0230204890348,33.778290922135334,86.16777260948778
207.30221339198573,983.8671089564788,33.77902559144798,86.16669870766583
207.40836956468084,984.5586050876873,33.78813979263142,86.15424766019161
206.58225462045615,985.6162052630597,33.79035504218,86.15162093310421
203.68070320801758,985.4869880451952,33.79582374230129,86.14496684043854
200.10625438739203,986.2425415270945,33.79734389255508,86.14321566010211
195.70625489948813,987.0928256065141,33.79745235017442,86.14308063629571
195.77663365717433,988.0481545283096,33.79859144029364,86.1419870493728
192.55125516199328,987.949654378879,33.79897430422144,86.14148472026532
190.75343121337986,987.4646373637073,33.79970919561941,86.14065606397455
190.90827665128728,986.0254717975779,33.80058686109297,86.13956024005665
190.60179305268798,987.3531418940731,33.801217899539125,86.13882686621912
189.7757661047494,988.0019339026551,33.80171434989014,86.13811618012504
189.60765266783199,990.0642637880042,33.803913605555174,86.13442713544003
189.75866087417032,991.6156480998674,33.805143989009636,86.13280354078175
190.4228749568058,992.0513447209395,33.80580176982177,86.13196766643911
184.6282085207863,993.7483428747589,33.80677194807411,86.13093691399116
184.5980763769189,998.1235590213477,33.80690019699893,86.13045693709806
183.58286636623856,999.0656813754827,33.810943970953566,86.12498341470297
183.0374058004331,997.8277139128107,33.8146352546565,86.1204321854905
182.91009262024699,995.1022650519332,33.8179451272396,86.11632235414496
182.9439952903054,991.8384292644479,33.818509615287304,86.11556060620902
180.16648739346044,992.0225510405628,33.81889417576189,86.11512327999431
178.25878480277248,992.9978281669286,33.82058866759314,86.11302066548454
176.6952164619968,993.3836566911536,33.82447796411948,86.10748637542302
174.8381572421724,990.4062153178528,33.825687658956255,86.10588480424504
174.61569782491287,988.940034036056,33.82665438008535,86.10464980314146
177.02369367561073,987.0754164195106,33.828017357797286,86.10323413443781
177.2413159899282,989.0998742857352,33.872839505437966,86.01649639385563
170.81191151900475,985.735588719394,34.08625793672583,84.7824258105347
170.7973706962191,987.585776764026,34.08685795913922,84.77929508069136
172.16808134888868,989.0788863711372,34.08840163678653,84.77716023422117
170.57883748269862,989.3016133095075,34.08967736927351,84.77526990819125
168.00952652262376,1003.3235045611699,34.818836360651225,83.93128217415338
169.3882692148399,1001.1352582214079,34.91854563831303,83.70541174408893
164.81696658511547,1002.3686853759766,34.934028972407916,83.68541989413427
160.8685969602653,1002.2616176588361,34.93839132238899,83.68046473257367
162.3895082351384,999.4436752269474,34.924458978026124,83.6232596343455
159.92037952759077,997.0347974227788,34.925377087243724,83.61938428794032
157.04961583301437,995.9883783440895,34.93367150139041,83.60891543657559
154.94468134878085,994.2645220330865,34.93394717380641,83.60851723971872
150.17299330538216,994.2527363885372,34.93483516245925,83.60743382374002
149.699601135395,997.9333279835051,34.93505876196271,83.60558462580845
150.52908359848792,997.797010243834,35.14316701406817,83.30076810119472
150.23481719653475,998.3918403243406,35.155663722355314,83.28132712314994
149.2370438217797,1000.4764968743327,35.16025964903518,83.27372523913839
146.8239452009991,1000.1166606918237,35.191134472383524,83.23751486413582
146.0976767342491,997.2188315391348,35.20205272492959,83.22345026912286
140.67449856343484,996.3711630367587,35.20231112039108,83.22315898846702
138.3975307856411,1000.7689186212884,35.20249377680865,83.22269557941748
135.39761173816436,1002.1320940614605,35.205510468258716,83.21859110753587
132.45869594002983,1003.2781320630952,35.224415768293596,83.19514274785159
127.8056029212063,1003.8856018655518,35.22827178885084,83.19038199501968
124.21484317928952,1005.581425055012,35.23467664103158,83.1817605470532
122.22114387788102,1006.0770473989121,35.36481716241239,83.04761527312479
119.34700202526457,1004.6953651130129,35.373593669311575,83.03736257731464
116.72266405208023,1004.0543375145082,35.375968918353585,83.03395420277542
115.6017397360283,1003.0566111979402,35.38658514574856,83.0194035075881
113.43944343692553,1002.5686730148802,35.389771856350364,83.0145739568265
109.94031612178583,1002.075383246521,35.396008740658075,83.00583359064814
108.76795337844341,1009.6316932802515,36.230368502779335,81.93348528222035
108.43406709392939,1008.3037136871425,36.23106543780469,81.93255884450643
109.09961640394005,1007.2778499349625,36.233734112667086,81.9291460919846
107.5090008452956,1007.2473939978837,36.2363179502166,81.92563683393533
108.37572873804676,1007.095195553174,36.24011440012689,81.92023619794902
108.15284151151855,1007.3344293220097,36.24230655681184,81.91641162249486
106.8596925643124,1003.1001863490045,36.253426304861854,81.9010165718012
106.15817779604797,1001.3712273373851,36.255009022085275,81.89874930565692
104.1922190707631,1000.9389354433431,36.26112543391295,81.89097858629464
101.84515068034366,1000.5178416838488,36.37359002313197,81.77654946519236
101.44910138675766,999.8114960759262,36.37524292491731,81.77438460479699
97.44434006720121,999.8568614801861,36.377142845219154,81.77186747845188
94.85316725461855,1001.1083041109575,36.37855118019283,81.77001552303092
93.69054833937258,1001.6919093876431,36.38491345946103,81.76094598661976
91.63651911593765,1002.1377376719073,36.386504182484465,81.75881769262767
88.48984326531198,1003.2998615328917,36.39890867533127,81.74474515109415
87.07843179175214,1003.608107259846,36.40094252371131,81.74209391954416
85.8840621703448,1004.4536063181812,36.403102968231906,81.73894329795289
82.46260072021295,1004.808017632338,36.42523271664015,81.70742827538257
78.9623150712729,1005.9732916476512,36.42713295968016,81.70504053070592
77.7434272539665,1005.0728001106072,36.43306245247778,81.69780596010236
76.69542140687564,1003.9521914751748,36.44307871094477,81.68510792106117
75.64045705978694,1003.3332708744307,36.45752338679636,81.66497914707789
74.96621600886431,1001.9570775280005,36.4747388470248,81.64336042688305
72.56920150742484,1002.6960576792721,36.4767751855666,81.64078316762885
70.54680470783042,1002.2443034055266,36.482916841548644,81.63264940211636
69.53261971938711,1000.8055267955544,36.484479510238224,81.63065383399005
66.57963099582665,1000.6796373397246,36.489932817954866,81.62411908979638
63.313990645691824,999.5977945476681,36.494524942479885,81.61785395026133
64.8852748314707,996.7239641161498,36.50092884379506,81.60970884405978
65.4343210172274,997.4450976302039,36.502101809272006,81.60770234546952
64.76453508904324,998.8287896109392,36.50258594095468,81.60690182668684
64.45654790018273,998.2453429693461,36.502853636470476,81.60648987877875
64.69550154296321,998.8485665355596,36.505004663325586,81.6029686668382
60.50279979806497,997.811170990116,36.507485980575694,81.59932195254962
56.38308765430888,995.9803905502129,36.508140736837866,81.59844610864674
56.50043336250199,996.6329712985493,36.509908292548104,81.59579129723105
53.516506784593304,995.8521493973909,36.51472443435791,81.58815232939084
50.78101613475169,998.98649261132,36.51563251092712,81.58671882359067
49.2542101556186,997.4219841319202,36.5167370686806,81.58527408958024
47.131720896257775,996.4836634123035,36.51975553872672,81.5810724854863
47.386428147798895,996.6599985021293,36.521778928558284,81.57760750173863
46.57643563060748,997.6028144506431,36.522825993733356,81.57618464153802
45.12573658576393,998.3601332702372,36.5239550518958,81.57478054479229
44.09670158072655,996.5573090273595,36.5254306901749,81.57307486642414
41.27220218964197,996.6858960538731,36.5255752166678,81.57287330513815
40.10365467963808,995.6883551841098,36.52597694977982,81.57223906890323
39.84007188664896,995.9282708023272,36.52625499970919,81.57183800133554
38.72282082371941,996.0027064204381,36.528165734958534,81.56903790111141
36.174512683733084,997.0496985037546,36.52912418946122,81.56763572185939
34.84216331491605,996.6398300722523,36.52993947944818,81.56643441490795
30.812433316179494,996.7054652992297,36.530388017570715,81.56585736681964
