1641.5,858.5,102,217
1632.4090235785836,851.3616200823287,101.49592722332591,218.00448295698573
1619.3922313095734,846.9256264157276,103.17277653185407,215.92612048244865
1592.068136622811,841.6577482273611,100.8169986202228,214.7333326239521
1582.8110168019598,836.5828813081013,99.82045983480116,212.73991708655626
1559.8415896213637,832.7913688835944,97.75453056562219,212.1256887083361
1550.13012537757,827.6211770028731,97.51616411607569,211.4060377178867
1536.7773358882864,822.2610160524268,97.08896111222133,208.6119686733445
1521.8373513985207,823.5646145684743,97.59707530964823,207.1054988417578
1509.2711668237287,821.4510824390969,96.25163264587763,205.85913675850202
1494.7764196164924,820.2960549007561,96.6835690006579,203.15534591462102
1480.0305589902193,817.6307605685697,96.80646434072851,199.78362878523143
1469.3456969496056,817.8982222189998,95.25807089876261,198.33699879835154
1457.499298009569,815.3541096269416,94.74378793777103,197.07287756217957
1444.237781466951,814.9163397119736,94.83078968145452,195.6082679894974
1432.2277083885938,811.5800126912939,95.17897691482897,195.14653072302596
1420.340155810942,814.0553781603543,95.88612896039132,192.41772265935583
1408.215500849292,811.0145076815257,95.88950725832481,188.34020858924197
1381.7377269412427,806.6159960673259,95.2887692162693,185.63456248322987
1368.7813178938695,805.5578200957214,94.83047448752953,184.5233043152026
1344.8357503472018,803.717585133484,94.17701195513249,182.79226329531073
1341.8013968968032,801.2584647295735,91.13752355105916,181.94541888279483
1332.2092573241111,802.7585671405693,90.86587198660436,178.7540619799097
1309.3664829834242,801.8617496800629,89.83281181177706,180.0766080742662
1301.5121822095907,797.183932864835,88.82707505683156,181.04407432343535
1292.542776338655,793.4932584923027,87.87410022338592,183.94034997890026
1279.9050576765032,791.9108492167333,88.02330349312395,183.51369828849252
1270.489900212596,788.9222841725448,87.22095469413158,183.7833064614338
1260.9920152325249,785.9577780357392,85.73154284580222,185.99751885406351
1249.530295969847,783.5682361050722,85.38310980438541,187.19175836458282
1238.9853230364652,781.4318681195448,84.96641428321,188.48584114311745
1229.269941779083,778.3255260617118,84.90455632983456,188.33070308852575
1216.1488680866144,776.6914732569707,85.88934707109503,187.600803784678
1204.140842812984,774.1485042996121,85.76481267267711,189.21834503572927
1193.1399407439635,767.7227067814201,84.66073225871605,188.80325553994766
1182.3155979049786,769.2499437612182,84.30843946683696,187.95207657279835
1172.0896352981554,770.0483319356636,85.6011563827542,189.2827613712161
1161.363441041021,765.3554472978092,86.47367085832681,187.97064131892205
1152.0134267828691,765.1270263425788,86.26552295251125,188.64193844650575
1145.1970308132277,765.1268493752141,86.06329959485795,189.08179801792718
1140.6529069645717,764.5262198456398,84.63326917022184,189.76702837481656
1134.4132720467865,767.2400972793412,84.03660841039434,188.7618284772015
1130.5658283453174,768.2834847255549,83.81657405277355,187.5224831583101
1126.3025279585772,763.8317449663909,82.96314800893185,185.66984962426986
1124.6035950033922,762.7527795571502,83.2696490587674,186.30893464616605
1123.3720445338145,764.1559716382064,84.69346445734195,187.86707103382776
1126.600529992334,767.2225671380374,84.94437832881594,190.4506359011702
1119.885990763853,758.683983672245,86.29563600788511,188.80541361156378
1116.3630709152735,762.5254133888405,84.27027628792969,186.44577347768896
1116.3462774776108,758.7134466649295,82.97564482238167,183.63805581009368
1113.1192214485502,762.1593651871431,82.71140122483263,181.7762814411425
1108.1422975852954,755.4579592308514,82.27118786278005,182.94102000472674
1100.9502270543849,763.5575619357307,81.43344610447173,180.95314977715805
1093.58974088725,756.3347318922142,84.28784987337318,180.69903989043627
1086.5641011307387,755.540774455402,85.14304631754797,178.6465419565961
1079.201077229438,760.4565604429987,84.5657217370315,176.82723995515764
1072.1444265016787,756.532324695825,84.06307356181291,174.67915612113603
1068.7345597573262,755.1181200167272,82.3180430276908,177.3619711208874
1066.7917105805357,756.07954538323,79.72088033924929,177.71119532570225
1061.5959312926027,757.2372993912566,78.59327292237823,178.2080006279017
1060.3736461120689,751.9221822135037,78.2693386638477,177.49585636707445
1054.1302902363684,756.9453267227681,78.42437583944259,176.93054440695613
1048.0495764328891,754.7254530002759,79.42370837651588,177.51137080091507
1037.9576521804513,752.3996742238467,80.56845432707021,178.3008403887619
1026.5969293569806,753.3483780783237,81.41538062586726,182.3053048378585
1017.541677049772,751.9882151000403,81.64548172160764,181.38572605695285
1010.100902354145,748.0443357194247,81.2997667085649,177.57520543738562
1001.0669171286925,746.1338369405855,81.99443660710182,178.09714646506507
991.6757503499823,744.4509969804812,82.90831618502993,178.4816345117233
987.1016524618581,741.9237309915469,82.61599358206698,180.5636869077591
967.5694932275587,735.283721606025,83.70171631702307,179.41528275094652
965.6726205695663,738.2233814977926,82.40706317643433,179.84289875461215
960.3425020594575,731.7576181778498,82.55714356518217,178.08359993215646
942.7551992164227,734.3244566877564,81.3462168721014,179.4108246495564
924.6208166713577,735.5955810430858,81.49236614802255,179.9580229603821
909.6241256158754,734.6219744213079,80.17040821687274,179.81689854410214
905.9113363750229,729.7604370325705,79.60721478314207,180.8615599304635
899.2460586506845,726.3584513970022,79.76091514453854,179.46653275036715
891.6024567575308,732.5592182488749,79.7539475975329,179.94891208678297
884.6205288520898,727.6151804992065,81.2002538936444,177.4104739142447
865.1596707842306,723.2123891052565,82.57082256842548,175.71648871661003
859.610051005238,727.1905769963898,84.09425264765082,174.02656000160408
845.5115327411127,728.2132585056681,85.14497836962713,174.22925005693048
841.0444274532765,725.5524509116364,85.11815607786777,173.61191089166167
821.3655205792795,730.7900855755029,85.28995755779535,171.66321665242953
806.9178549970479,733.2158792023702,85.44907122347914,171.44547377430547
801.6991056562002,728.9178023779207,84.07697479714231,171.39815761271856
797.1434846082519,734.3595088144803,84.0861041229585,171.65925310141571
779.5695337654777,724.3884731702374,83.47855842081167,170.44425041529203
778.9039656569296,731.8368762812771,82.98595546687972,169.87672886118142
778.1259128292169,732.8696563682215,82.82338503206455,169.93908263916626
776.2813865944971,735.8193885962597,82.80504814679821,169.936741996719
761.5911975143339,731.5305650955114,82.02727658788649,171.50270744151413
761.3967671679138,727.046744062145,81.9432298865558,171.46927662464103
758.6390050231706,731.4222500202295,81.8930784405686,171.35372270102556
746.5079929414209,733.3292310647802,81.75067793670983,171.43742205944937
748.1696056340961,733.9741812377254,81.7500674595777,172.0320935042542
748.6164663892217,738.1994800721884,81.42298966423125,172.53184755041582
746.92963599734,733.1015892537778,81.16690663352627,172.43807554496414
731.878783912262,735.2178714235777,81.22464451034743,172.7519022156488
730.6931983585735,734.0180489137812,81.18931217877477,171.47464923261737
732.8585499299344,739.7606802496207,81.02161867960767,171.8911819482064
717.9725160063853,729.63709895586,80.02479614584658,172.4700496291117
729.8842060394753,725.482088012951,79.76955610957368,172.44209792026425
723.9758533452225,722.0375582501506,79.76895211850159,172.1739847659636
722.1055354982668,723.4612870902886,79.81491236685645,171.76887342014513
720.8419883949692,728.5243900160713,79.82178724743217,171.7208345302497
718.4997472681703,731.4448348101788,79.82624106246206,171.70710291627782
717.0725767758714,725.4460541897139,79.67154741342327,171.75874512034233
715.8392105251414,730.7385069274229,79.6733245849882,171.7519837184106
713.4700354674283,732.8204607141419,79.6805278879755,171.73796942881677
699.2352743658541,732.9286418150158,80.13796513018639,171.79715768192384
699.1038483281418,724.3921062822385,80.08456124872293,170.82310579215616
696.7508676023892,720.3691689171807,79.9413534459249,170.71456348430794
697.4595623223242,721.7725392551265,79.96822007333097,170.0007273761348
692.8762831326662,716.017422738113,80.08888382984418,169.8432119589288
701.341923220086,718.8710835848495,81.11894742026357,168.74233939265307
700.338964338705,723.0145250720935,81.35395122447609,167.81617895997428
689.2659166980686,716.9172679440736,81.16971851807793,167.42932286231533
700.0629438048137,714.0338123191509,80.54427888283466,166.88557041205706
695.3993536329161,716.5737215671177,80.44360850336338,166.89217197532741
704.9774795313027,709.4671477292577,80.55739149662915,166.73168722001722
703.7148816031756,714.5909640153294,80.52649914373112,166.68676003117457
706.0576229358863,714.8799226235803,80.50677318073278,166.65833332609012
706.5233319545429,717.1059391343617,80.50704887615821,166.65274052440643
708.7084340908241,717.1437197448674,80.52086207109453,166.64047169499318
709.7764826279799,717.8036262045156,80.53294309736896,166.6304293598034
725.549519101659,720.6532319509197,80.576374391954,166.7281877575898
727.1351149735191,723.7668968430323,80.58031325393162,166.73020281818242
730.8532816868412,727.1767486031952,80.57751492631667,166.71815797018974
733.5068708776012,729.5227307156614,80.58121529845896,166.71438563597368
735.8055224405281,734.2401760100852,80.58047026662986,166.71239452222372
738.3588471230012,737.9493364732368,80.58049652653096,166.71187259189222
742.9292795301745,738.9200892578215,80.58257318709887,166.71012341615543
744.6001563248873,742.377898824706,80.59564104123112,166.6977454399182
748.8325491568116,748.1029585680149,80.59578305072228,166.6984001461106
750.6215443727702,758.7222912868374,80.59495393090826,166.69550016561882
751.8128466675374,764.5928092388582,80.59543816850724,166.69369060282474
755.0196400228476,768.0578234512603,80.59942872457978,166.68982442090984
755.704373134572,771.8659659604833,80.6153198810444,166.6765100025921
759.4502374147978,775.9781103159647,80.61700810678666,166.67522754010332
761.9463464999124,781.5732783277374,80.61724398852903,166.67469940840382
765.0726167953577,784.7118920722742,80.61918423641403,166.67279101875639
769.7501172651853,791.5645513731497,80.62228037317472,166.67032371247652
773.4789707573559,793.1702314038372,80.62255735947555,166.6699922269989
780.0214457094083,799.2756935792522,80.6266787291744,166.66629558307807
783.9969205334105,810.7767973192446,80.62693814946863,166.66705212286857
784.1143877739443,816.7140264885625,80.63809321627352,166.65679914464553
784.7869591049679,827.4594065981479,80.63795702013819,166.65556376678325
790.0848174465256,841.8607903376827,80.63687820781148,166.6570584489685
792.6722715094531,849.5850918566501,80.63536857667658,166.6565535937119
794.6221319190608,857.5473054480374,80.6378918484953,166.6547042689085
795.5151747399125,869.4351342922855,80.63789503106409,166.65479006490943
795.4614567177524,874.946430257843,80.63887939263788,166.6537578490654
793.2428773853716,885.4219987767804,80.6388737507589,166.6529725262784
791.6403391342121,897.4832620850924,80.63902829224715,166.65281758323837
790.9492924692796,905.8488127629879,80.63929534056459,166.6526827954406
791.8502290898616,911.0137440861382,80.64004429845919,166.65191503591976
793.8993438120818,914.3140695805758,80.64151435124155,166.65006804408432
797.4646160212694,922.2354677483389,80.64406376678974,166.64700292498878
795.670106809,925.5668311339064,80.64570655045945,166.61695466261247
794.3069689115767,928.2071758450721,80.64599324198862,166.61229053553842
795.1138829434178,933.6641713172867,80.64552093411254,166.58711070255956
796.9182997221286,934.3876433026337,80.692613365842,166.5262158832861
795.2944280113179,934.6680451699513,80.69843297841187,166.5192135063972
793.8570183904815,935.1224535705139,80.70266630165808,166.51480581581788
792.8605000438532,937.6882477404342,80.70900555953563,166.5082484703927
792.6577361130137,938.0171058713631,80.7116292087399,166.50537696942965
795.0691977036223,937.5061463943595,80.72893601562075,166.48534688969974
795.7708076949402,940.4173788399459,80.72959150314641,166.472283510673
794.4995696094312,942.7562302241637,80.73081291532966,166.4610822643015
793.7450699217213,942.1011850433499,80.73123792417991,166.45301149597756
794.5100264093929,940.1679161809773,80.74288035349967,166.43794645659312
794.4751666543776,939.5244022407439,80.74294760418057,166.4345321087427
797.4931203923911,937.9759607163414,80.75054627363072,166.4237634470373
801.7990496592116,939.6159832585186,80.75611175122027,166.41722834193126
799.9512004467782,941.1717574699813,80.75628309936582,166.40985167193534
802.8561661130724,941.925658444396,80.8125293256764,166.34127968831592
803.2050018082177,942.750505681256,80.8216665024329,166.33030250833536
803.3066568430058,942.6195502761511,80.83871407443442,166.3097475924077
804.7326349519238,943.2967607566832,80.8467970907598,166.3007456806068
806.2934432989551,945.3779889990683,80.86071635212635,166.28336976224267
805.8995567620359,949.8694407246602,80.86088479597126,166.27901245363705
807.6658403961375,950.5834329588515,80.86348999023149,166.27599062506314
807.245065935447,952.8498230810703,80.86410254886913,166.2732921295878
806.8046298621243,951.3080032370033,80.8660827506292,166.27112330217318
806.4366497730268,951.9453851890204,80.86852003682598,166.26851253725343
805.9063913987461,954.5443575666505,80.86965756537852,166.2573687387192
807.1030948867149,954.7372931977685,80.87427991683349,166.25223910250756
808.5066592772088,952.1744276567091,80.87994725172108,166.24498650008644
809.0055274101443,955.1734597212337,80.88176043434008,166.22971808636933
810.1417469409939,953.3081894874921,80.88994910014937,166.22029836021855
810.2808718278912,953.6444231142221,80.89359576852968,166.2159562593462
810.1667013518685,953.8082083168449,80.8988646238698,166.20992424282997
809.08330117144,955.5359306201317,80.89910028173908,166.20773600489326
808.9055309501082,956.018341860743,80.90423488233691,166.2015461120573
808.6407789108123,956.6253178620383,80.9087690851161,166.1966672953874
807.8456334196454,956.9944243941956,80.91172710350634,166.19336620931762
808.042312560779,957.3132153988888,80.91527132282215,166.18931308815678
806.4171506582215,954.6877755983312,80.9290090340345,166.1728219884357
806.6179369936484,953.9793364143709,80.93263013907315,166.16857172571815
805.2510131298787,952.3569344527236,80.93703145547975,166.16393736318517
806.6910961296201,953.0489587169019,80.939717056644,166.16064998137412
807.1019023491783,953.617720748354,80.94179556839795,166.15818098362473
808.3143804434224,952.1538574371116,80.9436744400296,166.15598574064634
809.1203751932617,950.9024623163166,80.96405553151457,166.13284939227054
807.381517859514,951.5114596656172,80.97286546535209,166.12314884688297
805.2675983269905,949.5588523805064,80.99177308432357,166.10122771115658
805.3670938620252,950.4703418190306,80.99312742615105,166.0922620768298
807.1206875716814,949.6572377776055,80.99915840970118,166.08570582023304
808.1740424135687,949.6732198365175,81.00387102626512,166.0807785741698
808.2492656139707,950.5718800182389,81.01042610592135,166.07338736226225
806.1137008138832,949.0515055823341,81.01102071387851,166.07029201104925
804.6045580601119,948.0702548697274,81.0237222198797,166.0568498708943
803.843492072739,951.0790666917396,81.02638970182787,166.04238574988
805.2344095631379,947.5179622675902,81.03964921108121,166.02839226282123
806.4876311275025,946.4704421064473,81.04030785656781,166.02300233493906
807.1895744334332,947.1240889269054,81.06030539807242,166.00185163931258
806.6344170088655,948.0194249917247,81.07372252591726,165.98649896672794
808.6188031332459,948.8757215143874,81.08658560926402,165.9709853414924
807.7605321928427,950.7059095783759,81.08996101477437,165.96704470316982
807.6415609867322,949.5604774574296,81.09349150191801,165.96290529248986
806.016979483379,950.0267669751263,81.09640554812924,165.95958394800303
806.0629498759188,949.9813951442026,81.0988841604635,165.9570251215235
805.8676485967503,949.9095847772858,81.10095008673946,165.95486642449072
807.441968506798,949.0634922204671,81.1055921937528,165.94932564606117
809.3069045486026,948.0945861080752,81.11234673520477,165.94195864683064
810.2097106464489,947.0847700506022,81.11714658880567,165.93693661176752
812.6855141096131,949.6960577375571,81.12438623153837,165.92857794699458
812.950818086279,951.8458496480499,81.12699833092569,165.9256454893818
812.9075642894782,952.5408455978782,81.13231261897555,165.91975569581982
811.8302229796172,952.5347524732329,81.13431102696622,165.917530868207
813.5295398688289,953.0957841823055,81.13766813904591,165.91374476138685
813.6269693111379,953.724106318675,81.14166019906611,165.90944104383885
813.2993839434786,952.6272616457968,81.14382032761908,165.90683632030516
814.1550426064622,951.1530066612851,81.1456525492287,165.90458020275008
815.3622241596835,951.9361118620624,81.14934283138174,165.9000825430473
815.5593655098336,953.1445022664561,81.14936869812858,165.89722785883254
815.707926658613,951.5014446392049,81.15194484279056,165.8943056472859
815.9749237413787,953.3881326400594,81.15257131992117,165.89133136180905
817.1459454166891,952.123805257013,81.15622298806885,165.8875921955594
817.2226122842336,953.1362357280394,81.16243914492843,165.8805089348572
817.4703546766268,953.3025642523027,81.17382343782438,165.86685973006374
819.4273108577601,952.3905094690075,81.18838860126894,165.8500233375628
819.1410760476471,951.9759716331414,81.18861310049273,165.8414923408226
818.6717596492584,954.2194097341068,81.18890708110423,165.8357715343997
820.0653970681595,952.5108215295162,81.1951195537115,165.8290580681689
822.1249946145955,952.2042190443472,81.21003395790989,165.8113904312759
823.345767311029,952.3210183798747,81.21162549550846,165.8096818723826
825.668720069922,951.5513900559783,81.21491183410703,165.8059537961304
826.9945251038985,951.0774753980384,81.21658488535552,165.8040285758584
829.3780275360806,949.9232545790363,81.22408658989997,165.79492503831008
829.4594566906795,950.9870266881213,81.22489964012189,165.78932953916484
832.0191445981793,950.7363092630945,81.2467219833866,165.76326060074717
834.8018008221048,949.0261134229806,81.25560778153769,165.75253736894174
837.4146366260408,948.2109576614978,81.26903186153199,165.73835137813643
837.8639992882421,947.3204560014455,81.27559326646526,165.73125219064988
838.6058923669964,946.3720517028878,81.29114919288767,165.71414861067933
840.776047020815,947.3622441810296,81.29427088119161,165.7106946303098
839.3270899082687,947.0835304675577,81.29575580597586,165.70902148895902
841.15406627929,948.6847990128897,81.30735925633135,165.69656265680936
839.934769275894,949.4594836366941,81.31314891703867,165.68927309631906
839.0329889924635,949.4195804838791,81.3153610361001,165.6869919298679
838.2773946203522,949.7098747352129,81.31553543801466,165.68469430692676
838.9130969158565,951.8811303601086,81.31831853106526,165.68128532535437
841.9579090722643,952.0046525591428,81.3255794225647,165.67329861719128
841.4313370115616,951.8917027685156,81.32754163154804,165.67103686345408
842.6722006794391,951.2283311597696,81.32984907248053,165.66844367614573
842.5084993202374,952.7686000504493,81.3299036182194,165.66526294854282
843.2547094233915,951.9741053350332,81.33080626118473,165.6559080533559
846.0116557597833,952.5752872786406,81.3341374233927,165.6520649457507
847.9836961241056,954.4891562988298,81.34351714968894,165.64154282486695
851.3801330723026,956.6015959790327,81.35480623242098,165.62859230891314
853.9737844574987,956.1880958647259,81.36983786602035,165.6124907976431
855.139526434854,955.7941569750577,81.37458132830193,165.60730976436142
856.9839386342888,958.0243086973204,81.37739396861676,165.60421733744462
858.0039564399453,957.7952171651021,81.38004076659031,165.60126868014612
860.2029051171249,959.3120148091932,81.38251162588462,165.5981902548334
858.6131517310703,958.8461219463799,81.38422870988379,165.59607705467872
858.4302930590674,957.9978292255107,81.38522451725316,165.5950272034101
859.4638049041,957.9429125332938,81.38867116028715,165.5912466843215
863.8082425523711,957.5960177905396,81.39992155802007,165.57805749112654
862.3196982529616,958.5319845197806,81.40464644643541,165.57331034055156
862.8373242411432,957.567652076383,81.40733711800641,165.57034914588024
865.6476747088485,958.4504118257023,81.41203767948286,165.56546359270666
864.9737887145235,958.5937343208197,81.4235908342095,165.5524278532558
867.5321499216705,958.7314562415576,81.42672096279294,165.5489208456385
869.2348852160092,959.7397446442264,81.42924488285871,165.5463039249444
870.6559366865912,960.5247222109588,81.43161411157074,165.5436849931475
869.3936109657956,960.1172825084999,81.43417392604098,165.5409198019654
867.0613977569769,959.9455963888408,81.43817181966105,165.53637087843987
866.2905111195178,962.5059332661015,81.43983748673786,165.534745719347
867.1721344741424,963.931458486967,81.44219408139796,165.53231092397817
867.039891003818,967.2267162807669,81.44222367703793,165.53200243629303
865.6725069104936,970.4549058175401,81.4425920681544,165.5316332275537
864.8235892314719,971.3271691401703,81.44267959962141,165.5313801256512
863.640912101418,973.361031256311,81.44311038255627,165.53096241192446
863.5044539475973,977.2986803893756,81.44337442178823,165.53069847807066
862.8334103919398,980.4575448348704,81.44348787072684,165.53058366560276
861.1180996594424,984.0217024401107,81.44363767701492,165.53043751487547
857.580898237351,989.5811468042357,81.44372449641745,165.53035848663785
854.2914093581272,996.0924045809434,81.4437466045354,165.53033915667228
849.2740916493385,997.2348391868011,81.44376745912439,165.53032162639795
850.9559301965915,997.2348375178751,81.44376285950702,165.53032496424976
848.0338773606502,997.2348605709569,81.44381860081701,165.53027885808618
842.3653537940876,997.2348688203766,81.44383818419854,165.5302623592467
843.8121814499332,997.2348638359073,81.44381409237111,165.53027232818548
840.430310515125,997.2348740227505,81.44383974113181,165.53025195449902
835.443351405646,997.2348868888841,81.44387051654732,165.53022622223176
831.1297686935202,997.2348960868134,81.44389112726128,165.5302078263733
831.3071568990053,997.2348953016456,81.44388230705228,165.53020939670878
827.268364801314,997.2349100018406,81.44391656804775,165.53017999631882
830.1841316801026,997.2349083166116,81.44390765940852,165.53018336677684
827.5001143208754,997.2349347748961,81.44397667962079,165.53013045020774
823.0662270169814,997.2349442666196,81.44399921221331,165.53011146676087
819.8916632303068,997.2349594161155,81.44403430204208,165.530081167769
816.7744755257625,997.2349754477126,81.444071427592,165.53004910457474
817.7730263969938,997.2349705585744,81.4440577598134,165.53005888285102
819.7207581574328,997.2349636080679,81.44404363888373,165.53007278386423
821.0548902912225,997.2349596881095,81.44402969364606,165.5300806237811
822.7453693822247,997.2349563230609,81.44402029360884,165.53008735387806
823.754692612828,997.234953730357,81.44401482742792,165.530092539286
817.4584549637154,997.2349592388805,81.44402758598028,165.5300815222389
819.923027026127,997.2349563566133,81.44401926056494,165.53008728677338
821.5682785331257,997.2349502212362,81.44400210548463,165.5300995575276
824.5420307722429,997.2349382334795,81.44397115325137,165.53012353304106
822.0652495079433,997.2349565043377,81.44401433752068,165.5300869913247
818.1073675374125,997.2349706641363,81.44404780220285,165.53005867172737
820.2033487761744,997.2349676378112,81.44403278485368,165.5300647243776
823.1461727243963,997.2349651803391,81.44402455592099,165.53006963932165
818.19305016711,997.2349780753361,81.4440559101177,165.53004384932777
814.1347972265239,997.234991995365,81.44408954702695,165.53001600927004
815.6122807686723,997.2349876353433,81.44408185527784,165.53002472931354
816.7583998419474,997.2349850731172,81.44407455322548,165.5300298537657
812.3402897567038,997.2350045157003,81.44412261983071,165.52999096859932
809.7316025200657,997.2350244873118,81.44417474355849,165.52995102537653
805.8058146546326,997.2350376610043,81.44420800158535,165.5299246779913
801.1446240366903,997.2350541722793,81.44424827219903,165.52989165544145
803.3045741529022,997.2350511536744,81.44424139991305,165.52989769265125
800.0317658102932,997.2350672381717,81.44428103587573,165.52986552365644
797.5231169219038,997.2350791907761,81.4443120623188,165.5298416184478
800.1574656527341,997.2350775462357,81.44430614042263,165.52984490752854
802.1374181260302,997.235070868141,81.44428845998958,165.529858263718
803.4969528250017,997.2350652234876,81.44427829094364,165.5298695530249
800.4062917163916,997.2350815493728,81.44431894154404,165.52983690125427
802.8456353664031,997.2350791051757,81.44431282438212,165.52984178964851
798.6192293182146,997.2351008506992,81.44436899271975,165.5297982986018
799.3415427173529,997.2350976650276,81.44435982349435,165.5298046699447
793.9656367344493,997.2351050323003,81.44437792791237,165.52978993539935
788.6696435942597,997.2351134977088,81.44439853293771,165.5297730045825
784.4153577048147,997.2351313271098,81.44444064874173,165.52973734578043
780.6789863449733,997.2351538227881,81.44449612400923,165.52969235442373
774.8254860664803,997.2351633487951,81.44451979043129,165.52967330240966
770.2110476783948,997.2351735320916,81.44454429456837,165.5296529358167
767.0864562664179,997.2351911294026,81.44458542540703,165.52961774119487
769.9979431845272,997.2351890345724,81.44457482695088,165.52962193085526
764.8606663801542,997.2351983139877,81.4445970712561,165.52960337202467
759.8661459174145,997.2352186349817,81.44464530569525,165.52956273003662
762.2645799445082,997.2352173579034,81.44464080741612,165.52956528419332
764.0180558979393,997.2352143259154,81.44463498743735,165.52957134816927
765.4993833318217,997.2352117388507,81.44462755772197,165.52957652229864
768.0608009554022,997.2352082711463,81.44462079414261,165.52958345770733
770.5133086042397,997.2352005185691,81.44460809046171,165.5295989628619
767.7339176155366,997.2352061792037,81.44462227230524,165.52958764159268
764.5579459252085,997.2352156830475,81.44464647876703,165.52956863390492
766.1591205867101,997.235213580921,81.44464228859174,165.5295728381579
761.875823622014,997.235220023906,81.44465830660691,165.52955995218795
762.5848080169765,997.2352190113428,81.44465576328678,165.52956197731447
763.8700943703643,997.2352131792645,81.44463802820601,165.5295736414709
765.1309902428663,997.2352034900717,81.44461914468285,165.5295930198566
766.9273275526583,997.2352016189873,81.44461186633112,165.52959676202548
768.6121461426945,997.2351953818361,81.4445969167885,165.52960923632773
766.3781968646343,997.2352086476078,81.44463286686023,165.52958270478445
767.2049624822669,997.2351994313104,81.44461458630703,165.5296011373792
769.8698546375585,997.2351969373783,81.44460799331414,165.5296061252434
771.2108221529488,997.2351959112694,81.4446049350371,165.5296081774612
767.5706718202642,997.2352005800242,81.4446164272801,165.52959883995172
765.1121723171517,997.235211560606,81.44464279632874,165.5295768787881
766.9213921489484,997.2352077963619,81.44463303195114,165.52958440727605
770.3249837116451,997.2352037105304,81.44462411233755,165.5295925789393
770.9542460032588,997.2352001666732,81.44461357577907,165.52959966665372
771.4866704845173,997.2351983282338,81.44460898315054,165.52960334353259
772.8856160218735,997.2351763973736,81.44456017261366,165.52964720525281
771.5004469660443,997.2352092812173,81.4446396191873,165.52958143756535
769.9994181371867,997.2352397819877,81.44472388632317,165.52952043602448
771.5041646783649,997.2352293038317,81.44469816732439,165.5295413923366
773.1510425161041,997.2352162960851,81.44466488297431,165.52956740782986
769.5813595717569,997.2352251307728,81.44468655627557,165.5295497384544
771.6344616595151,997.2352209856311,81.44467878426285,165.5295580287377
769.2497053274457,997.2352339831298,81.44471169681474,165.5295320337404
767.2226542541233,997.2352488904477,81.44475481483384,165.52950221910467
768.1478817616884,997.2352362663821,81.44472587754656,165.52952746723574
769.8287300980086,997.2352267152537,81.44471018940314,165.5295465694926
770.6182517309765,997.2352171134208,81.44468742365054,165.52956577315834
773.4691994121215,997.2352149205819,81.44467919209771,165.529570158836
774.7855424699973,997.2352140752953,81.44467563822057,165.52957184940948
775.3836792963737,997.2352070124747,81.44466124564549,165.52958597505054
775.7236977536113,997.23520564831,81.44465735929595,165.52958870338017
776.9047672294579,997.2352031185854,81.44465143372587,165.5295937628291
776.9921034099443,997.2352004208516,81.44464564138981,165.52959915829675
775.4331132261404,997.2352127349427,81.44467700005582,165.5295745301145
776.8744219122639,997.2352014005565,81.44465707425074,165.52959719888696
778.9776108161196,997.2351979678511,81.44464675921499,165.52960406429764
780.217962301983,997.2351902217324,81.44463402834826,165.52961955653515
776.5699131088799,997.2351984550896,81.44465420944584,165.52960308982082
776.7707364834747,997.2351934502242,81.4446431070762,165.52961309955163
776.680816291914,997.2351809695533,81.44461428543808,165.52963806089335
777.2260515110571,997.2351691467741,81.44458185546027,165.52966170645178
778.0460121549653,997.2351662961423,81.44457305372018,165.5296674077154
778.5322119889695,997.2351619918949,81.4445654679262,165.52967601621035
779.326531768972,997.2351599245129,81.44455956442299,165.52968015097417
777.2897920742282,997.2351692359123,81.44458457387519,165.52966152817532
778.0959753420084,997.235167389796,81.4445792310181,165.5296652204081
779.2541899946184,997.2351628256463,81.44457191142419,165.5296743487075
780.4209949790738,997.2351608701912,81.44456794722836,165.5296782596177
781.30798896479,997.235156244307,81.44455689783123,165.52968751138602
783.0550410872737,997.2351476395397,81.44453891842763,165.52970472092068
783.7928596380251,997.2351357277212,81.44451350363155,165.52972854455757
785.0959466642673,997.2351217822138,81.44449532349208,165.52975643557247
786.0149870626226,997.2351096038705,81.44446167357872,165.52978079225912
786.6845106480457,997.2351064307747,81.44445168267919,165.52978713845062
787.2334004015752,997.2351043888289,81.44444346258469,165.52979122234223
788.0559539805269,997.2350972313318,81.44442092420354,165.52980553733647
789.5093553210912,997.2350957057657,81.44441398320228,165.52980858846846
791.1859120914105,997.2350944507958,81.44440694128218,165.52981109840843
793.0522474001261,997.2350915937366,81.44440114738296,165.52981681252686
795.1507710831617,997.23508621665,81.44439052447602,165.52982756670013
796.6471769422332,997.2350776645611,81.44436592905939,165.52984467087774
797.939975014459,997.2350740748599,81.4443589550635,165.5298518502802
798.9415816334374,997.2350694559638,81.44434791704279,165.52986108807258
800.2867501711765,997.2350663017708,81.44433920116823,165.5298673964586
802.3413495395042,997.2350638941659,81.44433140536998,165.52987221166805
804.1223350454944,997.2350621949312,81.44432657419084,165.52987561013768
805.9203865069098,997.2350549459774,81.44431325287678,165.52989010804527
807.9249284286195,997.235052919139,81.44430838894966,165.52989416172193
809.3409302149378,997.2350471940931,81.44429410464329,165.52990561181372
806.1075787228551,997.235065713164,81.44434278811889,165.52986857367208
801.3921526250283,997.2350761609354,81.44436879663857,165.52984767812933
797.7058566246145,997.2350936503842,81.44441174045947,165.52981269923146
793.1915248271287,997.235119662455,81.44447273533348,165.52976067509013
789.3035338758881,997.2351352127973,81.44451040487384,165.5297295744054
791.1300549127722,997.2351293123754,81.4444941966606,165.52974137524922
792.7636041189759,997.2351260438056,81.4444841974916,165.52974791238873
787.4052163181726,997.2351378597401,81.44451156148824,165.52972428051982
789.636847004221,997.2351368802797,81.44450607165481,165.52972623944052
790.6745108705132,997.2351315876023,81.44449357611555,165.5297368247954
787.057388080881,997.2351507355723,81.44453915461705,165.52969852885522
782.5809525125924,997.2351637304183,81.44457043981504,165.5296725391633
779.3052818341507,997.2351769644408,81.4446012574526,165.5296460711183
775.3120138130926,997.2351943772788,81.44464275840078,165.5296112454423
777.6671198408771,997.2351927939332,81.4446381651424,165.52961441213378
778.9747615117307,997.2351881078642,81.44462305387364,165.5296237842716
781.3497165916353,997.2351806976535,81.44460131416915,165.529638604693
777.5942218701097,997.2351981942525,81.44464829811413,165.52960361149496
772.8110848402705,997.2352092732402,81.4446744177289,165.5295814535196
770.5003930035297,997.2352239009822,81.44470971016811,165.5295521980356
771.5840020072302,997.2352183664096,81.4446915528494,165.5295632671808
773.6658265671194,997.2352168712641,81.44468579320898,165.52956625747174
775.003713431261,997.2352126147636,81.44467400302105,165.52957477047295
776.9929424592298,997.2352077127896,81.44466123860249,165.5295845744209
779.3326758758269,997.2352012711343,81.44464062580629,165.52959745773137
780.7383524752673,997.2351990219809,81.4446330041654,165.5296019560383
777.5285684386506,997.2352127118359,81.44466734784547,165.52957457632823
778.5564498042612,997.2352108384306,81.44466118553306,165.52957832313888
779.3381547254955,997.2352094228403,81.44465685682775,165.5295811543195
780.1861343007852,997.2352083546187,81.44465024092409,165.5295832907626
782.1205788322432,997.2352034614574,81.44463835047821,165.52959307708505
783.9554338809799,997.2351996553998,81.44462792188918,165.52960068920035
785.1061155415982,997.2351969835348,81.44462139310238,165.5296060329304
781.7727349705233,997.2352082167739,81.44464974716628,165.52958356645226
783.2547483483941,997.2352058773405,81.44464348207114,165.529588245319
785.2812561362981,997.2352048261423,81.44463836997753,165.52959034771527
787.4305675105385,997.2351976910056,81.44462440140403,165.5296046179888
790.2337240734647,997.2351915137917,81.44461162955548,165.52961697241648
787.3343236104199,997.2352040593838,81.44464260477847,165.52959188123242
789.6291633587183,997.2352017555988,81.44463662731609,165.52959648880227
784.7799321554248,997.2352183159419,81.44467564828297,165.52956336811627
786.2215769749155,997.2352136388545,81.4446627102753,165.52957272229114
788.5602003365991,997.2352121556271,81.4446554049377,165.5295756887458
785.1545115635222,997.2352233074853,81.44468308231707,165.52955338502932
780.3711654004582,997.2352348460036,81.44471071270559,165.52953030799293
776.1308204591204,997.2352451035725,81.44473729582045,165.5295097928549
772.9192267990563,997.2352562619758,81.44476263245866,165.52948747604844
770.554625280504,997.2352675777897,81.44479105561072,165.5294648444206
772.2413682991327,997.2352663806103,81.44478533833006,165.52946723877957
767.5352996472658,997.2352802334253,81.4448180354354,165.52943953314934
768.8831821946476,997.2352765395572,81.44480699188044,165.5294469208858
770.960485402374,997.2352750872816,81.44479881251138,165.52944982543676
772.6070721345743,997.2352720491001,81.44478888609007,165.52945590179985
769.8705148540132,997.2352849061172,81.44481995111836,165.52943018776557
765.0100698701812,997.2352936781706,81.44484085445154,165.52941264365882
765.6212542432078,997.235290384089,81.44482616284937,165.52941923182186
767.4967831230334,997.235287589695,81.44481696810894,165.52942482061007
764.0483605019232,997.2353016882716,81.4448492945274,165.5293966234567
758.5176540299864,997.2353111399207,81.44487136163086,165.52937772015872
755.9825117802778,997.2353248551258,81.44490534987852,165.52935028974832
751.0135028840398,997.2353356507045,81.44493104640738,165.52932869859086
746.3815035926341,997.2353467473828,81.44495734680905,165.52930650523444
748.886359113603,997.2353457685213,81.44495041787788,165.52930846295746
744.0786165870607,997.235357509256,81.44497698249829,165.5292849814879
746.718019193303,997.2353557371177,81.4449679659974,165.52928852576449
742.2373837423928,997.2353713951985,81.44500477510537,165.52925720960295
744.9060475146892,997.2353701695788,81.44499994245714,165.52925966084234
741.1855776201729,997.2353808057949,81.44502557743711,165.52923838841025
735.6371089392985,997.235389595227,81.44504769412968,165.52922080954585
731.0909322751767,997.2354061854817,81.44508630221948,165.52918762903667
727.7814585652426,997.2354291673234,81.44514248292158,165.52914166535314
724.6306416084336,997.235448814093,81.44518786123068,165.529102371814
725.6438417026566,997.2354481760898,81.4451856162813,165.5291036478204
726.9434100882154,997.2354440310364,81.44517375361102,165.52911193792704
722.8179114546386,997.2354645227475,81.4452211611454,165.52907095450502
724.5580424521737,997.2354608433969,81.44520952465683,165.52907831320618
726.8179192264187,997.2354507796467,81.44518177572743,165.52909844070658
722.717259919821,997.2354763350455,81.44524459058292,165.52904732990896
717.8106937863938,997.2354865394907,81.4452684132234,165.52902692101873
712.1727901695647,997.2354982199909,81.44529592276047,165.52900356001828
706.8472736711649,997.2355096519957,81.44532317462618,165.52898069600863
702.0781502836368,997.2355241563135,81.44535812717245,165.52895168737285
697.7142831328189,997.2355404087549,81.44539791739471,165.52891918249028
698.8640299561998,997.2355353110113,81.44538184784241,165.52892937797745
699.9704578507288,997.2355276555767,81.4453680463941,165.5289446888467
701.0255883938786,997.2355253820313,81.4453593404658,165.5289492359376
703.2474354055727,997.2355209467453,81.44535227920537,165.52895810650944
705.4549679669353,997.2355201831953,81.44534910716351,165.52895963360953
707.9387118817822,997.2355192053641,81.44534289062912,165.5289615892719
709.5345289296639,997.2355174010027,81.44533510521411,165.5289651979946
711.5439328321113,997.2355136968372,81.44531992956126,165.52897260632568
707.0336442952054,997.2355353490763,81.4453701173868,165.52892930184757
703.3740500211619,997.2355529204054,81.44541060181412,165.52889415918918
698.450773010652,997.2355671536816,81.4454432452704,165.5288656926367
692.8067068655972,997.2355833071375,81.445481014811,165.528833385725
689.1596977932645,997.2356076248122,81.44554001869899,165.52878475037548
692.080488745138,997.235604910207,81.4455303996504,165.52879017958603
687.2381573637476,997.2356154657598,81.44555513905482,165.5287690684805
681.0519284728764,997.2356274193893,81.44558402675416,165.5287451612215
682.7651627213957,997.235625333984,81.44557603424767,165.5287493320319
676.9077208983965,997.2356350969188,81.44559971778253,165.52872980616243
671.8806771661655,997.2356526418743,81.44564341240803,165.52869471625158
674.3623998530327,997.2356229221277,81.44559840259573,165.52875415574448
675.4951203697954,997.2356006711077,81.44555324881595,165.52879865778462
676.9101771837493,997.2355957401736,81.44554039567309,165.52880851965276
679.1491405907688,997.235588577109,81.44552457711758,165.52882284578214
675.0502865514894,997.2356103511986,81.44557507053227,165.5287792976028
671.530262858681,997.2356270437939,81.44561391122723,165.5287459124122
672.5161750782813,997.2356248303322,81.4456051773258,165.52875033933566
674.3998987727595,997.2356227983888,81.4455966769194,165.5287544032223
669.5178749090927,997.2356334549302,81.4456215771045,165.52873309013978
671.4692174426503,997.235631969217,81.4456145228371,165.528736061566
666.3211629294697,997.2356452112897,81.44564582092691,165.5287095774206
668.3765778583456,997.2356427185523,81.44563673343872,165.52871456289546
662.2587433398951,997.2356519820993,81.44565761512737,165.5286960358014
656.6844375353735,997.2356642624877,81.44568581200016,165.5286714750246
650.0588468491969,997.2356722032729,81.44570370168722,165.52865559345415
645.2203149965013,997.2356822863568,81.44572730698094,165.52863542728647
642.4689271196805,997.2357093724877,81.44578890351798,165.5285812550245
636.6795460905471,997.2357199138085,81.44581370287374,165.5285601723831
637.7438952679864,997.235717264417,81.44580511392529,165.5285654711661
632.9077253865308,997.2357283146624,81.44583118665082,165.5285433706751
627.2093508305393,997.235740751882,81.44586131975211,165.52851849623607
620.7543378838111,997.2357498956422,81.44588259742487,165.52850020871546
622.7210517954943,997.2357471031355,81.4458749553329,165.5285057937289
616.7175966408327,997.2357563032612,81.44589687506861,165.52848739347775
618.5317934200076,997.23575402869,81.44588599951905,165.52849194261992
614.718696895973,997.2357686791332,81.44592081013089,165.52846264173357
611.677430090789,997.2357846225209,81.44595968478122,165.5284307549581
608.508270295975,997.2358008300455,81.44599859661396,165.52839833990896
604.4948116247575,997.2358291406392,81.44606619234472,165.52834171872146
600.311540769466,997.2358511545565,81.44611563150433,165.52829769088711
602.2377528703364,997.2358501702045,81.44610794511394,165.5282996595911
604.6705968560192,997.235847872444,81.4460963767939,165.528304255112
607.2573679901154,997.2358452584698,81.4460861177264,165.5283094830605
603.2073045801778,997.2358650953238,81.44613340116355,165.52826980935234
599.7826536311251,997.2358835776367,81.44617735325464,165.5282328447264
601.1542474286996,997.2358810853733,81.44616502627886,165.52823782925333
602.3651701103211,997.2358780081254,81.4461541318774,165.52824398374918
599.6969214011666,997.2359117898272,81.44623101414501,165.5281764203454
596.0815946688733,997.2359316452715,81.44627601544427,165.5281367094569
597.4694275871835,997.2359286617275,81.44626163374936,165.5281426765451
598.8227657343799,997.235927813967,81.44625419311645,165.528144372066
593.9033079290299,997.2359434045228,81.4462902185504,165.52811319095434
595.8295437734823,997.235939670807,81.44627962927018,165.52812065838586
597.2248419492427,997.2359363851173,81.44626450409835,165.52812722976543
593.9051221128967,997.2359555604671,81.44631084716976,165.5280888790657
589.671433092241,997.2359703177402,81.44634651177206,165.52805936451958
585.734597768438,997.2359839264027,81.44637852946487,165.52803214719452
587.5880171680428,997.2359805550233,81.4463704702303,165.52803888995342
588.8545517934823,997.2359786835989,81.44636391580826,165.52804263280223
583.39434764113,997.2359889594946,81.44638781346919,165.5280220810108
583.1713600370489,997.235984144643,81.44636924054181,165.5280317107139
578.8835758765144,997.2360035173588,81.44641323147154,165.52799296528238
573.0942853131982,997.2360207531763,81.44645355610204,165.52795849364736
568.5102518603765,997.2360420935263,81.4465030743554,165.52791581294747
570.2468184159503,997.2360404573392,81.44649542097132,165.52791908532163
572.2407432156953,997.2360374403847,81.446485520273,165.52792511923056
566.5487267013638,997.2360451186798,81.44650346562304,165.5279097626403
568.3005931622249,997.2360430610861,81.44649368843184,165.52791387782773
566.3346689498399,997.2360726235933,81.44656511277473,165.52785475281354
568.4749035009975,997.2360712454728,81.44655493761401,165.52785750905454
570.3643137608549,997.2360700311207,81.44654682634662,165.52785993775856
571.5122520643095,997.2360654530672,81.44653503991783,165.5278690938656
568.4459192633168,997.2361031714311,81.44662989834221,165.52779365713786
563.9885553233352,997.2361221936075,81.44667729734844,165.52775561278514
566.540305747598,997.2361173501469,81.44666394043034,165.52776529970637
567.6628540321489,997.2361151379442,81.44665404125062,165.5277697241115
563.1206583777099,997.2361364793147,81.4467052546086,165.52772704137047
565.6829974509096,997.2361350553373,81.44669952108146,165.52772988932546
561.3606307952427,997.2361468614301,81.44672706001535,165.5277062771396
555.6590572634447,997.2361558685502,81.44674931434643,165.52768826289952
556.4884130510012,997.236152094721,81.44674142404001,165.52769581055801
552.1696043901567,997.2361650464267,81.44677501312408,165.5276699071467
554.509367286016,997.2361615721497,81.4467650600285,165.52767685570058
551.0097618691269,997.2361759313602,81.44680225260178,165.52764813727964
547.6534543797799,997.2361895614682,81.44683607361169,165.52762087706347
548.6865196717619,997.2361864233051,81.44682611418997,165.52762715338986
543.4361171173686,997.2361966786775,81.44685111738572,165.52760664264503
543.5056081444129,997.2361947151315,81.44684544352604,165.52761056973696
544.7624511466241,997.2361935935365,81.44683989717228,165.52761281292683
542.7900562062217,997.2362098208985,81.44688042266102,165.52758035820315
542.9478132974359,997.2362069562678,81.44686870500392,165.52758608746456
543.3093647172741,997.2362039826035,81.4468609247223,165.52759203479297
543.7736639467296,997.236201148869,81.44685055813851,165.52759770226197
544.3042519235232,997.2361971405462,81.44683528818304,165.5276057189076
539.5271145164199,997.2362089875751,81.4468641535981,165.52758202484972
539.9001720679648,997.2362074565942,81.44685770166951,165.52758508681143
541.452048209673,997.236203929092,81.44684730248503,165.52759214181594
542.120557202162,997.2361967087905,81.44682885306742,165.52760658241883
540.1038895788846,997.2362157517687,81.44687609760817,165.52756849646264
541.1101094387934,997.2362097964259,81.44686060836597,165.52758040714815
542.1375090332745,997.2362082047192,81.44685477725307,165.5275835905615
542.9621560741772,997.2362024066437,81.44684160117126,165.5275951867126
543.5182499842388,997.2361921402643,81.44681434451697,165.52761571947144
543.2420193173764,997.2361882047917,81.44680332526019,165.52762359041654
543.6860507732446,997.2361858853125,81.44679663214784,165.52762822937498
543.6224805623506,997.2361803047262,81.44678468550954,165.52763939054768
544.5410179509088,997.236176140937,81.44677071752848,165.52764771812588
538.9151010237239,997.2361894572632,81.44680212744035,165.5276210854735
540.248397957383,997.2361811483598,81.44678631455035,165.52763770328025
542.4007666103237,997.2361783758087,81.44677942401306,165.52764324838267
537.7869630598359,997.2361917331066,81.4468112228647,165.52761653378678
533.2867781780128,997.2362048682662,81.44684147845413,165.52759026346746
528.6362004129538,997.236214987276,81.44686480642378,165.52757002544817
530.4505919301256,997.2362073925826,81.4468464014442,165.52758521483463
531.3231716339616,997.2362051788438,81.4468360101526,165.5275896423124
526.8143128058474,997.2362160258504,81.44686300781153,165.52756794829924
520.8793396696254,997.2362235237392,81.44688092027008,165.52755295252157
516.0387028665511,997.2362355976547,81.44691062993422,165.5275288046906
518.3889622100412,997.236217222005,81.44687860295795,165.52756555598992
519.7578905932514,997.2362144841863,81.44687083365345,165.52757103162722
515.3249888917314,997.2362246881864,81.44689626733319,165.5275506236272
516.8836045472104,997.2362174909135,81.44687367562877,165.5275650181729
512.6506601306601,997.2362317899356,81.44690977130269,165.52753642012883
506.85655874328455,997.2362430542476,81.44693772610745,165.527513891505
508.59178846432343,997.2362403355955,81.44693154635881,165.52751932880892
509.9788528474946,997.2362392395464,81.44692811761718,165.52752152090704
511.71404983945416,997.2362290099721,81.44690847947739,165.52754198005564
512.7145075200528,997.2362169893877,81.44688551902162,165.52756602122452
514.6673830710247,997.2362069818325,81.44686323406395,165.52758603633484
516.4157403125743,997.2361971121156,81.44684307736564,165.52760577576882
518.4653105144589,997.236188827574,81.44682615153205,165.527622344852
519.22728636798,997.2361547994342,81.44677340364969,165.52769040113157
519.7647723758129,997.2361450821619,81.44675136776611,165.52770983567623
519.5278942393597,997.2361353539249,81.4467290948159,165.52772929215024
520.6769835614558,997.2361120158201,81.44668740016297,165.52777596835975
521.4331458756348,997.2361039827763,81.4466674354632,165.52779203444737
522.8267715747393,997.2360982486985,81.44665272777559,165.52780350260306
519.5374530336221,997.2361169383095,81.44670132429204,165.52776612338107
521.2438067933738,997.236113167975,81.44669112000486,165.52777366405007
522.2141687735773,997.2361082624228,81.44667305502162,165.5277834751543
517.7455275085954,997.236119964136,81.44670163295903,165.52776007172795
519.3302543057955,997.2361139882843,81.44668020179724,165.52777202343142
519.9359320213985,997.2361094961499,81.44666817822245,165.52778100770024
521.2643938594235,997.2360953540931,81.44664157019592,165.52780929181375
522.3387285339124,997.2360812733838,81.44661643012623,165.5278374532325
518.434519666821,997.2360917642535,81.4466411627526,165.52781647149305
521.3875227494491,997.2360900299269,81.44663370431404,165.52781994014626
523.2733063459324,997.236088503462,81.44662956447853,165.5278229930759
525.6112946306811,997.2360862650826,81.44662307249588,165.52782746983473
527.3493823512105,997.2360805245303,81.44660577352691,165.52783895093955
528.2752688926487,997.2360775365794,81.44659689276837,165.5278449268413
529.1414156650541,997.2360721424661,81.44658896673968,165.52785571506783
530.7230840043869,997.2360687223575,81.44658093568749,165.52786255528517
531.7119868216141,997.2360670466879,81.4465749552401,165.52786590662413
532.7496425889278,997.2360610839617,81.4465602994273,165.52787783207674
534.1472539269329,997.2360547706324,81.44654059392195,165.52789045873504
534.5832395650194,997.2360501419844,81.44651982491294,165.5278997160313
534.92186165292,997.2360320063436,81.44647328428557,165.52793598731273
536.1590536472451,997.2360245125501,81.44645548368472,165.52795097489968
537.1577530218631,997.2360114736678,81.44643103063717,165.52797705266454
537.7999997430314,997.2360069992353,81.44642066344231,165.52798600152946
533.7591945168259,997.2360147264941,81.4464423707362,165.5279705470119
534.7700014319479,997.2360088210546,81.44642449538718,165.5279823578907
537.1367662137251,997.2360050844617,81.44641734699391,165.52798983107658
539.233330918297,997.2360019927294,81.44640984794512,165.52799601454115
541.619191466643,997.2359986925138,81.44640010074077,165.52800261497242
542.7028838970871,997.2359872425618,81.44638055242885,165.5280255148765
543.8986023102641,997.2359818036314,81.44636909724481,165.5280363927372
545.0004909447159,997.2359731369875,81.44634911441278,165.52805372602506
546.1906113194368,997.2359412569721,81.44629373064798,165.52811748605592
546.8583976475932,997.2359356174024,81.44627781986455,165.52812876519522
548.423621318288,997.235931774172,81.4462647531481,165.52813645165617
549.6737464064565,997.2359233840049,81.44624822701864,165.52815323199016
550.0671263668368,997.2359150314651,81.44623129150672,165.52816993706975
550.0567682802557,997.2359046241663,81.44621145578651,165.52819075166735
551.4999385445793,997.235902498705,81.44620582322685,165.5281950025902
553.011024350499,997.2358970603661,81.44619283412898,165.52820587926772
554.090068979017,997.2358929160357,81.44617914815332,165.52821416792864
550.1240635066306,997.2359023542449,81.44620328414942,165.5281952915101
546.7596389072498,997.2359121729546,81.44622834426936,165.52817565409072
541.8423371244955,997.2359191309984,81.44624576628428,165.5281617380033
536.8849415292874,997.235928736724,81.44626873770648,165.52814252655213
538.4881052696943,997.2359202156543,81.44625534380671,165.52815956869134
539.8643403063934,997.2359178588061,81.44624932642374,165.52816428238776
539.7210641175066,997.2359138610889,81.44624101975488,165.52817227782214
540.2541461205242,997.2359109275466,81.44623280500213,165.52817814490692
541.3798400353962,997.2359053013267,81.44622160413378,165.52818939734658
542.0168635912884,997.2358961883484,81.44620493935567,165.52820762330308
542.1043703056066,997.23588300198,81.44617659167663,165.5282339960399
543.2343869822853,997.2358725275083,81.44614728189842,165.52825494498356
545.33932386985,997.2358350201794,81.4460856710757,165.52832995964138
546.3486750901178,997.235764601376,81.44592480501818,165.52847079724793
546.8402329131259,997.2357455184717,81.44585545226063,165.52850896305654
548.2723405206518,997.2357393261238,81.44583272301826,165.52852134775222
549.4134195546214,997.2357303751216,81.44581419479749,165.52853924975668
551.7326639154547,997.2357125594322,81.44577752620098,165.52857488113557
553.4386553619672,997.2357082728951,81.44576691749296,165.52858345420995
554.6321008151767,997.2356982893247,81.44573805064002,165.52860342135062
555.4521813353534,997.2356924600646,81.4457235041984,165.52861507987086
557.0537028453051,997.2356851931517,81.44570677900337,165.5286296136966
558.3847392012267,997.2356723230698,81.44568169174809,165.52865535386042
560.3428985715225,997.2356658613044,81.44566420161443,165.52866827739115
560.4967196749476,997.2356642027657,81.44565801733194,165.5286715944686
561.2048677296146,997.235652851093,81.44563430980746,165.52869429781384
563.9511729719283,997.2356465836771,81.44561854411337,165.52870683264587
565.8018709004721,997.2356427130957,81.4456072313983,165.52871457380857
563.4256664541525,997.2356573480506,81.4456419518267,165.52868530389873
565.1147012205062,997.235655368523,81.44563466734945,165.528689262954
567.3279109336225,997.2356505476608,81.44562305514245,165.52869890467827
568.715361523022,997.2356435514919,81.4456003782356,165.5287128970163
570.5868640779908,997.235624753253,81.44556001286614,165.52875049349413
566.4838446180823,997.2356383694823,81.44559478992174,165.52872326103534
568.4537305041049,997.2356359905403,81.44558656386656,165.52872801891937
570.1005897233244,997.235632950997,81.44557692669689,165.52873409800594
571.668129961824,997.2356313366892,81.44557321094366,165.5287373266217
572.7209150198057,997.2356189176662,81.44554980785541,165.52876216466763
573.9574705257576,997.2356142089596,81.44553969660176,165.52877158208074
575.7945998271902,997.2356099169317,81.44552835859868,165.52878016613653
577.2705908192074,997.2356070701422,81.44552195859443,165.5287858597155
579.1775380746404,997.2355968305744,81.4454978777209,165.52880633885127
575.7444914470841,997.2356036614851,81.4455151402494,165.5287926770297
576.7247682957475,997.2355992675512,81.44550316808139,165.52880146489767
577.9181191059661,997.2355971295704,81.44549287950751,165.52880574085935
579.3591243420102,997.2355859084387,81.4454587734625,165.5288281831227
575.0928489290055,997.235595039089,81.44548072221336,165.528809921822
577.091039187671,997.235592307928,81.44547075885298,165.52881538414417
577.7606348672108,997.2355900415587,81.44546380319272,165.52881991688253
574.7713583128203,997.2356066315335,81.44550557850808,165.52878673693283
575.643948547202,997.2356051376918,81.44549784877383,165.5287897246165
576.8656806518845,997.2355986619974,81.44547812984136,165.5288026760052
577.9617088384044,997.235593404565,81.44545528608316,165.52881319087012
579.6947418494706,997.235592115557,81.44544871028566,165.52881576888615
581.9346470992182,997.2355911603725,81.44544224979205,165.52881767925498
576.9335655648213,997.2356000292768,81.44546336607125,165.5287999414463
572.3398224017435,997.2356124683821,81.44549260757083,165.52877506323583
573.6561326945683,997.2356099383322,81.44548472715205,165.52878012333545
575.1855067766521,997.2356083472278,81.44547908617771,165.52878330554458
576.0487577435613,997.2356048534041,81.44546419287921,165.52879029319183
577.6193908964,997.2356021176302,81.44545565011079,165.52879576473978
578.543452764128,997.2355937642803,81.44542804693303,165.52881247143924
579.4903650192774,997.2355917230759,81.4454176235484,165.52881655384806
579.6655490843586,997.235585307865,81.44540225751564,165.52882938427004
580.3076190670539,997.2355814792509,81.4453916733049,165.5288370414983
581.0954785389621,997.2355773203054,81.44538195323581,165.52884535938924
582.1512609864828,997.2355757868354,81.44537621079738,165.52884842632923
578.2493980197446,997.2355899210935,81.44541075709739,165.52882015781296
579.462624378582,997.235585433796,81.4453939868409,165.52882913240802
580.5388521910475,997.2355806753725,81.44538224771308,165.52883864925494
582.3193705344127,997.2355784160127,81.44537332625671,165.52884316797451
578.9134684282201,997.2356069119787,81.44544000125791,165.5287861760425
578.7741427609648,997.2355933410806,81.44541336559755,165.52881331783874
578.2355423244745,997.2355895081386,81.44540405066604,165.5288209837229
574.3207052867773,997.2356006968881,81.44543344603717,165.52879860622366
575.5348723497806,997.2355981379212,81.44542521152542,165.5288037241576
575.7959631176196,997.235594819468,81.44541606726185,165.52881036106402
576.8947643629151,997.235593252225,81.44540273568273,165.52881349555
579.0192671911863,997.2355902039974,81.4453914295738,165.52881959200528
580.3219168277261,997.2355887709552,81.44538018521122,165.52882245808942
575.5943832822712,997.2356022347801,81.4454130201396,165.52879553043968
571.3585895467887,997.2356196161186,81.44545431800876,165.52876076776283
566.7222815016489,997.2356354778562,81.44549121517309,165.52872904428747
567.837623803737,997.2356324534156,81.44547634785933,165.52873509316876
568.3208607554731,997.235621539447,81.44543853247235,165.52875692110584
568.7515010735277,997.2356141591292,81.44542057546307,165.5287716817415
569.244109779225,997.2355985188136,81.44538628384237,165.52880296237285
571.0029284272107,997.2355945503094,81.44537551184243,165.5288108993811
566.6470389955739,997.2356179389808,81.44543390850222,165.52876412203844
567.9988088090305,997.2356166656006,81.44542840787082,165.5287666687989
563.6072586764556,997.2356301187789,81.44546096977373,165.52873976244214
564.6869758846651,997.2356269650892,81.44545395775833,165.52874606982166
565.7267393774325,997.2356247312313,81.44544481356263,165.52875053753746
567.7245623087256,997.2356210120332,81.44543565256038,165.52875797593362
563.2058576636489,997.2356315990247,81.44546281685923,165.52873680195057
564.3830912422276,997.2356299592498,81.44545589911215,165.52874008150036
560.2901462035671,997.2356422422974,81.44548629625734,165.5287155154051
557.2341144808934,997.2356624387781,81.44554021630566,165.52867512244367
558.7336336409943,997.2356534776351,81.44552104206943,165.5286930447298
556.1766236394434,997.2356705264292,81.44556361292035,165.52865894714157
557.4461488263232,997.2356662169434,81.4455507052099,165.52866756611314
558.6418849113661,997.2356624898395,81.44553847698808,165.52867502032112
560.0075437250399,997.2356600740667,81.44553097880608,165.52867985186663
562.0426550179187,997.235654233099,81.44551408152498,165.528691533802
563.331907156815,997.2356496182534,81.44550101467011,165.52870076349313
564.0168627106989,997.2356445537138,81.44548810693725,165.52871089257243
565.839233788822,997.2356409802827,81.44547699546055,165.52871803943452
567.0219934332513,997.2356319098932,81.44545577255019,165.52873618021357
568.2230124301971,997.2356299240076,81.44544824664577,165.5287401519847
569.4727583947115,997.2356275165258,81.44544109506748,165.52874496694832
571.5523271094204,997.2356249920596,81.44543376208519,165.52875001588086
573.4329801375668,997.2356225493417,81.44542731593039,165.52875490131674
575.4446687704567,997.2356208666013,81.44542174662276,165.5287582667974
570.6615418465203,997.2356320593728,81.44544958894141,165.52873588125422
573.1087016467725,997.2356296367498,81.44544523120435,165.52874072650036
566.9172682863922,997.2356349767681,81.44545749029508,165.52873004646383
568.7229245700996,997.2356283662494,81.4454410997904,165.52874326750108
564.176657914824,997.2356443484573,81.44547849206785,165.52871130308537
564.4211836367313,997.235641031233,81.44546676735818,165.52871793753408
565.6611799527452,997.2356384562208,81.44545674984748,165.52872308755832
567.7420009162952,997.2356369844347,81.44544974477498,165.52872603113056
569.7250794250492,997.2356299510886,81.44543609694159,165.52874009782275
570.6886399976682,997.2356260468579,81.44541894798046,165.52874790628425
572.2536019039967,997.2356230524608,81.44540679647159,165.52875389507824
573.0419528995872,997.2356218399134,81.44539953223455,165.5287563201732
574.6429955141128,997.2356192468486,81.44538716199375,165.52876150630283
575.8521271889146,997.2356094047027,81.4453614985476,165.52878119059454
572.9505828030198,997.2356281686957,81.44540833537016,165.52874366260858
573.0078700090905,997.2356213217374,81.44538516939477,165.5287573565252
572.6563050361865,997.2356132565981,81.44536680978676,165.52877348680386
573.9446277452715,997.235605913532,81.44534650033542,165.52878817293586
575.1798961358456,997.2356009907867,81.44533236132284,165.5287980184266
575.8311170940752,997.2355944380688,81.44531678305944,165.52881112386243
576.8508279625358,997.2355898504027,81.44529943838081,165.52882029919454
578.3534091332325,997.2355816303024,81.44527048741415,165.52883673939527
579.8295754510478,997.2355657664292,81.4452333935467,165.52886846714154
581.9487747254713,997.2355617924185,81.44522052203742,165.528876415163
583.0634508847281,997.2355580010291,81.44520518052889,165.52888399794196
583.3340230877237,997.2355558912718,81.44519471475753,165.52888821745634
579.6678759471196,997.2355781587662,81.44525127547622,165.52884368246757
578.1283577532992,997.2355992815428,81.44530459465085,165.52880143691434
575.6901732454292,997.2356238089283,81.44536230820586,165.5287523821434
577.9958977519898,997.2356188801097,81.44534870844525,165.5287622397806
573.8083121212129,997.2356313613445,81.44537787252578,165.528737277311
574.1428823809161,997.2356298580183,81.4453708374828,165.52874028396334
574.8212406045759,997.2356235807434,81.44534670431138,165.52875283851307
574.9087438994696,997.235621550816,81.44533739953216,165.52875689836816
576.5270815923636,997.2356178202849,81.4453265473593,165.52876435943023
576.2299070788443,997.2356028707478,81.445292632675,165.52879425850446
576.7969442543416,997.2355960896936,81.44526745885035,165.52880782061297
577.425872536913,997.2355919500463,81.44525438812299,165.52881609990723
577.8504763843036,997.2355868270769,81.44523913385127,165.5288263458462
579.2660439741817,997.2355803022,81.44521633889134,165.52883939560004
580.4411734806916,997.2355787162294,81.44520757001224,165.52884256754123
581.8741624789861,997.2355748143036,81.44519184034522,165.52885037139276
577.6840412624748,997.2355992912268,81.44525009978382,165.52880141754645
576.0394214556633,997.2356385757406,81.44534638950867,165.52872284851887
577.824270995089,997.2356345317496,81.44532490198084,165.52873093650075
574.2731994547198,997.2356640736683,81.4453928827744,165.5286718526633
575.5201220432484,997.2356610241457,81.44537647921572,165.5286779517086
572.5508851504977,997.2357014552381,81.44547336118306,165.52859708952377
568.2228050746112,997.2357355684118,81.44555517433311,165.52852886317638
563.0699195519005,997.2357442565942,81.44557537289158,165.52851148681148
560.7681210806938,997.2357787419783,81.44566050500224,165.52844251604353
557.6691569758113,997.2358160433287,81.44574850099156,165.52836791334255
553.9721460558595,997.2358593399097,81.44584801194635,165.5282813201807
555.8652381725511,997.2358527130573,81.44582710864125,165.52829457388546
551.6088903727921,997.2358731249299,81.44587221835214,165.52825375014038
546.5836529012677,997.2358836687347,81.44589588271457,165.52823266253054
549.2474725940056,997.2358823789665,81.44588844761701,165.5282352420671
550.9093865544435,997.235879720981,81.44587539566832,165.52824055803816
546.0032670445262,997.2358958387906,81.44591196188964,165.5282083224187
547.3281618981196,997.2358905725926,81.44589418348998,165.52821885481487
541.4700418371764,997.2359106623228,81.44594110621877,165.5281786753544
536.8396019481494,997.2359388765211,81.44600812487336,165.52812224695774
537.6796563599272,997.235935666392,81.4459930665765,165.528128667216
531.8114204952674,997.235959518897,81.44604797918457,165.5280809622061
528.4978894391879,997.2359858068485,81.44611023630196,165.52802838630316
523.0646329247138,997.2359991967852,81.44614243791878,165.52800160642957
524.5925769308178,997.2359959198972,81.44613354176917,165.52800816020562
520.8743641076467,997.2360207037165,81.44619358371065,165.52795859256702
518.8222664051073,997.2360471322659,81.446256813344,165.5279057354682
521.2578930056171,997.2360454695356,81.44624899654049,165.52790906092886
518.9737907248425,997.2360610140529,81.44628682530171,165.52787797189418
519.9465252376162,997.2360587789173,81.44628014583114,165.5278824421654
516.8239646662063,997.2360823812381,81.44633941426149,165.5278352375237
518.4118360367438,997.2360722569179,81.44631426542588,165.5278554861644
519.7036037722352,997.2360667851294,81.44629729953948,165.5278664297412
515.1421430214259,997.2360869144387,81.44634740223222,165.52782617112263
512.1960895922084,997.2361125230829,81.446412100633,165.5277749538343
513.6508449412854,997.2361086006958,81.44639985561943,165.5277827986083
508.5121367862263,997.2361186222086,81.44642473202184,165.5277627555828
510.5466958751616,997.2361157827921,81.44641599400094,165.5277684344157
510.31804276067237,997.2361075036791,81.44639724129001,165.5277849926418
510.84301150249945,997.2361025462934,81.446380197356,165.52779490741324
506.5379315728898,997.2361192361373,81.44642214428275,165.52776152772552
503.43193449476956,997.2361488372651,81.44649460862874,165.52770232546985
497.9030420247377,997.2361674558173,81.44654029087994,165.52766508836538
492.0337073010586,997.2361852236678,81.44658325813566,165.52762955266434
492.96140238575896,997.2361811813818,81.44657112046556,165.52763763723655
495.0049454988616,997.2361695810288,81.44653628586181,165.5276608379424
497.68223296845963,997.2361603739049,81.44651075462481,165.52767925219015
