786.5,376.5,92,233
785.736896225577,379.24551733211524,92.77094644056675,229.65446742622362
786.6010193162599,378.28519865952046,93.23137733172604,226.49550586775723
787.2405177742719,381.3168557416891,94.0541727512122,225.915581557851
787.1153046767448,382.1626400567064,94.3594187089732,225.85996122817812
787.879381083509,381.3651811135702,94.58608075864976,225.82304186564835
789.1086042337433,383.62309252042826,94.88930147134938,225.79080917796978
789.2033919039791,379.93894491833197,94.58957115939751,226.05326036131885
790.1023983803584,382.93962837365206,94.7573120003553,226.4219281453503
789.2145398840979,378.4478344701784,94.48755088733121,225.87761144179953
791.1900412266367,382.6078031671966,94.24201328060758,227.32051431875928
790.5294310134119,379.13689180177664,94.19170031319734,226.92017014896436
791.1671140313686,376.2786308588254,94.00411880601642,228.66586850848438
791.0604316738232,376.2925331897692,93.94564554155178,231.46162408448137
791.5299157314391,371.02168811716916,93.33464816949945,232.7893631188416
791.0574023332193,365.0984739096733,94.40680957218119,233.03485273683623
791.9232188890048,365.0878334662491,93.77114315734923,234.56824147280577
791.7985092049922,358.0607370686753,94.61004250822742,234.361434588388
791.0296209429861,356.0441263612614,95.55837528901088,232.03848582575597
793.1868658500322,360.44109927168074,95.17873139929608,232.4717195322001
793.6309713957385,356.7751163682224,94.39562830822152,233.5187846738335
794.2006227659692,357.216815718077,93.77362516025495,234.1461919385942
794.019819785287,359.4425005030692,94.01571071817473,233.72844177244892
794.6959804290284,360.45803265773947,93.56476591651663,233.02637281013142
796.1603608156018,357.1984938645342,93.0489856998576,233.91333884716448
797.0679044262404,357.9395809785237,92.50666292293171,233.35418617413245
797.1496330253981,361.1157683548065,91.89752418245823,232.62488261526187
799.0891533641571,362.4482343875518,91.27643309562318,231.84752689140038
800.1212218179537,362.6117413833757,90.8091629149054,230.5333691447934
800.3018788559247,360.5523859825906,91.58044139782422,230.41664350684948
801.117387280505,362.12441171938593,91.57918111852581,228.27890261541975
801.7354433206001,360.2478534870087,92.71061202043708,226.4362768545273
804.444156185734,366.4743803135092,92.74719343891199,225.0052225606571
807.3078568913661,363.6791175395359,92.31480974691654,225.0259977996131
808.7322872573782,363.4358986308153,92.11987109588603,224.14965611895414
810.2948122511813,362.2943777564879,92.0103445419652,224.43067464754665
811.821071697641,365.99863668321177,91.38542436387428,223.23122604611302
812.0276078127958,365.9967756996178,91.88634447889767,221.88687464999694
814.966062036536,366.9579416114684,92.49410142524682,222.63306923735223
816.5551684728034,371.31485613642855,92.74289694313839,221.8675333965078
818.8455534779466,370.3883157526033,92.87058964800094,221.43452522067682
821.2440659843198,371.27447704205264,92.52642737481753,219.69105185795624
822.371899452375,373.13119967309206,92.47169127252359,218.50580936801794
823.9019191177342,375.5703785853977,94.25572571423568,217.25849307020113
826.6390804514641,374.6418968771271,95.05452154271701,218.14122083286492
827.3687357149324,374.29588208880944,94.82476662262258,220.01960373534413
828.5377438619,374.04084160910884,95.05490943208088,217.9903918823979
830.9077957546021,372.32767825138916,94.9979745347686,216.09605562252605
835.0713788402443,375.0728722147216,94.12573771529107,213.14684258447198
837.806200443674,372.9632970346349,93.19254203345595,210.38055412094548
840.8661083382923,371.180098487374,92.82976102281434,209.0911582161997
843.4363375323231,373.15824462003684,92.64576644853447,208.10791273050654
849.0545608133929,373.5106833116935,90.99325753135358,208.43069309446184
852.6027703000284,374.25384755407975,89.76503027713768,209.49285060402838
857.2363938319962,373.01475610076085,88.37949421936652,210.36286633918792
860.3705129150018,376.05584391756224,87.14603798618623,209.80198529939616
865.1002113703244,374.927643149337,85.78342948191302,209.06732729414446
872.2081974355466,375.1841715835105,83.5988208387123,209.53257218933197
876.7390723747174,370.80724287694864,81.73812696394143,210.9308640545126
878.307349371597,373.08514096796284,82.16058133009112,210.75113837190435
881.7612262816973,372.79701772277184,81.82329307461822,209.50411954818412
885.4722510514918,371.3205319516184,80.96588024233519,209.18690371256125
891.1514596814097,364.8293203942792,79.70076666291925,211.70540528030367
896.2234105021575,369.23940029519497,78.57980851812766,211.55540767939988
898.0581932932957,364.5784700406964,77.28727330847107,212.86368691245707
904.5844226734476,360.23614293394223,76.65260114637277,213.47115263414406
906.9723328937907,362.06340640060046,75.8643035461865,214.7595764263831
911.4081187389949,361.72819917447555,76.51096801605651,214.8834443598302
914.6671174974832,363.941209878319,75.33307412533107,214.7232868475596
917.3262077285744,365.05939584821834,75.45395625851606,214.92929700500522
920.0355399101319,367.1874975162938,74.69336532069403,215.12456833544982
921.1875836236433,368.4908623863513,73.44177027381359,214.6034921388071
923.5899060397868,368.1883853974542,72.61464733788875,214.00166294113268
926.253802269954,369.0787984571673,71.97415031441338,212.1227206473664
926.6918370804683,368.7973994533385,70.80791509022397,211.24764004632027
929.3762661384284,370.64856130665044,70.4782081660153,211.28078734990453
931.3003259218203,367.12383211663746,70.18519047072189,212.45922684336438
930.4890319799233,367.9130661672594,71.30949717365729,212.4842532670763
932.6977281353447,368.21463094897155,71.40430140364688,212.4981750666433
932.8205187542025,368.4386818619678,71.84574589177315,212.2487245842349
934.5756700341558,368.42130793998194,73.12703020778198,211.2435953711311
935.9762234930399,365.40037078307023,74.37257703757214,211.41485563313557
936.7383029579222,364.4447121623141,74.70610689240699,211.64249412842452
938.155456635525,364.1462434870524,74.86229355003414,212.2005591512923
940.5429388439089,362.30865144800146,75.51491759609576,212.85616214991109
942.5643262093566,363.41619889565345,75.48971908285162,212.45852564579673
941.2167226981039,366.3922627616164,75.7199631460675,211.56471032994747
943.8119936101539,365.8297199946953,75.72521447382319,211.19103802458673
944.7332727692567,368.25752595716006,76.2936254129723,210.0124237612479
945.5008252117889,366.73622919246816,76.28884021861231,209.63694292120107
946.8259291647867,366.3625053890698,76.1988690050452,208.75628619888866
946.8628205582658,368.30774904526874,76.90470334884344,207.41539066619967
947.2828580349745,370.15392961323124,76.88221326767166,206.68528238557556
947.360929791791,366.4590079062643,77.42348147002312,206.10725985560074
946.0184615415908,368.24733394388653,77.32658575225338,205.76635225667462
947.606892192214,368.40892332133,76.87019702524101,205.27193951993996
947.3917081669099,365.2281312935489,76.40977234837874,204.53515922232214
947.732619905686,364.5731397603904,76.94774469392372,202.9803885654947
947.0645251089642,365.06663420498694,76.35201042109543,202.1987067427422
936.284221651066,363.5992013409225,75.60408080735073,200.88376749726874
941.5981527419012,360.23822076117153,75.23381082691323,200.61571982574654
943.5854085004761,361.0888644724954,74.86329201034026,200.38368606234712
934.893280232858,361.94573978369635,74.13117548344265,198.7514879975924
938.3815701136804,359.882347973835,73.86713777883519,198.39367011966502
939.8643821882905,361.81211923244314,73.82065039223407,198.1877933834699
930.0320348205896,361.03701066240916,73.27130437141034,197.54233443520468
932.8414103861733,361.7584795268282,72.89769093174064,196.68534135892403
931.8632128095202,362.00747499077045,72.79531614371695,196.28547476376545
929.5596620991691,360.8866340433432,72.50652685168086,195.92615491911806
922.352412079136,362.1056615191691,71.81943196682042,194.44560543202005
922.6970512972242,365.57674940266486,71.19006990398637,192.2585632938738
920.9982783465183,363.6848588489155,70.56663210941427,191.3273714285026
918.5028999291568,362.470904416072,70.64539257954378,191.0486393354035
915.4799217915291,364.81957659211315,70.78740674664472,190.06885217517004
909.3783313839585,363.94384588432865,71.51662573164685,187.16431869861862
903.1747361068376,362.3872812376825,71.38532694415291,185.17526655727966
904.1282125483162,360.5945402986746,71.1568058105395,184.73428826454958
902.7822062798577,358.6185173424589,72.15008942842712,184.44733004184909
893.9330638213069,359.7513110679049,72.45135782026044,183.24040607839152
893.1948373143904,361.72346437221256,72.4303868276313,182.0432303405953
891.4522575890346,361.6514099261151,73.23358831821409,181.9155289097903
882.2704353449574,363.9922487795722,73.60636137692508,180.4730947102613
884.8979064921925,362.13122725623134,73.12900649624275,180.39147998678624
876.4121104654043,363.8312966857712,72.83431932923807,179.10929943497274
877.8792406130134,364.55792900461546,72.71668391385705,179.2421976028414
876.4610779445146,364.6919111597713,72.10552881071473,179.11744392711904
874.6064647988765,364.7307637543844,71.97254910070939,179.07460493306485
872.4627763985924,365.60327445215,71.86983638940605,178.84831703896793
870.8754713039926,365.55102677000355,72.39315568505091,178.2798166571252
868.047415198325,366.0040804135552,71.82721389171701,178.10814141166694
866.000362661888,361.5657010973075,72.54027290784373,178.6927266585422
858.2533970422102,362.08768598424376,73.86905636582722,177.90256541285453
860.3520079815694,361.75868800513507,74.23737193980661,177.47677857898051
853.6526731692828,362.4661531647603,75.01080409947475,176.65424952582808
855.6821885690118,360.79035902867474,75.23617996200421,176.96340572822072
853.6740756630431,363.1658080264918,75.42293895417842,177.27664805241088
852.4281523300606,363.5200265386559,74.82481169359922,177.14997191141407
847.050849351631,364.91157063908406,74.24581569885929,175.95591481083082
847.7557766429118,366.0056274227614,73.6260245570974,175.91798921268392
846.207390004825,368.23141333794604,73.07359548646922,175.50335175807749
845.7282581284563,369.48455011828366,73.19053884373699,175.3939314059442
843.4730778012479,368.24417223783945,72.69062699525472,176.27365645947324
842.9414112126788,368.9890042121434,72.86345557377533,176.71233294589342
841.6448737819094,368.3190753314776,72.76496825956349,176.49881510545646
839.7728644093229,370.09739061227947,72.30806022403567,176.83265695596216
839.6400078474993,369.0158500450136,72.1258604758452,177.00618666551367
838.4325884063857,366.17615886541284,72.37374484070806,177.46933195653895
838.3316519300616,377.51545649649904,72.80145860031712,175.8045191955873
837.3748231189167,371.3356436562881,73.69024701903969,174.75523507834083
835.5124047039935,366.42031583470924,74.00278755371976,175.9039258472309
835.1898096679946,366.24612008652,73.4236624592442,176.53331637825244
836.0400753583427,365.68248487115056,73.11332072622253,177.03191563971035
836.859023200961,372.5708741138259,72.84331361081787,176.7016007392597
836.7669287772837,370.3221466468815,72.4752758551413,177.05488443520284
837.9787915119243,367.8783226609248,72.30111384144169,177.01927648670602
839.3485758563016,374.6376037005823,72.66014291765592,176.61453066868262
839.908482245143,372.71154573825766,72.63455733475949,176.68781630349116
842.0501973817851,379.49441211921635,72.04608622514095,176.88700377625395
842.0627757263368,376.06137230242894,71.70218377392771,177.36058443979707
843.3159712022173,372.3119801544478,71.56520500592835,177.63740389963883
843.0040299104173,372.4960906381556,71.49477346732822,177.75635234698188
844.9600432772182,370.3908274471718,71.16307042986303,178.4268787670964
846.4202676706905,365.50156171498065,71.112808210225,178.7372915638761
848.4434564685623,368.0480986404113,70.59973530579597,179.57692406906344
850.6315652628458,370.16801908796646,70.34985238443487,179.85880119916067
851.0165389327823,367.306357509109,70.1925786252084,179.33770192111515
851.8561047942494,370.86176325421275,70.23866245651148,178.89563070342956
852.8057229678036,373.6889627062094,70.22660774907449,177.938192248655
853.6510563874451,369.43809287007264,69.96416070501849,177.695859006805
855.227980745217,374.2540972427221,69.44918342082539,177.59042058163544
856.4029390067062,369.3986924386655,69.35201419513403,177.37505411858172
858.2151234133768,378.1418218414836,69.05247853647128,175.73314040571896
858.6131576012045,375.678918674248,68.86004588917488,174.80466388420254
860.6368910801144,381.32019413251646,68.48216606667015,174.33375656812956
860.895700124729,377.1730479403478,68.51835851430225,175.16064267957873
861.6715902712983,382.5066788264962,67.63807228787886,176.06855619262114
863.2023326796007,376.27703513422614,67.6142423479832,176.36830149342106
863.8920233601386,378.78938199728447,67.38020917816851,176.9579866964426
865.0980591660187,370.068688867428,67.39365321811131,178.24368753135087
866.2292384943761,371.7969948234504,67.13212711907484,178.90051279505676
868.3505359090609,371.3937789632942,67.05477210064876,179.28158520664954
870.6136655498942,366.3512082702459,67.02941833274555,179.40550203677694
872.5394806044367,368.01302463765245,66.97464057389553,180.26857012288667
874.8506662489079,370.7514122500082,66.98044168256665,180.44312012400528
876.6531844906563,372.2204357499886,67.23432911111834,180.51297097789575
878.5176239236413,374.60046541106726,67.67220306039476,180.42203339798698
880.3495361912941,375.20401552726577,68.36166145355597,180.245486983339
882.9977127481519,371.0777446959161,68.40687061095865,180.22612465433906
886.4340621397478,378.48503103868177,68.4048883995747,180.21533347820716
886.8355847909959,374.58304088738294,68.4111873887654,180.20458027555583
889.8058019909823,378.29335973728354,68.41161612126942,180.19771515876243
891.2245680856638,375.37811542033864,68.43804777429847,180.22213823326507
893.1947320352749,377.39456503997224,68.4356404454498,180.2232174562171
895.6014396566654,374.64062128871797,68.41944972430558,180.27260552711556
897.7744284009727,372.070303954894,68.39784357358157,180.38148093267853
899.0407721273526,374.7317486895727,68.34521979765599,180.41429100250556
901.0087956795003,371.423454258679,68.31828896151876,180.44430912454695
902.5189840793067,369.8059391769786,68.25700120266193,180.5423933250419
904.5713198759819,375.5164696462073,68.24665801278451,180.5518619810058
906.7466360884098,374.9388966507127,68.23180716217814,180.55723640083568
910.5421707704363,376.99556251766785,68.21336820355098,180.5609443474064
912.1939727660815,373.7730910477199,68.16196433890853,180.57913376633664
913.4871786225859,374.61880050906586,68.07552496934446,180.55747375954587
915.6586185135998,375.3281665241791,68.0002757644042,180.592626569331
917.0764903508463,382.21664821247475,67.9741014487369,180.58979592131635
920.3076772560895,381.84009999035084,67.8737390708982,180.60881824981107
921.971719029009,382.4335627123997,67.83300069603395,180.61728899063462
923.4293570814061,380.0400289699738,67.7570891198957,180.68515967906922
931.5226400950173,382.2011886391574,67.66149027101801,180.8583356600684
930.2993799686308,382.5498108680771,67.64936970996348,180.85904150578355
930.8527688332937,378.64464783871944,67.62199919575623,180.9071619637604
932.5763885711804,377.20094501771587,67.6140783769041,180.92302229097868
936.3089840742389,374.9133655943388,67.61271736498877,180.93150452106406
939.57862848727,373.7355822073198,67.61288586009368,180.93846447022727
944.4530774429744,374.77398078039727,67.61354830482496,180.94243495560306
945.444489209517,376.8218994120931,67.62181781125247,180.9608240334589
948.8175202040824,376.14009948967123,67.63931325620365,180.9935375143196
951.1193857029883,376.28239772665887,67.6694647809747,181.0666729787064
955.5518706892963,376.75204067240463,67.6868333322235,181.11755500303593
957.8813578487826,377.06092793788554,67.72906474368907,181.1576414664131
961.5452201038619,377.12162552113267,67.768079506602,181.17760692554347
963.8902897610445,376.2641570790223,67.82046624661893,181.30362655436258
967.9310432355147,375.10535547228335,67.84437654926543,181.40854275230706
968.7183570118154,370.84165212637083,67.85407001869767,181.47144997056034
970.5375364765514,371.05441332342474,67.86868354901885,181.50281738463048
972.9335077092787,363.07287923657657,67.87333379596647,181.50694695969406
973.6260260311444,358.73044266515,67.87941198320607,181.50340171418043
973.9426504182923,363.46182646726527,67.88759609026552,181.514351799464
974.353780411305,361.0696224832674,67.89777803024263,181.54649288360974
977.1794722680581,363.19571737012967,67.89646069246876,181.57284944319818
977.2916907266344,369.3464828967443,67.8774163446196,181.6337317963409
978.071645273364,384.9820595776213,67.78247760142612,181.80332474195995
978.0915476896463,389.99707985038356,67.72474014151128,181.87377953487538
977.7895152717576,393.15981779346924,67.71331293140928,181.87981562303875
978.0461892583085,401.14532504417093,67.6917962013459,181.86945061199185
978.966275522395,398.548691274722,67.68371619674757,181.87251448420275
979.5774431581486,400.9337712364464,67.65626701361153,181.8886571272823
980.3407950444793,400.10062933503735,67.64851990217478,181.8951015383919
980.834249270275,398.7357456430974,67.64185477581675,181.900898985901
979.7279988912559,405.0518349420363,67.64104839159725,181.89970469435866
976.5450829930433,407.47106700677637,67.63863172534539,181.89796723037531
973.9772499856969,405.30381262934554,67.63863232332072,181.8975713145216
971.3556479439648,407.92268841055454,67.70267199714742,181.885050922758
969.2751785450985,405.1780825765731,67.70749144826131,181.88080098183408
965.4473281782044,406.0637705310375,67.71024284885851,181.87738395237614
963.2119331881953,404.4634093054176,67.71301763493771,181.8740386965542
961.2195597240819,408.1104811120531,67.71408646067098,181.8722196262825
958.423542316287,410.1344430335416,67.7245110734715,181.85635926749737
956.1552152933565,411.48133399709,67.7281713258451,181.84904618004595
956.3272760312408,412.7805530469298,67.73055882987389,181.84631287429636
954.4008103591929,413.29687542277986,67.73188452020698,181.84401797325089
953.6770926697533,416.4538746056175,67.73244301557938,181.8426931763012
954.620846833484,410.61892387153745,67.73280225804122,181.84221786681232
957.7159750084941,410.9599981824952,67.73331128888053,181.84151156524368
958.0839588021132,409.5001784129007,67.73363397769279,181.841052322847
960.7736733825521,406.773020955108,67.73382822990077,181.84077405682226
963.0155247353318,404.3295234344485,67.73430788212963,181.84022065148602
963.0405400839995,404.8773913269523,67.73587919075283,181.83954974494208
959.9863654272574,406.40945568146157,67.73599076085922,181.83951820198504
959.9849296323515,408.33722253699955,67.73620143122456,181.8394150939364
959.5893443601532,414.6513600257332,67.73614350243469,181.8395618999164
957.6586626045532,414.75232527442483,67.73626448090462,181.83953705541379
955.6047638473142,419.2117696208044,67.73622956358942,181.8396775984945
954.3227780365842,421.2596748495824,67.73619962483824,181.83976004712744
954.9235837314425,419.3246458703286,67.73617209742632,181.83980715282135
954.2232039834098,424.5913792865117,67.73614125974376,181.8398428991905
955.0290593598567,424.56067514554303,67.73609062972153,181.83993896013715
954.4719780062677,428.9194883492195,67.73607670592554,181.83996773466896
948.4132617779759,432.0227785551761,67.73621961935731,181.83985113653748
947.5320445995617,434.3919325276526,67.7362538258868,181.83981538167848
941.799872031168,436.24773890413803,67.73635030544757,181.8397376056669
938.2351978453868,443.03602280931995,67.73633227915239,181.83973267677277
933.9705580022815,444.65466985971744,67.73639043063399,181.83967745994997
930.236805878768,446.54884276214074,67.73646122505464,181.83961667211688
925.1945768247355,446.44483694347156,67.73649340691118,181.83958707365068
920.7619546796279,447.5005688715477,67.736551005842,181.8395412263027
916.135303880275,448.0152658040116,67.73658531633993,181.8395094438563
913.3659114933008,451.6767446909092,67.73657509593413,181.83950918577776
907.2727846099577,454.21562977327744,67.7366172766218,181.83946967671142
904.0831154910028,457.54542850245593,67.73660771332302,181.83946866153062
901.286525722971,461.61197297723015,67.73659991723355,181.83946877753394
898.612944046887,463.45875070499346,67.73659768483714,181.83946939233505
896.941996728977,465.53212383506695,67.73665562975462,181.83941493135197
893.9474055540242,466.75191572265834,67.73669079338077,181.83938394013524
892.471058638068,464.6970788440244,67.73668925557273,181.83938419734199
890.5478858443552,463.1051912513535,67.73668512681179,181.83938610349372
888.2771140044844,461.25172944669873,67.73668103128479,181.8393876585126
886.2203119072722,463.3650796132166,67.73668163379023,181.8393876314155
885.3223246830471,461.7520586365258,67.73668409260893,181.8393868372996
882.6939327088779,460.5316921373477,67.7367312855761,181.8393415801932
881.1618515396242,461.453075110061,67.73672874714576,181.83934335022073
879.2019132699052,462.59755871273904,67.73672561167214,181.8393399395728
875.9581977812535,461.76701729686835,67.73672410911708,181.83934253011088
873.6311905983192,461.2606862364414,67.73678158487945,181.8392884768391
871.7432215256315,461.35899615732865,67.73680458438099,181.83926524263055
870.302410026934,460.6040904104856,67.7368019294626,181.83926688467022
868.6175796374675,460.28066340010446,67.73679660884719,181.83927514747123
866.7680185443611,461.4153547281166,67.73684548039331,181.83923229132787
865.648914302764,460.6988997651709,67.73684113971986,181.83923368221568
862.5409804319597,464.29362423679856,67.7368628196217,181.83921306842802
859.9941219482275,462.4724782178072,67.736846953224,181.83924240919097
858.8075140555732,463.35990360213884,67.73684062587691,181.83925500284
856.8469145246526,463.9274192357821,67.7368367896926,181.8392562701528
854.1894749004182,467.4422773385137,67.73683089869618,181.83926132476037
852.0996581480124,467.1530191440688,67.73682792508357,181.83925985943645
849.9147658978277,467.5731212838465,67.73682330191777,181.83925612328468
847.2024936976026,469.62767826525646,67.73682146060796,181.83925299267912
845.6545755940965,471.1199854793755,67.73687610290749,181.83919690832838
842.7067796469726,472.028977026931,67.73690773256784,181.83916394272634
839.108255284444,471.6771068178019,67.73694069529591,181.83913098165868
837.5483953357877,473.5392045562071,67.73693679576408,181.83913193886923
834.7003977294404,472.7558278405306,67.73696433420335,181.83910408779727
833.0484368756702,473.8823646139276,67.73695838175544,181.83910637909233
831.2530972713828,474.6709573716264,67.7370354308299,181.83903210789643
826.6479570653595,474.7774720525828,67.73709932065974,181.83897137856243
824.2270833421429,475.0842422187667,67.73716528668523,181.83890839547595
821.5134437895324,477.2535345323457,67.73721212643385,181.83886813706175
819.7409508594067,480.613976934946,67.73735812767657,181.83874033946023
815.5964743350912,483.20574196949565,67.73744036484503,181.83866049237622
811.5428267310556,486.60976767303003,67.73750157175668,181.83860154365098
806.4840193225019,488.1134406716438,67.73753597504552,181.83856546005873
804.0538294247716,490.4273454127725,67.73759854028167,181.83849922197234
800.678340166447,491.15554580797703,67.73765008549525,181.83844959256646
795.3395401957829,492.08831349086137,67.73768826687476,181.83841014697904
792.8180305239324,495.2769907872934,67.73774744364466,181.83835200186886
790.2885433501745,494.6642518707533,67.73781094445026,181.838282521259
788.345039768022,495.41194902887,67.73789241142853,181.83819255111007
787.1909278686626,496.42896743145167,67.73794541470659,181.83814088388627
785.3817217319424,496.7128894713502,67.73802101059584,181.83806800045457
782.594904241411,499.8625438976991,67.73802947340913,181.8380583878691
778.6248724429538,499.78105658689174,67.73809921198614,181.83798040588135
775.2234635961682,496.8232898970952,67.73820637241515,181.83787152396926
770.3885875898694,496.2605810016954,67.73830544616995,181.83777230408015
766.2270201871388,496.49310502382195,67.73835828141642,181.83772226664772
762.5413767904122,495.1103682838206,67.73839539911897,181.83768804859127
758.1210724007183,493.31419786502585,67.73843563602628,181.8376500314292
754.8397460786579,491.8276588445108,67.73845381206833,181.8376328938552
750.8931234004702,490.9580514074863,67.7384901878834,181.837597704008
745.9734900848656,491.91481322334596,67.73855966027912,181.83753241960923
743.2699711846286,492.8683327596163,67.73863172817873,181.83746945085127
739.6996787671545,491.5910232210086,67.73876179399231,181.8373523906765
735.6264823599994,491.41499854045463,67.73879134994085,181.83732507231625
730.8744179098567,489.7359698466021,67.73881086759674,181.83730541076605
726.5135040192873,489.06648294516964,67.7388340299001,181.8372825648424
723.2456196453427,484.10408300784076,67.73886097175917,181.83725677116524
720.3082258453481,479.8736817928135,67.73888365246717,181.83723518846344
717.37493341621,477.9146160878498,67.73893237030158,181.83718160273955
714.4906213547579,475.5231336119032,67.73899894468292,181.83711795203274
712.0903109181367,472.6333270823057,67.7390359785088,181.83708318407926
709.6581704473109,470.95152967412844,67.73906626021777,181.83705199716834
707.4587539948515,468.7933610555882,67.73908925531595,181.8370306679646
706.4884067272728,465.6439552598536,67.73910936630192,181.8370103197366
704.9779280222818,464.28768715939594,67.73915913582668,181.8369636940375
701.6103274924176,462.5244750145933,67.7391898311754,181.83693448861723
699.2037620528578,461.54044580885096,67.73924469100785,181.83688305398672
695.8611435427432,459.72922553415236,67.73927005275914,181.83685775446122
692.2785160501725,460.35681112728525,67.73931145300062,181.83681733601767
688.6139365573769,459.5795571765095,67.73933835851386,181.8367902062505
685.5138839672131,459.9485472366181,67.73939318483737,181.8367360327459
679.3523910820268,458.9682913362155,67.73941619428479,181.83671016150822
673.9365789810478,458.53017067425935,67.73948598340094,181.836641434933
672.0777298223528,461.1700470080773,67.73947809733016,181.836649604852
669.456361985718,460.23435947190507,67.73952606842086,181.83660393611524
667.0465439256379,459.92686431250615,67.73961882691714,181.83651205057123
664.7806386203972,459.78538074367464,67.73964776396718,181.83648181846803
661.6300218302832,460.46870450139784,67.73967666279869,181.83645126736175
659.8746746918155,459.7385062792171,67.73969908571516,181.83643079869069
655.1724362797819,459.2435191655647,67.73972835424021,181.8364041223891
651.533916177538,461.1814362559525,67.73982487510366,181.83631929120762
647.9008086234,460.1881785703565,67.739858514416,181.8362843312839
644.3640138814815,459.2317619633739,67.73989300557737,181.83624976074898
641.3322494525239,458.8531761435145,67.73993910210949,181.83620238391592
639.0963191671005,459.0599189959688,67.73999696146944,181.8361416179243
635.9891039432329,461.7931801171684,67.74004857543407,181.83609676962914
632.845164307116,461.4328948249209,67.7401356418572,181.83601310493293
629.7856542822902,463.3066912907219,67.74019674146605,181.83595826308303
626.4029625078024,464.68404946753503,67.740266665106,181.83589512486515
623.9484319637778,465.7157547160916,67.74033403214679,181.83582862952204
621.3490902477454,465.7479802905882,67.74035804419816,181.83580282976433
618.5681896454564,465.6740309276376,67.7404112209747,181.83575162165985
614.6346053648624,466.7247399518185,67.74046809927083,181.83569699378447
611.0006473779343,467.8499309068765,67.74052890573817,181.835642193959
606.4135628132084,467.6344560928136,67.74061623282175,181.83555663126413
601.8374312227091,468.7828636353723,67.74071781561484,181.8354615740703
596.8357151314616,469.42484874793325,67.74080450860781,181.83538064261907
593.6077512860171,469.6135737880289,67.7410499218175,181.83515232556178
590.7486902873577,471.7799279334722,67.7413150351336,181.83491778955798
585.6856959212502,474.2145060002448,67.7414387847436,181.83481692716143
582.1574135833575,476.5983487122811,67.74156882918112,181.83470009134572
578.3262936409672,478.9207887244557,67.74162876706254,181.8346412339887
574.1406921793589,479.02617869217096,67.74183140036219,181.83443158924285
571.5882165772038,479.89220043045333,67.74196950576498,181.83431133521992
568.0362097021113,479.9276609172549,67.74204133853044,181.83424133742824
563.5834938751411,479.539800721719,67.74208988242438,181.83419249479638
559.8659814065646,481.1179972858398,67.74220833688086,181.83407869204012
555.683520450345,482.4656208892022,67.7422897418129,181.8340021262607
551.9084809244075,484.5012921953308,67.74235668202382,181.83394380813192
548.0944801827732,486.2173731542896,67.7424365840242,181.83387551051467
543.0480906726879,487.9796932972189,67.74248889673648,181.83383096211332
538.7882807926583,489.4491293438414,67.74259743395628,181.83374156082388
535.0985915585788,489.44069498860074,67.74283552507033,181.83350701651008
530.9074357239299,489.0574043036247,67.74290022323794,181.83344396822255
527.7455616976583,491.1374628320899,67.74300554506817,181.83334106381903
524.0674604962236,493.63121507588437,67.74307877847349,181.83327287078572
521.5076349524373,496.26846036449166,67.74315055086052,181.83320827700018
517.917342516726,499.56611203729403,67.74324540534595,181.8331221593312
514.3344180276813,502.30915877103973,67.74333577366357,181.83303352124653
510.04686735885815,504.33207112587775,67.74339820139778,181.83297230415468
505.79829676769805,504.18412403560785,67.74344999773162,181.83292128735067
502.29795361368065,506.88923135675,67.743523093181,181.83286337190356
497.18997315783855,508.88806566524653,67.74365415562202,181.83273522884846
492.8931476289122,507.51641446444864,67.74371447708567,181.8326718658264
489.6296438481841,508.58484915664667,67.74382937649344,181.83256653096035
485.4604064609237,508.11430930413655,67.74386420960796,181.83252966455413
480.6394294632334,509.220301344619,67.74391528140463,181.83247657380838
476.00740614141085,511.30725103842155,67.74399822570885,181.83239482078577
472.1760209648014,512.3986504328368,67.74403216306477,181.8323650920903
469.7647963430955,515.4708741764939,67.7441347191597,181.83227957758484
467.5455976661688,518.1517803082776,67.74422621821567,181.83219884325334
464.0473048828424,519.6734742402352,67.74427457631135,181.83215166232128
461.13982146699936,522.9516603330936,67.7444034754107,181.8320381550409
456.9381478376887,524.2186950744756,67.74447142952768,181.83197765207439
452.5515897282932,525.3285285371535,67.74454401581134,181.83191021211596
449.1148575944714,526.1718152647422,67.74458375342564,181.83187342666943
446.5178738466137,524.8354461047307,67.74465114080365,181.83180739107118
442.98665908553625,527.1299229133098,67.74471227001428,181.83176387675732
438.6378454089779,528.1710478767806,67.7447659613267,181.8317144770069
434.3524120555858,531.6287449485814,67.74481281337464,181.83167315475538
430.9426315416168,532.6632366334402,67.74485718252971,181.83162851718504
427.6445885152216,533.5940660645257,67.74491729156392,181.83157374951932
423.0882181739898,536.1455949965184,67.74497563149825,181.83151938742586
417.9382091174561,537.2542847062856,67.74503742284932,181.8314649400443
414.89389864852956,540.0839254156631,67.74522557185357,181.83129549791278
412.46796090420094,543.8383565381376,67.74530586397753,181.83123995843852
407.75078314127046,545.4985803578617,67.74537336493616,181.8311808745173
402.3781800472656,547.1915535577225,67.74547094851485,181.83109277214373
398.25748730630596,549.7851395131132,67.74553105201608,181.83104082214717
393.34584495020886,550.814111483004,67.74564414860976,181.83092864658673
388.0798724540886,554.6212917106536,67.74570780845275,181.83087416434037
384.35588745940476,559.0666042909648,67.74587906887753,181.83072427685042
378.5102043679682,562.5726879116231,67.74596584043483,181.8306582089347
373.6433879571239,564.354566086455,67.7461220233295,181.83052338026707
369.3996121787159,564.5156734263695,67.74621058270887,181.83043944012675
365.0746762595944,564.854800269933,67.74627162993622,181.83038260043872
361.4020284022396,565.9916557759658,67.74641258237786,181.83026930565828
357.7144023731822,567.4080205336202,67.74661409575384,181.83010319061796
352.99702700962405,570.2200261366124,67.7467887883242,181.82995949638268
349.87220094170874,574.6783256097233,67.74693635796218,181.8298596880395
347.83733106842084,578.5904253486074,67.74706407832345,181.829763088842
342.121394618954,582.1214840227443,67.74719907747678,181.82965507513228
338.0706379531935,584.8839498007031,67.7472509984754,181.82960869682688
336.0337023446434,586.2900030237143,67.7473817332452,181.82948678983647
332.57987089886115,588.5451474967866,67.74745328188371,181.82942695440968
328.18101783214973,592.8885811074125,67.74756248384907,181.82933780170032
324.2518000347576,598.6922659746758,67.74764017229174,181.82928026962733
322.4949903451042,601.5998883566253,67.7478094058771,181.82914428182076
320.70475254912014,603.1158722481653,67.74793674459507,181.82904042658225
315.0133540658121,607.7604621078982,67.74806903073018,181.8289232071163
311.1473363959875,610.8430076384277,67.74812643077367,181.82886739386004
307.0062090051699,613.0835181395353,67.74825287836349,181.82875860020192
303.62372444914297,614.7049528065862,67.7483127229918,181.828706191149
299.0547440575724,618.019516647077,67.74837315365492,181.82865642154434
296.32652522186123,620.9344900807037,67.7485210568583,181.82852065048252
292.97397981046265,620.7825170529618,67.74855855018774,181.82848131887934
287.71508067827,621.6431441212887,67.74860702819606,181.82843718512456
283.4195309509649,623.2783813697997,67.74865252009879,181.82839492191303
278.3974571468123,626.8161382702406,67.74876707786673,181.8283115142504
271.4412159683889,630.0901197058573,67.7488568184416,181.82823215360642
267.93755547799736,633.1141025492595,67.74896516036972,181.82813614911407
266.54510959486356,636.319929358831,67.74902611799786,181.8280850270719
262.94555602227103,640.3202112984955,67.74913481194993,181.8280008459241
259.57603831188896,643.0385320663004,67.74934252733075,181.82784126298145
255.0807454396024,644.5558888275639,67.74944212688439,181.82774254186148
250.10197281882205,647.2249594446248,67.74959276853055,181.82761924826073
245.87386927990147,649.9779871606358,67.74967649432091,181.82753906266822
241.6943505461285,652.7304408116524,67.74984440925452,181.82741586784323
237.87515637708614,654.2314740222051,67.74993423583413,181.8273333277345
233.80645911234743,656.6376594484512,67.74998726598297,181.82728652233092
230.3822279392031,657.6390489297345,67.75012626708728,181.8271742715718
226.906771408342,658.7918802497644,67.75021935963224,181.82708914806759
222.8133930077906,660.3551317739802,67.7503068110646,181.82700516701877
218.59984089391773,660.0379365275617,67.75039382689629,181.82692388575478
212.76099780574395,662.2697180321474,67.75051442859782,181.8268213219873
208.13288840326373,664.145514737501,67.75068312369503,181.8266741583809
204.90483584481424,671.0591026034867,67.75067204110057,181.82667547413888
200.17994046497304,676.0914918624444,67.75076053790458,181.82660471226603
194.52729130395767,679.8358644517874,67.750824904552,181.82655229404753
189.06728629601832,683.90753683668,67.75090732338484,181.82648278518766
185.9187111527856,688.0346760632585,67.75106197004925,181.82634900060987
181.2025990517624,690.5179548544575,67.7512364208139,181.82619633306777
177.22548290280633,691.0659953353006,67.75131756516154,181.82612164560481
173.2649140385921,692.6175308325594,67.7514095134081,181.82603364898156
170.34534793717583,696.9070484137546,67.7515672403801,181.82589310176436
166.74653206901576,700.6728255915644,67.75164581889386,181.8258281183983
163.24192227929285,704.581786767692,67.75173539727152,181.82574729598932
160.42859980531892,708.0743872448431,67.75185589682461,181.82564374998174
157.9564998406043,711.2127910610707,67.75194257170678,181.82557142331274
156.11386404161047,714.2896528286152,67.75203970451498,181.8254895889683
154.15934295059603,717.4400817429993,67.75210700060329,181.8254339910351
151.3681659636293,720.4447357212862,67.75219035228331,181.8253671385873
148.879464788822,723.8812161727043,67.75228442858251,181.825280972537
145.30566439459548,725.3463323326589,67.75234703191593,181.82522896383077
140.9974095709554,727.6704029785327,67.75240350841973,181.82517469677197
138.21401838702823,729.5786706077347,67.75254263820644,181.82505355618093
135.73652834883453,733.9105850446596,67.75260862157624,181.8249972653391
134.1284564201104,736.2416149398318,67.75268850273663,181.8249257333563
129.67457630202387,739.6885132449438,67.75278634724717,181.8248321069886
124.9802216852845,743.1991761332213,67.75283991818925,181.82478852647859
121.59768228558973,746.4079727820381,67.75291646690741,181.82471193721904
116.87166207656028,747.3126785878795,67.75295054493945,181.8246791879171
111.62790330372425,749.8987429910034,67.75300318582634,181.8246299448104
108.34865419109664,753.6876784073338,67.75305357325199,181.82458751943696
106.94673577432098,757.9272732896325,67.7532259609262,181.82443503969077
103.51679932757483,760.6492085624842,67.75329470097614,181.82437304959026
100.32085308327608,763.1063393654507,67.75338869332731,181.82428218569228
95.30291157539838,768.4539018693747,67.75346314585029,181.82422362987054
89.8658331659532,771.7403863593821,67.75351165022649,181.82418021748273
85.74665161382956,775.2289268622014,67.75366026167593,181.8240431815708
83.11827846333011,778.0624026869966,67.7537499159463,181.82396880172524
79.82463657896204,781.1911085846426,67.75385688490827,181.82388456304332
74.8272849985897,785.326722511222,67.7540331825548,181.82371860716233
71.27903018866553,788.9130180248072,67.7541077323653,181.82365107852704
70.14040530685861,791.580290117856,67.75453492899305,181.82326102145802
66.44404033900625,793.1653920041845,67.7546261813787,181.82317724964008
62.140578921584066,793.9096537370965,67.75477182506094,181.8230357656657
60.49272360505707,793.8914710409922,67.75488132858307,181.82293594889694
56.47738674296041,795.8265454224006,67.75495831968313,181.82287242549037
56.26161313604938,799.052008163256,67.75503767256808,181.8228026757439
52.508821388109645,801.6395766513941,67.75513611061673,181.82271118973244
45.928875789181575,805.1565202347635,67.75519912243772,181.82265514253095
43.70984764562681,808.2004099725307,67.75528667862073,181.8225808023421
41.50765170983517,811.6673791661896,67.7556224779689,181.82225523851073
38.832889823579805,813.6992222423854,67.75581487154287,181.82207139782562
38.609109100330926,817.0525894849145,67.75620179874016,181.82167865623654
34.588130722684554,818.5789510481839,67.7563923873459,181.82149845457892
31.35442238345974,819.8431936819379,67.75657540795861,181.8213141876658
32.97466712586013,825.5554074423558,67.75678902908435,181.8211201034145
30.14909283291496,827.8905315647685,67.7568794179532,181.82103453635415
27.704367011855275,831.3308030977756,67.75696538700738,181.8209598388701
26.541762618401044,836.0808700754972,67.75708567293928,181.82085735467945
24.142845160316327,840.0967626022675,67.7571548572972,181.82079246257666
21.60599359061265,846.4114650200084,67.75752330279586,181.82056567427503
19.25271391214985,848.8186870648128,67.75809949779519,181.82009834934522
17.440213561883574,854.67649980616,67.75821964603587,181.819991818067
12.650901286729777,859.3044171885876,67.7583205604792,181.81993631956894
12.45852993307475,864.5781877163511,67.75868358286418,181.81962121619074
12.233310768348794,868.6501421636892,67.75902184803844,181.81935379337702
11.708595876368456,871.3007832176554,67.7592210564376,181.81919053615275
14.20375936047953,871.5906163125699,67.75944031471691,181.81901357743334
11.544872916644742,870.2313578640859,67.75948754396974,181.81900864098156
14.04358634749618,873.4850673672876,67.75982145497194,181.8187765242266
13.579427440641098,873.1143147065208,67.76080066852342,181.81805977506642
13.868756930205386,876.03257243659,67.76078656110657,181.8182438007066
17.397496820527927,879.7693509978029,67.76105795920294,181.81803291164866
19.40373339099616,881.9591498217492,67.76146657409534,181.8177110625537
21.9589859627117,884.3221558020583,67.7617664653017,181.81748197318186
18.126507806062754,885.3635761445228,67.76255680493627,181.81691310259927
15.966253613958266,889.5590492906181,67.76287905099217,181.81666619700533
15.93338777884101,892.5065392436951,67.76341842412566,181.81621467982828
21.52003854046199,891.3211401284399,67.76385538049796,181.81584644267224
24.176764023914572,890.8777470130933,67.76431156004665,181.81550002871202
23.136134778138384,892.462249231589,67.76483579866934,181.81508089216626
23.4465448515953,893.8861586149669,67.76571564059752,181.81435809174948
24.221282235534552,894.2991779660348,67.76600562510701,181.81407176712383
25.806015070399113,895.3715763948625,67.76635072732003,181.81374941584653
27.347043893060565,896.564447821361,67.76715092921087,181.81306258167893
28.07693325250085,896.524642632748,67.76772916109019,181.81254917674698
30.669384841784385,897.370231877285,67.76798566575066,181.81230176944473
31.842182552388927,897.7898447051729,67.76823475175898,181.81207151076
33.812131560382866,900.201015577213,67.76889969925682,181.81146324141127
30.158297890184606,899.2948706555808,67.77080665604738,181.8097490210694
30.889843869444675,900.5924273846256,67.77133428733285,181.80924506195734
30.132373210669215,900.6240558994252,67.7719565426508,181.80868621035134
25.176342744289165,897.5185351087904,67.77293520764967,181.80776509173094
27.349819838201213,894.0423274204979,67.77341124901258,181.80734538530805
26.750068032956364,894.031109289598,67.7737665621924,181.80703319356533
30.543181092378795,893.0281523880145,67.77446881096229,181.8063892937142
29.25595060307799,892.9948574278917,67.77476158430267,181.80609992659765
32.53794340680604,893.5255209152496,67.77518141813074,181.80574480799925
29.279363177679308,896.3780315221052,67.7755271676745,181.80547794685756
30.58965090397414,894.8335823142651,67.77614417037658,181.80499466774404
30.867123846456906,895.4579262698161,67.77660598833387,181.80461827626488
30.270265660212225,895.8522392563076,67.7768857382036,181.80438842335317
31.655194967092136,896.3560805680287,67.77714321521832,181.80416603646043
30.41582150042487,894.8389625405315,67.7776785072412,181.80370813507966
28.817040236745406,895.7472684468631,67.77902921971976,181.8026280530683
30.265899339204587,897.2955989728094,67.78200490823401,181.80008702681033
29.406568037885528,895.4188191648938,67.78287416542078,181.79939802356225
30.870694448321707,896.905762466337,67.78308313463326,181.79921599716803
29.686036962193782,898.4226590347652,67.78356408818183,181.79876236073886
29.89782849403725,899.4505176056713,67.78468819879605,181.79778970096703
27.276386696920376,898.7918741787844,67.78604661984254,181.79657996984866
25.00026627746793,895.3699919956562,67.78687583002429,181.7958461786038
26.123071592200155,896.2732728700579,67.78707880872939,181.79567769552463
25.5133764210972,897.4936930789852,67.78736223832239,181.79540834738725
26.2766427375901,898.6681620706005,67.78780785965482,181.7950273595486
27.12132726510439,897.0357450011056,67.78803605365731,181.7948129946626
27.532465108119062,894.8845151091645,67.78887011360727,181.79409971335932
26.809396525835574,897.3495637418965,67.78918098613629,181.79382536964815
22.215672484368987,899.0877605633943,67.78968982956751,181.7933791067186
22.636926313570918,896.0697753251554,67.79003106814393,181.7931023297782
24.889343486111564,896.9557054829588,67.79040187748159,181.79278134465406
21.54050872035775,895.2098489024752,67.79110333037593,181.79222618172292
24.429942546305384,896.2067745329886,67.79135469322065,181.79200842937854
26.02414600360374,896.938557450387,67.791763610762,181.79164566712961
23.76827352980495,895.7717469845445,67.79192809113546,181.7914922705827
24.019895103367098,898.4901652624646,67.79262892375131,181.79092881273436
20.98634476993928,893.3623320727186,67.79347688217189,181.79014740017334
21.70224397112642,896.1675889279652,67.7937127338717,181.78992469386105
22.71817968335523,894.36158900554,67.79435707365053,181.78935258398394
23.30114049839588,894.6721463690791,67.79462272994618,181.7891324081832
23.50053184300679,892.3499795887383,67.79521631387958,181.788616191643
19.724038480546582,892.7454840063359,67.79702029191279,181.78704441203556
22.78079955379816,892.7745689720509,67.79776692516427,181.78645866575874
24.278269351054583,895.3591927108662,67.79837319475665,181.78599008446008
23.5404050988013,895.1913769037039,67.79931398716604,181.78528997366413
25.724449073932462,894.5906011467126,67.80021884238468,181.78445093607957
27.08116431629638,893.9878632596699,67.80057138339842,181.78414298538024
25.778767864596617,894.291081839544,67.80091739882798,181.78383153802682
24.432956745959096,892.0130126534533,67.80173157831798,181.78321293694148
22.7586331304838,894.2355977948171,67.80263148337136,181.78259602945803
21.73400711910343,891.9151679122702,67.80272731716725,181.78250463793555
27.23637008915948,896.1851670312979,67.80352410502147,181.78196276737305
27.32807168620512,895.7891004399451,67.80389907770112,181.78166072125396
29.479139491227436,895.406322035877,67.80436146722924,181.78125957784434
28.40390210004776,896.4796622316603,67.80472457432614,181.78093934519802
32.340030967385665,897.2676887953149,67.80522284398383,181.78050698834318
34.67911852586727,898.2840051995342,67.80542487850988,181.78031293493999
34.27906998405906,898.9178541885321,67.80561946340421,181.78011154279002
36.060290152450506,900.3804923923789,67.80576209628686,181.77997170125872
36.99059141206397,902.4622176740799,67.80595531337279,181.7797906576628
36.53164181128915,903.297371257435,67.80636945661479,181.77941967106713
34.28770528637154,902.6878325533909,67.8073269180711,181.7784927590107
35.272373060471736,900.9568612613664,67.80816103329997,181.77768896130002
33.94477837044119,897.4676854484818,67.80911409668015,181.77676297629048
34.44717821339361,896.3100165003148,67.80981282004655,181.77617312871283
35.93562712628723,894.984490945779,67.81052939703031,181.7755215953435
34.44249045045194,897.5358726904293,67.811627854368,181.77457285289958
34.76940502192001,897.3232730343841,67.8119007388481,181.77432249562887
33.162541648334646,896.603060056211,67.81241642644851,181.7738636234075
32.55993148723377,896.4357738841335,67.81272956977148,181.77357117235474
33.004042661569216,898.3779078919762,67.81309129845883,181.7732612579418
32.20866801073748,897.6228066245056,67.81387287246116,181.7725812960492
32.78319610269717,898.5749594401883,67.81468255424919,181.77184238278522
29.49105927586526,899.9487750427467,67.81520071474894,181.77135659202108
30.336069310839527,899.7452824697615,67.81664888363098,181.77019014120668
31.271266578687786,897.9708768147572,67.81721911348316,181.76970483370738
25.36338721876988,895.0983730766443,67.81772552924183,181.7692780257229
25.482997957142366,895.001019383706,67.81847309742064,181.76866847105364
25.631951196280944,895.3726649327612,67.81865597437381,181.76850203677293
24.885888225153437,896.1841898315563,67.81899901295756,181.76821968760794
25.94058739922749,895.7642370562567,67.81949446363758,181.76780816772325
25.931533838245485,895.4660654277424,67.8198326139796,181.76749212204032
24.9933028678756,895.2966538668678,67.8205801334471,181.7668520694463
25.723436990360092,895.829705793904,67.82109620454104,181.7664210898245
26.97348951148335,895.5721384008837,67.8219200410787,181.7657273260034
27.142066552087115,892.7851981955364,67.82340977896487,181.76463844501083
25.658997099288825,890.0755792777899,67.82395200868865,181.76419091673444
23.104607541845994,886.7843208844598,67.82438799918467,181.76382577590425
20.53723607427517,886.2277340354685,67.8246871744081,181.76353893311534
16.15135059439077,888.0321334858661,67.82498901796596,181.76329105771077
12.648464880874307,888.7138597051787,67.82520147740856,181.76318483814828
11.220395284822658,888.3038548038462,67.82537934672743,181.7631033336501
8.91573296283972,886.1434460999853,67.82545582937739,181.7630565407798
8.745880118752822,885.7241610884165,67.82551282375121,181.7630363592018
11.92576974787083,887.6152318800933,67.8259139434754,181.7627339081571
10.10586074831592,888.8890495989449,67.82589563124489,181.76296648383595
11.439675309004542,886.4827439544185,67.8260612143049,181.76298002127126
14.765632555613912,890.3890204345598,67.8265505525681,181.7626457270654
19.26074925734553,889.995047821185,67.82693966955163,181.76233132837996
21.586579576401277,891.4563924297042,67.8272422653879,181.76208359388548
23.59154686017061,894.8762397591346,67.82804130228038,181.7614702224088
23.849865320038212,897.7981956198893,67.82858482535524,181.7609990335838
21.62770302582097,899.0876603096323,67.82926489016911,181.76035439454594
20.200672249774122,896.4712462669567,67.83047934295861,181.75937300876672
22.17403500378949,897.6944942126958,67.83353906747182,181.75740259755898
23.55464946415365,897.2463181087269,67.83553188746616,181.75586298601965
25.193775309848682,898.2817340873916,67.83674897087162,181.75498303979856
28.398571144841505,902.7341854175759,67.83870257752783,181.75346649545773
29.2922757526538,901.6951333423917,67.83909295868973,181.7531020846535
31.163643592262652,901.5651754952374,67.84018939083067,181.75219286021525
32.08610522990136,899.6272281903559,67.8408844827484,181.75158304874418
30.207295837976275,901.1843181027008,67.84224549415288,181.7504570227299
31.63725440947085,901.3243479316418,67.84270733180033,181.75005875205318
29.550184044110352,900.4754627634251,67.84383914375911,181.74902888230207
31.69353780726459,899.2412675391244,67.84456190385811,181.74836725456393
33.695230623852616,899.5062249073843,67.84516549034758,181.74783003812826
33.18802169370562,901.3074678971102,67.8460036244224,181.74707464377482
31.335194525932437,900.5327683822529,67.84839658454152,181.74503665318764
32.99274560857436,901.8251667439,67.84883807083848,181.74463033173356
34.01626481663699,901.3964397916359,67.84968817209298,181.74389161360023
32.507185281183,902.472414140519,67.85059908931444,181.74313391200394
27.745967675765407,902.067854655171,67.85187608176584,181.7419167697239
26.37274189630139,903.5276093888871,67.85247183243581,181.74139529171745
27.34402056089842,898.9439604883571,67.85301424040911,181.74094368787024
23.897034791800365,897.4427402859774,67.85432134607959,181.7398204501277
23.763012969406915,893.7407421567834,67.8548237611416,181.73942541975842
22.914389907602875,892.2513176489236,67.85517976901177,181.73905166097242
21.388543217192712,889.7056143220512,67.85645596500238,181.73801294118203
19.579798701102156,888.1975867542309,67.85661992966335,181.73796147129298
19.07263665202135,892.5877948391243,67.85689223281916,181.73776056487276
17.070998608220542,895.0686021963195,67.85742459941248,181.73735514766256
19.9053262974411,895.8374445262057,67.85786569085052,181.736946875105
23.00284330807839,899.1267989344091,67.85965526653028,181.73547661842107
22.36079302061598,897.4764175232872,67.86084227581942,181.73453813336792
23.967894194404217,898.4347431594796,67.8616221994374,181.73387959779956
23.671721823971303,897.7813373597874,67.86211069907704,181.73342472341386
19.210222271835285,897.5143972060431,67.86275033679634,181.73286105640742
14.995690609234224,891.2621365313672,67.8628900551259,181.73275231695314
13.340646440802686,898.8773646936049,67.86359619174789,181.73218490849328
16.962355133025,899.8698516736769,67.86406670860941,181.73172125089312
20.781319321890578,902.536310993985,67.86485693591976,181.73079380595547
23.918472546813177,905.6386095878049,67.86596209190952,181.7296697094411
26.073386322829016,903.8049012077804,67.86647112969108,181.72912558730326
29.854042469000348,901.3667826703861,67.86666701605935,181.72891069294516
26.796673531030166,901.8922098897149,67.86745845416402,181.72798146237932
27.590356442573892,902.8148419680581,67.86770692894339,181.72773450044082
31.97843583836287,905.8103735085898,67.86844175308809,181.7270331098986
32.030631371918155,907.7287708534016,67.8686421822663,181.72681869676447
28.820075316895327,908.1806133017684,67.86893644029169,181.72654310226534
27.031366285104696,907.3482017484248,67.8691712572604,181.72623773948538
25.947877893997358,906.2605326784835,67.86928149856627,181.72610695770658
22.133915304044308,906.8142488540277,67.86975382813057,181.725558251676
19.98767055235492,907.7148833533396,67.8699321399505,181.72538724213453
16.978414241358422,908.518620387063,67.87023673505752,181.72507648473845
14.233304994104898,908.2257744392115,67.87039680747594,181.72490264443402
12.717859175513901,907.3023188371197,67.87057417120518,181.72471251786038
10.976337924745572,908.6918752354529,67.87107415794081,181.72423140835818
6.7569250093896684,909.0786597171375,67.87149876642361,181.72372163430862
4.059198568995775,909.2286446377667,67.87166556398996,181.7235625304217
4.403370280417484,902.370284850579,67.87171466109741,181.7234547122191
4.50818990854016,902.6803589312225,67.87169394347015,181.72345956082358
4.142068822652476,904.7931891653626,67.8716718349263,181.72342985273616
5.846849070771583,906.1247080684831,67.87233506114598,181.72274103216722
6.682028036235728,899.6001318987445,67.87242149953379,181.72257124334845
3.2664157172070674,901.9034857023814,67.87320943104814,181.72182543569616
1.7263629699010181,902.3591974831239,67.87360777996932,181.72142245116513
3.155885931064084,904.9872804979157,67.87337562030798,181.72138902427332
-0.2708677283691756,906.3564806504239,67.87356615526947,181.7211819928011
0.6978836031955282,907.4007302475187,67.8736430047362,181.72104286979388
0.675761187696942,909.4935505665725,67.87417663537688,181.72041695641764
0.22027318246014715,911.7383647701325,67.87488958432704,181.71953185450386
0.6658079120184937,913.7776157000698,67.87538097773796,181.7188126255498
1.0721819047864969,913.3272132922443,67.87598974936596,181.71809444715925
-0.6362093939535924,914.0849272119491,67.87660222660688,181.7173318537595
-0.0651180417346211,910.710936586555,67.87667232501775,181.7171651400701
-0.7173932531789617,910.3035959088867,67.87731261168359,181.71645352436798
-2.2367969445446363,912.5231137919528,67.87791866232266,181.71579466176976
-1.0777415024128132,912.5343990115755,67.87812256878472,181.7154551866784
1.2675185053934896,913.5387290251293,67.87904122809887,181.71426958202548
4.473815059362082,913.8675139232705,67.87996940998713,181.71319720462353
5.726414844802186,912.1964740209627,67.88028636819017,181.71257938884733
7.723406960577385,912.8034743169145,67.88116516993445,181.71165252741253
7.9587170552920625,915.278172853556,67.88217936847506,181.71052529818473
10.440520947464336,914.5835562466978,67.88307773342251,181.70946717870274
14.109479391980038,915.4884353874322,67.88435037381005,181.70791974699569
13.134821407960423,912.5280574475989,67.88557376200767,181.7063523997336
11.528589972370554,911.6310953819808,67.88672433918106,181.70494016527002
11.959775448961928,911.5870654650918,67.8872035752073,181.70429232102802
12.109611695710598,910.8265134317529,67.88754679945478,181.70381068480978
14.446228128882801,910.8067826886474,67.88821310684695,181.70307427331815
15.485363838144067,911.7426408510299,67.88861886575361,181.7026163265821
17.436193564318863,912.2399470911732,67.88931985270456,181.7017330204325
18.093401032230695,912.2939342260154,67.89009082138377,181.70080622662275
15.896685980817452,912.3173617744352,67.89032195723027,181.70049164341776
19.3850833477036,914.567689508173,67.89139101206271,181.69911615183335
16.205532280997943,915.8657793617821,67.89233360339028,181.69797748122102
21.45249633436014,916.6270289287777,67.89433235366052,181.69574929087128
21.865243934362717,916.7339406538074,67.89518343184598,181.69476438625358
20.15082869314481,915.6602880788292,67.89768406313128,181.69190302467425
26.071431515784454,915.1756885486664,67.89951888416059,181.68987712133492
21.892629237259783,913.0042802702761,67.90005251835836,181.68932180998195
20.79508145820691,912.1665144440627,67.90083908026355,181.6883122531879
18.13122863883963,908.5046357235846,67.90142250754181,181.6875648418492
17.598333996800193,909.6458047003398,67.90243751679463,181.68636173216512
16.229746806919017,911.2554303279497,67.9034776058618,181.68514402911507
18.233205603753483,912.0220063617497,67.9076326478435,181.68058597854375
14.838643069275278,912.9390659574717,67.90963832821959,181.67849171900752
16.68688802529075,911.0826808883538,67.91084987035124,181.67694882700042
17.90052663514225,912.37112506781,67.91190235684026,181.67584586657125
19.93322788052344,912.5975077122398,67.91263527257202,181.6749837420985
18.95102018284365,911.4443842340509,67.91842582814888,181.6689784153801
19.588177005000375,912.4443767399925,67.91986723163359,181.6675259371424
20.92576090255433,912.3834396641126,67.92393322596965,181.662936437245
21.903677077677123,912.0872731302427,67.92722448717426,181.65902624269384
23.69484899122888,910.6306144402595,67.92835338879999,181.65777186057534
24.881830412812086,908.945437995618,67.92873417928531,181.65729397555108
26.11553032447177,906.9851285335903,67.92910064090857,181.65685090696107
27.549536727027032,905.8692288007098,67.92977212763765,181.65606065104242
25.562494315940604,905.0822086958585,67.93104811191988,181.6549349929395
25.647717435881823,906.4798150429649,67.93148806078294,181.6544779959773
26.998117574914943,904.7260945474277,67.93369929547305,181.65214191795977
29.29934143397594,903.4654827992417,67.93425603291746,181.65151292104557
28.75519857262193,900.5798737512494,67.93518793005633,181.65063390628202
30.718081261639128,900.8196906273416,67.93598414603133,181.64987248309413
30.053579520796724,901.0785020212398,67.93629805252083,181.6495062532392
32.01534995977168,899.4771769361378,67.9365168734387,181.64927627932406
34.537414759046904,898.5023479053207,67.9367851058514,181.64900677252265
32.307721932391296,901.6802693384279,67.93724265094728,181.64857686636063
32.28874232057877,901.3806138901862,67.93753017817765,181.64828470593636
30.416418580210326,899.7341016267906,67.93786608779332,181.64793135644598
28.55557116358102,897.2412517808822,67.93804121241851,181.64769774442976
29.613695514622123,895.1783177974614,67.93812361080018,181.64759582449133
31.351383914144662,894.377654567106,67.93822951401035,181.64747160351587
32.98687778571789,892.3828340584109,67.93869515144861,181.64698148115085
30.145125197464104,887.3430252681267,67.93883307560633,181.64684232496404
28.92985559509941,882.6577774807268,67.93896666357546,181.646694284041
31.619946649009137,882.6435525504814,67.93914706643716,181.64650191852118
30.793028768247943,878.7853132883849,67.939388095675,181.6462364966386
28.887408875405114,875.5318002756301,67.93943393833698,181.64617910616346
27.333962359072572,873.8727630399721,67.93960485453172,181.645969065913
23.07632440579477,872.2644501501569,67.9408121575717,181.64459038044046
20.79904392582899,873.0915466987278,67.9427889462081,181.64251262829987
18.912625767119415,870.9618883946238,67.9460146202404,181.63918780660674
18.1810393816412,873.4104799931891,67.9476136712185,181.63760016001308
18.474142755335848,872.3556876657374,67.9485105290996,181.63671094368559
18.494932639030203,872.3406059735336,67.94879033632684,181.6364518845691
17.093391964355504,871.7626031996955,67.94937811344113,181.63589891860406
13.913977485693863,872.2204652348985,67.95128587478052,181.6342114201776
10.127091303015135,870.2220955378427,67.95164677544682,181.63398302177794
7.418047305946338,866.5087248321497,67.95150185179877,181.63463991473154
10.567971896615795,867.5640552098015,67.95290265138637,181.63353464229235
7.782567313013239,867.665104856399,67.95352663411272,181.63333656143195
13.940585360895525,870.9475769799299,67.95575263856787,181.63129285758308
15.826703237726754,871.8357722383844,67.95776286230715,181.62962086369947
17.76975579182526,872.5464250144033,67.95835623853091,181.62912958740324
18.846648603057695,875.3905755003817,67.95876044112403,181.6287530005173
18.042732331709203,876.3669096350098,67.95916228733358,181.628427122275
19.110964530085944,880.1306097901139,67.96012903529446,181.62773541497222
18.612014348081054,882.3679458971169,67.96149993935093,181.6266020765462
18.651435855265134,884.446797328614,67.96251270230601,181.62582060027063
15.833983385106315,884.7952378127986,67.96526889994787,181.6236247930151
11.320988065708576,882.6920838640262,67.96583362779364,181.62344932645453
13.894722207590853,883.265243921104,67.96704126260819,181.62245272723757
15.362258833407765,882.7193697946124,67.9679571524386,181.6217751570091
18.086186135188342,882.9576382018972,67.97022395161792,181.61983511105694
20.56237871234707,885.3408938942708,67.97149451705755,181.61891344036005
20.805535577261047,885.4660967503472,67.97252013483053,181.61815193318142
19.45180174106229,889.7164638586288,67.97315635199733,181.61771812402796
15.7855359059675,892.5327903393255,67.97331249575869,181.6175786857364
16.01704185662318,894.7031965771922,67.97374891030617,181.6171893171501
13.961994424947775,897.099835363047,67.97453600769629,181.61645897139286
15.41183851658677,900.070362108407,67.975273735368,181.6158232472438
17.33779256352731,900.9958635141579,67.97588229264049,181.615263083676
19.027956860880387,897.7213188196839,67.97728973804969,181.61406904061712
21.35337600607341,895.0177688244187,67.97854962652717,181.61304076958146
16.872545392272983,894.2898642461319,67.98003629358115,181.6118679095917
13.787485875064135,893.4954455966613,67.98051431008503,181.6116530082153
16.66269632860311,893.7362865683674,67.98228971495776,181.61060375737873
19.00136405915476,894.4589906269849,67.98402997178049,181.60910671573552
20.965131384215717,894.4967026929743,67.98422039833399,181.60889249194432
19.492579363012226,896.2128279109277,67.98533087232056,181.60783278517877
19.177058515969,893.6224709441345,67.98618684310226,181.6070419923551
12.794576429740992,891.9412227848803,67.98633663872722,181.6068743265649
9.229466118644957,888.3174454391158,67.98697294848033,181.6061933155792
10.234449304496636,888.2418305391436,67.98749127221154,181.6056427188237
13.40839334991093,884.9907448315894,67.98778872062856,181.6052697308559
9.87697236673268,885.0342271657787,67.9880367500649,181.60498871577232
4.286975467003835,887.4383834559582,67.98821430348987,181.60481593643877
5.185931530981804,889.9382859624503,67.9881848516585,181.60482591063723
2.3845364507639815,894.7589534243355,67.98858615329898,181.60449745659355
2.8182183611012377,895.9135471427023,67.98850257745174,181.6045541757435
3.2349576532967674,895.1605916766754,67.98847848276863,181.6045659168946
3.3976661173679474,897.5416286249065,67.98844626088504,181.60456076890668
-4.021229409568555,898.5769333663981,67.98855649810766,181.6044440303693
-2.075314710398054,899.0408475237872,67.98851319824688,181.60445165690564
-0.651900120753595,897.3165042542425,67.9884476297978,181.60447353077285
-0.624212201900697,896.2583357145861,67.98842687528936,181.6044764101802
-0.5197752137368354,897.1175552190574,67.98840274627838,181.60446637062083
1.7971343243522426,896.0827628474963,67.98836939474012,181.60446769775808
2.9724306178979276,896.932644326015,67.9883234060832,181.6044763834057
-1.358553357756989,900.1088331567382,67.98843375241256,181.6043707556506
-7.190034036725528,902.2105364344995,67.98865631030081,181.6041240092404
-4.928733362575741,899.9371604676584,67.98859123977223,181.60415162346467
-2.8057793908520026,896.6429582673057,67.98853385937407,181.60418331680302
-1.9296609378031135,898.8119789526273,67.98849576862206,181.6041861127249
-0.9846416129649995,900.1378003619661,67.98848595328879,181.6041853781689
1.0280909424687863,899.0805941354262,67.98846582685725,181.6041910071369
2.210392564182179,900.8787435330545,67.98840459087675,181.60420449634992
2.4144150930389117,901.4371450219388,67.98836557540534,181.60420576071536
-3.5539577217807476,904.8959449562582,67.98848381704417,181.60407348622329
0.6831895167386008,903.5985918142655,67.9884630216461,181.60407967217077
2.0733020419590034,904.8557837730843,67.98842748536545,181.60409146833942
3.80492166891581,898.9473728447223,67.98839380739483,181.60410557817642
5.088057967450801,898.8036518540574,67.98836795829543,181.60411769033112
-0.7818062511806758,898.7804494291654,67.98847523314383,181.60400061567913
1.8740186811599102,899.9922545555004,67.98844035869703,181.60400605705505
-3.4291119840450577,900.7654617346061,67.9885777648516,181.6038427574222
-1.1392018627469511,899.0523660032218,67.98855526700636,181.6038493275363
0.7827252267693723,899.6584664003697,67.98851879885018,181.60384690989616
-3.7452596722375304,900.2408588901687,67.98866908545041,181.60368578684248
-1.4693355094911666,898.3891423775759,67.98865009803141,181.60369173568847
-0.760003776842872,899.5401198526,67.98862283554702,181.60368890928217
0.7108333292734414,900.9557971920312,67.98860259021808,181.6036902790037
-3.885429342579009,902.5005975922453,67.98876038021204,181.6035171881552
-8.164571654803908,903.2119656332158,67.98887850075559,181.6033888857171
-4.551838411976199,902.8588557355691,67.98886014666145,181.60339854459676
-9.839053323799632,904.6491964417071,67.98893389120676,181.6033138177303
-5.362450347698733,901.9618796722973,67.98892351090437,181.60332072004482
-2.1072536081335187,900.8565220865728,67.98891029987087,181.60332465072548
-1.107524619230098,899.0458677271893,67.98879512125073,181.6033660507669
-7.45462704625394,899.2028928480055,67.98891676149226,181.60323413145915
-5.021358364568464,900.028428926181,67.98890027977414,181.60323733826732
-1.8836370977922456,898.0568289455624,67.98887984247415,181.6032467248586
1.2156039871365039,896.4255560378602,67.98881342884223,181.603258637141
-5.881064825405261,897.9732135462724,67.98890230514647,181.60315226518347
-2.922490048396746,896.1141202951738,67.988873207825,181.6031638329934
-0.7759995617810063,896.4168367819756,67.98877658441651,181.60320503341265
1.770222489574877,899.1063188568128,67.98875496705631,181.6032086457318
-2.6006420256685985,900.2587443224598,67.98894881077568,181.60299180867588
-0.30395406905839906,896.9150003325066,67.98890709555333,181.6030117366719
0.22496938576173875,897.5841238093258,67.98888825464627,181.60301005567007
-7.298760077139292,899.7364646579927,67.98893716915683,181.60294624011115
-5.01341931932572,897.9181883810453,67.98890241637758,181.60295981161445
-3.3458780040465044,895.8858860984691,67.98888085912237,181.6029653395965
-0.8970744671483004,894.4787722683445,67.98884010383793,181.60299259853954
1.9447904621090402,896.1035211157091,67.98878267345435,181.60299923158448
-4.179481299511956,899.8278055208334,67.98895793345172,181.60276845310446
-1.7768283053925842,897.3068112213589,67.98892595491756,181.60278203069126
-0.3686063056395099,896.1478230082345,67.98885625732181,181.60280224775747
-6.513893843851157,897.7414200674472,67.98891352673827,181.60273214323269
-4.471402306432559,897.0325637924236,67.98888614419234,181.60273558111243
-1.5924530180727885,894.6258448179514,67.98884965853725,181.6027532343417
1.1750892135267321,895.1912251702275,67.98882369372078,181.60275403396258
-6.370187032145111,898.5396791135782,67.98895260108009,181.6026048943621
-3.351955163757104,897.0831054963028,67.98893543565417,181.6026094477911
-0.9213810439577017,895.6930079254917,67.98890169800849,181.6026234199034
-5.606187128449349,897.75560267126,67.98905090007284,181.60245729338746
-9.906546387050668,899.2311083101541,67.98912625931649,181.60235896802232
-5.794263909159682,896.1522239131698,67.98908007947446,181.6023790628028
-3.3238154211524815,895.1624019056757,67.9890572031915,181.60238497812063
-0.10088056310407723,897.3225456395492,67.98898922201901,181.60240667251352
0.947528083102128,893.2291567205821,67.98894460035245,181.60242456171727
1.0455130554871346,896.282138151684,67.98892227287485,181.6024263601579
1.8568785467039035,896.8357420820222,67.98887386185244,181.60243104296913
-3.553094422089586,898.8694497791563,67.9889650631113,181.60232264409268
-1.0383178135792122,896.515602392604,67.98892615883469,181.60234100652235
-8.108780849291193,898.3874909524541,67.98914235324449,181.60209702128262
-5.88415761836292,895.7530852757457,67.98912560864258,181.6021066855515
-2.941081433992295,894.9889301041742,67.98909880447653,181.6021150744249
-1.24786365251952,891.5994543116917,67.98904033770712,181.6021545919766
-7.62021603293811,895.6394283206591,67.98928308529968,181.60187843378307
-5.443817772633125,897.5606185336111,67.9892492638169,181.60188091574656
-3.4224727525372884,896.2507467460797,67.98920134017186,181.60189521033755
-1.1930999694943765,897.4336394094913,67.98914260269932,181.60190811845376
-6.780007542659533,901.2865693794397,67.98932703461313,181.60171185958725
-3.018301910193685,898.78428370412,67.98931035433719,181.60171892494859
-7.17688613925209,902.5060145170468,67.98942311024453,181.6016061836774
-4.724469611872678,899.8281638593144,67.98938379480455,181.60161892721214
-9.879404645939253,901.4663411720857,67.98948613985421,181.601495352161
-6.57293041823965,899.2755203170283,67.98945033933171,181.60151140996246
-2.4209213694127527,895.0497127322736,67.98942546677557,181.60152745837811
-1.5875825203446183,891.9725757364625,67.98938816952584,181.60153747676424
0.12021472823718682,895.1745768383421,67.9893019426259,181.6015613044992
2.014368110038234,895.1853035026631,67.98928663333899,181.60156235854487
4.14461359659802,894.6675342947865,67.98922456570648,181.60160787726454
-2.510068513158629,898.9215135499929,67.98929503827154,181.60152671670514
0.33059423577481795,900.0960672113233,67.9892821014398,181.60152975895826
2.3357415004340965,899.0702648345497,67.98927247278652,181.60153000315208
3.247415362780451,898.9017786827658,67.98923953405115,181.60152217247096
-3.2559380885378744,900.3727724719424,67.98932316856036,181.60140957504436
-2.100358866581665,898.1692884478362,67.98924160414929,181.60144002407458
-0.9164861297497993,897.0855213766516,67.98917000438692,181.60145912699969
0.3790981757876395,897.7892995850835,67.9891290273605,181.60145292585713
1.7929641273711283,895.6601265211942,67.98909773912273,181.60145488020427
-5.431263928724569,898.2355877194262,67.98926207274967,181.6012759682373
-2.914800821419547,896.1962938080114,67.98918755415403,181.6013401552026
-0.958577018764899,896.8064397173812,67.98916594371778,181.60134686513447
-0.4264145829312227,897.6098573632303,67.98913111874232,181.6013525415682
0.9991305956161796,896.6285284615659,67.98911760300189,181.60134967461659
-4.001996152055426,899.3904393428729,67.9893130691703,181.60114279542537
-1.589639915903824,895.5847490306008,67.9892823557477,181.6011523796254
-6.366384192528223,898.2829312734401,67.98938612811271,181.60103480404203
-3.7060946127331746,898.3510048488141,67.98936503965909,181.60103530139003
-1.1017370441594778,898.4573546033544,67.98935055940257,181.6010379176206
0.24315942414668257,898.9258152675369,67.98932212245455,181.60103288096906
0.4213030554298882,900.5289284331379,67.98930278896529,181.60102598450516
2.5677324628442477,901.8095855749551,67.98927014982627,181.60102890629983
-3.7371181580751625,902.2658213498414,67.98936083410894,181.60092011087235
-0.7609069919250828,899.4232626619024,67.98935110709442,181.60092119570407
1.7860123674933917,898.2157561162377,67.9893248539252,181.6009257421117
-2.3841044243468232,898.9761423818437,67.98956114604069,181.60065732791165
-0.14612447794505812,898.0507966129031,67.98950905581894,181.60068126992954
1.9537076818278933,898.9640513938813,67.98949502390121,181.60068332944837
2.3761883512885262,898.4236799840027,67.9894210012069,181.6006768759054
-4.040399540118948,901.2808662655509,67.98950504818201,181.60058920965955
-1.8418611141869192,899.7896567234222,67.98947094763021,181.60058856468413
0.5215928753492776,899.383305533729,67.9893915436921,181.6005887651156
-4.758248097222555,902.7148392123471,67.98949554694123,181.60047859934662
-2.9826286150880676,900.648803694639,67.98942144816603,181.60048290807813
-0.6382686574202836,901.3016940439318,67.98934975670741,181.60049990560617
0.09581817533143067,901.1604658552784,67.98930811024695,181.60049800735655
1.8103415082831162,900.6551899810825,67.9892642061844,181.60049115055415
2.3358090125223328,903.0452201465152,67.98920116597532,181.60047775953856
-2.5873454175293915,904.6241975273454,67.98939300642544,181.6002371263726
-0.8783287639883639,901.6777750666845,67.98931438264722,181.6002597820693
0.6931239185364007,902.9667055845398,67.98924415782596,181.60024479662118
-2.5694503483984903,905.942514519938,67.98966391667133,181.5997949861276
-1.166000515176293,900.6217254483954,67.98964138645741,181.5997973159191
0.0665931745957522,902.8587183404134,67.98961032367052,181.59977431569675
-5.411409072010976,903.6837152151819,67.98969364378827,181.59967015451574
-3.169889340408403,902.11494671506,67.98967687040246,181.59967349005612
-1.254299820231843,901.8878772749837,67.98960449279959,181.599675879387
-7.026497393298001,903.2173954072548,67.98969097651735,181.59956800916245
-4.129454203613278,902.5672650736276,67.98965529065987,181.59957456989522
-2.1135975375083333,899.2773819859369,67.98962969496121,181.59957876331234
0.3663290945151303,896.5909249634699,67.98956093866575,181.59960042848564
-5.0981928584131,898.9572426476783,67.98966883988354,181.59947371943161
-2.7915093354677296,898.9061053206667,67.98964598649768,181.599479312545
-0.9615982474442504,899.5803126471137,67.9896255320236,181.59947776943037
1.8950359116737445,898.8536698475463,67.98959306889014,181.5994861383027
2.4872973470885285,896.4684025673857,67.9895364408508,181.59950001152026
2.963651997489329,896.3832896569053,67.98946916361258,181.59950551702482
-1.2565791625888068,898.3036767060469,67.98955043365899,181.59941511739578
-1.1695272025096486,897.1527882757308,67.9895360495715,181.59941747622756
0.24979080248194663,898.5334983555725,67.98951140395293,181.59941971225012
-5.9330013627583185,901.0110184831109,67.98957716448717,181.59933884972114
-1.9402641493542703,898.9060612689766,67.98955920435388,181.59934526941427
-0.23413157451768285,896.853380299547,67.98950547283256,181.59934860765705
0.7090163844627924,893.317556932465,67.9894549247828,181.59933673052342
1.1605197029986556,894.9645634489488,67.9894290325498,181.59933743618814
-5.506047453156732,899.4078801777767,67.9895459956174,181.59921292018248
-2.630096698217592,898.9558331339434,67.9895122568878,181.5992242923378
0.8170617779292684,897.9429818816674,67.98946000262265,181.59926294419816
-6.646130652643457,900.4299696576539,67.989581054564,181.5991295362375
-4.1663854127003646,898.8436790447711,67.98955035632454,181.59913743398513
-1.8688015617683362,898.0171138771503,67.98952978733402,181.59913938368277
-0.9417281995468798,898.6596865613874,67.98947625689898,181.59913429116384
1.4579576552348072,899.3727565266335,67.98942476828287,181.59914372895796
2.3049923171462794,901.5602216931824,67.98938739827157,181.59914091661196
3.2625808455903424,900.2076117426426,67.98935097019815,181.59914488675284
4.587748064711704,899.2579615214978,67.98933110142869,181.5991471379719
4.903215456969633,899.9852975743132,67.98925807609862,181.5991713299865
-0.5008339008782485,900.6897987848247,67.98948020488032,181.5989363707405
0.10352244380244713,901.3008772919733,67.98944814524916,181.5989375500315
0.02327806976499147,899.9308254720661,67.98940450821321,181.59894462078455
1.9158110430365412,899.8788679811539,67.98934413112812,181.598948336878
-3.582658364105832,900.8574534500489,67.98945963456082,181.5988184242499
-0.6495848236381931,900.9634938162164,67.98943098471685,181.59882699207031
0.6982468596950184,900.1994536490333,67.98939959894642,181.59883032009657
1.6369329961367853,901.771343379685,67.98934332414028,181.59885302477832
2.6920611893007518,901.920972372286,67.98931428423263,181.59885327169314
-0.04840232871985961,904.2264857341705,67.98979736580608,181.5983240225943
4.238081282742847,900.0830962451216,67.98973949804424,181.5983283653772
-1.0809096235501983,901.3338550942742,67.98987531758834,181.59815582469545
-5.426562818384575,902.4854648142026,67.99011401163942,181.59788390604837
-2.5885831434523396,900.1605631733106,67.99008611547978,181.59789594714013
-2.5933794177260054,896.8216090720341,67.99003667582419,181.59791527945399
-1.5855764125195435,895.0968436859292,67.99000416699818,181.59793070895125
0.30968151577224745,892.207161902002,67.98993721445207,181.59797880515657
1.6499752910946128,892.1627894303437,67.9898384886517,181.59803131434117
2.2772970143197284,894.8389801408634,67.98979270608086,181.5980540108859
3.757260734175105,894.9573125760313,67.98976636080675,181.59807636863357
5.397178201421781,895.8426772175528,67.9897018006115,181.5981518484308
5.780679605623831,898.2959018718389,67.9896558579949,181.59817999118323
6.7647397093294614,898.45195880904,67.98958505758895,181.59819701501826
6.378992361519316,901.9547340435938,67.98954972105135,181.59818119480593
2.1853286858911645,902.6075018031869,67.98984074876029,181.59787593551513
2.536724814416516,902.4160416832915,67.98973277496611,181.59790186793097
-1.4102383152670441,904.1478923395397,67.99010863836766,181.59748624002015
-0.3576317439951566,900.9485298247492,67.99002426093008,181.59747240851704
0.643046497755762,899.5574186414783,67.9898331674429,181.5975249561806
0.9190668054179909,902.2386993446935,67.98963321507468,181.5975166694097
3.511784167207189,900.8623519906456,67.98955987684174,181.5975224927703
4.2798346352603716,901.4140375637731,67.98944512580923,181.59752523167003
7.143078083324738,898.5309462783831,67.98949974884553,181.59745099321557
7.302709324552808,899.8992482397001,67.98946517047074,181.5974579600163
3.118575048559258,902.4209694291824,67.98968123985286,181.59719318572715
4.619133178569619,898.7834586947146,67.98962260464903,181.59719548580895
6.419904241666153,894.6003420453164,67.98968184068436,181.59714441418285
2.5936582118388714,897.0927223684394,67.99001611683062,181.59675972161128
3.3451096266589815,896.2059090647682,67.98990802977463,181.59677883650667
3.922989797373859,898.6683551681981,67.9898041452922,181.59680671173922
5.822530593348596,900.0067273847245,67.98971733292952,181.59679648774704
6.22390447656506,899.3480652287844,67.98965214506028,181.59677327307685
5.668475779892809,899.0273643536168,67.98960126852258,181.59680937609625
1.2483578095313845,901.2176990219762,67.98983991768048,181.59650922577873
1.4975686647983792,903.6297191147111,67.98977809593853,181.59649562493428
1.5841419666242018,905.6918782468397,67.98968459299203,181.5964916688436
2.5112907788548497,905.7133569890334,67.9896468171254,181.5964795135559
0.2568583906745019,906.2361189645278,67.98986939683083,181.5961882161851
1.3331924758205602,902.6398528796008,67.98983131725221,181.59618546248572
3.005369777800496,904.5747530899553,67.9897986794636,181.59619514614667
2.0157710479174966,906.4882659366504,67.98971447533495,181.5962051182688
2.159996718419521,908.223494659697,67.98960733875671,181.59617923841367
3.400422220581831,907.9183940136886,67.98956530774447,181.5961801253098
2.981380864551255,905.079653816053,67.98950753213472,181.59612307932724
4.578960795321592,903.8336178827473,67.98946991256793,181.5961752926185
4.2085507999867104,903.3736783829563,67.98938640649544,181.59612717199153
5.352190817266546,902.3926237632954,67.98931731325047,181.59615819762172
4.599409197834312,903.062083252667,67.98928188783118,181.59615015618778
4.32117124656402,898.9024050171836,67.98925300435721,181.5961621065858
4.490077097356895,897.1589133067107,67.98919796633233,181.5961553141374
-1.886906952630099,899.0370199753573,67.9894619952614,181.59581637221453
-0.5344176221572923,899.0413564983196,67.9893969504962,181.59582810580733
-0.4369494498363977,903.2038980366764,67.98930640148582,181.59579061472613
0.34858706471388246,904.4495047595013,67.98923800152039,181.59582792247897
0.9022912911684671,907.8237823273862,67.98916475845772,181.59581032714496
-3.9130020914971126,910.8440607947223,67.98981625920148,181.59505785109107
-2.9853806247747414,913.0065879734395,67.98961268389577,181.59510200821342
-5.4202687001142635,915.3383876035138,67.99027538929283,181.59424679332264
-3.425081321538755,913.5030506109185,67.99021988415598,181.59425384545332
-3.104666831981355,912.5679193089724,67.99011192812391,181.59421484507476
-4.79146612821701,913.7480481899372,67.99068534168592,181.59350851289346
-2.7259147074786156,915.7863652781695,67.99108369802407,181.5930280916171
-5.640550951369903,915.3305294667329,67.99144821919288,181.59256035835395
-8.386174196564355,915.1476976415297,67.99158009318774,181.59237889476756
-10.743313256179675,915.7862346637496,67.99168680281144,181.59223387120932
-12.003191337887998,912.9535304052193,67.99177629447516,181.59212172024016
-10.010192361734575,911.2131372921106,67.99173501102207,181.5921099403999
-13.677640514563116,912.2496095616734,67.99186349822823,181.59197819691323
-11.340803773402037,915.4755385464547,67.99183217441437,181.59199352981042
-9.129639977819018,911.1907023562278,67.99174913204594,181.5919942794048
-7.732678526156441,911.1724958384531,67.99168904839242,181.5919833821934
-8.167428303987904,912.2290664799121,67.99186380070299,181.59177811917257
-10.206923793614308,912.7980228755241,67.9921137063474,181.59151474487237
-7.826990835304834,910.2894390892952,67.9920858939765,181.59153286893533
-5.212904889529845,908.7482730660404,67.9920591249546,181.59153635747677
-8.576228137613107,908.8090757600813,67.99232050454397,181.59127058855464
-10.897338220694671,910.5807901487697,67.99241172631012,181.59117271899967
-10.768592605204468,910.7105843664076,67.99239965635381,181.59117890299774
-14.942900734296579,912.2013433156907,67.99279032097114,181.59073033083249
-19.174327338592647,912.6226157774806,67.99302565541777,181.59045244369042
-24.088984588219063,914.1799777846207,67.99308218958271,181.59038893089044
-29.421309918934206,916.5253382733134,67.993275529846,181.5901968231339
-33.99670902411362,918.5486470357479,67.99341804822724,181.5900489866805
-33.99676862649319,920.3556104736659,67.99353725298639,181.58992454385847
-33.996837789777764,921.2991676968571,67.99367557955553,181.5897766835889
-33.99699269265153,922.058399315195,67.99398538530306,181.58946437254951
-33.99708204723008,921.9223720755498,67.99416409446016,181.58929242881484
-33.997188554658514,922.5850336053455,67.99437710931703,181.58909482507963
-33.99731508340353,923.1170119081635,67.99463016680706,181.58884330615186
-33.99750182344377,923.0350571413994,67.99500364688754,181.58846774613409
-33.99759831005551,923.5419705454979,67.99519662011102,181.5882940970787
-33.99762848114804,923.0222721782173,67.99525696229608,181.58823756358865
-33.99764646357231,924.1305927319734,67.99529292714462,181.58819997360888
-33.9976971898813,925.2302905504678,67.9953943797626,181.5880979500538
-33.997731222168774,924.5451224566054,67.99546244433755,181.58802321858911
-33.99776453517358,924.7152329637696,67.99552907034716,181.5879562262391
-33.997811864224175,923.4320363140986,67.99562372844835,181.58785935224142
-33.99787008834102,922.904001005101,67.99574017668203,181.5877338766772
-33.99795673674047,924.0392049255013,67.99591347348094,181.58756515063806
-33.99804109139607,924.921046221473,67.99608218279214,181.5873925474793
-33.99811283136475,924.178171481671,67.9962256627295,181.58725378436174
-33.998208149319,925.5297403255416,67.996416298638,181.58706657422073
-33.99827097106766,925.3518826695818,67.99654194213532,181.58694317011037
-33.99836683338395,926.3048563349616,67.9967336667679,181.58673919987
-33.99841412389847,927.0221651196714,67.99682824779694,181.58664080216516
-33.99845418065812,928.3577462459122,67.99690836131624,181.5865617615826
-33.998528354947304,929.514845016116,67.99705670989461,181.58641489561313
-33.99857411587046,929.7959935010238,67.99714823174092,181.58632252517825
-33.9986245058947,930.4431195636797,67.9972490117894,181.58621789132152
-33.99868981448648,931.1057396399268,67.99737962897296,181.58608531329006
-33.99875100391548,933.4041336374225,67.99750200783096,181.58596889956698
-33.99877322575789,932.0849426873415,67.99754645151577,181.58592401902848
-33.99879944368624,932.5713993561493,67.99759888737248,181.58587030246076
-33.998827593190214,932.8956010719726,67.99765518638043,181.5858124604519
-33.998888584904776,933.5953348563245,67.99777716980955,181.58568730946507
-33.998930181045125,933.1114156346447,67.99786036209025,181.58559889296902
-33.99895901535762,932.2019959778086,67.99791803071524,181.58553857514102
-33.99898277535911,930.6759521513245,67.99796555071822,181.58549219109125
-33.99902827818223,930.244512521701,67.99805655636446,181.58540091935157
-33.999065412027235,930.9995059683278,67.99813082405447,181.58532234461762
-33.999107770068264,930.5348952145962,67.99821554013653,181.58523615287743
-33.99915492410949,931.9590105530829,67.99830984821898,181.58513808622513
-33.999172164321486,933.218434198988,67.99834432864297,181.58510297398024
-33.999193963062936,932.7188652489232,67.99838792612587,181.5850585902314
-33.999218032327754,933.0885901940613,67.99843606465551,181.58500706020746
-33.99924833851676,933.4785365162579,67.99849667703351,181.58494332187362
-33.99927707584225,934.2829548762802,67.9985541516845,181.5848819791026
-33.99930662497422,935.3287144428039,67.99861324994843,181.5848249813703
-33.99933360116815,934.8537040928207,67.9986672023363,181.58476480975438
-33.999355738342366,933.2144067110695,67.99871147668473,181.58471715725668
-33.99937906712603,932.4335295275685,67.99875813425206,181.58466985227676
-33.99940848981873,932.2548809949559,67.99881697963745,181.58460905789045
-33.999435046797814,931.8542984966724,67.99887009359563,181.5845544122951
-33.99945627060741,932.1804824515659,67.99891254121482,181.5845113578357
-33.999488516045254,932.0018129637003,67.99897703209051,181.58444726383235
-33.99954077310027,931.437522122925,67.99908154620054,181.58434585517307
