1079.5,889.5,79,188
1079.5850094931666,885.3240780327003,77.16023652208969,191.50329170757905
1083.337222752586,884.4938076917517,75.51358998295649,194.02294548666708
1084.6939696233167,885.8617098551453,74.50028034832224,194.88028390775912
1087.4604559401514,883.1610462778566,74.96805682582834,196.8003490937237
1090.2931095563954,879.7505550329608,74.73492761381739,198.97653092052087
1093.0233862483872,879.5821066197702,74.68015931360455,201.33761435807767
1095.6800797652227,875.4275437943953,74.04753600139964,203.3884840502703
1098.9399739114328,876.7853744351222,73.21120556038947,203.2772536827418
1101.9195718106555,874.1195528384143,72.896381748333,204.96011247712505
1106.003081071372,871.3904461289595,72.09410073758124,205.86007451511404
1108.2373589980496,867.4485008356581,71.03545246364837,207.8893155579547
1111.8596365683466,869.8747240702014,69.93406911031613,207.83475450680643
1115.3315907520257,864.0197545559389,69.77010277863289,210.9422126469646
1117.5909356924517,864.8174290472249,69.05176785536148,213.1339322698156
1120.53304864853,860.2635497298324,69.20808740676704,215.4915545291733
1123.090181563156,859.1528710514882,68.76009993978892,216.86299393761573
1126.5551738186316,859.8308080990199,68.65874444571415,216.41320360519802
1126.3839997263528,856.82467798651,68.86907279754112,216.92857137797802
1126.7079673586084,856.3328713399794,68.53776545270424,219.28877587663607
1123.8928675258676,857.2147814650612,68.21527594734812,221.2679005822984
1121.6044006913603,852.672403568111,67.64488457745314,222.15192795975577
1121.3511912020178,853.3574997862569,67.98990736561383,222.90974579644381
1121.776706502218,850.3879093798128,67.720847635708,223.7246761973446
1119.5432477333566,848.2190100228239,67.6950665039974,226.30149704705687
1120.1482405091144,841.015091225256,67.41177480919819,229.13838413407512
1118.6289799878757,844.7749022136373,67.06797997757565,230.3382541159305
1121.8569018452595,841.1572820267756,67.39928950682697,231.2416844920955
1120.7055082210934,840.9664259478436,67.44583281099081,233.8637445122032
1121.8170364255113,838.2801432690623,67.32504509798635,236.20093713569594
1123.2222539902718,837.6797252918907,67.4530970213828,238.0135838934524
1124.5449185493676,835.4328165865519,67.67956093488357,240.15475829112967
1126.0321748761653,835.2330224480344,68.40897555980716,242.1313304968451
1127.5632446169122,829.8378543164287,69.23534511342338,245.48223700007733
1129.138513163903,830.449409462562,70.58655181292929,249.58597330738928
1129.9704260480858,828.9617366863447,71.78987062921999,251.40520571208833
1132.4103581093689,829.7336188676836,72.98297880432206,251.93402740898097
1133.4779918369593,827.129003110941,73.53287365497314,252.88902651584993
1134.9885174034812,826.2819490784356,74.23046189570857,253.6279191863638
1135.206617153025,827.7390132694229,75.3070038431161,254.2350036206275
1136.4391327922558,823.9465407364672,76.35693929095771,255.0256614817966
1137.0479988733869,824.003120964152,77.26127934854412,255.9632932436816
1138.2301657197427,822.6072741057941,77.47777074624085,255.4145342893464
1142.3816455991948,821.6441692913193,77.31187496743907,254.4555036019051
1144.7269296559543,820.2082214593272,76.65861840787505,254.98178864729786
1148.8754604912558,819.2946447630887,75.10481425985529,254.3649944861401
1152.488326488333,816.7039971541425,74.02386862358037,254.98108031529975
1154.8560936569834,815.2098489425573,72.6380941034032,253.91178863803674
1159.5613426976468,819.2274922603088,71.25232670444923,255.5513543737495
1163.3846495856087,813.348804723038,71.19589714025645,256.8669045352663
1164.9600048339723,810.8948650261345,71.03666556351224,256.21730359383776
1167.0275001064788,811.8919817385779,69.70414331836486,257.04426076457787
1167.8523254112265,808.211323655953,68.45359709543735,256.38911460377767
1168.0433117820983,812.0683180253669,69.21220047788518,256.1072557248742
1166.1929420331178,806.5626245254581,69.96533412753374,257.1945160996309
1159.050604922141,806.8097156121773,70.24370360858167,257.6109356613073
1149.8580124527512,807.9945660354141,71.10418075317179,258.289375817489
1141.356922155787,803.0975750673794,72.31581302251499,260.7032265088989
1122.2747278199593,799.8003450028482,73.32596203962987,262.4478464737767
1113.4871365405063,797.056642849228,73.42554912429237,262.3816709737358
1104.8308879262165,795.496302002575,73.40570420504503,261.66040320415084
1096.5912595002762,791.1534489678172,73.34544079325347,260.5233620431367
1079.742794632524,788.1561638925245,73.41767188984205,260.35743119045685
1079.4573079628522,787.3173202594694,73.71452156051521,258.8758197981962
1076.0426372652726,786.0453013985784,73.74596370945855,258.5062637509044
1072.4545288315614,783.8300998708569,73.69528333719575,256.5948913890197
1071.9245708020126,783.0384880026985,73.5718536016156,254.8359169918679
1070.4718902680518,782.4890363534007,73.12638626034217,253.0855220517092
1069.6964580726271,786.4585100279347,72.81625512010925,254.54062625446005
1069.5385656937963,789.4513642716342,72.64729970991509,256.550861313356
1069.0406286117125,788.2377984896858,73.24271988934528,261.7486518471321
1069.3935969015245,786.0342604882983,73.88825974061412,265.6529470548099
1069.6736716086762,782.9275878945762,74.76863514282378,268.4160461465967
1070.6559895066564,782.5002088996177,75.5281247321476,271.58562037300953
1072.4714396215286,779.7132331169056,76.34855659468862,274.13560228816533
1073.9141442990176,778.1070192342822,76.78580315592465,276.1297709572663
1075.9080299710242,775.059246184358,77.40992546578079,277.78191953514215
1077.193439542129,775.3898898005888,77.6986310504391,279.5692266344219
1078.7693867157686,774.6271716543484,78.24508594060188,281.8864549024009
1078.9426783502422,769.3966471406632,76.47621115439699,286.0748927885667
1080.3757920639869,768.3009683552905,75.32233838694171,291.3280250899944
1082.7967817402262,765.6610062937076,74.41800041668047,296.2325806478391
1082.2658824587234,763.1972668189259,74.2080665301545,300.28381612530325
1074.533170351737,754.7465929664257,74.82527087260611,299.41933474399985
1067.6053632749263,754.8043378520817,76.00192994810261,299.0645237259447
1061.353949431913,753.9335012048267,76.72593282791621,298.2900913685992
1053.541812544593,751.1990261775868,77.59277366493352,298.7503386681046
1045.715787188501,748.4642284687106,78.40713879209589,298.6846567192189
1040.4436034932355,751.3361027237554,77.97085337348364,299.717338339134
1036.8029384175802,749.5161010989546,78.14336260957214,302.14451354861274
1035.2278121747456,748.0046106346281,78.06528424464011,303.8696120395599
1031.3066628395047,744.0306912489564,78.72562185555151,302.72571211003657
1029.3377057075045,744.9374075205068,79.18655829438725,304.7175101844589
1029.6440201773114,741.6085886535865,78.60238336235439,305.30460510595213
1029.7725399720343,741.1651633699876,78.28240550740591,306.59267015354993
1029.685404357912,735.7934682579494,77.54693080402559,308.91645226147637
1029.7932063796109,736.0089285886878,77.69981134710483,309.6432024555218
1030.2297631419017,735.7546276856606,77.53478639931689,310.4813266328682
1031.9810754569444,731.087255298891,77.41038638051407,311.3971527967882
1032.0234671463336,729.5545254304577,77.34553643780156,311.6748284340761
1031.7195824226876,730.6258760782468,77.43688826252698,313.62042450559375
1031.554675799432,727.6028777143333,77.10223989633671,313.2461169350198
1032.5534679294888,726.290483905181,76.89466656533095,315.5800503973073
1035.0090573659704,722.2127536897344,77.12558230448941,316.8723878881368
1037.6116081614582,723.1532777847148,77.49770782914483,319.0375785974072
1039.7506520412066,725.3411310238926,78.05626185813064,321.51536914740234
1041.477747859762,724.1039688125402,78.54197419555305,322.8636298656165
1042.7558724842804,724.8969502852495,78.52371265556147,322.44328379012427
1044.0926584191911,721.6462858310344,78.67857072310302,321.8821937608715
1045.3750035936505,723.9197646488135,79.48408100818702,322.1976566842427
1047.205682638033,719.4545372242458,79.74236417575405,322.3833233635174
1048.4106395597553,719.9337142604772,80.03566068616105,320.34002230104124
1051.55877350611,720.8477243964728,80.0607023599498,322.17822936974835
1053.5835923902382,716.7464394117786,80.31420094041727,324.5263691404673
1054.426842675314,715.473736670343,81.01359395356334,326.8505442356509
1055.8295913828783,717.7507901131321,81.58751252735708,329.0891800792597
1057.1549679381899,718.372590879068,82.41661280838116,331.3518577775057
1057.6523037574364,713.4404217252493,83.00233841815641,329.72001078240885
1058.3928338076016,705.0446970713579,83.43923872317563,326.61940457871685
1058.955423037095,708.5289758197855,84.02339869077868,326.4533172890761
1063.8399650658118,706.4372802607026,84.54885122392128,325.68695130809033
1064.9514266579354,704.9040330628393,85.13628799450812,324.20359380943825
1066.199998975759,704.765193000537,85.6992465368855,324.1180956510666
1063.5523104666383,700.1896098924408,87.59942330259373,314.7375445668441
1063.2707042639097,701.8518762733452,87.40458014030956,310.1570197500961
1065.42304598554,703.1927804119372,86.5253441610381,306.65143057863247
1067.2682643592,701.2466936351783,85.38023007034951,305.3283774819122
1071.3455111909443,705.3732776052163,83.44592693191576,306.1581706242945
1070.6685956827346,699.2829149367335,82.5003242401446,304.2619363512749
1071.2152300039338,699.6942808754076,81.27908807619792,302.02943875355936
1075.1004415728116,699.0654526809758,79.4968946900291,304.61857457262147
1076.694519426559,694.0442477843135,79.87129262671434,301.4663566041055
1079.4652973518487,694.2605841348052,79.13174969651497,304.4781216453554
1079.2769289846774,691.7440022005549,79.22731650969745,302.52270719430635
1079.4696224007787,688.5851169396739,80.01947439051516,301.7325360885659
1080.1732034619258,686.8907854175393,79.9069321860905,300.25538158599056
1082.1457050682445,681.1255890905493,79.6433960297275,298.9513883680835
1087.2400140808818,685.2299800296644,79.01720266418235,302.2974379946751
1088.353644458496,684.5246812705541,78.30106246673871,307.1688535651874
1090.1814985580697,680.147143182044,77.72202634477021,310.3816566976213
1091.2530839783772,675.9623523859872,78.17770575439933,309.3128094109508
1093.7601838495038,676.2144185337164,78.49254701632705,312.6230546618028
1095.0373672531618,679.2249861478706,78.45164394459152,315.5987923354111
1097.0576125766738,672.412438182037,79.19128559126874,317.02767168382616
1098.124339099398,669.7324243233453,80.8406158157025,319.4879556058147
1096.5921491950023,665.9264421039845,82.74896091647071,318.3609340292164
1099.6767853622016,667.769896894282,83.51199153388487,318.439760074842
1102.2218121903659,669.1337814702119,83.61877768697407,317.73174294858654
1102.2141066463519,666.0136192946748,84.02700436490716,318.2750176818937
1105.3489042088577,662.3117551042956,84.08517851937539,319.77087147845396
1106.9826062172206,662.9942695523071,84.71288201035551,319.38606594010855
1108.716155426522,661.3926194385574,85.47301414061101,320.37279936653647
1107.698749918864,660.0902031664184,86.89074887819447,316.3099015793938
1109.0052847550983,657.3201668452322,87.10779976923278,315.8332720466258
1109.7216601447753,656.0948435138546,87.75260989152059,311.627696365936
1111.1013857933015,656.3942956099775,87.8121462024242,309.10303238136237
1109.4557138780149,652.1227673962079,88.04140631183651,305.56914636505394
1110.7931125789046,648.383200685375,87.57814007231896,302.4226904159922
1113.0749694556291,652.6747370947987,86.96607550786511,299.0949843993602
1114.178072486487,653.6204127380443,86.6533651250513,297.6401792895413
1115.5179920360015,650.292423295142,86.14715674043866,296.3876088665688
1116.0551967135539,649.7311722522797,85.95928314907465,295.2672451514359
1116.5733866523678,648.5225558684015,85.76803723169365,293.21210777148724
1119.588631195816,649.9954524471443,84.74481466625107,292.69230328816536
1121.7426121708036,649.3837431613608,83.98875524885347,293.3298768065365
1121.903395155812,647.0552413936223,83.7214456509903,293.1514625945159
1123.8918309530814,644.0422624859747,83.8254103525332,291.3606746517546
1124.8186383274806,645.8935740457797,83.4736923427406,291.1759958680821
1126.2580313510848,640.7416829428607,82.71196910261554,290.5027797447574
1131.7952732361746,646.6418356452889,82.56599981302664,293.0362479528772
1131.8350266594107,645.0005510218577,82.48268644094604,292.92114192393683
1131.8104431513034,642.9485452276616,82.3023740548569,296.1050670689048
1132.0737696878837,639.2540035305976,82.65888091717076,298.6036089095355
1131.449959237493,635.4717302709968,82.83751790548405,299.08076405224193
1132.2994597264035,636.1048613193051,83.00082638353499,301.38745756399317
1132.8910186249636,639.3693869144181,82.4375772821505,303.119232484607
1133.6347637185431,632.5737429844701,82.81311502525132,303.63851697993994
1134.2527830473452,631.7914373189299,83.37449627330938,303.9221331804815
1133.2678303685625,631.7067352665817,84.22258988332408,303.88776943418276
1132.133768348009,632.8926831648523,84.72782906916058,302.06005975290645
1131.5628074583256,634.4408756614873,84.75198411058952,302.2081846950156
1128.0741310564642,633.9498522929434,85.4310700266474,301.8005458013048
1127.5139226059512,632.6805114570624,84.89326139132717,303.28728834323755
1128.343784706612,627.2630236185685,84.99112056975098,305.2939664051743
1127.6420356807348,629.5513197156167,85.55123513046607,304.5491823012877
1126.4830944713153,629.1563708223266,86.27699535215369,303.9239435121689
1128.3307095372502,624.5450094353233,86.9198136783836,303.9584729649475
1129.2414940120389,630.1815821757689,87.65485578990226,300.66435141746695
1126.950074760492,631.2860652909782,87.81879571053736,298.6013340143152
1127.1411574190106,626.494672776754,88.04650911235348,296.5484054654931
1127.8339505503477,634.5830935994611,87.56738688995826,296.7436970750837
1127.7190821208471,627.1373003383763,87.022614974679,295.9636374790892
1128.8256011489998,630.6130152675333,87.13489191700026,298.00472986046015
1131.2513706231457,630.6575026118446,87.15190088512114,297.3274605465553
1132.0862885094666,626.2644641282315,87.13061335790914,295.6156260605347
1130.6916505074864,631.6490497686412,87.10077372313684,294.31551949223945
1127.3106881937683,630.3626484131813,88.22385910573017,292.8710034775733
1126.0698582871664,633.1082192681139,88.55826206773796,291.9784135178913
1124.0547669478265,631.0538758461486,88.74910382120102,291.85076460742744
1120.7910573478546,627.5427033448009,88.40538540212624,291.4331848931734
1116.234771320987,634.2413554772484,88.4031064579366,290.0061011940743
1116.1500602212539,625.6681122346224,89.18640243717648,289.79233148425783
1113.2294376828997,635.7305314692037,89.2824983782953,289.1120730932202
1110.491132979405,625.408610505528,88.27336616998961,284.96897730694843
1108.70273021522,633.0821332226848,88.81868351819855,285.36151870277416
1105.6241992036182,626.9577554094528,88.51893840486679,283.75863458161837
1103.2356377150695,627.1277994199714,88.10990653958729,284.88209367113876
1100.8765648631208,623.3055577033487,86.44772597242768,285.96731387501427
1098.0634599115888,628.9327708710213,85.78923595865218,287.9841210983239
1097.0162266223883,623.2019504545374,85.09066917561799,288.2274420384082
1094.3580726568287,620.2030730521701,84.16476862590267,288.1862497377352
1091.2057787895035,619.6354214767578,83.83568030845944,286.9652573029274
1085.9123650331119,624.8599491230123,82.61769825093,284.7943144219174
1081.5411431858768,613.3114868170371,81.77730770162569,281.5621393787165
1079.7541624405044,617.2621539035383,80.68365091768197,278.3603944581861
1074.7210721709778,619.0817102848675,79.52274729688402,275.71382664458224
1073.3502319302272,621.6548804201453,78.12922870840823,274.0047684594454
1070.1945480838094,617.4460637426752,78.24876910403346,271.9950975465024
1067.2940355968715,618.7613529917941,77.66945350173711,271.53461711459454
1062.8766344105393,616.5427761993831,77.23093567634271,269.4919390038598
1061.532082375559,616.0102601212806,77.25849137022007,267.6141165171968
1060.7327295496714,611.1640109986272,77.22044465497521,266.83966911431014
1058.4649793072613,616.3935930883141,76.75902836886061,265.6479237963256
1056.4454568005171,616.7145401475982,75.86447963234855,263.1508904222336
1053.0681386153724,620.3923553834252,74.9226476493667,262.79033279222415
1051.3916497808355,612.2033137725782,74.72579011336273,263.1242341901875
1047.0522163243122,618.0721319240158,74.48020805942883,260.3018562949051
1043.632207657664,614.885345531301,74.5800754179026,259.3623044236574
1041.8058139553302,613.5466453492911,75.3109208269493,259.40688966507287
1039.3069417027118,619.356841795123,74.96134477554565,257.8525625616779
1035.841910483673,617.2869112260186,75.34216853182971,256.3593918547942
1028.9325141529816,615.4488544592771,75.85690311826161,253.65075979043783
1028.4072224043186,608.4471377476012,76.34562963049534,251.0651810677935
1023.7867053624395,613.2416472564831,75.9171881588337,247.8516374566764
1023.120535568316,610.9842288508232,75.17857175533581,246.7583061428436
1017.568000592319,614.3503685164949,74.84861363115773,244.35275658597527
1015.9955354870045,612.8164886550574,73.09146521324675,244.4958353605931
1013.1263914593249,615.114312959424,72.37762628877812,242.92134210922057
1009.0580082693494,611.6110889917321,72.07360916805753,246.88956105595676
1008.0668061054587,611.2526167202764,71.7116526674395,248.63104232772727
1005.692622274473,610.9890851388319,71.41097810452672,250.881160614899
1005.1394345276839,607.107872302905,71.37724870823527,250.21082986280277
1005.7604760378108,609.5078962487595,71.05360495704734,250.43160306560654
1005.0832249398804,606.8577339920553,70.40935849282054,248.77227896985374
1006.7753643475583,604.178790972917,70.3494455317281,247.81012525898473
1006.7184638014747,600.9929760171125,70.0872737568831,246.05167971588185
1008.0944250806414,599.4615026702526,70.03564807736458,245.45736623008204
1020.3739197866165,602.4771674498254,69.99505122828056,242.90917427851087
1015.9667348895235,601.3164259626683,69.21379991345772,240.2490998835928
1015.618551692162,603.6535417893429,67.85542468716334,237.45343008460634
1014.8076927245818,602.960562160883,66.51888208613002,233.51033403223022
1016.6825596010194,602.1479294959069,65.03962157506076,233.38311182193752
1018.4732847848286,609.9334310650561,64.22526081277377,235.05398337846322
1021.5346926450337,605.5367976148084,63.20156857029934,232.91266852236683
1020.6904389187,606.7629421236263,62.955631118639374,232.10335745768813
1024.447896936299,606.7572103564378,62.59772325452277,230.53197542340843
1024.3696254592314,606.3181787467784,62.525769850859554,228.64239089950217
1025.021065247336,605.479250073978,62.28987182868147,227.4994851339881
1026.9832178240285,605.4979103955984,61.71038955890242,226.9932287030697
1029.70964516005,608.4211206073866,61.028700257800665,226.18936456535147
1029.5551947750669,604.8286085337977,61.441538631300446,224.79282857764144
1029.555479083154,603.5647590793826,61.76991690357262,220.08298008885814
1030.4203238229434,601.8064103222994,60.90601677784157,216.2707434103672
1033.0819479258428,605.5719069843751,59.90458120174245,215.84571045532584
1033.5323315027663,601.4683398910448,59.99842954310046,212.1088920815616
1035.2256198067391,600.7161133233216,60.01293616612706,210.58644993235552
1036.8107568742619,601.9540822435581,59.45257180395462,208.6078224918914
1036.5719013647097,601.7962503000584,59.32654439589651,205.36561765979
1037.3641419940923,603.9057203208139,58.73393365963044,204.92135751749478
1048.157904612631,603.8619798373527,58.54813228424753,203.68377799762348
1045.5496944433808,603.5332485183123,58.45578816504529,204.74333514888215
1043.2770682315158,603.9499441480586,58.4123436321407,205.33962721706433
1042.1145064581988,603.7806869721144,58.71840942807276,205.81401955073483
1053.200712882361,601.5495968701747,58.26630869827876,204.42252725018912
1047.740349324242,601.3665480268621,57.99454046844724,201.49906342672833
1044.9298604480548,599.9373963201675,58.38410247222566,199.1355092923575
1041.658519457095,602.8186083514681,57.61613553599332,199.47196838176427
1037.423414724495,599.1277329840614,60.35617284390577,202.61751639975054
1031.3727387741883,599.915837221411,60.765828577526904,203.54729342347937
1025.666935979222,598.8926652974727,61.951671800210995,203.32385639710378
1021.1920672716686,598.9602770952686,62.59847838340848,203.0191507193835
1017.533437745156,599.7532526754597,64.09143571676825,203.08375338151865
1000.445138863303,599.969151666335,65.67212054712468,205.61268380667417
1000.2731422783763,598.1616437310175,66.18046525480176,206.33122889216824
998.0086846494856,597.4273028684642,66.1012882045386,206.276954842014
993.9653641111232,594.9196361181589,66.51373160746584,207.1686993037757
990.4738107580481,595.2545486878811,66.85249684480505,205.52152792285716
989.9695753860728,592.2962554424146,66.49232025179569,205.929038772158
989.4747425866003,593.5158684615765,66.40462080996168,205.94266307563123
988.4919180048244,590.4361261865392,65.84335919165335,204.90919737698732
986.7194247406255,592.4344905327001,65.24066162276094,203.8453097472113
987.2932631553017,591.648968236933,64.32989248417209,201.4678990050358
988.1512079731827,592.1248184406629,63.71779956891467,196.75531359734725
989.4986565903583,590.7282312647626,61.88762983166419,195.82325057961043
991.846580150973,589.0916582376323,60.31479978311278,193.77588481593904
993.9918053924356,592.2216603245996,62.28785380534485,194.93909984595328
992.3510440585197,588.4930716976907,62.67803192590479,192.82575383774733
1004.1551053172719,585.553678784812,62.73046047956754,190.1310113737097
1002.7383884868347,584.9693427880508,62.78745423527545,189.5080817093646
1002.6593355142842,585.8163421633748,62.6035026542647,190.74816808940824
1002.088344862691,582.0646002957036,63.65144167862501,190.47335344675977
998.6637821434174,583.617201230517,63.66758410020418,189.2829985934675
995.047386343074,581.3184293719952,63.35686764806528,188.3242392862191
979.2697600220586,583.7551312680522,62.91709274798181,190.09858825594588
962.887548875494,581.3785014472197,63.04805022787852,188.68454671963232
946.2425021854925,577.8896507848401,63.14243437936578,187.97027674235926
928.834245861438,577.4630029434818,63.310040319711106,185.35903742713563
898.0202050375586,578.4359422494537,63.06652467743084,182.46317545680887
879.9372489341887,575.6379201112036,61.732806909805404,179.77939929110926
862.390389772029,578.0338444724507,60.76254513158584,178.67921502593614
845.7139233339586,576.8030558837268,61.341182200841814,177.26533277078218
830.6613464346094,577.4996058149553,61.01161500649813,174.66176580818154
816.7988238216157,578.2341099184003,60.30858444208053,172.26141505912005
812.6406285323378,576.2648005516048,60.16956883167135,170.06379235670644
806.8578314150086,575.8136169279179,60.234377238692964,168.02171137142963
793.945816046619,578.2178281473758,59.58735008362645,168.77016845292988
793.2740587650826,576.6033946596503,59.90872068670019,171.1341382964611
790.429747051651,574.3890836785506,60.049358559821925,170.18521537874727
788.832135115314,576.4642809277591,59.84871961473168,168.93663939420043
788.3869796232622,571.0418234786655,59.965407132343564,167.05627925271475
789.0425167447238,573.667769562032,60.222480429512856,165.06764196688687
787.2396578790248,572.4867144867125,60.02972575643085,163.83980632437425
786.8742568318942,571.7172401246498,59.61726248413778,163.49499256967098
789.3735856405467,573.3881745285894,58.864957539409744,161.6370678202103
791.9039641718815,567.7668080146645,57.354077881906775,156.95916371732258
791.1777418642902,570.5702525383908,56.61325300589369,154.91876126693114
796.4369490893014,568.7329322867566,55.04734748226287,154.87227616747737
794.8910317312728,568.5676901211302,54.57101141241596,154.65686229964888
797.5309784678882,563.23188326613,52.75957230014728,151.67808061627755
797.9329234184576,560.4861526126829,52.12438319835442,149.13421115077207
797.8217182695429,562.5794623013636,51.54920163112113,148.02134751452996
798.8651405662428,557.5570549583341,50.462007218061245,145.45829495968317
800.6154349838096,557.4206096792309,50.26915382604283,143.99026497421886
803.6023976707723,558.0463577138615,49.822413892180734,141.87822160080418
803.5057993900431,555.041257861583,48.60403036788491,140.5620191180139
804.2179021042105,554.6800644383017,47.69217406827326,138.9110696494216
804.9971766400733,556.3454457398891,47.37007483423222,139.59317974216935
805.7786258256292,554.9986515994077,48.0330513639383,140.50880891477956
806.2074378798632,552.6891153140227,48.16630005582067,140.6135739866177
807.1016576187926,554.7589243015126,47.672742279431056,142.3350013722032
807.9491066588677,554.0820632827106,48.01585837278858,141.89677103820983
808.5669830676741,551.0461163180768,47.27428545963681,141.7663353318573
808.6472462261164,550.9641365300598,46.95057530462309,142.38763684710221
809.6363920279663,551.6648173670711,47.484799245814756,142.6162909039374
810.7820261952719,553.4559274261884,48.27705680727584,143.55335026568332
811.6342526708513,549.8654340680662,48.93927637198611,144.74740851894552
811.4593385384036,542.7994483784096,48.390472289297776,144.85507455463082
812.0063611944225,547.1582776915953,48.45584019575802,144.0982737964538
812.090894356841,544.4504909469576,47.50538803193587,141.92960827968676
813.2396805059325,544.7421354612492,45.93555381616177,142.94921844486754
815.0569041850895,544.5886719531791,45.47276354326632,141.4109238223282
815.8273711539489,540.4815429710658,44.352634165731956,141.54225885106888
815.0748118556354,543.1160225590729,44.4032022576747,140.57681177145975
815.8642448645938,538.872203656486,43.500298211040565,139.88935687948992
817.8282332711636,541.105914135364,43.26556060993714,138.34369075877015
818.3028733728825,537.2519882112581,43.348540466809865,139.78992590013385
818.562293410924,538.1782981567673,43.48594741049463,138.79369255143564
819.0072456927896,537.9684074194092,43.612588261688,138.1895568279705
820.097643026704,541.0816462070055,43.78573861072036,139.56678036743256
820.7634245418724,540.1669840989699,44.33195601785302,140.18878949618528
821.4680209194097,540.4275722941089,44.06884435275179,139.29858176602357
821.162350992228,536.4145234763575,43.86079253927235,137.87532522977324
820.9144532823829,537.4975154168086,43.34193463388176,138.01395231650727
822.3451795328419,540.0468926467146,43.43803599648879,135.2466166093656
821.6055178447347,544.9562731428387,42.99393822821805,133.60788453252283
822.7498576685387,546.4459605058335,42.7792532171457,132.54261748685406
822.0861140633838,542.3305240233433,42.36012251420921,133.2343130340791
824.121720716986,540.613735335917,42.618837128299994,134.38706527083968
825.1819059519531,540.6548029681851,41.97945122696154,133.02798346165633
824.684767571331,545.1298392466095,41.925416039429685,133.0803580331033
825.8324819516382,544.7893158848331,42.12144879424174,133.44052261506624
826.1624387639968,549.8972780850089,41.5944358098933,134.42547158965337
827.933780269454,540.1220162528349,40.761495345060275,134.0559074396704
828.1210359990448,545.7054463693279,41.16686142932803,133.9182468069041
828.833415818346,545.5981392731434,40.923674466430604,137.20050344960572
827.3624490643241,549.5865639922843,40.8886451696801,138.06951544626062
827.4740603032536,542.9998992866722,41.28379131746183,140.63840607574645
828.0534998483769,541.8726097180371,42.00347789627515,139.31996237060937
828.2675681495076,547.7755403695637,41.74686900755087,139.80080131627432
830.2072763803849,544.2681848974112,41.24681989732826,140.6366649476521
831.0151409392364,549.1759086847258,41.478854556404414,139.07883150876523
831.3631984935679,543.2614369358745,41.08298580565939,136.44672115820111
833.0513737883111,541.5108232334949,40.564775446351724,137.92023216472128
832.4652177125612,544.0282046125698,40.973262181286586,136.51211640211582
833.7378104471204,543.8890870586358,41.44814583448258,136.72555235766902
833.0816995535929,544.2943692681304,41.698653687592916,135.08839626816697
834.1163935726324,546.751914636293,41.344677431778564,134.24014284263268
835.0178181068818,543.7994713863837,41.24974307332462,135.0573456647779
835.6375674289126,539.1639497851509,40.79572325960075,135.86709564672347
837.3940001213937,536.8818740564677,40.52484677196217,134.2603343614751
837.7917832122212,542.2730135731892,40.93670630384612,134.1068843304123
838.2342588479651,534.7205910022047,40.48429541927361,134.21098751376323
838.5769705283863,536.8008107191425,41.181292121450035,133.26391601888304
840.1445470777267,542.0158830901174,41.15213634675907,133.0470281128707
840.5101243687379,539.9110229634721,41.34486681217227,132.77347342948548
842.1113844012143,541.0618889280588,41.49065054208029,133.97495991271137
843.347399599179,536.7855361369975,41.72455157124578,134.5503095378026
844.2489953751108,538.1598510575245,41.94571495407456,136.0084911248187
845.5169340020727,534.9615624931512,41.732812382004866,136.487252568293
846.5828722682911,535.694650425855,41.226261529347155,135.50708045940866
848.4150917592309,534.6514367181301,40.87366570428198,132.36699448908567
850.3553643517139,534.2203172982101,40.89862045446627,128.8067851706615
851.3873354955822,537.0090896523902,41.22767686210321,126.85373358440204
852.0241750915167,537.5918606430442,41.730921803534926,126.24153567400558
851.666132256024,531.4469638310824,40.970523414232886,127.2347661494308
851.8435155534609,532.9040340964686,41.25105030309332,126.09341783877372
853.5029813499839,534.9213918191806,41.19012051439911,125.4902390678494
854.070377016318,538.8001708582781,41.44612536627047,125.68916149273664
854.8045234544688,536.7701225678453,41.4491619405763,127.46733883265068
854.444497609114,533.1592307037855,42.71956310523916,129.1966384680579
853.665896418424,528.3665910799094,42.986200711152094,131.09581151082344
855.14164306531,529.0256957757799,42.48334990967464,130.98035351716905
858.6258754344127,533.9174435273544,41.27233813625179,129.0229154481022
858.4837849069178,537.1242230029652,40.93524829623741,125.89509639556209
858.3652205058227,535.917763698846,40.57391600690936,125.59415997564821
859.2612861486872,536.296896613931,40.593827195926934,123.56192914437189
859.2919220708011,536.1856918256385,40.75114224358863,122.75878024927727
859.8538750402915,540.9603021166802,40.09260308536564,124.050425756061
861.1740879415739,536.9204382629265,39.49519586228392,123.81668262311425
862.4735299803268,534.5289141106849,39.11076643565714,122.72824855531357
864.8315348578349,537.9627040294605,39.06458700290656,121.29764801158566
866.2187902046797,542.1404717584066,39.33873301125836,121.22529565153275
866.5971702309544,536.784151871147,38.77370928433072,120.33940561037825
866.9867588231299,537.537553783158,38.618507436531445,122.0088002688695
869.070320153157,536.4941048938236,38.12499141061725,120.33323924626879
869.8289315858095,538.1936503624734,37.42075980679442,118.38982188437049
873.1511270835374,539.7731928791753,36.60576553603956,117.21376430915755
875.5311067816735,537.5057737273504,37.16174461251514,119.57730196316457
878.1813624405489,538.919786391807,38.02020269707757,120.79448365787198
880.0755457066174,541.3776162454507,38.243144834984506,117.43899412422964
884.9407856094182,542.6907825234434,38.29165672860176,118.06453720720583
887.6455490063588,541.670116538753,38.27374294131222,119.61997345348232
890.043448819572,540.569831224141,37.99884785590164,117.3857377358128
892.3792283465827,543.0002627074016,38.33906763336195,116.73426636322482
895.5177522679534,544.5076039311543,38.396241153688386,116.57133738900123
896.80847470463,541.8247565289431,38.44299180455078,116.4538898174776
899.9957429055684,544.7700681355639,39.10661429625935,116.91051277428014
900.5747763456882,543.4961237637451,39.17321508436228,117.4593352842825
901.8284727047628,544.6225898750422,39.46539483401686,116.11255227023415
902.9854328353716,544.5713788851305,38.930778957984515,115.54022606776081
902.9683682638722,543.7905892453552,39.03363762827792,117.11385420739182
905.5847945649339,543.2266871889329,37.76292677839764,117.2306027315141
907.1624638758884,541.7457306264042,37.441248759058276,115.79830551797919
907.9577580486465,547.1374930974007,37.14269563559562,115.57610851025123
908.3709517885408,546.908851613619,37.986809864791525,115.94390765046202
909.2325896399136,546.7680686813463,38.40348086118817,117.80552541396384
910.6592536080848,544.6867101089639,38.39724006969766,119.0951916306129
911.6476042789841,542.6750969676652,37.974317972321735,121.17483275581563
912.4000145690413,546.2314882534665,37.539317319423,120.25441964527263
912.1739933764651,545.4033774110419,37.57262786611064,119.99134089314828
913.4638594215021,549.5555059922849,37.36228316426599,120.6573395824081
913.3830755071355,546.1851531781706,36.690477863631415,120.17549577216005
914.1250481502674,551.4010466658121,36.11060629257755,120.46895331897169
915.422835150571,543.4675355542726,36.20986032541749,121.62762345312254
915.711767620262,550.1025555447263,35.670490416289894,121.27121205040123
915.6985494827189,544.7915589760356,35.457460709653915,121.70868828104429
915.4948675943207,550.773626732321,35.53737289972722,123.17149654746531
916.4097088025944,545.648969645396,35.42241240128578,124.5375652531755
917.1331405488766,549.7346286022574,35.548062608253026,124.67651383420366
918.4246949373802,542.8391736091137,35.93300574164617,123.06646671294709
918.2913047943608,548.003526045947,36.0903663614542,120.77309070433196
919.8581427256778,552.7059804588116,35.973406979075506,120.83833091882471
920.052150507875,550.5519990522687,35.885817242184174,120.73296985266873
920.180854554199,553.2501266719936,35.989912929424406,121.1249250052172
920.4060330602614,550.5350315961052,35.98788885287137,122.2737216290092
920.5735281599395,551.7349041364619,36.240768297679956,120.87034418163874
921.6704382278705,551.1835911673828,36.43707224438337,118.24939619668588
920.8067972657052,551.6670509356264,36.59363909894307,116.96194594759416
921.8390581718613,551.1157689024689,36.62033933443665,115.90241303667543
923.9178846071108,556.345258255609,36.82040922318459,115.38331756251192
924.0252370205463,553.1040714977754,36.933073877638684,114.9109300498892
923.2494232266068,558.4286596590263,36.7952109088008,115.30793445248516
924.2074597647027,556.3160750704717,37.179821330991714,116.46707598829786
923.9161319072194,558.5560436983974,37.05930764049769,116.83163355208765
923.7397489979822,558.4652171220528,37.17696626061461,116.31610583758177
924.15184706031,556.2694316535675,37.161621497233625,117.53887475161838
925.1858721731094,558.2874885846966,37.8288334271678,117.531888487169
925.5544023872488,554.0433687678474,37.8102225914793,116.78251158186593
924.8505260374783,552.9971767752894,37.161542805439865,114.75455760387753
925.451801258914,557.875428618996,36.474695921490394,113.90568006850302
925.8104195654672,557.4580206759468,36.42743053602979,112.89632264241412
925.7082554914782,560.5790852265603,36.50408937939848,112.31078781761536
926.0190004244392,555.640375640787,36.58894721741008,112.09305222689395
926.4723416471533,560.7411075892971,36.45021506838409,113.62933170755927
926.5457763208249,557.2208436954164,36.650674681936465,115.23886307732133
926.7544720773715,559.3367457136669,36.490375018885466,115.83679336622947
925.4703960785581,561.5010050673125,36.631760620943346,117.85308228375527
923.4345286555194,559.6990023773478,37.14529868395488,119.96838167098575
922.8288849280793,556.6581354734917,38.08677602850459,121.6145419008171
921.7730282067955,558.7885048610385,37.58424524843119,120.849648443564
921.1870386547876,559.1186633060471,38.363853234378425,121.97429575738157
919.3919304492221,558.4129945875072,39.20681336651784,122.48431333304904
918.6088954320513,561.8645831375507,39.6629695748705,121.64376116429777
919.0800661573674,561.440789242131,39.94649706459167,122.07674256275355
916.9934939344419,565.4883077529905,39.79412385602382,121.24338709773615
918.4291056565958,558.9961396736483,39.4957453938632,122.00492776997052
916.6693093145343,563.4227551579395,39.03351153417812,121.25022757073609
914.9730270945927,559.7592657955427,38.4428224950575,119.07930914739755
914.5951639309518,567.0029225388307,38.43114253753019,119.48398536876806
912.4160483005556,563.1495847822081,38.84736554141017,119.95321075918008
911.3286485100285,565.8359492921528,38.7190127996954,119.57255479837279
910.5683945831416,564.5674500672596,38.74451111195758,120.63705053972387
910.4098272255322,567.8681109029654,38.67404007065515,121.98119109517998
908.6985607306457,564.2765504076026,38.67475599614295,121.62851258257928
907.7092500905782,567.0716828638917,38.69346974453978,120.81310614473244
905.0056128850244,569.7465692556975,38.471403983833184,120.74137090918614
903.4015075268746,566.7883666814207,38.64969841366436,120.57873934509328
904.520438593745,571.847979230733,38.93766535669054,119.92814789820193
903.2787854558485,570.6432090712877,39.44849050092999,121.36019618265726
901.1720484547682,570.9151209994905,39.39764603690391,122.1530944617956
899.3927643085076,569.0116250017327,39.48263706845406,122.55524956422968
897.5865489701453,571.6639561243969,39.053829914063,121.96888766146093
895.2044790394265,571.3092836274905,38.31832025081199,120.3183226439823
895.3641409055342,572.5681575023937,38.19236906622301,119.80322706244999
895.7632914467054,572.4564854221103,38.17566994930807,120.34818387913315
893.5105517152255,574.375669194143,37.84742300617042,120.84132640205381
892.107504832118,571.3374861632454,38.15735054313731,121.22466782853388
890.8535477854189,571.8391401490318,38.344902307052536,121.71724201047238
887.1308122812544,570.8723737353441,38.38055323557794,122.92753458153813
884.867964465328,569.481587175912,38.12268429986487,120.4264529381345
883.848760341456,572.6062225949228,38.01783349914683,119.82850971012871
882.1237352925872,573.1998259919369,37.88893223808941,120.36185202269833
881.0330814401577,574.7782888744305,37.926780622880074,119.82264614639828
878.9370470522159,573.8813643687361,37.844958903463365,119.46995237023515
876.637408908813,576.8451625478655,37.747431143638224,120.76362943421768
874.7814930665272,576.4429995652179,38.37865398345273,122.35599597787812
872.7062184908209,576.6546900145369,38.62210507997953,124.03694180424628
872.1938421904118,574.0868378773099,38.446888031482686,124.14998916112819
870.8164524966808,576.2162196932782,38.09295403050201,122.73843951272741
868.8721845885738,573.0970441397153,38.0823723769284,122.6881653795271
867.7442631114579,575.7837631876557,37.85048911961202,121.3916792642371
864.5338512922897,577.7200822557502,37.97327761314283,121.84664971340584
864.2698933281689,574.379224244366,37.64370455155416,120.49918520944075
863.9751404056307,577.6548633839965,37.12157292352439,119.86884303781537
861.9698759008797,576.6025052917737,36.812024036908014,117.9107721662917
861.2723765485836,578.0679381397869,37.00332410639901,118.51148501106749
859.6097862722405,575.5142762724619,36.610463000683794,119.50326156554164
858.8792691049197,575.7904811378412,36.4697247885571,118.9192612724692
856.4326188678102,576.1277993120963,36.545511320057486,120.57807094980731
856.459195813812,576.5989238793398,37.220948572138866,121.56653809148904
855.5923914018189,572.1127186659168,36.5815975439066,121.17489765316199
855.8882802746967,577.6109789341829,37.26164594618403,122.19236751885141
856.0122749744095,576.3404264565302,36.861847107695446,122.43617809587602
858.5879562224999,578.4353480073603,36.799004661563444,122.11274191178791
862.3212098184856,579.5103825411753,37.10074316661353,123.47904290221746
867.1755846253466,576.2255030423959,36.975325614659255,122.8862977036095
870.2264999344773,579.8947246047909,37.564820660917924,123.97378364833851
874.0957701900137,577.9604544423736,38.16941979828261,124.2889625573101
878.1013216068927,576.0641374810959,38.41860424937563,124.4816697697366
881.0295031914785,576.3068570704146,38.48130178729645,123.84475146607623
885.1162513557856,576.6244767328013,38.5437692800933,122.74643408949727
887.8908669925117,577.600250724011,38.14335506901891,122.57294403993187
889.4854836019581,576.7512959217426,37.45688416778382,121.28742492780907
890.4809062113995,576.9055915501057,37.203745610125324,120.29965465830752
892.6737377733833,578.3733437446066,37.2798210725834,119.47584460524311
892.8595277003812,578.6957439347244,37.361149883529414,119.66387608459604
893.194106515466,578.4091745392716,37.230066031512266,119.6539996124212
895.1238706517345,578.1242716529043,37.58467197528397,120.02942989997376
895.4776414280261,575.8446302896301,37.99504784118061,119.53636305910882
897.8167176948252,577.6446743241752,38.05638963131277,119.47327993768116
900.9394782862739,580.791431455705,38.44681090752181,122.76292416766347
910.3730245833553,575.1078509759963,38.823324880741936,123.35990251752278
922.3201845529719,577.0200837326925,38.392233167216865,123.96894301609345
935.9034042630054,572.640984009532,38.379012970172205,124.42328752009257
956.6741294583633,576.870106703989,38.86443712169287,124.24324132704044
971.6355867711573,575.0358470849861,39.21948041236462,124.85697173715002
990.7052091907866,574.5280944531719,39.20215711241264,123.59081143719503
1003.8632783700366,579.7596269842529,39.67048835840484,124.81083658499392
1016.3347440494092,572.217643300088,40.433787163233696,124.48580641761828
1028.3773072209779,574.0929872406974,39.85100685891464,121.22749352280944
1034.736226730638,576.2307139977024,40.19811019951897,120.95376758982377
1041.4076166885418,575.1521954977827,39.067702109883356,120.0309336504083
1047.9907172950946,576.2178216803073,38.84320373948988,119.528981879689
1052.4484519964876,576.86815147247,38.81320758804665,121.01065900724717
1055.741734338958,576.6776381937348,39.02799111248715,121.25951071520737
1057.9588321765457,578.4635902825636,39.61316647002668,123.46723052284038
1060.732588277382,580.6503886208748,40.056862821667735,125.1992475547141
1061.8169285473105,575.736419955111,40.081485866863574,125.67278043677847
1065.0974384428134,577.7800040496038,40.07539437862262,126.14023346742802
1065.8542695203503,578.3787105003977,39.865760973015014,125.61565323366796
1066.2802773143676,579.6792610393238,39.924648779202315,125.23230818875948
1066.7605853186485,577.8160108373886,40.12514484072429,125.45349591143167
1067.9777492339038,579.2401955826538,40.96123970728084,127.53048423950483
1067.785129248894,573.6443939247305,40.66803153667918,126.3901039890673
1068.8940383747208,577.413867971855,40.38530942970192,125.18628944736956
1069.5878990992012,573.818729723707,40.23671907376638,124.61886645407198
1071.5852282907017,575.3339720679329,39.90363576972959,125.22177171541873
1073.4193429301108,570.7195898381565,39.44539508496675,123.53424207707127
1074.3201471260368,571.9761530676241,38.82936384727441,123.25893028297679
1075.3905066383845,571.3424226412242,38.57355206821447,124.77119958611765
1075.957097479229,565.6879630265288,38.4777086433614,123.08917490681716
1077.2274832809817,569.5963388840044,38.0401091036838,122.57290832599071
1077.6517001052323,566.9574915823989,37.74537727317178,122.20528251370472
1077.311821256438,564.321545300058,37.41806550226235,121.65287288188392
1079.126910128089,565.7838517194929,37.29606241678161,122.46253752981525
1080.129952980181,562.344078331555,37.389078494442806,123.76829041759905
1081.2357726179011,560.7242151449159,37.27126193666925,125.02354845000346
1080.5005609954856,560.5272867212717,37.315582066418806,124.44697700930907
1081.583969087863,561.8083041896776,37.48272403062046,124.75637223111212
1082.328324611336,556.065749305461,37.61253765427487,124.28504584231885
1082.9964569257247,558.2655382475145,37.28406204126743,123.14991517043097
1082.064734976033,556.738152428596,37.05564588472774,122.18595902887972
1082.2967566107798,557.9376161434017,36.41804816496051,120.2335659944863
1082.835218515614,556.1549493453316,35.48661817560162,118.65330690111233
1083.2198918647764,559.880014745839,34.98881712585184,117.65927084191875
1084.281620010477,556.2790211405605,35.27978573069079,116.97784807551642
1084.8136203717372,557.0015469311709,34.91858367274023,116.05515109710959
1084.546938652066,555.2754399834469,35.44710834648371,116.93005419200509
1084.030329090282,557.616802189309,35.3605950901382,117.35346181076778
1083.777113197487,554.050582905313,35.47340665292119,116.2572903400026
1083.9292153438741,557.1121029304961,35.21656685211642,114.85044015093393
1084.206135136938,556.1005932742744,35.186308055554996,115.93243420626698
1084.2613960299564,557.3409796347207,35.773681379171514,117.18903078430917
1084.1683885506939,552.0965331904531,35.94604977325041,116.83330964391362
1084.1980882116839,555.1139041060454,35.786360763756164,115.68932966499347
1083.4986830937246,555.8085610808173,35.5438324128674,114.91225376495684
1084.2207403967877,555.509912691637,35.305130790635154,115.43573475051844
1084.8723306366896,554.420182132206,34.82661764538808,114.3474320163072
1084.9069772383773,555.3343058509968,34.66916196767832,114.74563311464496
1084.8629045375897,554.8362552024539,34.642087515435186,114.7549116277838
1085.5914298376938,557.5554829347966,34.77763988344326,115.71787008063978
1085.2614120540197,556.3511613053371,34.59961763476273,115.34457264093517
1085.0917725112643,556.9182104701086,34.86526842133504,114.71677696613523
1085.4910623212575,558.4672167985927,34.88100936561889,115.2501734774105
1085.5738758024684,554.568703305177,34.462231344046145,113.11324241065319
1086.4773323544018,556.5900503818696,34.35026870156696,112.74423905316638
1087.0903518521275,557.6181032620154,34.340451277084426,112.39970474787657
1087.633452331771,556.2325906747727,34.277231961474214,111.74704151064932
1087.782261882967,556.0553767775067,34.05838038970219,111.40443685355177
1087.9078557728842,558.144408535067,33.681446627935955,110.51892890903362
1087.4968659314218,557.6558259291355,33.835762498223616,111.29841032461
1087.6803995060466,558.0680334781632,33.605535930868044,110.86382018321008
1087.9771804424909,559.8020786354829,33.390439501828816,111.52805265680918
1087.7221303056629,556.5848721853508,33.11019714652899,111.36588695905091
1087.5978303199258,558.2680077698063,33.052672222192044,111.23139870334785
1087.3525192290351,558.9323408001567,32.80182210010618,110.66220864867822
1087.8871389161366,558.7009024104055,32.769037403485214,110.04079361242276
1088.1746301165392,558.4204558576564,32.83808807705851,111.4777084607417
1086.716268128368,558.8179932916797,33.10224752779696,111.60888929566744
1086.2049610800616,556.0948380059497,32.864101913144296,111.46406055056889
1086.4924514558688,561.4333231754918,33.41168202025618,111.71088305053487
1086.6578773040746,558.7976136920848,33.575630682855476,111.57701141371095
1087.0837639511576,559.8392216373879,33.80817602653717,112.59207023089894
1085.8192594553072,559.828446330625,33.694608323749314,113.08348577910792
1085.5588222737426,558.6272317748463,34.259338037343355,113.90322345961951
1083.4207724126238,558.2295949504253,34.571098026457236,113.80531316185221
1083.0923807169017,556.3414720241193,34.62481771531775,112.71363480105464
1082.8644603526795,556.5731248501186,34.371885903669956,111.51246310501156
1082.9205682971287,560.1110314699365,34.49884500661761,110.97638232158315
1082.8308446907981,559.9726406654881,35.02867064320792,111.19022064328605
1082.9666063630523,556.0566774558607,34.783095968461076,111.64111268830382
1082.8685812297726,558.2529662909752,34.408299915821566,111.40558991919778
1081.839035572128,558.9443553898789,34.30803606753659,111.38544065815809
1082.3110804444564,558.3588990545846,34.19035315939,111.60324597172148
1082.4086736413276,557.2954250463708,34.378357367711445,111.32315053111779
1082.9443948094984,560.9260956094216,34.40709422677415,111.49993167750759
1081.7722431855607,559.6337091654208,34.47182927930625,111.45993606994969
1081.2825320749653,557.0552603960185,34.720410757909164,111.57286731541927
1080.881199120325,556.5344682573102,34.53274293124677,110.11266321507406
1081.4479664563755,560.1786021309107,34.05204487995356,110.68313055240675
1080.9701246669727,558.8646032096265,33.91690480839908,109.26415707386913
1081.5865979031762,555.2014413135478,33.84176950084783,109.31177574593984
1082.0951317413717,556.5040003368538,33.67756907013098,109.14887624142693
1081.6423794264008,558.6742481779808,34.16555773675684,109.53234811135809
1080.8230030809382,557.2968802959759,34.15556369878494,108.76398540658708
1081.4285615211704,554.3212950676296,34.3173041505502,108.36167170953209
1080.5948257048972,554.5905650552395,33.901105643783836,107.8776399100135
1080.3682857121494,551.2311756060274,34.120455372721835,108.17436451766628
1079.7524644899481,551.4196406139098,33.73182386940857,106.79109697844096
1079.2070084404204,551.1589729851074,33.561679426067684,106.22539312300096
1079.6527122655714,552.5061324466662,33.06568508510155,106.06878725072556
1079.4997189276141,548.3058422570155,32.613772715071754,105.89649356081321
1079.8114535751747,550.0528388365693,32.104463465931815,105.11429811593904
1079.0221176851082,550.5905044425527,31.592436765458885,104.6328933337206
1078.0687009467742,550.1932700652254,31.57923893299903,104.18771231573126
1080.3576062777895,550.4021653049051,31.735487604769794,104.22008791279349
1078.7728803731036,551.0559360536831,31.81854152786557,103.53155656567023
1078.6003716689552,547.0731276642452,31.62950680260211,103.84534457867674
1078.2918790279848,546.7675965940884,31.31234192518388,103.93045658518996
1077.169678523393,548.6319814729698,31.056199578425456,104.26342436481129
1078.1160803542,544.825514874349,31.297784840456703,105.48606825541219
1077.6312555884226,543.4934127539075,31.009307159486877,105.3376704531434
1076.619020674876,541.2233532434203,30.794380891304176,105.49298713265657
1075.2099408705142,543.4166860302773,30.597811000211248,105.70361827372525
1075.0868052509477,539.6923918856655,31.32712176747546,106.87522663970039
1074.5982500428556,541.9849836664977,31.68366098758033,107.06111212787141
1074.203550483994,540.9441099379244,32.24389373169326,107.40333235952353
1073.1739239110445,540.0494561884889,32.01822880775279,107.70589640822985
1072.717819338808,541.5645190388634,31.894854694550098,107.2109116986918
1072.5981398224026,540.7067836496914,31.67361189091848,107.38385229801194
1072.161831136602,540.3084998104925,31.518993516136106,106.61870437353502
1073.1788108598996,539.5522232766856,31.579891762259415,107.52686783324255
1073.462435836742,541.240668432943,31.75063433367498,106.00821931722123
1072.7418269425139,540.1479905310085,31.692134409729213,105.59779975526061
1072.6282333343627,539.3580867308268,31.637332617843107,105.11812430432396
1071.7779248779102,537.0541528051577,31.29168845858908,104.33942742406424
1072.2111267923951,540.8514177851812,31.136767214095922,104.24280987093883
1072.1114145979122,536.2166838173265,30.764965840694288,104.43084164942154
1072.476999975643,534.4650921969087,30.402424361985748,102.3814998467696
1072.0218093377318,538.6548678279637,30.396542117090043,102.00455593024063
1072.9183329591729,534.7463442219813,30.154886714189246,101.43352540630461
1073.0202191365922,536.9805423280615,29.663477125616183,100.50767808902651
1072.6663106451965,536.0583934148373,29.480358150975842,99.93934416536806
1071.5665176046955,535.6440911546124,29.1507675199419,99.1027874337961
1071.14021036137,536.3848237024303,28.763597289032866,98.90198976236223
1070.7149420126266,537.6197115236087,28.71630797057057,99.7730320483196
1071.541730956345,539.0603957973184,28.538129815723643,100.41811747276293
1071.1595712930618,539.8506152443931,28.984463041377474,100.86096849751323
1070.451180846728,540.2087203796057,28.73261488379058,99.80130556485842
1069.9149930903068,542.8008833556536,28.445366249217848,99.49094439929226
1068.7575334305038,544.1542848901081,28.306982231726487,97.9485954328994
1068.2055675847757,544.7064347851825,28.536747553744515,99.07176770962975
1067.7871240410796,546.6204606288406,28.76079965111241,98.91216709309913
1067.222424556585,552.5391059213268,28.587782057067308,99.01115103663003
1065.6839628924668,554.5391109450868,28.815616478061976,98.56650822047922
1065.4266276623089,556.6860509896027,29.03270896119746,98.69050723606173
1066.1088713499255,558.9620737612255,28.9939310481302,99.39307080078726
1064.226307487032,561.133248418281,29.268970787924268,99.60077842103279
1063.3209439858338,565.2292490585129,29.67058879392961,100.24778547186796
1063.0277630230903,565.8400124726303,30.187277650595185,101.33554285383822
1061.8892040979997,564.2830685546614,30.164840437528518,101.24640964027631
1061.8103581666132,568.752349817642,30.318710056529042,101.57672032903696
1060.8735882538206,568.4834238746587,30.4142857669719,100.80925528995473
1059.6686929931352,571.1354492657215,30.060787313580512,101.16424781990185
1058.9928479861733,573.1512861383512,29.720995379605355,101.47939872063856
1058.9510299749581,577.3983303649244,29.87303072704883,101.8612114897212
1059.3615001217029,578.3247459936044,29.671424594841056,101.6396104674609
1058.3845139621644,580.0405236567757,29.62013906899299,100.25700581326805
1057.1799498606122,579.5386494374503,29.941794833285407,100.14316823526393
1057.5423121929825,585.9931049298157,29.476749784042106,99.4698767955161
1057.3664408251877,586.90034586689,29.596619871631162,99.43560362822309
1056.9340809057558,587.7727869818123,29.128672717353645,99.1454852876914
1058.1019838876784,592.3715574084315,28.97101168530167,98.70708158807837
1058.5079204221306,592.6351129708548,28.99920558579197,98.76984574408874
1057.5101010073574,592.0298327159244,29.03210041776429,97.04172679723897
1056.1492119953255,594.4768648106285,29.05154880620853,96.04976054827549
1057.3666063444025,595.2213535551634,28.700998160422508,95.1967782088182
1056.5845904281139,599.9438667201108,28.728422965945594,94.98751352137944
1056.4460650294945,598.7767288707132,28.41939315243236,95.04820914586435
1056.384532280994,601.8740622508029,28.03815632656875,95.46595912991708
1055.3643044856801,598.4172246810325,27.88653237312932,93.32337988255611
1054.555490685745,599.5070798738373,27.706113860938913,92.81808782713924
1055.3265216506081,601.4991346460498,27.233873408149055,92.55428610970989
1055.399257477883,600.6205652206448,26.7814831623382,91.22913741054737
1055.1182171911805,602.2451501467798,26.777089953680886,90.18713804472762
1054.5953066851853,600.3833221031931,26.86300021528242,89.45337044491966
1054.3428494763157,600.4784746820839,26.61921437190539,88.78282971050862
1054.3669541530364,601.3540851851254,26.471522094717674,89.0907784737125
1053.274225843391,602.8879355054441,26.519784795780556,89.07456217946492
1053.3305077330804,600.7557006025999,26.64314263772461,89.0470812824862
1054.1807441592107,602.1473784268915,26.198506391489392,88.4466458514171
1054.2989549534034,602.3181763093378,25.85754008901099,87.84609612777466
1053.9268057138884,602.1862682198772,25.75539431888783,87.23844441834066
1053.9803036684855,603.4715423589124,25.786462704746917,86.59178947275154
1053.082430835606,604.7040977799938,26.162195777236832,86.91860048460796
1052.398649386283,601.9382619268887,26.132678850481387,87.9361377837748
1051.788291713852,605.6058304399161,26.294547721649547,88.5091700272816
1051.2665291740702,600.4980634158769,26.85930403528685,90.08964853336782
1049.893108662257,600.953452269873,27.073867236418728,90.23180439909848
1049.5092516116658,601.5097558715497,27.444447957426448,89.87464708683537
1049.306194915503,601.9633598435265,27.84701452088206,90.75139090222022
1048.7269362517036,598.8826256662661,27.96080201964654,90.6184871749844
1048.2590037753362,597.833690871532,27.92703679059176,90.34714580597179
1046.9372282501306,599.1096154441029,27.898909774749548,89.87838005201947
1047.2573870859378,600.3277858957831,28.08771297754013,90.01248039469183
1046.7115902930038,599.2110447781907,28.153114851982025,91.23513580378099
1046.6514944621224,599.2458596043539,28.29731707142639,91.5545523138216
1046.5223557556785,597.2717456732796,28.246043871149034,91.66306707935144
1046.036541463062,598.4627925142364,28.269700695155624,90.85187395686324
1045.6480324372765,598.1863451343706,27.943061024253616,90.74608023097238
1045.817458662648,593.4176217247373,28.116539522816694,90.38800493262437
1046.1134785335134,596.9255929645775,27.78931993956759,90.26316095224198
1045.8720393903009,596.9295281249914,27.33031215860248,90.4823625127085
1045.614034414888,595.7798738406528,27.435961504903336,89.66645124991891
1045.3647166438818,595.2348812155344,27.28295871788653,88.62771693190322
1045.331505711902,595.3110522276972,26.728272407522287,87.69050124319845
1044.8797135227517,594.991332216466,26.330779300738573,87.40794717558052
1044.1041578713987,594.5024190458436,25.898066469571617,86.94989631288432
1043.7272691736089,595.6609010913223,25.74229707264393,87.2588241458312
1043.7378876591272,593.7260282287298,25.98677558145794,87.49766471964905
1043.0840389259442,594.1210633877188,25.851622458071486,86.37698433501868
1042.6745611239414,594.0006921338268,25.4549162979326,85.4422307414234
1042.7745501570826,595.0437553360844,25.72062789076889,85.36844225995804
1042.2679623596473,594.2301065818477,25.470158194310713,84.9340897306659
1041.248412460131,595.739543124642,25.466139754894154,84.68890400774832
1042.3130585060346,595.1964739274148,25.662978291673177,85.03804604952998
1041.5620765100198,593.5860560831898,25.891481776309867,84.99232762077737
1040.9305477005066,593.8109575164882,26.156010855201643,85.37022125638921
1040.4435726611257,594.4121009021269,26.505023638049956,85.73761040750571
1040.0370533087719,592.4519801737296,26.408954240435797,85.66943090101297
1038.99312401349,593.0089652823478,26.40600992305605,85.34716879553933
1037.9460007287407,591.7746331304143,26.210099889694714,85.18729973606435
1037.0047989306797,593.0754855414981,26.27525466455856,85.56409694903765
1035.6656560427546,589.5279408337685,26.070273037759854,85.27877807744828
1035.5795405766828,591.1773853152572,25.976886539693076,84.26233168420373
1035.547841527178,590.4875480207778,25.960903664529134,84.55490636338001
1034.1945379792958,589.1478947700709,25.66745282457875,84.38559483424568
1033.4255393358997,591.7663056478876,25.66247385118583,83.84155881851098
1033.302567765871,591.6084052443948,26.062445675144154,84.40497713843808
1032.8886410529778,590.0742738779181,26.11811913972599,84.49865266931914
1032.4560561061783,590.7214670967628,26.069482177646574,83.90060273942713
1031.327337604217,592.3955151313085,25.8178890778852,83.81580160556226
1031.392982794366,589.7533061352323,25.717400299295754,83.03659616936999
1032.7406745803803,590.7338337588706,25.49494334393552,82.29721202652448
1032.0344925760646,590.0739633081288,24.959937657857125,81.10762551635635
1031.1493038252938,588.2656256951694,25.142505119878415,81.40232718003453
1031.3390404233578,590.2807490981853,25.299321079233945,81.95539002442389
1029.7691197802553,588.161567442429,25.604152552130223,82.14703044698986
1030.2704184970466,588.5987354472634,25.91961050985882,82.37045225363596
1028.433432685457,588.2766130694341,25.891070584042357,81.76561563607977
1027.94113258175,587.305575154582,25.484467149564882,80.65745547907422
1027.173063305905,586.6067188795683,25.15481700305836,79.84981429222415
1026.3911287348842,586.6984307703963,24.764000814708986,80.17482248164146
1026.0316031152327,584.3926650018467,24.588385441863814,79.49284453540332
1026.525920266058,587.2150259205137,24.361643399334305,79.53506384492003
1026.281836730309,584.8083254656011,24.23228143621759,78.95426824443007
1025.4411526217066,587.0696230805213,24.4537517776367,79.5949158315147
1024.8439033395268,584.734115149581,24.58457112370381,80.43193658955919
1024.3539787665395,584.7393431124159,24.243252919863,79.586259075278
1023.5340134438762,585.0579808107865,24.124907937099834,79.03211540909322
1021.9561308262128,583.399602071486,23.915011312914505,77.80980514248544
1022.1696018719199,584.7747902722231,23.71908715379595,77.69053821710085
1021.1465620091034,583.6095145291506,23.645396352543038,77.69704023043681
1020.8589656676194,586.1820507189516,23.872411542892504,78.44177841296877
1020.3563398455101,584.6390389611006,24.001348785484453,78.83936732784053
1019.6974218270849,583.1515028080246,23.891957682861946,78.68361482968668
1018.797906536257,582.5315899468783,23.724925122694906,78.82213292144016
1017.7560202869303,582.4120458284636,23.791394154551398,78.84427904165129
1016.658262922462,578.7336871281209,24.01747891370047,79.24184851219164
1015.529802359984,581.0039376238229,24.207038683828415,78.64034383578986
1015.1774327324038,580.9996578772423,24.369882132199514,78.50344644862037
1013.9116345816037,579.5910698347639,24.429471874427755,78.76235350968176
1013.5003664741646,580.160394686631,24.51315254855357,78.83113357260243
1013.1612995335553,579.0218576579603,24.140045151123893,78.69762675645464
1012.6657225174022,579.1015960493658,24.046502771343626,79.25124951292356
1012.6080294832767,578.9032478235251,24.046693885616467,80.38765945461412
1012.306276279411,577.2759447436232,24.052859292314,81.0731473530806
1011.929313316711,577.4277685284434,24.11181222577051,81.3134396719177
1011.6803228665422,577.7502404915928,24.09087973785616,80.9046763044195
1012.188277243612,578.1054907540519,23.987847947331932,80.8370527621903
1010.7985540189885,576.5618792600799,23.680675019442454,80.92144452950748
1010.9328732085775,576.039478036691,23.347446975924548,80.85493756714375
1009.9199716045196,575.4993166530753,23.122586665134822,79.29334477460634
1010.4689219874142,577.6284289735329,22.975561718075017,78.55037248545206
1009.8490991646825,576.2139547940396,23.044533873967772,78.4372253263264
1010.8102800304083,575.0560188246537,22.597218538771543,78.97625479016068
1010.352670216725,571.884720143784,22.375918376442627,79.55921288874721
1009.5071546265743,573.4481357347859,22.302467177784056,79.61084993412996
1009.4174134522788,572.7281173528967,22.173558581179165,79.96997243895142
1009.436526479391,570.7266858619607,22.38550162533193,79.43391454145927
1008.8298292259025,574.1503901400712,22.500216828186026,79.22557649610253
1008.7979952235814,570.6251679844033,22.535429197295343,78.80917624872248
1007.9306984679887,570.3485646744783,22.165972072189398,78.6439276731455
1007.3448905327176,571.0095452838765,22.033034672391597,77.99746261533332
1007.5986320764669,570.526915889178,22.016696808272236,76.91661292046211
1006.9053784619339,568.9466975722643,21.872074557929793,77.26433378547534
1006.5393386928023,569.6513393060847,21.61654709393465,77.0081007405031
1005.5818786790145,567.8007578286279,21.748597424893298,76.85145129078406
1004.9159457861067,567.3595300684942,21.815443913109018,77.82116047846567
1004.8126518321536,567.8316838741434,21.862822703721722,77.392859456103
1004.3938929007193,565.9901919657573,21.85694312806433,76.83833926744313
1004.255872146786,566.4060936041974,21.65508556137643,76.43915061506314
1003.8976095112461,565.5877186718172,21.503524494413185,75.87125913766047
1003.0375134852908,566.8852034465673,21.439941097524503,75.83880556220517
1002.3641268110687,564.9155252508683,21.565259706398177,76.20788450113415
1001.7069537714534,565.7974778804946,21.6215669071877,76.75116822961357
1000.906333667897,563.9082084165866,21.518196647343558,77.65404006224523
1000.716573338397,563.1195080355433,21.548443267075186,77.68147043591941
1000.8258520405795,562.2421963529447,21.391525573970853,77.64074670658086
999.9094673256253,561.4035300198416,21.291502817142124,78.47150828494966
999.0600890166371,561.6087276987708,21.33936205142863,79.7406847940803
998.5812736398648,562.4381449615297,21.394614961116595,80.52536580773197
998.3159073147023,560.1998701475161,21.541448578371963,80.57032487866084
997.9125496016995,560.8477826681013,21.843061429552087,80.4500728288615
997.1903411190343,559.7755353909737,22.15062517680403,80.53755577880767
996.9269227864315,559.9836557935611,22.15586785406766,80.97481122712331
996.8883331243651,558.5860898119495,22.017846292070423,81.89807481838302
996.3026382373898,557.7723292422041,22.224753698982163,80.79560380661347
996.6396117488581,558.9028128546281,22.358549331322926,80.86747845493443
996.3890280051343,558.9305589154926,22.396955923279794,81.51164574034422
995.7752926282534,556.632914305921,22.329300119691407,80.92983620841942
995.383435941029,554.7688588997142,22.105938661223938,80.56398721248326
994.9121471363059,554.7924744190973,22.20324915364672,81.18584948455015
994.4012658151552,554.7264018428833,22.219971984813867,81.40911055871373
994.4782834958265,551.7855137672926,22.179082757192056,81.07037622710708
994.3821870529509,551.1464996671365,22.148700157236764,80.39559282864165
994.1177143495132,551.480069113946,21.908851265940235,79.09698867880849
994.4289274003947,552.4203333399956,21.462763583495477,79.28295683735062
993.9947478515035,549.0843546201177,21.56554673590056,79.18572921088348
993.3759430573084,554.0022981099874,21.60693831052724,77.6305610345499
992.7746201571468,551.8311384022771,21.57480630266114,76.58831271239094
992.0143756071772,551.9280456801087,21.50665685851775,76.36879663390063
991.9110910118412,548.902222736681,21.469667135720286,76.34229272522386
991.6848223557878,550.5567390555424,21.546878559431917,75.73512480689189
991.5852029968642,549.970977876985,21.547810731663894,77.05014044382142
991.4360238726146,549.3959575561939,21.490457073014902,75.49314840489208
991.3195924278527,551.7756217573954,21.462650135077098,75.46482757847805
990.5138995132714,552.0395743185297,21.493385157812796,76.19701972145265
989.8151603623654,549.2496219399493,21.4766711407084,76.60939155777625
989.5664518847739,547.0962581977853,21.651577316987538,76.84988445348105
989.6550990504685,549.3446692980052,21.95356497731862,76.25462828163623
989.312396738307,549.8276206031398,21.87006199503978,76.62253397424647
988.8122116072611,547.9010497797304,22.25817644544039,76.80699018481646
988.738857068315,548.7890912336244,22.346217513395754,76.77523243800871
988.1274565939084,548.9022129124753,22.34709582617696,77.02672874223897
982.9969253253054,547.9035371476933,23.025741828959095,75.58786153324695
984.1695442545597,548.1854706458556,22.948718673056554,76.50193080477516
981.8196671056855,549.6740753050086,24.32943219550595,76.94669161548221
981.1909150631808,550.4957258280285,24.997453675058114,77.39131862615943
979.4220896468286,549.866461341212,26.019546026546116,76.72111258201575
978.5459144065438,549.6063211949951,26.792908574910292,76.59521367523095
970.526652957166,556.181532449863,28.122662629061576,75.57307371249237
968.9907274268653,560.3330738488696,29.09258569398122,74.99323033632346
973.4067399742524,552.2090894996073,30.119371024011564,75.1519618217132
973.7430308868182,551.6116621793143,30.470171624188303,75.79089764954755
972.1107692153323,552.4386983222275,31.000284681210317,76.64786342867762
970.9998145512017,553.1008633674768,31.35060101096711,76.79112676965195
969.6260946989828,553.3046873657303,31.842712536999095,76.83145583918511
969.5031169160926,555.8834198141154,32.470972711601235,77.0174791588149
970.4331957808406,553.7471123374789,32.403522782970455,77.06203672759696
971.1517721564986,551.7680619984374,32.45533792716218,76.44482145337895
971.5865443339009,552.3138058648722,32.623062449387035,76.7324985354586
972.0702062311514,552.5459646919969,31.735273043964675,78.84246686524821
971.7755675162942,551.3080003694658,31.487514042843245,78.8918854147142
971.8718040395248,548.8494541979445,31.107429923126613,80.38139501697316
970.8602667514375,550.7655110754677,30.721609245165997,81.12741150713562
971.3709595725935,548.7185024098991,30.631838538252072,81.87850758125373
971.9897051204136,548.0074711643607,30.682117952331716,81.34031635681524
971.4980068401877,551.1985479086733,30.276484056240644,82.13392885940112
970.459639875558,551.2291255388519,30.480035211909936,81.51390304507343
970.6277445885116,552.8863494058008,30.107993447967658,81.5207694076263
970.2229907744793,550.8042775769187,29.87399743395015,80.93233909841078
969.9925038983461,554.4910323039549,29.74522864490345,82.01199851335687
969.8016266587828,553.5337174054878,29.616119700682475,82.62540789326852
970.3673654136038,551.7913922314461,29.58134715090967,82.45061271713607
969.2486903751808,549.941088298232,29.36791945866718,82.35522320235398
969.5747182597162,553.5405674429138,28.982516839916386,82.89551986446743
969.0845160567826,551.1801364400142,28.92798612901571,82.83354304885549
969.3808660423284,553.0657487718694,28.510996970135082,83.22038084318342
970.169018272805,550.452792730431,28.258306748874425,83.14539151309613
969.9574200990564,551.1195306075825,28.122346559315673,83.28244185799831
969.8759672489066,553.2895361076314,28.084328563455042,84.56551683354738
970.6660515423964,551.955661957715,28.316768099301058,84.95414731073313
971.3269173076351,553.0814455338492,28.11437841910436,85.58168524955974
971.755621839507,551.8396239093763,28.02843876959494,86.45589580120935
971.3511402837033,553.9629633844777,28.270918920024364,85.76446391941178
971.3664998862048,556.0170221409355,28.349042758467984,85.89320239023039
971.8972675636958,555.2214414712745,28.514351475827922,85.28215759475628
972.3075896433567,554.7993840639507,28.438217669117638,84.91800197883883
973.3624731731769,553.8943708098724,28.11707286957074,84.97887022378907
977.8186652410416,552.066714376062,28.069910711075448,84.8583757107335
976.2881268034877,555.8061143160826,28.042705001039195,84.31774054169094
975.3022064276809,558.0015452972926,28.495309307225913,83.57191503823984
975.5877134519508,566.001605921165,28.49217112080753,83.37576889578071
980.5222090926455,562.3023339820284,28.390608237550474,82.65087393891014
980.1356204240624,551.5866494210188,28.70837294845031,80.84732828126599
979.7526856346776,551.9849308377477,30.158315379354534,78.80747573871714
980.3502930594624,553.2992076393327,30.296507931823598,78.49510307998978
985.3601707492774,569.7401630282754,29.969734272164175,77.07982514512202
985.2813230762981,570.9634602867146,30.030670865061452,77.01500100063426
985.9655607807769,571.9871955133918,29.847358954028852,77.04555350412811
987.0173526717357,576.2919391939438,29.855964703437422,75.8398041648748
989.1725075782264,571.3554879680626,29.22273146859636,75.70752530407627
988.8471819664143,574.8324694926253,29.09539413917326,74.67325143341756
989.0433314531891,575.6458501609129,29.163311091793958,74.12760379294065
990.0212943135191,578.4425001286179,29.362630913660276,73.54593057795901
988.8954620052104,576.4378429400866,30.301906156498365,71.41362765689546
988.7190528126523,581.5572084765004,31.386440995643667,70.11400733998829
988.5438183175077,580.749487141311,32.100974023732846,68.51272609145225
989.5989365128761,581.0713924098163,32.17996998239153,68.1675503815787
989.7477812587105,579.9208320830061,31.964946448233324,67.4956254476595
989.6704576322115,582.011979734961,31.860099724399834,67.48307940369853
990.4585739342535,580.5304766473156,32.027110218574705,65.6290232010595
990.515067177991,583.7812050815758,32.170431243621564,64.99972438307623
990.570518162563,581.1326429714826,32.46165117598977,63.479788132681406
990.0978687426516,583.880716816679,32.591322321682526,62.75540329018919
990.0457730420112,583.2023944833315,32.080119667119924,62.770836399495735
987.9349974324359,583.231572373576,32.337329961053825,62.403923078828576
987.9593060269608,581.6040603290871,32.34169651048623,61.66948097746812
988.3734626559141,581.8595613262033,31.860203010994937,61.129634656501224
988.0618652666789,580.7662457096494,31.772403724657423,61.083283015692366
988.9838184063078,582.6909973432962,31.65886164885246,61.33732255311678
989.483771917051,582.3934455659768,31.331211335511394,61.44064678036307
989.3426673862567,581.0991389404576,31.405266076383096,60.45900165241897
989.7855160270225,582.0165436610724,31.392438465242495,60.330824706115735
990.2397848032349,581.7122798275642,31.129378684576842,59.889151076325746
990.6842481359915,579.3293257988893,30.732395855275712,59.77526739707287
990.4206959701808,581.0321073672967,30.689026277519147,60.26388908806268
990.3645826638731,582.1421506849475,30.895908701921076,60.72426600523585
990.0872417250845,579.270633885328,30.77423485993198,61.38103213316137
990.2743502338517,579.8141955857436,30.986326798543868,61.16339655438598
991.3617636329874,579.3770759007881,30.76569836071556,60.864924194293735
992.3141428755573,579.1376657940484,30.738241449328942,60.39347083437449
992.4446521920781,579.4667973420969,30.233562381206823,60.346480848190396
993.3766700466385,579.016525909174,30.15306942435207,60.1643409852689
993.8806003958448,578.2782300383421,30.25350833893846,59.66203241355522
995.2217655409826,577.8855748218857,29.85601505618544,58.73260173566622
996.9300204898976,577.6341399888627,29.42442637532013,58.1074707846852
997.080461682432,577.3609790364867,29.228215021488136,57.25880319892794
997.9637206544046,577.2209987879622,28.915876364499653,56.33006840350413
998.8752172986784,577.2465426573696,28.979655589341547,56.09021172650564
998.9554792254921,577.0225175081689,29.17565504089188,55.49773444273841
1003.6307135187377,576.7635812880592,29.07413741265264,54.98655176439701
1003.5216033208595,578.382796611493,28.969618088064387,55.70579061406585
1004.2981358956139,577.8118918740148,28.881517805193912,55.23580108732831
1006.0154490588593,577.7770558754917,28.73195951382881,54.91596287004584
1007.8048856658424,578.7769355593315,29.003412361111373,55.36645412797667
1007.9263784633994,577.5640488718666,28.873258664031006,55.69287442787899
1009.9459748109924,577.7011937161678,28.897289807651102,55.565402721473326
1011.4543261649196,578.65255130277,29.073415516621033,56.20930243359901
1015.5655940936417,576.9223067204231,29.101968755246126,55.754747767421364
1016.4801020960754,577.8208762833181,29.280966714078243,55.81870132828448
1018.1228213662735,579.0212551802126,29.527537060019405,55.92263656580638
1019.4144099848486,579.6943410403923,29.18848375856848,56.310229255465984
1022.7820327926797,577.0380826662121,29.294273985801823,55.27550984736292
1026.4456547858886,571.6053144782453,29.380918453821117,53.08045071090625
1027.1025123893962,576.9074108099143,29.512631856653854,52.38006378029546
1029.2858671054291,579.3915374568747,29.141014339718666,52.98275527244622
1031.782893518072,579.6052907393035,29.017014805754226,53.14829292898975
1032.3666331434688,577.9253925722375,28.66612848670787,53.33860607830755
1034.2685408913464,577.8712804324815,28.908759314347204,54.63409956863473
1035.6365912970177,578.6046133638567,28.91846972698825,54.450582471448385
1036.3706713523125,579.8892250731658,28.77152524597648,54.817909670048245
1037.0683433883748,577.9687350731347,28.62246351294789,55.10314263794505
1038.4895295381773,577.8115927161929,28.947858261225036,55.63558769797907
1038.8728224138652,577.2069419119746,28.891767743385145,56.65245149372956
1039.6440652536323,577.3936747493202,29.187666930565083,57.64295180719759
1040.4706248982488,579.8003525237398,29.47617109065766,59.09658453579378
1040.939832866961,579.3158667754568,29.326179764324763,59.44057439059017
1041.1502827666948,578.785809371234,29.24191209738764,60.38519622928451
1041.3946492690332,580.0134719800785,29.229384769505174,61.117902446608355
1040.899145896551,577.7462241653985,29.331770243812592,61.92602082720411
1039.9985116546136,579.3007862552033,29.54206892673824,61.473713368557014
1041.2395871768217,579.015852248771,29.251967624067362,61.387822642904034
1041.013904840546,580.1070151271915,29.747457682201045,61.909870007324535
1041.3499110571997,579.7512943855755,29.63458765964866,61.857602720281434
1040.3634695621201,581.1383834614896,29.808416861623037,62.076593637743294
1040.5640997340868,580.0404762921403,29.801393350546903,61.65496632223669
1040.1885370966359,579.747648273335,29.79507203836296,61.25560303363722
1040.0491583158796,579.7889248024277,29.862114721197237,60.12699740034063
1040.5640009631807,580.6961330042903,29.614297407552083,60.12305479632067
1040.5435910897645,581.5887746383664,29.15751904275464,60.443624847336636
1040.3508753105555,579.7477025235916,29.452897951794206,60.3155376296665
1038.8543868885163,582.9014547728135,29.91051898952193,60.498561714749314
1039.0487660678536,582.6712645203659,30.128294933081627,60.83981082591395
1039.775555730429,581.9616520026872,30.23073014574208,59.929824626224814
1040.1052199207686,580.1047821359812,30.198105444624666,59.48456825444293
1039.6741457174446,580.0829951456544,29.95786797270975,58.81652345400642
1040.2161106012795,581.2389942700801,29.796176912582453,58.72783066894606
1040.5922543395945,581.4467851461025,30.123386892502644,58.89454803017506
1039.8804182385782,580.4939859338397,29.85143009387191,58.752134198078124
1040.6419556112094,580.833620935353,29.851090229056926,59.50732721919097
1040.0646225549574,579.4580786330464,30.123609863861525,59.07011622100573
1040.8657726511026,582.3612345428196,30.03009503858299,60.130023445190936
1040.8556723774784,580.95931106081,30.057839310793263,59.45772728749085
1040.5272239189026,580.5382428446704,29.883673255399096,58.75662972910064
1041.3692647528985,582.7836740766417,29.247910688741023,59.87697427352006
1041.614085951835,580.8319891937288,29.156754279246385,59.22921612873194
1041.5299897062666,581.958245783964,29.134030232144468,59.54569961612337
1041.4807609643299,579.613007892369,29.060368024050234,59.02191196013505
1040.3315256690234,580.8251660625114,29.2187100021449,59.206623959236154
1040.41156434798,582.4772495725178,29.360865446145766,59.71619862318316
1041.724211650564,580.1669275012022,29.11280053152933,59.831971397406235
1041.3304658357326,579.2739535188664,29.103988590921936,59.68503156949044
1042.0995340273419,578.9529832936541,28.936448497337782,58.95842171931679
1042.971829262962,580.0304324773138,28.255556913922675,58.54021530374939
1044.034670544263,579.9946636371959,27.788382532892903,58.37142343526862
1044.681540185534,581.2835040175302,27.460210481529195,59.50503684879432
1045.0450688633923,580.2530908961744,27.470783314277362,59.37974901870609
1044.2797633594632,580.6355949431437,27.539172699668818,59.266239361695455
1043.4862830045938,580.3444057596928,27.77654179659151,58.93244778717178
1043.7422963639776,581.1026061615602,27.576885705942477,59.215412503914365
1044.1034785858446,580.6248280057596,27.38717709736008,58.460467979143125
1043.9683615343367,579.671089378764,27.257448298306805,57.90761164739514
1043.8915570044176,581.0134656576009,27.28478876268826,57.656463806975964
1043.6437647486541,580.5243063642569,27.59058536482631,57.841534217089446
1044.169621960931,579.8968731844565,27.512732157771374,58.549482363322824
1044.3843363610536,579.661940819766,27.549251015350002,58.93096978087809
1043.9062962694666,580.2504426648097,27.582558254550413,58.908528921715515
1044.1521727037589,580.3647220574686,27.678804968256507,58.81762831520413
1044.7425166626278,581.3229584171285,27.69500096737344,59.0050391007519
1044.4078890341211,580.9061564450609,27.499444386713478,59.12294104760694
1044.3310436943354,582.2639201728412,27.605678622975248,59.842041363423974
1043.6657841909873,580.3361114548738,27.970175853471996,60.06410004920595
1043.2272487876355,581.5636895813354,28.209922446194224,60.609737253313945
1043.318151830504,580.6716294455308,28.372821346075966,60.206471012167064
1042.3576369740058,580.734445999679,28.433363717191117,60.23749404992
1041.8566368838972,580.973939389793,28.42757631214981,60.14424760944803
1041.6668378922318,579.6505170307373,28.576192498500742,59.51683323713589
1041.0446200350068,580.6060262028785,28.529903697036012,59.91214676579356
1040.6312447479013,580.1894872423463,28.39622645056462,59.577762814756994
1039.944028770559,582.241436077268,28.384346397345016,60.007823579972346
1039.4028835188594,580.3725536035126,28.637917344412386,59.53202985362448
1038.1956780292194,580.047008365086,28.539320921272587,58.54696651330106
1037.0261943522562,578.4716065134063,28.57236982007491,57.87733421583628
1035.8750466630115,580.2714005958211,28.645757375001846,57.90231761282014
1035.9473812115789,579.5731102773847,28.316749097278468,57.45382669550885
1034.5167578013477,580.2740463152853,28.207932708206943,57.41891717177819
1032.6949602615696,578.8286237138392,28.394845105726063,56.317335740835794
1031.7618036345887,577.7846547916943,28.153914821784856,55.737341074749665
1030.650239911279,577.1566314898608,28.068520043977962,55.424612859042256
1030.018607271424,578.8223238476409,27.843711497851857,55.96592454317101
1028.6417940367276,578.5158423819283,27.821917063085188,56.184656065761686
1026.6391088231085,577.6630258721503,28.044028813794373,57.09191866438479
1024.6928658843083,577.4644443087248,28.143157319110628,57.52819584180318
1022.7158738418581,576.9694005396672,28.144894738056472,57.463565719968045
1021.4354376842213,575.1977022985719,28.2294463097695,57.30604662713115
1020.8834262901679,577.1506566488982,28.565206890367925,57.56735279693132
1021.3149155094058,576.6327260095015,28.390307749434967,58.19251038686484
1022.2512735878671,574.2378967336977,29.121513959608215,58.511355187251894
1028.7355521677052,575.8499901928714,29.03890402740975,58.44441438172789
1036.339690603411,572.4930829675415,29.703426075676056,56.91417499175044
1051.3909827591617,573.6155707498051,29.815363172255875,56.12021275386809
1064.256686947222,574.0993868592958,30.08245562010964,55.00871006197863
1085.1294469366171,573.991363846733,30.258329989464006,53.53736218337204
1107.3889881860698,576.1476387761057,30.915799309406218,51.66651898203626
1131.606259966259,576.5520845872713,31.28829691724124,50.22764429219243
1119.6065088021555,571.3990354237154,30.814816838831778,54.80459470823268
1145.6044127505363,569.2369501189521,30.899407501640262,59.25478981729478
1184.4582558356074,570.3541497445021,31.378771197220793,63.14473968347376
1214.748864754458,571.3023354418157,32.33744746352319,67.15460684475497
1241.018741134439,572.30140843586,33.64990570209662,71.61623868869732
1267.6210473018343,572.3920786552173,34.892089784542414,75.0019489454021
1282.9172902348896,573.9579369424291,36.17219302976009,79.06101825583562
1299.2203218237626,571.6204776238017,37.52739541597868,81.9174106250853
1309.1238263262383,575.4183772768176,38.83011236317603,85.90405741738094
1317.6973671656328,578.230403936011,40.21314199725312,90.4275089055127
1321.180163214759,575.6780666156349,40.759725935835384,92.26329149647559
1323.3911186999467,579.4742433337547,40.93787685892323,96.08120112175952
1325.0019319950593,577.528008942091,40.96010502982147,97.71410192908897
1327.4610208919246,575.9722393704477,40.94189729071725,100.7581570809909
1329.8355330905617,576.4785062065424,41.05084408484941,101.91398054266679
1333.2241148990645,574.4937410251438,42.104103346109284,103.00579531784821
1343.7586689892582,574.3506959376326,42.54475888337293,104.8755229688379
1354.0559636376881,577.8152859540709,44.08106710848604,109.00047444383485
1367.0036303769778,580.8568614816168,44.705140902245724,113.68375233619187
1443.5959464221892,661.0153485729722,46.5509195784242,110.87219502359814
1461.9534026149436,661.97223916289,46.7966700347124,109.57052422012077
1481.2657378453328,662.2839795902165,46.903875947224975,109.74670881651735
1501.7837525139976,661.6933306630301,46.90792000467083,109.60235204499756
1523.0985983214696,671.601310642892,46.35181771467781,109.96223055573276
1542.6544751268636,681.090882120033,46.80311342029591,108.90944868543502
1571.8760426431406,694.8825705196346,46.84114904203885,107.9137603322769
1571.0624454478307,685.8816323527991,47.53002678942072,106.52145446074769
1580.1560643875646,694.0718998219448,48.69632551578788,104.16277869146266
1581.6630598175575,694.0582284648482,48.52484249500484,104.04414638214777
1581.0406044839917,695.2434592772333,48.663349930515984,103.27946023287943
1579.0159312679843,693.8797972002783,48.849134017025825,101.91884035602797
1569.4813874084139,689.1186966667407,47.62189414522427,102.3797907364577
1568.3566675046366,685.2945811757564,47.40101968848127,102.23897924558665
1566.0078458004436,689.879121185162,47.69574618860326,100.40956368600405
1554.9984674222806,680.9087144541189,47.217335357649084,102.52258021205512
1554.1721662829734,682.7049390267377,46.39836881340248,103.74059115745473
1554.3528159385758,685.7028565020951,46.091344407671016,103.82892607139465
1545.7360334192213,685.3611984217462,45.946502921721894,103.94860020709847
1545.7667688272961,686.4054535333864,46.14862405074353,102.35867929088774
1537.127264815066,686.2685364822815,45.50159142578953,102.21766965501848
1535.519176142465,686.0205199401922,45.73692165070648,101.52708071561457
1535.117016985253,691.2259182618473,45.7816876055496,100.28437679996577
1527.7888815927602,687.5575831828621,45.33044973117255,101.06862920280889
1535.8491483418618,697.0359743019692,46.352509616758375,99.61894039416023
1526.028046762761,693.834128616933,46.93449777862186,98.99890816193789
1535.425097840827,703.4316637729596,46.795436363456886,98.69010646560724
1519.023534179516,687.8631242402901,46.712962642377505,99.80643929986726
1518.607829909526,685.6370702558843,46.89180111352148,99.35410257415974
1511.3004558378934,681.0561620278007,45.58316172932079,101.48788911165619
1512.6552685015147,684.7844002393091,45.875537449212665,101.26189669742843
1512.727470503591,684.7619000251943,45.42764066056003,101.89998205703162
1512.1932514509801,683.7464236582229,45.17886332312381,102.11286890924552
1512.4588247107977,683.6671960498807,44.70660454967424,101.52014758984654
1512.9657746346222,684.7715768851518,44.664625669126885,100.73655669853254
1513.448973429994,684.1429791348758,44.067253517406954,101.11972941723567
1514.1642834733134,684.5285636979116,44.01351002340458,100.35990498755915
1512.7503899768158,681.1412162938011,44.015364275234745,100.07048665567383
1512.3840621904646,682.3985863176292,43.63155213362722,99.28399925732498
1513.0228606313824,681.8203242057714,43.610507828810604,99.06948945489464
1514.473298396699,684.5465283925053,43.80393829030385,100.03725901798079
1513.7751089074582,680.4037991410795,43.74910688918519,99.55074295723382
1513.4325078043707,684.36528227854,43.79188951871482,99.69765812152178
1512.730531414169,682.9216055931051,44.09748307193796,99.61393953384969
1522.0159452940866,695.7683773403597,44.87232982687324,98.86560744986281
1514.0894746057852,681.8999622796806,44.58002660508733,99.9932952677544
1516.3516655912201,691.3989676507894,44.70643914029037,99.74656817116673
1517.4513624284666,692.4522016237693,45.09476729044337,99.48873136877694
1518.0837747864205,692.8977296601761,45.94797908309622,99.12724235881804
1525.628587515945,696.9100711580112,46.0747985932243,97.20109919240181
1525.7521780525353,697.0118765720615,46.26674836272905,96.08732621344147
1533.295685078326,695.4892454124114,45.995788655325434,95.46546235400031
1531.3845026487406,697.0202206808098,45.79152549707031,95.69623046611406
1514.73385284842,687.370680455331,44.9481183716373,96.00698770540154
1523.773528952171,699.1904990434631,45.11998877460884,95.84457869381018
1524.0010050253115,699.6580747957142,44.90981113382373,96.36307921357705
1517.425341890299,690.2876991610129,44.40356847226929,97.96850219013292
1517.2339803038055,683.8977352457117,43.71453158685354,98.36816573850878
1517.8861712953174,688.2419632296072,43.44333294008778,98.99368605855969
1527.2718686312057,693.4885384625219,43.66080888903838,99.07182560890455
1529.394941143659,691.6614486665893,44.34635455703337,98.97304833355187
1540.3676652701795,695.4144983454628,44.78624031888525,99.55253266263341
1551.287534041902,694.843700127594,44.56712350297921,99.70809446664173
1560.8746129713645,700.981627308223,44.740085929088536,99.36368713449768
1564.0488421507796,702.0692184607826,44.07480980979062,100.04906310078644
1572.722076815065,700.1054635925991,44.421087597308585,99.35460647515407
1581.151581344693,704.8542646831299,45.20469671737384,98.39881719082085
1581.4635993998202,702.0422118709397,45.83267214467159,98.2606280459143
1572.8544100911056,684.8925781731942,45.06472072975207,99.61228649365134
1573.5444494635224,687.7724414020329,44.50497820756702,101.85601519802235
1582.6119705182155,695.9049397154391,43.980632890783546,102.19086636478883
1591.780154545143,704.5124465039074,44.525587697646,101.57882863318933
1585.0778034740824,698.8517965142937,44.622330283187495,102.23606515874238
1585.1548634679457,695.0478058467052,44.23674827875927,102.0690897907335
1584.0364301292827,697.4918880431389,44.278068805877965,102.3376436519551
1595.792747962584,706.2010544320922,45.02082330651177,102.2925770941416
1589.3014513854068,700.108909954589,45.85750238310736,101.7564318603051
1587.6896579344188,691.2522796198875,45.50224092311408,101.31516486552347
1587.8338576602532,697.6435226724984,45.735597166788466,101.3201276433582
1588.0700727040114,694.2786609444672,45.32028097260224,101.9976317085515
1587.6433890832327,696.3795257341399,45.00243422967001,102.52580439666232
1586.9666294982676,694.2924984650538,45.073538963260205,103.20899728055292
1586.4823654589193,692.6253368250558,44.43304144438414,103.95219769487204
1587.30670962436,689.9392480502532,44.80611047777577,103.30418071399012
1586.7764228827755,689.8869817347453,44.426718712837165,102.40313184685984
1588.3681248871128,695.3019560590537,44.7957210151976,102.30643000152679
1586.7689292062737,695.4550193080772,45.22861469239708,101.53188079258408
1578.8378701217473,687.6215248229302,44.11677579968217,102.89514738128648
1579.5296271916804,686.2331354320751,43.26344622679046,104.17123725251244
1580.0188058692834,686.5484806389127,42.38969126807312,104.6570825024418
1581.4255420296129,689.5245894476864,41.48449407482464,105.34117593912435
1580.829945417509,698.6667715499951,41.53054939295798,105.77279417164058
1588.7369392399867,705.9122166686268,42.504840327714504,105.40470571507785
1596.988612124136,714.4472691239924,42.65885082162323,103.66411244680268
1595.929216546367,709.8498628554308,42.73888703712837,103.55333626169671
1595.4856298826287,713.0515860515571,43.07228034532118,102.73948327993608
1578.8397455416805,705.4629541446466,43.86737544323353,103.2264518743359
1579.7969166568998,709.5722459760777,44.78277111448214,104.68404046794339
1578.503171330692,708.9638493186417,45.84381935833616,105.13585203614178
1577.2809348384192,702.2616862315455,46.64535718605986,106.25217333515123
1566.7296508072238,694.9447170094293,46.63830801517385,105.26020960348018
1566.597823316912,701.7696960226253,46.82220566299609,105.21603694696117
1568.7417306550126,705.392049024737,46.72454029404565,105.16514617406102
1566.559478864959,702.7770590247541,46.8231232351149,104.30092603974954
1558.7006025451713,701.4506847532219,46.50675340764912,104.1594209950911
1560.510106970307,706.3241937988478,47.04689277362533,105.13324240426675
1559.8345253682544,709.0917397164629,47.898581631092725,104.79037268741408
1551.1732680404773,699.4061223824147,47.87843729006521,106.34225425187287
1551.1113554153615,698.8504088085207,47.40008033080476,106.44512491448467
1550.2376656306033,701.4942106630472,47.64412072891181,105.69065423536945
1548.7102044529552,701.2433503749801,48.2245393286384,105.46944569143986
1548.2580135898606,703.0687088733064,48.33943220280366,104.68594242083095
1541.205687061573,702.3261306441277,47.82706560605855,106.31402846297624
1540.7370976533812,701.5476895268594,47.980092868334374,107.01750885777972
1541.0602753996423,708.7462221044349,48.21530711896883,107.89441812126891
1533.385845477276,703.4578662057542,48.34860318959207,108.08859875255368
1532.2279979782716,702.652127403187,48.40838206897952,107.86076344665445
1522.7112183745087,701.0141298777153,48.44619084925883,108.1310188087246
1524.4175167668798,705.1323657078245,48.23720210055818,109.19762198523696
1524.0481446281701,707.8518209456778,47.94705970214274,109.43699758512257
1523.3678455064141,709.2918150896195,48.506247211001096,108.43899019323513
1514.2919984560956,708.1025115129137,48.084397763054255,109.42418773685223
1515.6663362696183,704.7568558445189,48.03765051316017,109.96911435760785
1516.6034352265735,720.2082126385124,48.291892264090706,111.49204469051928
1507.344047111246,707.4747646858999,48.127364661737914,112.26719293033904
1506.6310914023934,705.6780170889305,48.45416869476162,112.15939727840694
1505.001120702379,707.8441009952593,48.57421298671216,111.61051913669345
1503.0165987728296,710.2697924177653,48.54275187526048,112.09814080828308
1493.9698638769319,709.1766022257617,46.89970280719244,114.58429196474737
1493.7992685702714,705.698912470238,45.60038178854789,116.32446246853145
1492.267036437889,705.8916635149027,45.1565030719744,115.19623590095736
1491.152829284102,714.0802084175094,45.52355778329578,115.19917195939136
1489.544449299492,712.4003277143423,46.320370843565115,114.64623748102095
1481.0345950082674,710.5353329087732,45.83715736790854,115.29883713663861
1481.1429729104611,711.7424222830781,45.72455781924306,115.2539344347817
1472.1901263754905,709.2484604085035,45.239152866723565,116.63140624720913
1473.3606107109185,713.0847074307513,44.84884072910866,117.4204142779087
1471.3716247489124,713.1554373902612,44.95503988700786,117.9814924915565
1462.280287001313,708.9256006942298,44.94927887402811,118.77210756071278
1462.2623528885813,708.2350632553835,46.5824466752972,117.65539973119128
1451.5580127956327,706.420406018936,46.452003326037925,117.76831124426259
1450.48758822101,711.5845608725018,46.61346364223733,116.00670914821495
1449.6141821909305,715.7485186020928,48.109096305290116,113.43318869712022
1439.791238293885,716.0813922881737,48.09240360926899,113.46530377126638
1438.404542252082,717.5208955405095,48.457123598529996,111.414169542901
1439.189895266129,721.3781386853827,49.01456517251707,110.99248844800914
1436.2541726043,719.8034955151629,49.078008024251375,110.22557748849147
1427.6077312888033,721.4819628117675,49.15615753146517,110.31509527450913
1428.7568909752188,717.9332275579259,49.01061106207691,111.40458400500124
1428.9074085062732,726.0794875640911,49.12742545127139,112.23497735326642
1420.4317883905662,724.9089976126052,49.02929014862771,114.15735851494532
1421.531582668838,725.8542714358031,49.034420420285755,114.59090206460968
1421.1792824963356,727.1633055945102,49.29779857443341,114.7643960659972
1422.3372405016657,740.8720627377737,49.627523652258894,117.2482585037135
1416.1347546391924,740.4935076606012,50.081755516671116,118.29603699659593
1417.3561387805944,736.8068561106545,50.56003611349034,119.47746225453977
1416.9417117707987,727.0487260706461,51.02976234334585,119.59982241695394
1416.221207227811,725.2062827849484,51.244411465904385,120.48352028099777
1415.3619628777449,724.1700644795068,51.15571201276959,120.07481174837189
1394.372387375622,708.261148863119,51.19099628727855,122.07507324848137
1414.4754271733923,718.3743753686782,50.65000153060548,121.95763856316879
1412.0115045414052,717.9429623243005,51.23674419448189,120.40641264234165
1410.2380702024675,716.5594174948092,50.361560488934586,120.93381295119613
1409.7776493087883,713.9968526741228,49.73163211275679,121.7769711379485
1410.6527547508126,716.1818585108763,49.38551795131095,122.3863877557623
1411.2171336144957,716.049526486974,49.09946976526594,122.65158141627265
