292.5,914.5,64,161
293.77055434267095,906.9575269685331,64.16458455959219,164.44448890961357
298.7744341403913,899.9698761151768,64.770264524088,166.71994530230015
299.7658968767621,897.4869524217254,65.91779645262199,166.3837702320801
301.49026613711885,890.3018868374529,66.52540816307918,166.25863639360625
304.12115176937345,885.0402946787933,66.97664768653381,165.8141369188112
304.11024120959905,880.4882529122239,67.25890450649926,166.79874222624204
302.81563342714566,871.0894406434963,67.186981060023,168.6682261234383
304.600308576786,864.4982867738129,67.8214276242982,169.07010593006578
305.81256673030356,857.1466296029672,68.2206148447136,167.97460645187203
308.8649005605032,850.7726655911779,68.60965198015177,167.93313818944
311.18164257320615,843.0516598463139,68.56900719577372,166.29028410909942
312.88683365515374,840.1995200302946,68.59666171210007,164.5024863905216
315.5161436699098,836.9508506847257,68.08478679214599,159.9214893196356
319.659567638179,832.8407738935169,66.92996123643648,156.62265333906475
318.29892793677396,828.8147341319759,67.03313141301979,156.78003090444423
325.09858334198736,813.2986486947385,65.30252253740746,159.17219475987608
324.36743563759455,812.1808416542085,65.36731135153512,159.5205096609053
330.20076578191316,804.444357593428,63.907022370270994,159.73027034685828
334.51487482812024,794.4204944991552,63.79677340932656,161.04368447790878
336.7247410201337,792.7734691669536,63.28958479895076,159.7940787931297
340.64336908028764,784.5403386184255,62.309909817253704,156.5230771643561
345.9180131123339,785.7979579033923,61.043237414782325,153.1670805091715
350.4097599781951,779.1449538894931,60.09557227345296,150.65533951353234
353.77419952442597,779.3909146274615,59.584312600089056,147.28807566851606
354.75828000369455,774.219423960755,59.01646656865312,145.31081507382848
356.38635749453954,772.0839470796791,59.16479538212917,144.63730176826164
356.8355226752513,766.3587386020172,60.04828662924895,146.4354350550676
359.1066266332871,756.7204607509378,58.9659290244567,150.8295063211911
359.80611834630656,750.8213980089479,58.942907259756524,151.903417251338
361.7786020057907,745.8049931441897,58.52704965720372,154.96604217784528
363.2710069111561,740.7813651595606,58.32467192578803,153.3092242411588
363.2695763141819,736.7849332446679,58.699803703842946,152.58468942745054
367.5373322332155,737.4739343546414,58.60063505882984,147.71980285195838
369.3213448583228,735.8859167923428,58.317208159140264,144.4085375805901
371.0846680947398,732.8216541875388,57.728507767467704,141.7845880053468
372.2233738467945,729.7176280299234,57.386629310080714,140.38607436827658
375.95833281588455,724.1396835385241,56.561050456525926,140.58777118951522
378.25830796215695,717.9480069650388,55.06070858530681,141.46487586236483
380.1752076861546,712.3572190659128,55.01169583851395,141.50082177780428
383.5761612090914,709.6315727850252,55.000173562079915,142.15081095289105
385.10136724728255,706.416279245433,54.6961906906384,141.71564771927055
386.8626365838968,700.8950073855319,54.72280033856165,140.9573691810769
387.14994187923037,699.7897734851182,54.55695127900911,140.0161991893172
390.11645951476623,698.9527446076742,54.17669520563025,136.48240267327023
393.1485962435536,699.9071049991345,54.20732855500141,133.39439886746888
394.3447419569552,697.2228287484791,54.03045236753226,132.3386630959221
392.8422813904913,693.361974540729,54.97057896005485,133.33372461124532
392.02276947506533,688.9126104544931,56.23943863494662,132.95131627096066
391.74835662908885,686.3105562497128,57.077444605677634,133.68523606281485
392.0059139253814,682.3941374244968,57.835004692848756,132.99357668108163
393.4819010871182,678.1783565106426,58.411669209096814,133.37770465564046
395.91580577041896,675.7731294394549,58.44556510754043,132.52704124430483
398.54183359568657,672.7263573695259,58.52228867758632,132.5487436673965
400.16559480315414,670.5156272725275,57.834019955278144,130.90328358093694
401.3262434671521,668.6787363087435,57.425803200364115,128.1453495432339
404.44767483382356,670.8570867307673,56.250515444895946,125.6993441328029
408.1001920909985,667.6430729014951,54.887869465091946,123.82396889065139
411.51849503606,661.1338004170153,53.565180544268294,124.51627332006032
413.30675437596085,658.7309576366229,52.19282064742559,126.84574876350509
415.03064691837477,652.6129691262951,51.40974489220285,127.22419423661437
417.2546714652235,651.4030025577808,50.63788212167123,128.33949923986881
419.65850060111103,649.0044526541892,49.92287092554935,126.83053730236217
420.3554282186924,646.3770914630597,50.06306663185393,125.34695220857743
422.253384748586,645.0137403254299,49.9432588329157,124.73439748196034
422.5322329032183,646.1243085982637,50.09994886760704,122.83412683561704
424.23939258244826,644.5685573664684,50.39566292589515,121.28925103001201
424.7793073258999,645.1476684023983,50.68240689194147,120.64081443149924
426.6892295628002,642.6514293807992,51.24734282509273,121.24055508608654
425.2163440334576,638.8946492344207,52.04266675357478,120.97429207562068
425.6542538677552,634.0560457533775,53.17172202966644,121.41674447532944
426.0014033896934,633.4827638239352,54.060079965350795,121.0817939995353
427.4960423546823,631.073745935331,54.78913694862686,120.20044556424969
429.14138648963683,628.6032784757829,54.790441819892116,120.3437773530054
430.07306438202824,626.5824769880095,54.29456643233368,118.66339832629392
431.95161155927883,625.0149878463171,53.754215547070764,117.14208226382296
433.6028540935709,621.5685307361898,53.18421315022432,114.61764380768602
436.9483831149351,625.2638462544573,51.84792958259361,114.60131039001672
440.7427411151134,619.3970828867259,50.12881292458313,115.7819396721715
443.1654429743896,617.9083262732742,48.653802959082526,117.21811385927262
445.62464984367386,612.4174459575345,47.721794354715,116.72504100228764
447.7075730533045,609.1916914649851,47.49965802418365,115.84151227910377
449.6996593803452,610.0531240585984,47.011483514252,115.35643469620916
449.8080437303647,607.7457835818055,46.68011435696184,114.17242342338491
452.49122086527365,606.1569928603117,46.450593278062016,113.26417608524469
454.5166021258882,606.261307614189,45.955621181179865,112.10381483606164
457.6052324305051,606.0441259915734,46.413148131455216,110.57574283577904
457.54417080641133,608.3578763424725,46.25499657123601,108.95008987796872
457.89268013366626,606.4906953365372,46.22219777298837,108.26471598133125
456.9855909279478,603.3188942109656,46.349201268157884,107.3096980084753
459.3150478164894,602.3076690987249,47.75791635154823,108.59191236784076
458.5309711615642,595.9437716010602,48.040967532416175,109.89462324909528
459.45358820562797,594.4147162850579,48.42897714813077,111.53543914042308
460.07025837330684,591.3811243565673,48.72817200812373,110.21081782543774
462.136583091101,590.0168600242996,48.77549140645869,109.83596867091173
462.5410571516665,592.8409036534404,48.72277006335808,109.2883471871664
463.3967667628216,589.6409823225714,48.49943015051144,108.10435472393478
464.61511103719863,590.2287847647102,47.72317632465776,108.29184107004963
465.83582118414284,586.8856597062197,47.2251851432037,107.15447086766437
468.74427494487963,583.7640615122135,46.58338843868569,105.58413538006634
471.4260164925415,581.074386877436,46.4012746480189,104.31585300441871
471.32696473624304,585.6264569019592,46.61134771764786,105.40152752293835
471.6752651724989,579.4631027818145,46.147738376627494,106.57192663541987
475.05921682863436,575.7110217750079,45.802471573298156,108.26967452168341
475.5312961684,572.8648202442118,45.065028477568134,107.21057411571574
476.2615961097456,574.5346601952398,44.75488716917195,106.15593101595155
478.90528875897485,574.3612442107186,44.56565164717222,104.77006680941868
479.25863285773136,573.3145741131426,44.75900616234766,104.30948220560529
480.06235678294274,574.1816643762482,44.448885353550864,103.89199820401406
479.4224378247019,571.1112221646466,44.44214306506891,101.66277688380906
479.5540969775515,573.1084004101014,44.29523800248452,101.30605514708064
480.79693678986706,570.4825104625185,44.51341246186836,102.79601854062892
480.5588585805145,564.178240649209,44.45454346276881,103.56052397230151
482.2936690271402,562.2935534938792,44.58612696481155,104.84057419009615
480.56538710843455,560.0076426382765,44.56579570830504,105.48195690594024
481.51572831497305,562.7548705525696,45.192200745255505,105.47136013954868
481.3987061683158,557.7386926214024,45.637265627444776,104.7017951110752
482.17671951557827,560.1895722748642,45.71456844360861,103.56878361070062
484.05636454869716,559.8529212258327,45.12728212340362,101.85774470725298
485.1018778642422,559.6689786729175,45.010369195087506,100.92227972210284
485.64897149598835,557.9957616208095,44.39648369918293,99.76035057940118
487.241774186656,556.928511241903,43.406439011588425,101.48733602001253
489.09915879889564,547.417380259059,42.86012538784772,103.75583287949928
489.4045870120887,549.1973635630243,42.085167331012265,105.18735282094622
490.03637440269773,545.4593413438845,41.866367320530905,104.20669121216764
490.7540994883643,545.8282162315913,41.36559343875614,103.2400212303265
491.63678663222424,546.1447764649237,41.23107041980457,102.40249399557818
493.0059068066128,543.6074630431596,41.02644875961086,99.32608076189685
493.1705152844289,545.0789272279176,40.79725624337309,97.78672852801637
493.8863937804283,547.5375688303823,41.09904753495135,96.97347974691496
494.03113826423,544.7001499744462,40.71011601084746,96.7832676197675
494.7529665300169,541.5425751271318,40.234890415610195,95.85593655954385
493.3122312698872,541.7187750865332,40.77889111966175,97.47503179226081
494.5591828819604,536.6219412971741,40.42089769127639,97.19992934381847
496.24187044994625,536.3580989361856,40.257874363852665,98.22106962481087
496.8847097310966,535.0366732695093,40.353357610519566,99.4560734344741
497.86859371456177,535.3634562317069,40.60225205051065,100.99137317169993
497.8628152531721,535.8065502616005,40.83976325259361,100.7746247853366
499.33129598344203,532.3728599941654,41.049479047684095,100.21997057975867
500.93756014408257,534.5107893976672,40.809414572609725,98.55923552153453
501.847014382981,532.773331664765,40.59786216628503,98.09016099519708
507.6703148220259,531.9865665587508,40.341684109240205,96.5931319439959
509.1003493943335,529.2578943515759,38.903608101031,97.71533088486558
510.5001035814856,527.464759537059,38.462843632747926,97.98479634329108
512.1840193276043,527.0117198702399,37.716253471610734,99.32681999570055
513.7484677971647,525.4542230343369,37.841286385929294,98.72760339567112
515.6289402356888,524.6407496670508,38.35370605279602,97.6659822534275
521.7247589519012,528.7557575848267,37.42894293372578,98.40073578127907
521.6522072971596,528.8778850823235,38.25885801412483,97.04992723175054
520.7735580162407,532.454676572671,38.33291008262303,96.51828391017423
522.9881907556955,528.8490882249822,38.55978063963263,96.08573044197766
524.1567023668789,529.3388746706155,38.23608358532633,97.47011328687123
524.7664771312343,525.721004496962,37.69266757006615,98.11872594863155
525.3441934821454,520.825751804205,37.17349049015398,97.69084373038574
525.3888559938596,520.0412485439764,36.82235710114211,99.32772168731948
526.7357596951538,517.7372522482704,36.69730222579069,100.73190835526967
527.6140983824662,518.7745174038823,36.832441824852104,102.1783507727751
527.1121487543126,519.0871924358644,36.90238165666376,104.59924604534345
527.5474956927553,514.075297357372,37.58685092484339,104.15471154107328
527.5300880367465,517.2222682951297,37.91745997880251,103.12285271914702
528.3520870555524,512.3871901958789,38.160475257345276,103.60647308238237
528.1108728064469,507.5879794004333,37.394578526865274,102.91311420147177
534.336540141911,505.8981712545074,36.58760630558306,104.75729588963252
533.110122018099,506.1694394878683,35.99417361323503,103.87757463611413
533.8104821798943,498.64084907569014,36.2698048368856,102.71465887233565
534.8003559628642,500.7006562976795,36.11653634828516,101.46571713114638
535.3613705610068,500.0341200087687,36.68772252217815,97.67162486826967
535.4537204977242,502.87792169692835,37.948721506050575,94.24692112917265
535.5328165881492,504.62814581706164,38.896646454526454,92.46878569694283
535.9182785053212,506.95155801331174,38.95847884147695,93.75833549191216
536.1620733213826,506.7321051537407,38.75102501972924,93.69716193687663
536.2961475013045,505.9151261291339,38.029773326173824,95.41737437418413
542.2561729974273,500.294341994741,36.95846577264909,95.49597496108532
541.5175658492941,498.694730120822,36.37688294786739,95.48940771237173
542.8113141577559,491.6954187879615,36.570783435207176,94.49735254453564
542.9437512061703,493.02689417442036,36.161230373167484,92.5915649386177
541.8318760778491,491.64395077922154,35.68518895996426,92.25174360676198
541.9584188986765,492.68707348780134,35.72951040897338,90.60591467467351
543.1166923112369,492.42415127175,35.174476101781636,90.92858080532261
548.6343101508345,493.213039347928,34.322673001626896,90.78480204562112
546.8085852879971,495.64372451687274,33.6298505906136,90.23193962704308
546.4296383307579,491.75009555970126,33.31212063519595,90.10382516971242
546.5323041317387,490.62762913493845,33.10925608740959,90.10989550474217
551.3704045477281,488.7064882612568,32.30385622741563,90.73930331640594
550.3230324692413,484.0158392444495,31.712604805623393,89.62504451866076
549.8160258997423,486.23264008074585,31.555189025783037,89.06423723579283
550.5273072994497,482.65528948766354,31.593730977001414,87.81272180055848
551.8629248650368,486.58951697259806,32.11798715976152,87.13752034784031
552.6280664460141,486.68877523453784,32.39044397564333,85.67244481917712
552.3013036096434,490.37956111204016,32.47397299339763,85.96847535527971
552.4203612247107,492.1114141361649,32.73221979376896,87.15867088402602
553.6551365710478,489.1596280559305,32.571457162236705,87.80805403006003
553.9951109581505,481.16877408371784,32.60442219923827,86.64664025512505
554.5932648025399,482.6105047532028,32.63821120826669,86.26836142080901
559.1795063717221,482.55991854071954,32.12587764418218,86.27811107932851
558.94620213795,477.60799015357156,31.044287173356594,87.18857204826554
558.5325881864132,473.8548279928992,30.930255215437725,86.16399446073576
558.2847511678617,476.6924431086246,30.84942835990153,86.0740136532657
558.1834105306214,476.8360474678704,30.883867731196503,85.83213286641657
558.2386700471219,476.97545043449406,30.94895705002213,85.40336625137319
557.8952377675477,475.86162452074956,31.13614806381005,84.89735618883232
558.2455784026379,479.6701713468909,31.273860124203452,84.36193663551813
563.6266836296884,480.5816557656285,31.064669193723194,83.7207334735876
562.300721141589,475.32746361898796,30.55126089889541,83.65735949660508
561.9975181283256,475.2631734466774,31.281253915361287,84.88369873042446
562.7702169312341,471.7710455238399,31.402780666958535,84.43046554335406
563.8569716664781,472.7977593553399,31.575605415449544,83.83235895388626
569.9105794094492,473.2736059815666,30.49272674438764,83.99894825796659
569.3990434611522,473.56506500628035,29.99522395207014,84.3784255189411
569.4558131400079,474.174080371052,30.41640781661464,84.87834572952984
569.6236263915855,474.6350542618112,31.401991101781782,85.19519477818884
568.9670074923225,475.6388594811633,32.12478040158174,86.02656239162384
573.7043572453018,478.1576338022862,31.74959871788877,86.80507953764715
572.2055021709299,473.2770041448608,31.35213412488767,88.20393402919461
572.8520342851173,468.6645719284165,31.323797488981192,88.82272698991542
572.7662333303431,466.1005870757906,31.1550867685914,88.79958175452384
574.0875457841727,461.4275394275284,31.209875543869995,87.66305871913903
573.8636838146292,466.90076292052805,31.08690724176498,87.32443796604991
574.1716940811464,467.32521852637745,31.0215661539973,88.37028092572257
579.1697209822955,467.21615830728285,30.55802501649396,87.97088222366826
577.2854030051728,466.3203276439475,30.54842911153216,86.73971020301832
576.4886281984425,468.3269622264663,30.213293655908693,86.87270654472512
581.1754852695929,464.24064180651925,29.709270408688564,87.58643310468153
579.6000489127891,462.79239473518305,29.615973887066453,87.92117063648357
579.3866050979221,461.6204883120879,29.60017859491403,87.65338713677244
578.9064057272594,462.47709798076204,29.707245055126773,87.237767353486
578.8562636396873,461.20976828261234,29.858666018251743,86.61682047994894
579.8477458675629,457.151630873007,29.870582119560904,85.76791299477739
580.648354994372,460.75373513291277,30.034071192831796,85.20490692476434
580.9445616445665,464.82110659837707,30.532661191202067,85.40033176422153
581.9162092300522,468.9541558518615,30.612609924344525,85.81713177867591
582.5132531846097,466.25490459370263,30.75732018055107,86.0807437386583
583.5575485031712,466.93325967480723,30.736022710542006,86.55857442041274
584.3348763176917,464.59808107510605,30.542073410846832,86.01450748651429
583.6770440173458,463.8561194505886,30.388718836962813,85.86892569728771
584.4606477057745,466.66659206942893,30.01635618285333,87.1247728904848
585.5838179789943,461.50734019540846,29.89897004696672,86.31788563205596
585.8735788412179,462.0935307593253,29.75605481909196,84.88388234354923
586.5419020204929,464.301757094268,29.954678913041402,82.79659560918014
587.1497620664746,465.1687294947236,29.829535231371434,81.54293695943969
587.3565903511973,466.4144920279456,29.682868548686976,80.93068793021183
588.1848825807468,470.1245020549965,29.565889587901644,80.7196565426444
588.6811626197849,465.02433307439946,29.43539911660653,80.02453151403144
593.1813112042656,466.4819025286143,29.028789005140172,79.32144161301751
591.93643105336,465.4742993822089,28.801266058050125,78.48700658273864
591.2784147537113,463.06353156314316,28.389834935118394,78.0370559385216
590.9563623985202,463.4189634825598,28.154467151375137,78.84164436542773
590.904147892177,461.62991817259626,27.87423860228271,78.87046244812336
590.3850627478956,460.4252857197449,27.8913598681708,79.2548128507285
591.2997975659619,463.14228777860427,27.83441995329838,79.38507064630934
590.9543336371903,462.7810105036426,27.93209390029996,78.32731015469066
595.8442409173053,463.30659432379275,27.339088879864807,77.41973171297963
594.4897340241995,462.84726178883767,27.285271216567995,77.4940113973765
595.1085807431742,461.8239645385945,27.377253691475424,76.52020132060763
601.7235357370187,457.43267345492296,27.28196818498774,75.97667741647852
608.881008848244,456.82522636748683,27.28357221735884,76.00926577851509
620.6688255578123,444.94688578288276,26.96996653870094,75.15980681100456
633.1998343059017,449.51175973895124,26.83907849808832,74.68952659601104
646.7781034170299,451.63454471273695,26.781648018141517,74.16893104228426
659.6566104772065,453.8961874554523,27.445522798545106,73.37224405805894
673.0483565115242,452.94578366652024,27.43320229973412,73.06610478610013
685.8893864158533,450.6833793041513,27.291805256578854,72.0918233161359
697.2539575057154,451.3639777369618,26.74564266059467,71.54041181657325
704.457651121849,450.6029723767682,26.71210720445071,71.36078276549893
710.7657909070866,449.0935367076387,26.664389187930475,71.47571819448677
716.5365765906706,449.1314179883564,26.322509593223515,72.38893455541836
722.3484207210895,443.1219701735694,25.819967534473175,71.39912981420373
726.848930735112,448.12256361457986,25.45997018861798,71.84491291814483
727.1422639679056,439.9426143468585,25.328606050902177,70.8429950473376
728.3339667932985,442.1306347332022,25.085906462433346,70.19366030263478
728.762102800685,446.6776286740831,24.98196224745729,69.93095980490617
729.778973408946,448.16197999100467,24.87959045480181,70.03851964512303
734.1286532108618,444.94385466717017,24.615972275530513,68.96858476117588
733.7769217100952,448.46265193938217,24.427255609114233,69.32894372703633
733.7653471214429,444.68604235155715,24.293551229785667,69.25913605484692
734.0426284080177,445.22658848630533,24.143256802197353,68.34966987635406
734.6054382198525,444.08058397959815,24.00891064129999,68.46846922256256
734.9937123954895,443.06599799992864,23.58764292776712,67.87555799479831
735.1146936515948,445.1078629871917,23.273755997345457,67.24603401010984
734.808229675787,445.0265438711299,22.96030188414195,66.87025388962961
734.7186931335527,445.9663117759795,23.17354000081828,66.44314463270291
734.891941733622,446.2754375758498,23.198309255137964,66.28244594281327
736.0540074828759,446.8501631449413,23.035803380333274,65.7197012641526
736.2031316139594,449.1944579444936,23.127329619490038,65.51140779999679
736.498060031273,448.3409756551344,23.41544067894001,64.9641287664257
737.0630996345769,450.8393977740221,23.324215475284806,65.10569223586472
742.3846375206275,446.30178541831316,22.399285073667073,64.87913052455302
741.7777693038857,449.7267806346414,21.992771282083332,64.31536493396806
741.8119868598221,450.16999532886894,21.848492836012632,63.75927706343831
742.5080309884336,451.65782471410205,21.749079835518838,63.37976296918053
742.8178102302749,456.42201552260815,21.752067011378458,63.22395615838174
743.6024297369809,457.86112188722143,21.805124331279405,62.599535238237145
747.8808530370017,457.49112501291256,21.59702403098142,61.98661656086001
746.92308322886,460.83374275334364,21.40442365550449,61.83059736951819
747.0295055131936,461.0521946748702,21.143475430217435,62.00228097029367
747.572632152033,459.29289092120496,21.09903719503443,61.43519225722622
747.4081122135211,461.97369463913225,20.832514792833837,61.7955940033479
747.70978529729,461.5690082853965,20.541475565851673,62.34426103116438
748.4853454532835,460.8327807205884,20.4490721232188,62.50291189194359
748.050754001658,464.6263731990077,20.490773935447322,62.82704619093388
748.1614325939161,465.2957222039368,20.585220099949286,62.454498882121605
748.6102354966928,466.999591336695,20.69154605518377,62.02018362075554
749.3184453708576,468.9270423109938,20.643963425003047,62.250176329293055
748.7852408588957,469.3619721124398,20.85311579800224,61.79372876091261
753.117430032245,467.7024789936262,20.638591348398133,61.599951021488955
752.2495914608255,469.8116527634025,20.50764437433956,61.95547843234538
752.2822745031759,469.22028918192666,20.41528160444679,62.38738930968682
752.8962972017814,465.16775726294344,20.475791590918135,61.402352859262095
753.753781019195,465.64117926893823,20.453765025693862,60.2051440072419
754.2535525469209,465.95422488231344,20.363401538532912,59.64747474036843
754.8141786411708,468.9578102849885,20.406636592731807,59.118884886709026
754.973654524475,468.6504689110501,20.218457670080088,58.303611675265785
755.4644238699049,470.3427230286168,20.19068419270993,57.09608560451532
756.1782071046784,471.08683211855555,20.48078995197602,57.12187821164795
756.9370188307417,470.76461161773176,20.100771213289462,57.88826561518962
760.3243288985362,465.2565398401987,19.744825546694596,57.23103690157909
759.9288539830264,464.47706169458985,19.350763275587116,55.99257006848335
759.0306252339458,468.02946681187905,18.957791967443367,55.39758315620115
758.7489422251479,466.0510887168451,18.537071709938644,54.71273921428056
759.023318647145,464.7739384707424,17.939612058748303,55.05322544791045
759.0097167294522,466.81398606346795,17.717815508730197,55.10419706162319
759.335597146416,466.09673516107165,17.555775376973862,55.151165320921656
759.4251575337938,466.1715656341563,17.473589181531068,54.65341229558975
759.2514037239977,467.3872094926741,17.378177218994743,54.573553087312675
759.3301996036098,462.3177465458033,17.298025565149057,54.4472764587765
759.9548231467768,460.3714487542798,17.376560752107714,53.46183125126566
760.4529493978064,462.55174227532075,17.182972053149143,53.40645718373213
760.5615464530114,460.9650506488586,16.95923591015466,53.95018459864362
760.9236253394154,460.9456281220062,16.831801455446506,54.166665202847405
761.5559968298227,463.6165333763918,16.90529826364095,54.71841891831939
761.9076608024824,462.31012358156136,16.88663850164824,54.63463091825856
761.6633190206942,460.7996457385506,17.142248189916604,54.00145304600673
762.0026160337794,460.2566225918261,17.30932587709841,53.29375906693381
762.4698729038178,461.3603410280903,17.400327574147905,52.447980529137496
762.9716469443687,461.6107044270672,17.42362327928566,52.94945767252884
763.9010336074068,460.4094259161066,17.314023475204863,52.96131220841185
764.1140205063936,461.84866067657646,17.024418428757397,52.764506439074374
764.331907290489,458.74635341055114,16.8553559764037,51.9764623560127
764.3877384257413,458.46930995775585,16.909950237972026,50.46342441800581
764.6213947201602,459.4998812059132,16.43909456860505,50.67026798087994
764.9901491724968,460.0958498116934,16.124932809250733,51.68699399449344
764.9983403912372,460.3693285387751,16.09962745120763,52.07379408389401
765.0111187694911,461.6796610404706,16.20519212152076,51.67368772384407
765.4208153361583,457.77634714679476,16.189348993145448,51.6704667257953
765.6296603014555,458.6202103704096,16.363792048142844,50.79871135505418
766.185793241818,457.686625824383,16.082275142694627,51.57746100969891
766.4182713786313,456.44184688741393,16.052158862783436,52.40360810082299
767.068079980482,452.6328570405992,16.084802625383073,51.4835075789984
767.4834550158492,454.7740780008432,16.165268873255854,50.74944126504723
767.494798859395,452.9966328149678,16.346154070366232,49.88845620192254
767.4845421962203,453.1166171790739,16.248508981755883,49.44947549222309
767.9012210598638,456.3382347711313,16.501790897184247,48.281485020937964
768.6927487516862,455.5900968506755,16.191169867367915,48.16719150397746
769.1312384411212,457.66278205433844,15.882088940779873,49.22755964111575
769.2520511854186,458.7314000803427,15.551649670446663,49.50298418786203
768.9215287409648,456.0077824879908,15.289384458322,48.795051316077746
769.2545035320119,454.9381145562898,15.203014825606925,48.32600519286182
769.5852982976538,458.4859590907814,15.029865182085228,48.224960288917615
769.4426241543388,458.6516276294002,15.027289953872199,47.99312795817674
769.4826922932787,454.47279171315535,15.095660436589602,47.65648960237296
770.2320571293006,455.7599737292049,15.16653528057517,47.998056556678264
770.9195400370398,457.1590964545699,15.19946717589676,47.258756761770975
771.6314503569595,455.5409978872862,15.307480542367077,47.510925556952465
775.4652596858841,460.5186883614077,15.126045051021668,47.57937216150485
774.9557244659941,461.2186341431224,15.058416839488089,46.80836413870574
775.4240914084254,460.2906016901553,14.844503475026393,46.4461036681294
775.2434056404384,462.1012793109381,14.720596374783346,46.385765224583196
774.923316016475,460.41438840405135,14.540636274203017,46.40061978844829
775.5209351376567,456.74539879847237,14.386547171244004,46.36196917019944
775.4231626536513,458.5837474523305,14.39107115877761,46.4608660969497
775.0951852440935,458.99305846743147,14.282230734153021,47.05599388078136
775.0330802527579,456.3406137452944,14.198349055490034,47.46316441865292
774.9308926092125,459.1937595027465,14.098767863746938,48.375883829041626
774.7620305600059,459.40372776909436,14.27302389928239,48.14704868348906
774.7156459198035,459.14830005523226,14.184268739041064,48.60575752741769
774.3900450691643,451.21379783382645,14.45528838270026,48.2400798870994
774.1341465681812,450.07477182246504,14.301155173122478,48.43300717875848
773.8059583704801,452.4693199169478,14.242367443559028,48.0859943485575
774.1006126716376,452.01666908921277,14.320555999294523,47.4235519873803
774.1750796567933,452.5618434988728,14.30660617951202,46.80603629484363
774.4676219776046,452.01811731423675,14.419005673517162,46.49870433279392
774.564852748332,452.65673600692054,14.314318360694788,46.93250529848535
774.5696161247689,452.5916356270368,14.235442654156607,47.01442315556507
774.6759200721924,454.06020203463936,14.321886759355447,46.5249245604832
774.7013698888998,450.89977175265693,14.423430534906906,46.407474024441946
775.3023670600844,451.3323168695216,14.657732059503882,46.176773071985465
775.3901203821471,450.8741297595526,14.822488066822,45.76174582460024
775.8255838307807,450.6153720876737,14.810103492667231,45.651051458236935
775.6762891727866,447.420396283619,14.710962547568059,45.110711413666756
775.5265090815705,447.79294271216224,14.854862056024354,44.535126954159495
775.8608147496194,447.7878414213471,14.787938687703637,44.632086890228166
775.9638416627026,448.76435400928045,14.834074944802436,43.90186578388048
776.1319562103762,447.7033256715027,14.694901293576793,43.48365403826285
776.3160212374183,450.7850407375063,14.50252075001921,43.75828466675373
775.7024554515572,448.86549335736964,14.287248886034437,44.13140962607794
776.6157489960668,448.84989655809824,14.227612881151956,44.310337762341454
776.5050523884569,445.56520905919103,14.008429602631931,44.60179871291467
776.3911818369088,445.7513270329457,13.82081907647069,44.71450588707692
776.6732695478644,443.71135966940386,13.663398833726344,45.08938037055402
776.6289160697414,446.61768326439324,13.779047316653624,45.47071149020667
776.3841240886002,448.0402098075768,13.721844255391618,45.51176608702137
776.7373092850762,444.4440322565066,13.957838137895028,45.67947252277989
776.8139142368077,445.4945838878125,14.14826263122368,46.040211797094294
776.3393057393188,445.3995134385802,14.34366659786585,45.19639700231406
776.1264333387752,446.5185877792292,14.52818758684986,44.44553310056461
776.4207580121833,444.39138255349235,14.38881909807325,44.632416257879356
776.3619151518947,446.3070047659331,14.24806453272965,44.97702556224597
778.6214316535983,443.0294822201383,14.169243779078188,45.25571014205587
777.8526775762314,441.457600222848,14.027925244091819,46.08255981664438
777.460442591027,443.6146966718617,14.034399568500616,46.464738950782525
777.5264569980367,443.0649387981798,14.236133191586514,45.80930441318831
777.2115363580826,442.87583328036254,14.199768052026622,45.64689404894346
777.0615569268557,444.09855484177035,14.360722087934803,45.651800495448505
777.0120054947034,445.0935141437674,14.684146108979602,45.19623443242425
777.3188432677687,443.7669864361266,14.764109006795895,45.51233644614026
777.6752500143876,442.48794918290736,14.840575689720609,44.71951554776304
777.7794282784536,443.1041993085154,14.68109635238733,44.17005627307143
777.9759876562749,442.8121158567048,14.439577704295314,44.423967996095286
777.8663666035394,439.781864646355,14.431575477333633,43.05319028068641
777.9678519398764,443.34193927166456,14.25389776186118,42.974260264533875
778.225770627184,442.76093259596934,14.052754404417742,42.88958823022024
778.4986440901965,441.0125502817278,13.943312882102129,42.5521188594511
778.7490629219311,442.9384929201221,13.800223876098004,42.95208990971932
778.9195352467677,443.69162898679514,13.62488430953275,42.798919268301375
779.1038779979069,443.8369761030415,13.402636958852225,42.854331803463026
778.7956750212294,443.62190455944955,13.456633749686127,42.44399086755281
779.2226331730072,443.1277843961802,13.299274014276017,42.01943791539738
779.0661721802967,442.8283761305807,13.260887773111719,41.69957622250958
779.5109870715146,441.26720734157107,13.328741818743847,41.038680396369266
779.8263972572518,442.5035133456298,13.348443798534404,40.59181950214344
779.7447665840541,441.721594602305,13.280914455342051,40.20870941417749
780.0543384118272,440.7250163851546,13.280227163473912,39.567836698469165
779.8941707828184,443.2776135222078,13.030430881193139,39.629176371353736
779.980994259671,442.2001372333477,12.987392635154327,40.3856667727511
779.7085768071154,442.8944850926964,13.011455023537984,39.97974650380637
779.4490530065177,443.6305892961751,13.01502055667149,39.603967444840876
779.616635626228,443.1636529726431,12.877454340831452,39.88126882286964
779.493476150365,444.53781079469223,12.804037169472421,40.74473787535036
779.5032794197866,442.24216236181434,12.746335476761082,40.53281399220472
779.7073338540151,442.56951609358043,12.587686813739717,40.52866374865471
779.2699535105427,442.10852716387717,12.601371264913421,40.42385373097841
779.955764051818,441.5959173331612,12.682528044911603,40.30296703006747
779.5740514673961,442.4095464767676,12.736099803034652,39.90851482939493
779.3634696270439,443.0671770588422,12.80004402611279,39.377854817188926
779.2437587675274,444.9284242209095,12.795595263296963,38.79615834652415
778.9748621556134,445.7105261934705,12.88181106212195,38.06176281538458
778.4957841608831,445.8298276738562,12.80551962001827,38.103641103707204
778.6130165427037,444.8303411577413,12.57624068398992,38.42653152485295
779.1219967532918,443.43128841278434,12.306820008621283,39.34034882297153
779.756308547871,443.2008239664868,12.249186013922632,39.656185377243105
779.8056809424153,442.08764802672994,12.13239124152626,39.94468785432914
779.6627830719578,442.3885007143764,12.228620295691577,39.15625774174962
779.9551829556841,443.1769678336667,12.407456402033523,38.25893381515404
779.8999642691028,442.2291681533404,12.518380557045898,37.558017281870406
780.1693481708545,443.0189201593574,12.445500985535297,37.12992897551735
780.4452770164262,441.9011398884947,12.491096054134758,37.02319553950528
780.1643166702748,443.6744494020748,12.320955837166123,37.504027550705736
781.7868166109048,442.0608225888294,12.584544508381322,36.756845132503514
780.8418329006993,443.9343111461964,12.636804290051744,36.95711981449186
780.5274873306495,443.9351238082465,12.61249143950116,37.239534971243884
780.5432777432608,441.3489199887781,12.431326425221162,37.651543268597365
780.4196109639772,441.94653731819716,12.70642818591433,37.95197201422397
777.6462084871396,440.8311097930267,12.643716042116452,38.34763784127545
780.1041140784698,442.59702497402907,12.421911302479566,39.33921207750679
779.6196652392924,441.7438459599983,12.504784744155403,39.70621821309708
779.4145442680027,443.49448406744324,12.497116379088954,40.506847630226154
779.145576286491,443.43447701037326,12.677223665411892,40.6665007330398
778.7823033043786,442.00409775698483,12.715254085698827,40.91450823273663
778.7468494041783,442.22827063361035,12.677197107616518,41.451497531498944
778.7726137641657,438.5283894906813,12.62420776115312,41.64032279419418
778.5040522871842,438.0322563041482,12.917562872465924,41.40912753930027
778.7784694841522,437.9642937829246,13.258635719397486,40.7254648146232
778.9466157680893,438.7195704600901,13.131577240182704,41.284545421016105
779.0498597752598,438.0860010683583,13.046590679062229,40.74942213668484
778.6156325684368,438.1201006633266,13.041850040561487,40.51726688574274
778.8957228694875,440.73369903292274,13.046079052069393,40.42184218787121
779.3330013199438,438.60503043089096,13.004363547488639,40.186760149075894
779.3120951555535,439.1761787535156,12.792359718689875,40.59235798167084
779.3358875682803,437.87187982966645,12.975706547808702,39.74796148275051
779.2138432239949,439.0139298175584,12.975350955516546,40.24352340081122
778.8439219523141,436.3030579380335,12.956499624995967,39.72506921521993
778.8114334811405,436.15390187193543,13.006766242526735,39.66893720125969
778.4754225564568,434.4207521118651,12.785406138654695,40.213366966609044
778.2079026117674,435.3709285452039,12.96373657755026,39.9969238737581
780.7057546787134,435.6315287898427,12.822855079308837,40.48299765453811
777.6719286211003,438.35196417732396,12.780340644852489,40.20970223892014
777.8092593815522,436.87979421316686,12.779040389607927,39.97614280657763
777.7170605885449,437.1820159517651,12.778233097173059,40.05413269615665
777.186519797598,438.30330693205315,12.833404520909673,39.96894061480727
776.8711629287117,436.26915239835273,12.650324122634954,40.49431264187915
776.9466748087303,436.17043762050116,12.638016002308055,41.011478022644056
777.0830050229665,434.718128309818,12.942151509466424,40.68159432848918
776.5372073682955,433.50640848950866,13.024346212652874,40.1911965362465
776.544926203378,433.8670647087946,12.978260746840597,40.45313549051595
776.421344902399,434.63073784928434,13.20002696077451,40.35250208013424
776.8185997069208,434.4080893021599,13.156843793495604,40.878401380672976
776.769424243417,434.0098022211504,13.274494333815268,40.53111210313204
776.5651348116864,434.79050430916936,13.39538899508211,40.44575317798666
778.4691456390783,433.7581271085651,13.345750137539719,40.2770609811423
777.4378635558221,433.91285410414037,13.125692205129276,40.363995192897335
776.9714470896298,434.3813206209517,13.001627378076318,40.67004585811955
777.5441792310469,432.42090714613613,13.061399410969354,40.17354254270561
776.4301492324369,433.88047368881377,12.999693811799698,40.082205439711146
776.784392327146,432.9171342526836,12.845738302561077,40.108245135602814
776.2389584890778,433.1047912955589,12.784966397970758,39.739830872821166
775.7185253073754,434.0769301196291,12.680191911308366,40.483834283945946
775.3728851510159,431.7243786794785,12.830340846807402,40.56629655450596
775.1119191758819,432.68502077997863,13.008050877300377,39.906923864926874
775.6824826172217,432.7708406593765,13.18713194807383,39.70767155222162
775.7569496953372,433.17283208668425,13.063448500527155,39.32360556581599
776.0000592799921,431.71835042011156,13.066110293350624,38.68509809093224
775.7149625758951,432.7179405648152,13.112475373888842,38.37330872502507
776.0519338897312,432.7978353796539,13.245168722054247,38.1896148555887
776.0722459630961,431.93204301530767,13.0767890973001,38.882591867720876
776.1599891863814,431.0574760155469,13.405331686297906,38.52096637055358
776.2569613506029,431.16348902302354,13.47767241969099,38.12915505927934
775.9974847269316,431.75251469927224,13.407309894976956,37.76787229341758
776.349329844502,430.675528872272,13.316780687267693,37.61737412358071
775.6227004514112,431.9210532722255,13.317398105537109,37.74953050861028
775.5667028812938,434.067206682913,13.145596220091194,38.39806250101701
775.7302141420049,432.33983703529134,13.138905629783242,38.255540844264544
775.159054988056,431.2097278285786,13.029996916463697,38.11613395632891
775.0070722961586,430.39525803122746,12.834015676217884,38.78051870474435
775.1738629226343,431.0880727279419,12.704215178667166,40.090713457586254
774.8066129816654,429.5809378692129,12.686853190316135,39.500246846919275
774.726399648826,427.27340853998203,12.880948470918803,39.39132984696426
774.5305450411983,430.33901608324413,12.844812506139764,39.92347487930604
774.7071101433503,430.4328460293327,13.066234420614009,40.367970584338764
774.4659969438048,427.77750829567333,13.1867332243756,39.45304390169413
774.1851504095947,429.1120039288818,13.139753197092645,39.36340835198256
773.989916901974,428.0537202184457,13.048371406191443,39.28401787376116
773.4090449885333,428.9875269940905,13.163489738115645,38.152908936824666
775.3545016667302,429.35951981098333,13.229351093330683,38.46186820164445
774.1040605665366,429.0902490345191,14.038906913941869,37.837373169718695
773.7834937867668,428.1157920017081,14.015783066293034,37.47765986832104
773.0132039844368,428.03715492567744,13.72274200349552,37.23089198504118
772.4768494554429,428.5839960316903,13.574206249471743,36.47769674653952
772.3019363973405,430.4738183307701,13.247361635562628,36.88808606103857
772.3655089130424,430.42328846486,13.05916965736494,37.07859116031433
772.6480684028583,430.1877506702116,13.178624268488722,36.606823193207
772.5315430727748,430.48132645812694,13.36307596488837,36.969696818220136
772.5661356600406,430.7787097996298,13.591353909386754,37.10727273603688
772.1642123621989,429.9557000357838,13.448036923221904,37.801956118327816
771.1448599390013,427.99114455548863,13.503836500947992,37.37807263693211
773.2889764453647,428.74259744610816,13.20293011023042,38.64505144202729
772.256821917105,427.05404502727083,13.206178499711985,39.18021945299601
772.0258101804668,429.028042007939,13.099541832950807,40.78200967516182
770.9306399956627,428.3427642527882,13.408487577849037,42.132696154078886
769.8609976377793,426.94774782449053,13.851806526708977,42.32767962941812
769.6682806859178,427.3273468914608,14.133672778027561,41.4415175522345
768.8448575932631,426.1956786615371,14.213205888271538,41.36941909844667
768.4683821222892,428.4890369905427,14.073458959487816,40.73537969034397
768.2825092584968,426.95032639195654,14.1327729045886,40.06813502638651
767.90336685589,430.1493729882509,14.430691252101418,40.646264348903934
767.7042381330556,429.3089130702205,14.283816835606867,41.12516973870616
767.0963490709685,429.6820874019544,14.256765040919612,41.47349613932528
766.986523025006,425.3192058036462,14.010013439883792,42.61432986969415
767.4186954879308,424.57614321708473,13.765397675296693,43.88346261987871
766.8340586109347,426.0956087171982,13.80309322227296,43.560060584648085
766.2796284231342,423.491407023905,13.627928047985211,43.25860917768597
766.3020498531025,424.47209486825574,13.761888482945693,42.57433011812727
766.34393371331,425.59319666004427,13.995167047206458,41.07854375895738
768.5078507985979,426.3551599155441,13.86146091312962,40.81340714492271
767.5087458333658,426.4211923425908,13.549074377529513,40.48288831312525
766.8914376542039,426.41003224038786,13.229314968145342,41.27837296865345
766.3665550382381,427.1879450393343,13.09702520358648,41.93215377983353
766.152518455148,427.6232879535155,13.216225908447754,42.47291404598396
766.132438754936,426.24157681451567,13.153170359502305,44.04613575673818
768.0435154384651,423.6902630627088,13.172574256772114,44.59489782761259
766.9825937558549,424.6458748437575,13.281949045561277,44.44866328395554
769.3953891195389,424.93896364567394,13.448969726426807,44.528093609352396
765.9202430832631,423.1587536116251,13.466643180966834,44.44650251183113
768.1735548779918,423.7966814262293,13.698750975786798,43.95051018056199
764.5539738899424,424.8907283266044,13.55202056068086,44.23623825824504
764.5909070191532,425.81090561680537,13.516388495137292,44.201002238634196
766.7976499210585,424.48216457565377,13.436928551159458,44.890299492179125
765.9332606948658,424.48260590800476,13.565610777806453,45.82156963518964
765.4192654630402,423.86660160541527,13.508919611322867,46.03321812817839
765.331003406506,422.23873630401977,13.438093493578112,46.71351976826186
764.9038231194968,418.1377497862888,13.538106624016072,46.930617601544846
764.8677387550255,421.4515158628767,13.679930071000086,46.35271561346922
767.0117356975661,421.50251438051066,13.95015609558692,45.78067301164243
767.010379090967,422.541035261131,13.956166291514766,45.42167457773325
766.6127231645688,421.0743344997449,13.904529520654112,45.11725046841012
766.4966557102163,422.5753578120899,13.91324033742403,45.60939501345885
765.9841782298388,422.718144061034,13.949588189585919,45.655339586102464
768.3942021504558,423.1575217315349,14.117254162133534,46.556001044645996
767.4848440368575,419.59388093765426,14.131711685144843,46.841125745352926
766.6800467990444,416.654134579499,14.328734849774131,47.24474260717121
765.7586989879259,417.5493859253374,14.379068616504055,47.09793157446818
765.150600643163,417.2166221413714,14.232573665175934,46.505960997296675
764.7841528763893,418.5923621002837,14.091112273235913,46.20407915343135
764.3017809894768,418.7210491443934,14.120240745928662,45.65359979077314
763.7738718848227,418.87116552889523,14.11081642632149,44.78375141927618
766.0394630805558,417.8096285373323,14.243789994938144,44.06282673182404
765.5684864853362,421.1096683321279,13.979252430296349,44.57641510716813
765.8220159595217,418.9493442280767,13.924274178746536,44.2337713841182
765.5444378177878,416.32290704588587,13.697498048636314,44.977487614039404
765.4856163963739,417.0180828626625,13.670245337875363,45.73412842547825
765.621788661271,415.20626064130306,13.766172933802002,45.83313922218579
765.6962538604606,419.03462248049357,13.925958683560864,46.08953819776592
765.4768671422605,417.88897564364856,13.890704814119637,47.17621317905791
768.1074847878085,416.5810769401476,14.049863466810216,47.90237859944167
766.8387651424397,414.5800497972819,14.198936058329107,47.75962316227273
766.4653394585026,416.69166353059984,14.247455831735929,48.31616511626071
766.2861934033718,416.9259837767157,14.380327377584464,48.78963379160478
765.9307832884792,417.46323046064873,14.455978935761815,48.64883144851895
765.9363967589937,414.8167008170723,14.629144327763381,48.251570243881126
765.5373852502815,419.7226275236263,14.807956386706953,48.37513400606611
768.433313027128,415.8019663665217,14.960396716192918,47.8232497239007
767.4788632901098,418.5648002901723,14.983106848684121,48.589090074383954
767.0536066971382,410.6684012245437,14.959365986756627,48.872787291639675
766.3934985935813,409.0171662598395,15.140515020866248,48.04188872892164
766.4929240543729,410.95271107600206,15.208298801965523,47.769214232933834
766.4277394659924,412.87507727643333,15.263974038146625,47.84290977625456
766.6928667331214,413.39127210855094,15.364324009427627,47.840316473942636
769.1350416309178,410.53345498416013,15.468278828855642,46.93558462622758
765.4357301105125,409.01819303991874,15.496472830664697,46.05230350677587
768.7316119705607,411.557037824561,15.366544971774351,44.89924267207996
768.2090141684748,413.05497282758927,15.36643079391791,44.64144911446393
767.9118281645349,413.827345564005,15.318333216855917,44.64404236576885
770.5326639190304,415.4943972185783,14.911526324259093,45.74669948218987
769.8998064673482,411.27656582120613,14.934975407120124,45.5073496884332
769.7584100348446,411.94719823281946,14.76317258712214,46.06506607877625
769.465019122791,413.3079205550356,14.898466989239866,45.73701065935004
769.5613771745761,410.2571812183754,14.844006735150222,45.07180289315623
769.8141635484127,415.3132976151884,14.857645577767194,45.088577439007835
772.2271306642745,414.1434466050488,14.842270141972673,45.12900692205565
771.1686888850454,412.5959091170269,14.764965582449797,45.09369649923463
770.4820588097962,413.2265825305086,15.06791156401821,44.7747885727419
772.3567156650402,410.1985629761152,15.063785374511193,44.65937563608802
771.2670047195506,410.9480037978361,15.021791984194278,44.05505558141046
771.0484155540294,408.07407000759537,14.960503436107443,44.10471482983021
770.2290620672532,413.67909538538146,14.943708090323954,44.028911854104166
772.6450493486216,410.6982172644159,14.843196006224904,43.99400071093392
772.0791935863123,413.8436807621942,14.721936239301453,44.16517755906641
774.5453430602963,411.7787717201015,14.599192345044232,43.417080737703685
773.706137076965,409.04486494188916,14.528181880714786,43.2924951737975
773.5663119869824,412.0351288117467,14.554632393941349,42.72240597168015
776.3388787697911,410.98780132372764,14.629935019882828,42.17892575293979
775.8276697584971,412.77124771561023,14.545810574399894,42.78182323711891
775.0836929468318,408.95927065000257,14.672534778022372,42.612983140734194
777.4397251375668,411.2815102423786,14.737505632910725,43.04333305754456
776.5702343705685,409.83267546074137,14.635862596060885,43.467278255584745
776.4633825954425,410.2087186820709,14.672447487293569,43.68575069468524
776.2386883529995,410.2323255083194,14.620541120876428,43.55926663463082
775.8267016107868,408.6890483556303,14.42236063172235,43.64856942938887
778.0425847633898,408.766241268467,14.418295322915323,44.02587718148184
776.6660902897039,409.2234133809132,14.61463196277659,43.522475391854115
776.2341770755424,409.1376219014916,14.767409251599826,42.88146149314947
778.5569661582356,411.5220189007305,14.728584912355121,42.95866196717548
777.677977439132,410.4173390912547,14.698075393012168,42.7358750369021
776.9739486021163,412.69027653107855,14.631099426182155,43.19136152734106
779.2848964747028,413.77542430705614,14.602687129037623,44.13926985378857
778.4387725026066,408.3611779902986,14.485788907382233,43.74644138134672
778.0802391517065,411.1446838606775,14.489910922769585,42.5657907627202
780.2610528721195,411.7750390130887,14.453870754587653,42.198281093807836
779.9526532842028,412.65473858155,14.467844348393514,41.32645943100244
779.716316056836,410.934973267386,14.192154294975069,41.73823312993292
779.2789183152863,411.62017214467807,14.177855306143126,41.06131509212657
781.6921318416697,410.0753022562135,14.04044459553934,40.735828171134045
780.8874878862364,410.74379087010055,14.106224572789415,40.436410929474384
783.4708376214794,414.3892596797727,14.821316217110482,39.72630054630562
783.3147731277793,412.4391797278648,14.696717323079062,40.161640541979295
782.3504905257591,410.2173935757805,14.54547119250949,41.17322770630124
781.7242978672676,412.5067569695493,14.458199679658403,41.314545531648
781.2005546906256,413.815354631097,14.379461515120271,41.90679926136326
780.6764552145369,412.67906543665754,14.461378278405327,41.90556249521299
783.177167327116,413.2387853068142,14.455984383905268,42.957826093522684
781.8553548293601,411.3572401375501,14.640199665671847,43.30917136063975
781.3965598505621,411.75198951411306,14.808603584296947,43.227022325130854
780.7969983850319,408.7170406528506,14.830122555319951,43.22411607350416
780.5365987318247,410.19000433056567,14.82294081887247,43.32071877788846
780.644236281431,409.52501664821375,14.733280094536095,43.26253760935105
782.9843275654152,410.4083443423385,14.876578132646545,42.77373129927997
781.7894105984947,412.37558175300865,14.87691287901821,42.83772296963886
783.936570562945,410.1522855826892,15.003730283033685,42.59783478812203
782.6101372546736,412.4911590696439,14.971193075724022,42.743992328525344
781.4158799801323,407.62750770961355,14.957453758610928,42.7189928787862
783.5446211507051,408.7050710447944,15.774484375992062,41.4092059239053
779.0339203834706,411.8407886369366,15.731270660827306,41.493930903500335
784.9019738161488,406.60800066353994,16.120298263549365,40.97398076539373
820.5589335167834,418.8089158669108,15.861287614721572,40.262456068490884
821.0358986800798,420.9185393766647,15.636448336369579,39.42973682570134
821.6161560590896,419.6312215822228,15.455240574218582,39.13406330012894
821.3719025533877,420.000680652777,15.560543036071405,38.617240305795704
820.614428627013,419.46702571481813,16.079980668293047,37.86545683511769
819.3867401228531,420.50125790659547,16.49941440688316,37.30473950566302
819.2840050763789,420.0527274875051,16.533508301301588,37.00256776556629
819.0576150123379,421.0859545327818,16.366326035145956,36.66405530728372
819.7440360207084,421.25595456934144,16.28618836220054,36.36946585980094
822.2944393561567,421.46280509405386,16.709629814473253,36.06110343598593
821.8932047136643,422.27532583995577,16.859881830514112,35.91816803377414
822.1726541486805,421.45238520560497,17.11392451169002,35.75599211348794
822.4857386291977,420.8534156103499,17.259505106720304,35.54500231363403
821.7734953876567,422.21164578140093,17.524155774372733,35.453842617360195
821.2509364597706,422.199138454436,17.723541418078298,35.40049578986193
821.1166087215696,423.70782101971463,17.657263524128545,35.235490669451806
821.7140976167933,421.34752342667446,17.59746012733497,35.51288097577135
821.6473271739306,420.94049335676914,17.39600437237799,35.71425728293662
821.0113501189074,420.7607311752565,17.38156257502238,36.2771830774031
820.9116499569668,421.3746762431416,17.12866676109392,36.03063668781832
821.4038425084761,421.88240601595163,17.371400746248142,35.83802903848424
820.571802675014,422.4583468699618,17.72102693054446,35.63733690804335
820.6663037829595,421.59675794187723,17.91507613987215,35.52225232543844
819.4945013580804,419.06234092630734,18.047548940069905,36.19812485450306
818.7785111473443,420.33913271701925,18.125379543121646,36.14792014118227
818.5170775196457,420.70326379763014,17.924537096027017,36.269924555773734
818.6288826166053,420.44421472482526,17.780608402900267,36.094897989870006
818.2022526702169,420.9217560548508,18.07615591955933,35.719722627906954
817.6590585004632,420.84670568902266,18.032128819461057,35.43417977602709
817.6179366797647,420.3057102880006,18.16473160193962,35.31731100566056
817.202223743377,419.91174225856736,18.1721043660229,35.5061836680733
816.4645720541411,420.61883842976613,18.485187266436963,35.22332563048526
816.0217335819536,420.50375345502823,18.23611455985654,35.5500487864049
815.3664692704742,419.8220411280216,18.18637911993398,35.69919843793849
815.2274634404099,421.5409968540763,17.90785297307469,36.13609553571023
814.5987652770428,420.78155187145074,17.69070429782532,36.89827908435434
814.837467717623,420.62340369647774,17.327138700250515,37.502155984017335
815.1227479346212,420.9954773183877,16.59368680380893,38.16422846103783
815.9925788429678,420.5493512193325,16.696345429315382,38.19421858896936
815.7459279838251,421.7385328618969,17.069844613020454,37.9244826231765
815.0587549892348,420.13015973667336,17.19344852437365,38.035706956280364
814.6484629321999,419.9506236091121,17.228940046204208,37.88478136670692
814.6940857894438,419.6027152177351,17.378593939255612,37.90701374785331
814.865359545428,419.0517706793859,17.43987042883773,37.659653700024705
814.8237455721024,421.5842948650288,17.590563174177667,37.34146297186631
814.540897054638,421.4750817171241,17.507943468116967,37.15170971631282
814.0038670994883,420.17867615464934,17.79465671732563,37.21489399494888
814.0761193973777,420.9834496445308,17.805876945021414,37.3757889049488
813.6150220006705,420.95220610569817,17.74047272320016,37.452844828355516
814.1370005232343,421.08533468083925,17.690719662809872,37.38462267982813
813.6509748237883,422.4301723448147,17.63047643069754,37.27993570751382
812.996759015658,421.81543420311726,18.09758866476761,37.00501126077563
812.6766004593302,422.7857726602671,18.245622462956693,36.91646988553078
812.0585951948374,422.22606541110804,18.02057413688535,37.06263625972635
811.68589783571,421.7351591551591,18.265656347987775,37.37871817603544
811.3033520427553,420.98684479968756,18.3590053754179,37.45379005657236
810.4741520721454,421.2933586120249,18.359667227075956,37.54078131464912
810.182682939738,420.9319005361372,18.48407414199356,37.423659941724424
810.3927393628677,421.107655928625,18.37103086556027,37.36591428440777
809.8113670829017,422.6693098199756,18.333437777100553,37.402061085828265
809.6354725103083,421.2504441197496,18.423021768583524,37.28427161797877
809.383635406815,422.36363437668945,18.622237595824892,36.633342358943736
808.5011512673811,420.75510195861943,18.793808734189522,36.335440945617876
807.540106943159,421.6299093902966,18.96734267606024,35.94636659148756
806.9614115601097,422.0189176605948,18.84540414223224,35.922636936152585
805.7932832443353,421.53371622543693,18.798613193062025,36.12701742230164
805.6020989619553,420.7884584003863,18.484081509294246,36.33945916550439
805.767634808944,421.7948937660108,18.034174939793157,36.72707609561712
805.5407140458615,421.12314822206946,17.72894451981392,37.066576771741325
805.5095171205829,421.69269466519984,17.45366276912706,37.27880105276272
804.9774171491257,421.2351506777033,17.423353348867014,37.68197543017199
805.1045742795063,418.54831332957025,17.261834668731332,37.89981592844003
805.0532383588469,420.97585824918605,17.325365536809965,37.70830889102733
804.5102976153672,421.87564765335634,17.262606867977095,37.83297353285151
803.8258560048941,421.01507193663514,17.421732045634165,37.92661406102812
803.4370231177888,421.0170116558722,17.48770566543733,37.95237974514169
802.9305040209405,420.3098396863168,17.45202004226239,37.62766673940533
802.9493209066804,418.5437718750459,17.23428097202488,37.72133438251599
802.6903676931581,418.59917386625676,17.178195921579984,37.88328062873768
802.7871492812295,421.45357258713193,16.830562368087286,37.87422598102427
803.2203141951665,421.1270156370209,16.939377343737625,37.72737855273972
803.1979317975016,421.3766637421638,17.18767011116941,37.700157596178954
803.0977428827804,417.03562461845587,16.739639170050584,38.94563182061522
803.3201275579308,419.41677084916,16.316204566602238,40.062419177932554
802.8060753437169,420.04068032907696,16.173465989849813,40.31348418072979
802.2422244606166,419.9204425770623,15.892398029296993,40.30211411634053
802.4469279374797,419.6461496869325,15.7063559949949,40.94032828756802
802.5726863665774,419.37876241472,15.754361626108867,40.65479676929471
801.9771906965941,420.2909398055427,15.840391809230345,40.50071564926284
801.7526415105825,419.5446262495494,15.750505465314966,40.525286678523855
801.5545368988345,420.96675283296173,15.839932800802998,40.614373107493904
801.1497008579731,421.1485740612979,15.79007169179847,40.93209357778156
801.6524869956653,420.5314988770589,15.834771642747715,40.71377626628208
801.3573140856341,421.27832742623514,15.814724296267958,40.9798833624182
800.8053617382824,420.4572296760436,15.868416011654812,40.4223506122977
800.7038770011017,421.46469727050277,16.08453501664301,39.697190437302964
799.8012700433292,420.23499277444955,16.133638740842866,39.358006146709805
799.9484175761875,420.2474831354938,16.0040673843519,39.19571746780663
800.0975816423529,419.5988774094261,16.029769651343493,38.85214799419125
799.852611196449,420.81979666489633,15.866587462420958,38.509413649281626
800.067082587596,420.3666850698179,15.956743498428946,38.24769705729588
799.891807965888,420.58404058048933,15.94163550169273,38.76056607545426
800.1150958812967,421.232536155675,15.87222570366639,38.91379157604574
800.1716740403729,421.35788310423345,15.585152002558608,39.93882495096253
800.5345423734215,421.4556363579618,15.680908664078961,40.63515091439965
800.2822096428154,421.83923313447633,15.746754061223307,40.94055999103219
799.9790544885841,422.65964187286835,15.588756453521448,40.938569838161726
798.7027547994198,421.5304692587844,15.588121493089565,40.577770626632244
798.2337551631094,422.7535040885359,15.741784675622428,40.23588964777814
798.775911275432,421.5564655286066,15.802462656742215,40.96890846094265
799.1659985847725,422.9135855699007,15.912937773988713,40.94554223966739
799.5804360456669,422.8365365699801,15.628784634407305,41.15980403545649
799.198962864601,423.01157293345807,15.367700668742298,41.172302458565106
799.4456322886031,424.7445435263664,15.098783292095602,42.00819919389109
799.6415901746245,424.45001830853147,14.753155801731822,43.6196024442353
798.4990337714207,422.2870660730746,14.987153333710053,42.964515074786476
798.1900682421838,420.60519044249475,15.823782849067342,41.540521337014255
797.4125116653264,420.55571444616027,16.51394415379827,40.36439920534697
797.0940546783661,422.95304087338576,16.839983337765688,39.69864306415289
797.2165600377413,423.2763406196761,17.05597273369466,39.120244822900204
797.0351270821358,423.7707751620808,17.05483087389061,39.42206556410247
796.5910573684896,423.18868312159094,17.405467177899407,38.64740877899324
796.0209156650963,421.7468379246909,17.538009729469273,38.856277557574174
796.0326172628022,424.13283082184716,17.427185616009794,38.95829994197261
