655.5,316.5,93,87
653.8943849563251,314.37644600916144,92.82107834822938,87.10986208819878
652.6124343740343,318.2219177750883,94.38764169466516,85.5566534463292
649.7871243350334,319.1814328215578,94.14062488225571,85.48407296696136
649.0541387038688,319.39817216197997,95.23383850112359,85.44774513045249
648.952452792284,319.8635499371274,95.35791325855821,85.28284638262122
647.2717476674853,321.25169419029635,95.81702028931413,85.04849403541722
646.2832766892767,319.99552187894807,94.84672427728655,84.58857961346658
645.4353252028777,320.3519223849162,93.50183907640883,84.94771067893817
645.8998819329883,322.99331566988747,92.9341167432974,85.0844030022756
643.564890985902,323.5722098206323,92.30781682289475,84.6919689168848
640.6819194055063,324.2604112177038,93.6799835669075,85.28403085491192
639.0355678933704,324.69579077288637,94.87375790122265,84.56908037215219
637.0114369769896,324.45886387937816,95.3899669786285,84.75189516914782
634.625624943636,324.2264280989094,95.22536229319945,86.04119582487672
632.832376010679,324.53916617126487,96.47083742923972,86.89375060019454
630.6835461096432,324.9788594231991,97.81636405260039,87.68009063879887
627.5472828086689,323.4262287078272,98.2269507474751,87.85249026458052
628.9344761079778,324.579887047263,98.64865746970365,88.80838459759543
626.4132944821309,325.9478053653128,100.0948827209092,89.24685101630551
622.9893387380226,323.84501168741633,100.79186523497418,90.6128354248633
621.1243882093672,324.1779362009569,101.02342497033995,91.32723160652245
619.1738005951827,325.14461032766934,101.3424933700194,91.73058903775942
617.5578620052803,324.56099138412435,101.20708029141646,92.11135120682793
615.9905312417512,325.5598235214718,101.49085785775083,92.17874635557972
614.214404708838,325.45486324026245,101.04802139263245,92.14567804845058
610.9954386598362,325.6189122909108,101.78801266422016,92.68322052780795
609.4859001976941,325.97761143552435,102.58395197139293,92.70930512632583
607.7706395213974,325.13326720531086,102.48370540635355,92.9309165699224
605.8232970188005,324.0503905297878,102.95303068559495,92.99977637200304
602.8716219672064,325.8374563999244,104.2136562747757,92.61161160026617
601.2684707226013,325.0344713015767,105.33302872744112,94.10151759864651
599.7938644389372,324.9271132352584,106.80864341059106,94.93069354392419
596.8759846769537,326.78582691951533,108.66571064139087,94.74560169520099
594.6112892029303,327.0988219019384,110.0482009355987,94.7047805092512
592.0175453239932,326.5151286621077,111.82176066155147,95.49424519902794
588.0736014477352,326.8972692853765,113.72183160345952,95.90394812245039
584.2671364339257,327.96803931047094,115.54015399176589,97.03432493856405
582.1669152448849,325.2673797394419,116.20772273932369,99.20532720325708
582.0187709630794,326.18257037057504,116.22262042735676,100.01123601438559
579.1732741922823,328.0237276662063,119.26943009482079,99.41720281617415
574.613175510133,328.056937134963,120.26240825898508,99.34154777480569
574.3512073962102,328.60988432461517,121.39001532232578,99.70837115749472
573.6669612964233,330.72026379661617,121.5561397393067,99.95985599935086
579.3647828593738,334.2622853453828,123.70185746850821,99.57657517369879
583.7352834823611,333.0117842556915,124.2555272811884,99.14822864588221
594.6856734483,334.2722935153371,125.84488635687902,99.41263221330682
606.4810911628911,335.6613564204179,128.1363637023552,98.60251527899193
618.2041809579318,335.8394660181735,129.56961679049607,98.48219124034121
640.7294692452255,339.75863390950906,133.27762709945395,94.82001483953651
655.0456808043696,349.57934578534537,137.92927685714227,90.8765471730689
681.6226042054896,346.772628164453,143.17090734982418,87.38332347930675
710.93280113131,346.40357102504555,144.09500049769494,85.39672467103976
738.9134757885981,348.09429377368275,144.41723577784524,84.86928021899244
769.809451652289,347.9603325271641,145.00012764787567,83.87893495175297
801.1738144239271,351.6759853952159,144.94103406260723,83.5999877476013
834.2436232274052,352.77246112388934,145.88846021785793,82.34601412781691
865.4089775902441,355.21990970432216,145.75668032518794,82.23479645227239
874.8512700817674,363.3743259799101,145.7381765799343,82.24259903293242
887.0944583289186,369.48274581124775,145.73203423175028,82.24507013075514
897.76423953431,371.9817119499743,145.73100712980522,82.24574024359146
903.6952427005963,375.02710521780955,145.73078001018436,82.24589179919899
910.3101974295166,377.1792188644487,145.7306936648314,82.24595670791643
915.3794114727881,379.15757119125965,145.73063132383305,82.24600697716146
916.3348916671289,380.65964820146877,145.73058285283795,82.24604268643374
921.6838062884,384.13621006205096,145.73049797980252,82.24610833828575
928.8256134611057,387.795290003908,145.7303833521035,82.24619291181651
933.05167016694,390.68579559146735,145.73012273889677,82.24641266321143
941.7808451018979,394.16044221952626,145.72975207125162,82.24671724263438
955.9051595195823,400.2229756658003,145.72910526102922,82.2472082495615
965.0645199476365,406.06888883409124,145.67528842713742,82.28552927473498
965.388508005962,408.81899463985644,145.64977076843337,82.30445409203753
965.3000369057108,413.38608084021445,145.56928474008066,82.35600404239577
963.1629484411487,415.91571248669123,145.53650299382016,82.37572357948979
961.8630767245605,415.9669800927766,145.52972887366727,82.37974689139114
960.3688627694214,414.09010870040674,145.51592876232363,82.38762456954825
957.047976939923,413.6962950724307,145.49570214937833,82.39749483649818
955.9467798743166,414.75539335532346,145.4876093917057,82.40207525588104
954.4838540032105,416.17440438295245,145.4821521491615,82.40472712411557
951.7671348544918,417.8589351087566,145.473865669377,82.40962282964217
950.1353034342956,419.56797142362177,145.47068209138882,82.41173552744179
947.8977441906392,419.8928483412449,145.46520737420346,82.4148068689113
943.3789619815852,420.82424551779854,145.45284312715,82.4216418988913
939.9424271360008,423.04157665491414,145.43461738527458,82.43242945376163
938.0475412640648,423.4590668100899,145.41269736812987,82.44686271715207
936.7119801356926,420.9591894916587,145.41301107117843,82.4440052400618
937.385870451349,417.9868181887581,145.41401846286064,82.4425007450329
935.9569843108766,413.5466838389045,145.41589474771172,82.43705682114388
934.3074346820022,408.2849372160631,145.41687207629187,82.43343138396544
928.2384424435625,407.1467767759126,145.41825033674047,82.43123811746163
908.7740892720083,405.318723871403,145.43060154679236,82.39575457101203
904.1613892498553,406.026513370436,145.42539360464806,82.39695938260787
902.9933628680747,405.81630301458534,145.42617667864943,82.39543538667712
895.622646790551,400.48341796061356,144.8559061054252,82.86863576195469
886.7865763824345,401.1581243475707,143.25688679592574,84.08086921110862
883.1504247813042,402.86118785750006,141.6131524386772,85.30056521218499
885.9812075039295,403.6601825885031,140.70551279375016,86.19552762014351
883.748028319158,403.50418526262,137.3895821351252,88.70397083643907
886.4790786437283,404.40389538048845,135.1475499407273,90.73376612728309
889.4415493170676,404.23393848483573,132.23893812094977,93.41758059913047
890.6594188604952,406.443854845919,130.86674223458758,94.85251663001561
895.0518251207865,407.6525917957151,128.40225222758525,97.51253306016591
896.9656848763574,409.66813283454735,124.7573318471216,100.00263208906887
903.7571400805257,405.53511990042233,122.50046456775235,101.65647534013138
906.543789911662,415.23045583773893,121.71379792015867,102.20674622978036
907.175256668412,421.6618956275841,121.01043561322824,102.50046569488983
904.8600943644904,426.67184873281747,120.46816662747419,102.69604887193536
905.4428068499658,422.47730948170033,119.01562787077947,103.16124965810508
908.2725663738953,420.3786863766649,118.57391516218449,103.6157211432156
897.8034511123054,415.1710467912034,115.11869208734178,106.20580166377854
898.1023091441281,423.3198132567311,114.30018738093246,106.67707709759136
897.1323628366977,431.4160778425061,113.16150557677167,106.94093830690066
885.8122604840305,421.8097408561422,112.75725189282365,106.96970953915003
883.3927473958177,429.9184450008297,111.76224791788219,107.58693221596147
878.8589294178972,432.7014715471408,111.20739680554685,107.91917452586615
864.9299581963322,376.3114291948118,109.27870861818357,107.02000660601242
868.09535296848,379.62398579292426,108.46124762613414,105.91379332739001
848.4179116612021,390.27905437523435,102.1797929604166,110.22926651433237
840.0318870462534,390.9793413376884,97.89694106726701,112.57234922470869
842.7433957701599,395.69196013273375,96.88172238654397,110.1387321752369
834.870058109956,402.4438424175532,91.59146571537472,112.30621794892076
836.8896130694624,397.1434230592585,91.49895551827031,109.08127579697988
827.466078819789,406.76241619409757,90.44623039273918,104.90437141359327
816.8999502682832,416.3670993757545,89.82010279116105,102.3828521877306
815.5524917836088,422.5704760894317,89.3778060535395,99.78149960876488
805.9893811616923,416.3474823322748,89.18976109253853,99.32359651333742
800.1554733762039,429.5193506862381,89.13210135223616,99.24095866710509
793.6135531707903,428.4210614916427,89.11858878149589,99.22209225305802
783.6967173732254,412.21383795429165,88.74788224857384,98.74567018713518
771.1035692468134,416.6692284617394,88.75662532451796,98.3212201582626
774.929052110165,409.68145999233536,88.6759530243285,97.6041997621708
777.0838651858846,413.1532459224118,88.12556583124788,97.23495012568114
778.5703073981131,417.8589574700801,87.02236109619837,96.79739349305208
782.3674408348828,422.54848750395035,86.99005825769306,96.69664420106842
783.9426167788174,425.3337931672336,86.55126685757108,96.1827116464747
796.7025066949705,426.1997006480515,85.2537885084193,97.21966642589722
810.6990913213508,426.9596216025177,85.40259656583942,97.3073349644669
822.1819710015944,425.6226149750686,85.65718365615766,97.16477221533682
835.3059591094413,428.2478752131088,86.10000143155287,96.72956698583849
849.6009954865488,429.9675833085025,86.19719216610753,96.43145552642005
861.8364256307303,433.2076622930312,86.58311860564964,96.26828078032403
879.7952470232096,439.6465068953747,87.07798573890392,95.86390204621813
895.8329243134993,444.8546428293634,87.26243111559994,95.70290971925637
898.3850252800169,449.34410835424774,87.24011547406865,95.71597352727578
899.062387015332,451.49626400487705,87.23285680331946,95.7057043364602
899.6709575845676,452.75891816260383,87.23493129633314,95.70548647701564
902.4363132497475,449.5311722353101,87.23512235168498,95.70546437744039
906.3778449507852,448.7535152521473,87.23558622850997,95.70565322646418
913.1309585414075,447.6699160224026,87.23561038240938,95.70565875000987
916.9761504744461,449.7150907236395,87.23573392828892,95.70568429413039
919.2696480542805,451.74981096446373,87.23609199814271,95.70581578437523
921.6149133434112,452.49166161058645,87.23587094441756,95.7063744551653
921.4216914277121,453.93701386936453,87.23597031318269,95.70641486215443
920.0153520373681,455.0770993702455,87.23609854913191,95.7064166852522
920.5634248176932,457.5811581614805,87.23616132245074,95.70641439437753
923.3517284035221,459.1040304562117,87.23602738687696,95.70663595329162
923.0049154903171,460.8438453782274,87.23616747643993,95.70666137506844
923.834437101721,460.95724148365406,87.23630644452713,95.70674314318751
924.3976386517852,459.1792002908011,87.23564828324932,95.70827106646055
927.320351191777,456.80513829178045,87.23601931151153,95.70984927287586
929.2407520824542,453.19836262460956,87.23509465875826,95.71189710151084
932.1448741960553,451.7426932730375,87.23529826938565,95.71228895864671
935.401921938081,448.75396337621737,87.23475211318437,95.71320580261049
939.705580641318,449.3138915487723,87.23485181333909,95.71331906390009
939.6116270406288,450.21052386156066,87.23520166014791,95.71355498096415
943.9021231672639,448.76335753281586,87.23535946180927,95.71392620885779
946.9179529333035,448.1945788083659,87.23545728446662,95.71403951923068
953.9534484454919,447.1612683810341,87.23563897432314,95.71429751607575
956.1005010689094,446.34803744747285,87.23566262229411,95.71437190627715
959.6183792428367,442.1818617540033,87.23546354448956,95.7147263754916
964.1739983101322,442.51031052059903,87.2355316003891,95.71484780182246
971.1201835027933,441.24652618007156,87.23580228257181,95.71483288378681
967.5857018708458,439.80193160812235,87.23608669057077,95.71461248560149
964.5956980380355,441.06172327672095,87.23613248409069,95.71465767318455
960.2711866430725,443.98765481945065,87.23617608700481,95.71491880189755
961.1393484714936,449.24071028222,87.23625804120093,95.71501534248434
965.2581940874138,455.8291521314589,87.23634356564698,95.71486942934587
971.6941158110917,461.23014436819426,87.23748023608916,95.71404004620717
979.9622141267049,462.9168985010534,87.24039188122995,95.71244044519227
981.2187593396983,461.6337266872646,87.24329505036634,95.7107684973609
982.7908182065875,460.7399823574499,87.24644227401609,95.70885622181729
985.5594663584694,459.0195929081436,87.24791807642279,95.70793227771749
988.0545099218456,457.9611731121083,87.24812874401262,95.70779703916061
990.6771694677597,456.2880961901567,87.24855960259335,95.70752081981618
994.4300372045417,456.4614855269446,87.24895291702359,95.7072677855359
997.3422834691237,456.7294567680336,87.24916932645834,95.70712915782346
999.1563851231741,457.3473547823743,87.2494896065379,95.7069222757562
1002.6647799022207,458.20380992036337,87.24956863975329,95.70687174957192
1006.3100862956139,459.0207545626563,87.24964532135061,95.706823741155
1007.5267642974027,459.5604000700905,87.24971808211649,95.70677650546892
1011.4451727906218,460.9192025488456,87.24985521249964,95.70668892390479
1016.0195086956833,461.5717787037857,87.25002621396102,95.70657613905662
1019.5032703636323,462.7648719690375,87.25050519739887,95.70626197259736
1022.5280801001906,463.5599411303821,87.25089545176056,95.705993268324
1027.1747626034125,464.12204051246687,87.25126213476948,95.70573962115114
1031.491330060844,463.9764879523709,87.25258766912548,95.70485270285465
1037.4499680470835,464.3361465757671,87.25315456163678,95.70443738830176
1045.1769419111001,465.61658708097434,87.25350962138398,95.70417859315825
1057.0303694635788,466.4787845140087,87.25394707318962,95.70388431684187
1065.249285396307,467.747626656169,87.25436288839737,95.7035854962357
1075.85123783017,468.7970263014618,87.25464732120818,95.70339303052502
1083.383012318094,468.77132483075343,87.25546277864916,95.70279335198978
1092.2763647491417,469.94134493703837,87.25601606474685,95.70242093650853
1100.357539081696,470.75736318138877,87.25699747776338,95.70174199842877
1109.002077510955,471.9948413842961,87.25808747410399,95.70102899509531
1115.4748593527152,472.1936808501879,87.26018519042482,95.69963848804196
1124.3802339663587,471.82549344471056,87.26667953918744,95.69568677521576
1127.2199185801612,473.53149778709525,87.26690244415066,95.69565418946065
1131.738958949965,474.6492636048167,87.26738734022393,95.69539567680518
1130.0956755028303,477.9962742593978,87.26751290835217,95.69537938015523
1129.4579426216465,481.13422703106335,87.26760699999699,95.69538564483805
1127.4153418168366,486.3221093980267,87.26764310897599,95.69539338710764
1126.6263336816226,491.89592654747787,87.26771474305895,95.69541362159158
1128.8906578266824,498.2101235525658,87.26787647720083,95.69546905141814
1132.8569824565543,503.79898247288827,87.26825210072708,95.69555520399828
1133.3129865103244,507.0952207421098,87.26847216024393,95.69560605508163
1135.1807230853276,510.3724974298897,87.26869818702586,95.69564242790443
1133.991644096558,511.702843309942,87.26902494393842,95.6957115473164
1136.2986080888093,513.1652564668709,87.26918597158206,95.6957562013236
1136.863452672014,513.1403585560294,87.26939666460056,95.6957615102362
1137.792279894028,515.0008832029034,87.26969505374846,95.69580038749332
1137.4461617312688,514.7653482043553,87.27032098335835,95.69584637798455
1138.0006938343934,516.6362218561989,87.2707691062109,95.69586624234242
1140.8416167739374,519.5694175287216,87.27105117969865,95.69594714155963
1141.0272575961746,521.87761175162,87.27145208970771,95.69597085854367
1145.0326108198212,524.0228064863152,87.27171957277332,95.69601241179735
1143.5026837431888,525.9928121296379,87.27199840674797,95.69601262646417
1144.8490202912503,528.7710716671702,87.27227079097172,95.69603165641045
1145.1358782961029,530.6314322296015,87.27255299408097,95.69605990975217
1142.6589983742583,533.8741026072212,87.2728898145458,95.69605593506104
1143.0660266593711,535.8359327838009,87.27314856338192,95.69602152794631
1142.2593223116426,538.2572899835172,87.2732431070747,95.69601571616012
1142.0086993071727,540.9937345383707,87.273327540697,95.69602604340378
1145.6002779511616,542.2031010950602,87.27299295703477,95.69644065989868
1147.492371313707,545.4390907431529,87.27309010836284,95.69644813434326
1147.0124764683196,548.1611350325752,87.2731730754478,95.69644563032757
1145.8270635020547,550.8320671387845,87.27326598528767,95.6964536331799
1143.7920317398996,552.6285347778806,87.27335842500324,95.69645272502854
1144.714842750514,553.700673166792,87.27345371467959,95.69644875146628
1144.194656474586,555.238115249436,87.27355856061843,95.69647236587188
1146.1856743430135,557.2004147825741,87.27327521939337,95.6968906564683
1144.3920654070698,559.1334055023127,87.273391870196,95.6968969947009
1143.6341307137995,559.7172114735299,87.27355126051305,95.69689700886286
1138.4164728925855,561.2174047224081,87.27413446580734,95.69688482827554
1121.2041867789503,585.855583254131,87.30753237667142,95.23493892815992
1136.6758759228137,587.3397159617663,87.31291698262153,95.1556376890674
1130.4183983384928,584.5876714010667,87.3187225998716,95.15358467103174
1134.4456949989378,580.9930178420921,87.31961118968712,95.15346775104754
1134.725715379803,581.7287557266822,87.32758522850548,95.15041379869339
1133.1816371075026,584.1525035533707,87.33547577426589,95.15247268404309
1132.034576459163,585.0708298651484,87.33711779428805,95.15442093443482
1135.3843263126548,584.1919512627119,87.33737280227007,95.1573886676816
1137.625769489787,583.4364887293577,87.33764074488091,95.15941762194791
1139.1245020266692,579.894504096427,87.33920006229087,95.16961207320355
1140.3202774481038,577.8096464186349,87.3399755744022,95.1714883784949
1137.6707121986972,575.354711384262,87.34184292776862,95.17691136853578
1134.6777517655341,574.1330976734182,87.34281229797051,95.17781963548401
1130.2183368167225,573.8169947553785,87.3461873310916,95.17963089358348
1123.083811762951,574.671663006472,87.35994549985304,95.19300738501803
1115.5279233782967,570.6450170215387,87.36262478838765,95.19469508394968
1105.9086816283211,567.155446324569,87.36967251258177,95.19588781227036
1096.9978743143183,563.437265793419,87.37403212044582,95.19663381185661
1088.9489682039398,559.0502467892252,87.37863984291202,95.19681088884774
1080.3525404721686,555.7808137162938,87.3865263580902,95.20057514414653
1072.0661743999062,553.0475364479529,87.42585319865955,95.21325509281559
1065.8890610120723,548.9676987393062,87.43103898922044,95.21636961228172
1061.608764083499,546.4189436697253,87.46052303649127,95.23197820115077
1055.9629740168534,541.690362069811,87.46786435447478,95.2336360298855
1051.4072181778229,539.9132911357939,87.46784286755809,95.23381113728435
1049.458541025277,544.402744030083,87.46739100504672,95.23376143543705
1051.8968316151618,551.2239130899541,87.46713066420588,95.2337334582122
1058.4155254931725,557.8579335342349,87.46650037736146,95.23405461493837
1066.3042853468892,561.6193913772308,87.47879561896374,95.23642608028328
1066.4304151268577,559.232114319584,87.48549654448496,95.24488646465065
1072.056023513656,554.2651897122144,87.48809732917712,95.24957746863542
1071.5394654400955,550.8115108230716,87.4914497777205,95.25023368213203
1073.6285827947295,549.0497594403876,87.49645881997822,95.25124809186352
1072.3398662814825,547.1218739860861,87.50525852852458,95.25479035895646
1070.2214421774456,545.9679529838744,87.51462394088331,95.25536565119118
1070.6860798396951,544.0456859345339,87.5162767870654,95.25630472194848
1066.7634526671843,541.108390884582,87.51766001544878,95.25685755607472
1058.8378653534219,538.8563797832117,87.51826205691404,95.2572453059956
1053.144934794404,538.3919464372865,87.51904760579689,95.25747020173392
1047.6466185712716,536.8486002506615,87.51956055285522,95.25776993391618
1044.3629387397716,535.8700470296336,87.51996369577438,95.25807329255241
1041.529283172664,537.0781989548683,87.5200938149749,95.25810502481617
1036.6332550192985,537.7613286630916,87.52029240228474,95.25817682804258
1032.2884116522112,538.6713349087925,87.52056129740933,95.25822554345851
1032.2383112869638,538.5774380061026,87.52063070248025,95.25827309224832
1030.9386167342786,539.2221110305878,87.52070845607429,95.25831677277782
1027.8653451559128,541.6242702907493,87.52075960841127,95.25834338337515
1029.8310687156318,545.2846797414385,87.52086728328518,95.25841395495826
1027.7106817780636,547.6996954966039,87.52094615872626,95.25847058320787
1028.9246948213015,549.7628863416354,87.52068162696882,95.2589218551809
1029.0125974012574,552.611769475011,87.52076353020249,95.25897005299885
1030.5404609197435,552.3051230517284,87.52082048027575,95.25897807328538
1031.7185649133987,554.8652630531994,87.52086778585763,95.25900694638085
1033.508042476904,556.5743311073411,87.52100778404586,95.25905893319023
1034.8737642373842,558.9953591878417,87.52107418702019,95.25906858334628
1034.126427348943,561.1690239569963,87.5212348098724,95.25910537804505
1032.449735972682,563.3424086760278,87.52138279448099,95.25914628086318
1032.4415997257581,566.4506143468196,87.52154385854797,95.25916846436498
1034.8058553152766,567.5226245320997,87.52171329016747,95.25927069436044
1036.808063535901,568.7345931215659,87.52182107987554,95.25927202823016
1039.8142624149843,568.7915024430836,87.52154023073622,95.25974517979294
1041.996255009366,569.7603267403545,87.5213980061454,95.2599865188371
1041.4328551761923,570.2246422352466,87.52145840895794,95.25999076865396
1042.7384457244702,572.4151358477188,87.52156681359237,95.25999595627677
1043.2035184672218,573.8743586622472,87.52171011974573,95.26002571670048
1045.7906964460994,573.7889790937281,87.52206205154762,95.26025350634461
1046.6530393170235,575.5956199718767,87.52225688583297,95.26025490739622
1044.7962875750509,577.2329804984836,87.52236095953069,95.26025643032388
1044.0599414156525,579.4556905986317,87.52241800916227,95.26026078675984
1042.8532195940986,582.1561144957645,87.52247602261583,95.2602699642349
1043.0617844013914,584.6167355617538,87.52253812207904,95.26027674506751
1043.9404761592746,586.5504789101756,87.522722012013,95.26026937256488
1047.8177023697651,587.3373080706833,87.52289920300112,95.26023327826454
1048.41504210269,589.848538836068,87.52306624803859,95.2602694014564
1048.2921085261937,590.9797858497222,87.52318812958667,95.26026898452984
1048.8511106143164,593.1884204523303,87.5235107365215,95.26024993571619
1050.8998493420972,595.4817451907942,87.52318551408383,95.26081540553542
1052.7732553631147,597.9892410841358,87.52331861479463,95.26083397575538
1052.1850521745025,599.926026313711,87.52341910193597,95.26084468764054
1051.596398061692,601.4200526998519,87.5235555011941,95.26086574119488
1049.9686644260323,602.430226687757,87.52365191718212,95.26087298999418
1049.4414382641905,604.4297153707865,87.52387653109564,95.26083251549086
1051.787587840898,606.973683030696,87.52477319753574,95.26119313225657
1053.4322760245652,608.3390108890779,87.52497526800595,95.2612305173755
1054.3276776428827,610.2766471919847,87.52508346745202,95.26125641162305
1056.1332769386795,610.0802981420093,87.52542972334703,95.26153979270744
1055.1470973563978,611.8270502020861,87.52572892277678,95.26162340486886
1052.6121125191635,613.3563575398823,87.52596354704377,95.26173599368074
1052.449403497304,614.7857428042074,87.52608834783123,95.26177898927685
1054.548033289957,616.8670118256306,87.52589173173342,95.26207177605069
1057.3866827491279,617.7695373065613,87.52613263883072,95.26241570211339
1055.3188003771843,617.6411688431668,87.52672692297087,95.26287018013387
1054.9569024567293,619.6058267257171,87.52697244420915,95.26299801282698
1054.0178604160528,620.5958958423887,87.52727596888326,95.26307211030199
1051.7639838191508,621.469480015898,87.52754854134947,95.26314871739257
1052.1648186975133,621.7935057104794,87.52775097843777,95.26334886173794
1051.377860483151,621.8344210261218,87.52722108662888,95.26418870301538
1051.0227080371476,621.6723877011444,87.52741126115168,95.26423881172764
1052.5002014550987,623.3758451364454,87.5276439324673,95.26435666932083
1051.3793197371206,624.5648027726244,87.5280350215452,95.26444737840832
1052.0498591052797,626.1567356474452,87.52830707906578,95.2645444507271
1050.5327730231575,625.4685832735855,87.5285153246241,95.26473375712408
1051.2164921826025,627.2356463809182,87.52870820270981,95.26484802669651
1054.7179283968376,628.7200370530768,87.52890660553824,95.26505128626093
1059.496768293929,630.5785351909703,87.52923786634794,95.26512487474695
1060.683629904052,632.1624912810676,87.5294384246365,95.26515354957874
1061.6378527075183,631.7140278399704,87.52954212648048,95.26520701725677
1060.9663244153621,634.0471929295979,87.5297463567431,95.26526678017078
1062.2975902049693,636.1941288170792,87.52996192222763,95.26536940477482
1062.1156751882795,637.3092861713235,87.53009350289632,95.26546622582737
1061.0526362017426,638.3797873735243,87.53022948416388,95.26553990937748
1062.9919977574582,639.0668722148425,87.53038234357324,95.26558916747571
1064.1890281738467,639.9037678666747,87.53057428789599,95.26562122043995
1066.0848171635937,640.7502163410838,87.5306618624487,95.26565139373766
1070.639203929511,642.6039035802029,87.53071306053339,95.26569392676059
1072.8060162654326,641.3122802423038,87.53087535310654,95.2657520687757
1075.9176594880976,641.3532520126611,87.53095516830557,95.26575869339271
1076.9970445372683,642.2146931156658,87.53102334205883,95.26578188479833
1077.861715072087,643.1807678238534,87.5311093716492,95.26582407875928
1077.6612617866433,643.8534140550726,87.53126810690055,95.26586030494259
1076.393812306932,644.5104146933464,87.53142089627907,95.26590576892681
1076.138834863545,645.5915101460986,87.5315144329933,95.2659019628792
1077.1751578397914,644.9490987910281,87.53166244107207,95.26592903112112
1078.132734521017,645.347317877711,87.5318676220166,95.26596585098413
1079.0970310261166,646.4849897428744,87.53204932628748,95.26601012305318
1077.8678918185126,645.1161368835195,87.532506610743,95.26602992295487
1078.9015466127842,645.1731813996663,87.53267305636415,95.26609052073108
1077.6588905627934,646.594231148154,87.5329819233896,95.26615244076316
1076.3359763386247,649.1635077897026,87.53314567980233,95.26617614207123
1076.140980453799,650.096826588322,87.53326147122202,95.26621976298006
1078.2849213641484,651.9512665939043,87.53334447138515,95.26624377975409
1079.5268842628254,654.2453255251294,87.53350590280621,95.26624733148856
1079.996732105799,655.2784753656053,87.53373380132024,95.26624851952474
1081.7560473663495,656.7448456498456,87.53386825290573,95.26625841452979
1082.4932523312114,657.7041797498608,87.53411001748017,95.26628828693295
1083.3453761812043,656.838832253446,87.53438325827469,95.26632713275934
1086.4562420523298,658.1275800908592,87.5344666252769,95.26634968264926
1088.2668738445454,660.2670251790425,87.53464273620385,95.2663548843953
1088.564853293504,661.8195030960115,87.53472736541292,95.26636616776686
1087.897999539739,663.9901160594421,87.53487071068888,95.26637158703602
1090.836745393176,664.8837863420305,87.53492436056527,95.26637273576465
1095.107520112283,666.8666217457132,87.53505716569836,95.26635940100961
1099.3119690306028,668.7202152851523,87.53511776411732,95.26637642560134
1099.2238192836032,669.8409720290379,87.53515823218504,95.26637642850702
1103.8109347464667,672.350716545606,87.53524085168527,95.26638765095558
1110.541515936311,673.6686540878364,87.53536883149363,95.2664473962065
1114.0802689971374,672.3379111052823,87.53547177203558,95.2665070555441
1114.7543929208837,672.0845395110318,87.53555561437747,95.26651605167349
1117.7316846464855,673.9481638870614,87.5356783551907,95.26650190158892
1120.7911599768786,674.9854906985222,87.53582015885148,95.26649713578398
1123.2915567130162,676.841408437836,87.53593696871128,95.26650037938549
1125.3292956037549,678.6880455838989,87.53600592871943,95.26650559203559
1126.8385279067581,679.0125003793493,87.53604260445105,95.2665037817822
1128.2794719802152,678.8620428293888,87.53613392302182,95.26649696474144
1128.8196275953196,680.0503977235107,87.53617857545748,95.26649067724519
1132.1485996435697,682.2449337542723,87.5362421007227,95.26648197402898
1134.9415769375692,684.408985140226,87.53631990331797,95.26647606872915
1135.8943101465084,687.5019004786808,87.5363974088179,95.26647407758018
1140.3761151632273,688.2986729197714,87.53642663471824,95.26647701644377
1142.3998457083896,689.546889785319,87.53651336162383,95.26647463605674
1143.5543161478026,690.5491094362457,87.53656939861482,95.26645942935714
1142.307349546382,693.2326872207926,87.53662948210196,95.26645416696492
1138.4442267138893,694.0889296305959,87.53675467513294,95.26645859468054
1131.902963657529,694.5928926813975,87.53697583332504,95.26642629381266
1131.6908906535593,697.8963799991848,87.53749228913821,95.26637571524488
1127.4680906992069,698.8570688148594,87.53766048855351,95.26640721399218
1123.815805975876,698.3732171482241,87.53775748877402,95.2664194833819
1117.5470970779745,695.2957875793242,87.53784370346114,95.26640954159197
1113.7780874162802,691.2819824624842,87.53791966365986,95.26644905078463
1108.5232832251702,689.7339211284008,87.53794934104583,95.26647520329591
1104.5210519336763,688.6530761486755,87.5379620796733,95.26649304742037
1097.5528708631489,685.8344003415871,87.53797435195362,95.26652605045226
1088.603594544775,681.6487050874682,87.53796932573776,95.26654910416113
1082.7371151658226,674.5398166948768,87.53789776442882,95.26671362280362
1077.5672448858281,673.4686700374,87.53784416548187,95.26680432201913
1073.7059670854553,668.8224485317844,87.53776735808549,95.26693852587722
1069.6777491046814,663.3228768270818,87.53733858116885,95.26774132859305
1064.808885842085,657.8093315751238,87.53657690903542,95.26912172661311
1060.6888491418729,656.1821338352167,87.53544509400542,95.27145297836944
1057.914653630401,653.6069797166676,87.53382257477354,95.27444380595206
1055.938975121151,653.7755979211777,87.53191535682355,95.2777961155848
1055.3761084449714,655.6196475413597,87.53004088676488,95.2811243444745
1055.849172013992,658.6515954631062,87.52876079605203,95.2836624075365
1056.2063315594723,657.8862450810648,87.52803906236473,95.2851065893591
1056.3907824313785,658.1124617970089,87.52629284066049,95.28837468745054
1056.3023795266145,658.4169672419492,87.52502388796339,95.29088194217744
1055.6582873724753,660.6336057936635,87.5242547727417,95.29246554507834
1055.7927036580816,661.365187687946,87.52341156877574,95.29418520320675
1056.0840603276588,662.0770274169162,87.5230426424252,95.29499631628845
1057.046904936321,659.2192193156818,87.52232035644363,95.29641488310664
1057.766041670111,657.7643102632627,87.52153556398096,95.29797359616016
1057.969971964932,657.4219946860082,87.52070472230228,95.29955012468103
1058.2149017772606,657.5640648511151,87.51976340208839,95.30135386885969
1057.3913499112048,658.0749113432523,87.51857709609108,95.30358297034729
1058.2207401229878,658.0978082981734,87.51822677201228,95.30420177060546
1059.240165108739,657.5286777819416,87.51743126675785,95.30557787531943
1060.4766783185103,659.4530343374788,87.51628671367013,95.30754487708383
1062.184584406549,657.1421994698237,87.51492732880654,95.30991996899189
1063.2059530044255,654.981368158867,87.51284288497628,95.31361851390943
1064.6168986532466,654.5945030127499,87.5118076816943,95.31557868647661
1065.5100895914934,653.8136042336716,87.51153286849424,95.31607000645863
1065.3855879627001,652.5314962979772,87.51148962158325,95.31614555802311
1063.6497841859416,650.0091053778394,87.51140103671835,95.3162935329424
1061.0367987426011,644.3120929911471,87.5113677997113,95.31635830724257
1061.6502570515033,638.7373788519205,87.51134329559275,95.31640876281975
1063.479882196903,632.1479306284401,87.5113148923818,95.31646647992221
1066.868322904615,628.1243164596324,87.5113042044967,95.3164879388755
1071.5067454294285,624.0602731708624,87.51130699422535,95.3164998704194
1080.5527504667507,615.491462337541,87.51129025149042,95.31653303608584
1093.7340897484416,608.1506611948486,86.42493691393828,96.7473447254621
1092.9885324321226,613.8962277110144,85.8988320031192,97.44654124482736
1090.6458016912145,619.8630606238055,85.75990831876756,97.60066400109318
1084.7692875835914,615.3369975883359,85.7599105254076,97.60334110505259
1065.3505142458434,610.9485729761841,85.8639939135501,96.85689588050357
1043.7087180929072,624.0555748394254,85.86856018792845,96.54499557809321
1036.6943884076502,626.9244065744361,85.87728395053217,96.53871781592699
1031.6683250894823,630.0346905546957,85.87947047761514,96.53763990667744
1024.3480128130054,630.8961953912043,85.88226143529309,96.53840204419174
1024.680584135641,630.1943435889737,85.88302557694026,96.53893446697435
1026.212970795956,631.090466573636,85.88366477767276,96.53940213976995
1027.5003816157562,632.4734044550517,85.88527941927653,96.54058522627346
1027.2797960300882,632.6225293275289,85.88651460838526,96.54075877157145
1028.1518693363312,632.7965872315406,85.8876682888683,96.540514773746
1022.0665027501992,633.2622670356258,85.8877271370964,96.54049079360831
1018.3303634942907,634.7391290871711,85.88781002360822,96.54046317985177
1016.0576793511912,638.4562847260181,85.8878678125235,96.54045232482616
1016.5798414189921,642.3293899420693,85.8879292293278,96.54046534243095
1018.8790465364514,642.7223590406919,85.88793389232804,96.54048561409958
1022.8840720232455,645.3226109102254,85.88796707096148,96.54049666842864
1024.4250911578704,648.402830398197,85.88803396147094,96.5404542684133
1027.1794538574418,652.1036997973858,85.88810620789695,96.54044886847302
1034.5485833952007,655.0986605357779,85.88814459484274,96.54045945193066
1032.7132419152288,657.0176488467275,85.88826814850627,96.54043687437343
1034.2108063774936,659.4477883261841,85.88831816188834,96.54044176708395
1034.7847490669196,659.1814726335526,85.88839940634239,96.54042995337983
1033.4090367380609,659.0050536135262,85.88866606502144,96.5403896612946
1035.4933968172893,660.1674795919897,85.88880634205056,96.54033676518915
