1414.5,536.5,308,114
1391.1871057753776,542.9039142230437,328.3184505655468,97.50923732049212
1386.2769921874594,552.0180202255456,343.3054912609356,84.19205903503895
1378.8093225536134,552.3550003117734,348.9065753399559,81.53991806221063
1366.158716682608,553.597462600678,357.98573723476517,81.84959171802086
1367.9808178572816,551.8556991334486,350.50353848008695,83.39819015693067
1360.7835045198453,552.5256241878989,357.84805339141343,81.82355126249016
1347.7389801830752,551.6083136383428,368.77868539972826,83.73753740803463
1345.7794477141347,552.2984780878147,369.3874856614717,83.5427309100081
1337.1586510843033,551.8062986800583,371.1547785141428,85.75753406669082
1326.8503055134406,551.5079381632607,374.72803908120113,86.69001055483659
1317.5377169274025,552.8153988634688,378.4570233920481,86.59562173917689
1313.926724801834,551.527708794874,372.1695035890002,88.78740930178807
1309.6626328186653,552.6937087256044,372.09108202586066,88.27199014562797
1300.7698179797817,555.3236214463025,373.5370260268462,87.96756864069008
1292.7267078230009,556.6369841651591,373.952119774473,85.30340614389878
1282.184371905725,557.9337740984898,377.3296917255394,83.40755009294503
1274.9056797924782,558.3525296640119,378.12472460574645,84.11504376732837
1269.527293882259,557.0939912307189,377.49014578376614,85.6577431230719
1261.0559746857236,555.668253110951,376.5886269440185,85.50090468886395
1254.3518163263248,554.8712512517459,369.74324834367286,87.88487310738904
1248.8639161357296,554.7011973246516,356.3096920758094,88.31901641382683
1251.8338853017433,556.577693012441,350.0910994981849,85.6777258419389
1238.5677287987983,559.3523683665699,352.2090990057681,84.45874813878916
1232.0345213494895,559.314582606954,345.3544510396867,83.96924038802304
1236.197009577495,558.6000765066849,338.1306710314683,84.94600881716212
1223.6729819270524,556.8900616751231,339.7833684131361,84.800340450432
1220.8009723355835,561.9987015244594,342.8377985922091,82.14052752447228
1207.5729215284061,560.1474827329895,340.14116901620037,80.33328162106793
1210.6656578602042,562.4395374032358,335.59373929228434,80.60377597797691
1201.61041435872,560.3447051346388,336.55509220072116,80.43153013898102
1192.4369037895078,562.1632931991586,347.37158696304425,81.94924289401834
1184.6926064683803,559.0737130130009,344.35629638337883,84.29408065191154
1168.3685970686488,562.5942273853103,353.59746352421485,81.4096029786696
1165.0507615880729,558.5646683754961,349.75283587961883,87.1241631385324
1152.3226013205285,560.0074184828046,360.9405265089193,85.45206880710064
1141.920342454045,557.5351459996577,357.505676670533,88.57385040529003
1137.5190220999348,557.6911508498542,362.2497774996553,88.45085630406106
1131.9009925006335,558.6381050609156,361.9552759886117,90.62381101499474
1124.6263769155885,556.9163026397567,366.3748810357719,91.58124372562969
1118.1574891280452,556.2910372713217,366.27546540302757,91.3645061975679
1117.4216267898032,556.2305786797813,362.44820859352154,91.89790873892956
1116.2905406464185,557.6210898321135,361.8668318408544,91.8087995016042
1112.9224753205842,556.0630185741913,355.66389557070266,95.284335246855
1110.9553603123056,557.3081419103062,353.35072199089217,93.86853663824537
1099.1555699848382,557.9301127416809,360.6555177501979,90.61621197748333
1095.7717910616907,559.5477278601098,359.421771386405,94.15241346468241
1100.3414179442384,556.4733690736144,357.49587228196185,95.64237043921463
1096.0485324493122,554.999002121466,366.58115029290195,96.6851612202619
1094.2044022829928,551.1232989717787,367.54406063500215,98.59360486431962
1082.7598899863888,557.8940205548755,367.19664743677845,100.55861988928973
1090.1600035766708,557.8323689857403,366.68104561738426,99.68906090993596
1092.3148678293678,559.9571162228326,366.66937223928085,98.48268664256176
1092.9717809908386,566.4321600151761,370.6341595783037,91.4894082689095
1090.254717417149,570.2297026541346,379.77652942165264,85.75552376432711
1091.8391914481585,574.7552499612452,385.5160631808704,83.04458644391914
1113.2484055395605,570.5431731065282,370.7740833373647,88.60694860076497
1120.7765858189105,577.2677963308142,373.3079071791125,86.17265342089524
1135.6012341176106,576.0070966711613,370.8431115543988,87.6039751046047
1141.3278645863634,581.549634394089,369.51299852499693,86.18010127909987
1153.4980820501632,580.6093661364721,373.0026783078765,85.76124454073086
1155.971078429096,587.0056179509469,377.10372104389967,83.86943007360784
1157.3022171254129,586.6605755851956,378.09629705524884,84.06176356795807
1160.5777812057927,584.8766064442837,375.899157945045,86.90947458099852
1151.8290646181213,586.4795231914038,383.59096711183315,85.4500589533297
1147.6249986993976,588.4138346235536,388.6601877260596,83.38727125101174
1148.7135256871352,589.2098390767319,385.86242787191503,85.55265148434262
1136.8399407836564,589.1981471392673,387.7268887819065,89.19524836178397
1126.0391763840892,588.8903093322767,398.704559444623,88.07805919395662
1121.3538949026558,588.6696615671596,404.4408012714521,87.34040504824178
1107.0478249361902,590.2745948676016,417.36222767376296,85.5820306150288
1093.0928747667524,589.5974918531975,420.84783864733606,88.82781193101232
1091.0383429671838,590.4433087787498,422.0131535212297,89.91733729482785
1078.2819754958196,586.4086334875793,407.3597141135149,96.44290858726934
1079.759487248328,583.0003915270654,415.7890825596925,98.68574034062026
1077.5519176585224,581.8560646573784,418.7129396658261,98.91195126639738
1058.974501901712,581.9139504436872,432.2084649653211,100.85468948622224
1062.2958266073733,578.1326818629267,436.46877873992395,103.04169364064109
1045.755740370629,578.328512995646,439.60005531791876,103.60556273236577
1044.5218741512986,577.2844578512277,445.7060908469721,101.68196914153701
1051.9148057413277,576.4868769506447,446.05623609113366,102.67111962880296
1060.3555273478928,576.8648048259099,440.58484479663656,102.29609153798583
1070.9324325247862,577.4434799271065,437.0507654685596,103.70693997561631
1072.9694815916812,577.271374710634,449.9086782007636,105.28656553851208
1082.8935084640498,576.1425315495944,454.1843796612127,106.12152630239797
1091.869204530476,580.4285772032246,461.1306995175753,105.37985220219349
1108.0620627113985,576.0762650757745,458.9094035030246,109.6273136431505
1129.7701392798842,579.3149196110637,446.98702224099594,112.11243583414134
1134.4747899910699,579.8331325700505,453.30659476258614,109.78411601472254
1141.251956682649,585.7681444031143,460.97966301604004,107.6227703252822
1154.7689257489842,582.9022537905507,441.8816944875068,112.62027736618927
1159.2681032291557,582.6731732787705,441.50052206217083,112.69322215074713
1160.4687633494582,581.916198797489,450.7933050372085,110.616894255088
1161.5233381192097,584.263111456187,443.0632307898118,114.38674972791219
1167.7144121835597,585.1797738477369,443.2461817321268,113.57992723502485
1172.2904553862745,584.2358487346577,435.4788424508612,116.21899774367688
1169.5208932066344,587.456743896442,438.0823556633374,112.88648925002434
1165.1020513547487,586.2289729277809,431.7033196827067,112.49574893311892
1171.946642406797,583.5916447039431,428.1828505143362,114.13412497377246
1155.3438596492613,590.0329702660171,434.00575113669913,108.56820737697566
1159.970420856421,585.83572298906,432.856754210503,108.72638021031935
1151.3160884250233,588.7663593768424,436.2792595229165,109.41387942410628
1158.0732836908232,585.9285029389662,437.8522333808992,108.78821651755685
1145.034726286744,586.8280005743708,433.4839047811493,111.35949502607284
1148.9613104797104,584.8442431932734,432.8319677809502,108.7263135600821
1138.7704543977404,588.2045285808251,431.48190944586656,109.0550637775766
1140.5516968206384,586.6892888306552,435.20644518657167,105.28016720440135
1134.1549089660691,588.7050928049007,437.8851972903711,106.54211398824052
1139.372472930552,584.7063621116602,432.84957527201703,110.19216028716255
1133.9173351779355,588.328682327516,435.03382327045523,107.86425263659154
1134.026749425453,584.7354900893198,432.07620143512463,108.68716185427164
1130.1367174266475,588.2749491273117,433.88671097653673,107.12191094098952
1134.6712835401738,584.3895259366354,423.0677793625933,110.26796219198285
1133.2666724212354,585.3692302779211,420.13319600342345,112.09199705545007
1129.4300028595999,587.454053284311,423.24338948351954,109.82262626479776
1128.9282590453183,585.0399070929016,422.6527949423013,109.49766083833987
1119.4403906186549,588.9428530226272,423.3078893123853,111.6506145632227
1125.262189315779,581.4535129534794,420.0359768352076,115.66178374544091
1114.4286899707465,587.4980374403281,432.45005134380443,106.22038571817025
1113.0430995748063,590.3995184897173,441.5618842267778,104.28644022327806
1109.301233631495,582.5064317692133,426.71954157814594,113.75591049461406
1114.9818007866775,584.0863068885807,423.97779625288393,112.66593179457203
1117.1376153625074,581.1679099469145,423.66741477191283,112.30147825422208
1112.7209831135629,586.6511437193368,433.1607121050183,108.12289215328471
1112.275883498951,583.1164418496916,427.552557802483,108.69128267318477
1109.618507012294,588.5580583112131,427.2696121319677,107.7309359236032
1115.6214277654476,586.7978673839714,421.99186355867835,106.65963030339157
1106.1369034065747,592.114136056427,425.6417181989023,107.94933382773388
1108.5840087277857,588.901209286951,422.2078780216075,107.6146623815398
1106.117466867716,591.6107284149155,427.81742974520193,103.511510462925
1101.656684141439,594.4249673812789,430.4770242746396,104.27130765395577
1104.1961026945598,588.9608797914179,411.7206252983975,111.89568115025833
1106.6084303380617,591.9466739163314,419.2308200839782,106.46344459217693
1104.4194157180698,588.2483634404695,419.9512826288834,106.6794877577661
1102.8544639368645,590.8600466276439,429.60979276892624,106.67431278330162
1102.0967588230574,590.3754138787799,419.7436810567842,108.68814891536698
1111.2712106320146,583.2866033145651,411.1394872455341,115.29790450094274
1107.2422294830767,589.3157401966088,414.02119443621626,111.0537360527027
1108.5921667548587,588.7648669132419,415.2868881972257,108.38900667717373
1106.652370967256,589.4218560846532,418.43716878941814,107.54282266203327
1105.459646306157,589.3426191332143,418.3922613563157,105.6775261908501
1101.5494675297698,591.2847626634864,416.7708643662057,107.0326735437533
1096.195505045418,595.2073981125378,424.2106199274642,99.79939720940702
1098.7633981080044,591.7998744147519,426.2950880438299,98.7881472250346
1096.4324848145043,593.642528019994,426.6279219752361,100.68483869126676
1097.6154335879519,594.3430411518455,429.43526576475756,99.19007256547692
1099.1611259567812,591.2810159507748,419.28601547451507,104.48602933870642
1093.7659682410263,594.5576482899958,420.5452070379509,101.5559097994742
1099.748311023873,592.9545147388477,423.48780952630096,102.35660531465012
1094.1542398612287,590.5107476965325,422.1446522421528,106.24065659899883
1093.584874985053,593.6798347543755,432.33117147831314,100.19408405886152
1087.4611164908395,592.1975983442064,428.08180576168974,102.89220064390415
1089.7432232165238,589.7235857550482,429.2300789205667,104.00901098177911
1091.7115107504994,588.0512311707489,426.5504632434154,107.83818691394896
1093.8608539223756,585.1378436069892,425.28229561610584,110.8658919144591
1089.237299044214,591.3039058363311,425.04228346398645,106.43170906985289
1090.2541479985557,588.2400203351523,422.91833340018025,104.67354191224834
1090.8600037917158,587.7597437146975,424.17098345672974,106.58727467530535
1095.0660967358203,584.009063216329,418.0114459280529,110.88117272830254
1089.7611582264688,588.923208566209,420.37043177479416,108.95310971761796
1091.8513564331267,587.9285775195972,423.2869661839764,106.82237668607203
1087.5873742497215,589.4328566926981,426.2234957469781,106.35788850203795
1093.6840845137488,585.3728472142136,424.89351809004256,107.66406664908259
1080.8041428113702,592.9571165366624,430.92616498274316,106.3348871029207
1087.6408343726675,585.6862722332742,422.6793224391973,111.43480802237829
1086.554125707063,587.0302520471707,424.69328344445137,108.60890102347398
1080.888605775282,590.8307229573858,439.22703450387314,102.80366862912062
1091.4513938360792,590.1043498996218,432.20975736758714,102.90072675439465
1094.6187374806152,595.4039497079596,436.7745326625245,97.65348081622389
1099.5215399435938,595.1558662064106,437.35299560917656,96.01704111638695
1117.7151737223617,594.706312370008,430.38682982950843,97.35675845219129
1120.2727790185086,599.0768023486564,435.72869612052796,97.64997192486659
1131.5776280353634,594.6714274690214,440.34936172722485,100.29259911462506
1149.8400301775384,594.6935337082435,443.3467799064948,100.11601571842513
1163.7729019399512,596.3436260331553,448.8615492262477,100.33342758420099
1181.5183970563733,598.3381631656814,454.2463715995177,103.63279913875527
1200.2731443876214,599.2464567565839,459.59584248338274,103.68060976086446
1217.7284266524632,600.0430562755241,459.64661877060956,106.59047341368579
1229.7098135687443,601.3758959885647,472.676604981798,105.74826182337068
1240.161587396294,603.0535650736839,475.93712874170416,106.31993745477067
1249.6409817648018,603.0667117143322,479.9210380625192,104.76691225853816
1259.9846517875744,607.387928055424,490.8636893175375,102.60538317436603
1262.0913810128243,604.8006042576632,494.7825602707022,107.13850923829109
1268.0637658589949,607.5241288491071,502.5106416886717,106.91173509537884
1267.423168025153,608.147706870533,507.03700437560167,107.56011236407358
1274.90886574958,601.9366141837419,503.5222578798952,114.32440104730765
1280.4232814400934,605.3796183784771,505.03044187204387,115.19253744114971
1290.568857485966,600.4017854637411,495.2859207353798,120.59489110130367
1282.2273977287023,600.809726346922,496.756107939722,127.80584940955396
1286.5494753494886,596.3583698064471,499.00018729089857,124.16165980328847
1280.0181430521072,603.9735748475725,500.94253376355795,128.7751718071459
1264.8340028320315,590.9361198789069,500.94495587929,130.0889408723255
1270.4524104915495,601.2589057598447,508.1104754447607,122.94896152977961
1249.9133393098748,598.4211253254379,496.7428222822991,124.76597558985185
1249.0823519391151,592.5427283550499,499.85999229533405,127.26812554075221
1234.3553484502866,599.1521887712091,502.95179134031383,123.31690622239407
1229.0517521152228,588.1929706673037,503.49702297286115,125.4164010402047
1224.078924968048,590.4876490807795,497.0931490162965,120.19727515759291
1224.0503303831767,588.2989525041359,493.42091702141,116.60373726909233
1210.5685044700983,593.4126501013071,482.8687421813179,116.27101230758922
1216.8550496876,592.1886715846907,485.91108779228034,111.41988165605376
1218.4561539117174,591.6584035051849,477.81592231955926,109.47710442360628
1218.3648280286407,594.6450113740334,470.3997211100076,106.83666589453924
1220.4497153528255,596.927385030725,464.95560751462074,106.46122682245439
1218.9841254575135,597.3016705731154,467.99461036256565,103.68731466495997
1222.7797433687977,596.8597856071184,460.55796985594003,107.03499830922082
1222.7476594005418,595.1299318332831,459.09234498194616,107.26246649663926
1225.021619205981,594.9644667392444,457.74485579404865,110.13433521399196
1224.2308736263103,594.7027870438623,461.8589877191084,107.67833980084856
1214.2928499947632,595.8158344014574,467.3109223772155,108.5769117931952
1213.1355494304823,593.0346918384156,472.18895371039844,107.38336250100676
1213.2118307053374,597.3808428198777,470.2495869183281,108.69728161556972
1208.3074091380445,590.719230159349,458.7909531191733,116.17503367950536
1215.710774097658,592.5648519692115,462.73998495828727,111.30225484941502
1211.045171314811,597.2124346657109,465.054518317062,108.76649243697769
1217.4744612087707,590.3676747710459,460.3113668006745,112.35307244782929
1216.85751504345,592.8483805871319,461.37180766927315,113.36183096838798
1214.1332621607064,589.3312338905173,457.70466024457363,115.20666480505685
1210.6162568608736,593.9708711573376,466.9150490112451,112.68316993407261
1208.663097404576,589.3179552439367,467.8411258676764,114.70693099458225
1214.02385506477,590.3306994901566,461.1577690574853,116.48851202644704
1206.1218150018572,593.0416404557109,468.5983167847912,112.27210084058106
1213.3309624364458,588.7184071169423,463.785265333248,117.80344544644771
1213.1839021799215,588.2838624586653,458.10237966942873,115.31100875484694
1213.2656112124391,593.1497205354673,463.9018835877442,112.89702592195638
1219.5971713851773,587.185561347181,449.27513660683576,117.15677824669902
1212.9460507724616,594.1014875552086,454.4421269866226,110.61031747363096
1215.7052691928689,592.1789436674918,452.2176971577152,110.60529668428987
1214.102016743631,593.5549613280191,453.5730800025087,112.01901890709024
1211.1217132160969,593.2620638171582,454.8753689200766,112.26912466554667
1211.7213921748191,594.6249906607558,453.5730515908848,111.98357143331077
1212.8722566371057,593.6284972298853,451.7599419577597,111.24769437072793
1207.2350864457997,594.1691035415865,452.0767241943823,110.3249583616894
1206.3718582841966,593.9847088359007,452.2218238693515,109.2500532939609
1206.1640335252077,594.0655642431323,450.695964192489,111.67341882171212
1207.1197325446478,592.2041437557879,450.91861165880636,112.91329661092313
1197.6032216734584,595.0293461980092,457.7933025602531,110.27001477970174
1200.2880996932854,594.2713292951794,456.41817491711834,109.65835963742404
1203.5646256356933,594.0673922177857,453.2093903650353,110.76874132207492
1202.214083732842,592.5972436099522,449.689834757619,112.08415106949221
1197.4055155366227,593.7397957597935,452.3313869374342,111.85480835604872
1195.0740231660548,595.1090911062856,456.72526774810046,110.38502589238863
1194.7468519522545,595.0106800260257,456.2334878754262,111.47905558402965
1192.6683350135854,595.5850952974163,454.37905093029593,112.72546791967368
1197.042492082071,594.7375137245243,448.76971394864245,115.51329242595187
1194.1820303595991,595.114812210137,447.7630638301961,112.0957002848082
1189.9439281834111,595.6109570501181,448.3346919080261,112.48855239406895
1192.3945895200156,592.0046884764411,447.1888566290983,115.76871534455938
1187.587588682236,595.1829970867432,451.6378701727946,114.29473201987966
1184.972058306219,596.752116757724,452.8740341995258,112.04485328977029
1183.1065889200584,596.1080422084846,456.6156827971055,112.44390893398831
1177.92788222965,595.5195619639073,449.7635078057217,117.04690675287847
1179.6312356216745,591.1132531776863,451.3029823225013,116.46952046863413
1166.3981043813633,594.1606947594323,456.9760051123952,116.20408833936513
1175.6767836020056,592.1315285259545,449.3728541027721,116.83022072412285
1171.4495839030265,595.3176860706296,453.8570196936737,112.45724758101446
1172.2553908519928,596.5254620366643,454.4960189718787,112.84038913848316
1173.8198485181765,595.695372476025,446.41865266959303,115.59653162051856
1172.0778812781195,595.3417515147516,444.5541922479688,115.55057960509792
1168.1828060788398,598.4385948853424,455.1447476101997,112.2127562476393
1167.1446783437113,598.0815209822902,452.1151274075239,113.50392804562566
1157.4030184163378,601.238954502224,454.2492587949496,113.61822956528704
1158.7215821665561,595.0230247766333,453.231272044903,118.60271135223495
1159.030008546649,597.2222991629612,449.0652505505842,115.12799104822068
1156.4670870564423,599.3340728480795,449.80931722228826,113.45392659708145
1151.2603283043,601.0429415684403,457.8247161479736,108.78351378860327
1148.6661310932689,599.8545171550384,456.0365877063608,111.82302768851227
1147.745364270886,599.6593836510436,457.4725058497817,111.87477788833422
1146.6608098561155,600.9186726202533,453.44965367359777,113.25700535097138
1143.2769050952006,601.1356430804412,459.51925890390186,110.92789442375837
1130.398911141905,600.7721719440106,458.79982738843523,111.84506278926906
1128.1466089281148,601.3087635886375,463.9834006657561,109.70554079606708
1128.879593667872,600.9440335440443,457.9718316047342,109.76407332408783
1129.923517281775,600.6335808729307,456.81667447848787,110.94191941167293
1129.5895897871635,601.5765919557883,448.20383786304143,113.50159042111258
1126.0687909073922,600.6204246697527,452.93748534051423,110.48538816316565
1113.9746093620645,604.3332063995745,453.08364268073143,112.28092702920894
1115.3271749763394,600.2166893675776,456.86081198236633,111.89163316497834
1104.2124405567665,604.5563635551242,458.0503766512701,109.28503362049474
1101.667782332221,604.9717485570792,468.1948622867816,105.8661930349314
1097.584409418176,605.825087275753,468.37261378980475,106.70705592772174
1099.0054728597743,602.8383085671549,465.8194755181874,108.58787608347089
1096.6129844118404,603.1133719612524,458.2498543681993,109.06459891040424
1092.8379957417278,610.1809492209243,463.491435131936,107.21426772235867
1081.0533210887925,603.2961899139714,454.7720376412799,115.20422488776302
1087.1675740037713,606.9958209047077,470.9451126777686,107.63296741477473
1086.503759812958,608.695765197542,471.1078775719371,107.67730319335533
1072.9120582786122,611.2514127854035,478.5572389414395,105.45622658177894
1075.8299160848437,609.7972294738236,471.1464289187263,108.11890547266897
1065.4831329512704,613.2904739636638,464.52410137540585,107.69643373647443
1059.5796309972477,615.9198064281455,457.2130526857753,105.75441848353664
1049.3499782914555,613.2248609506793,448.7173662511003,108.87671804493195
1049.223134509668,617.6626945802351,458.0618071114344,100.37182701597996
1041.6684927334259,622.7308313205513,463.3643079132393,95.74015777082619
1032.9904207256407,630.0418799208571,470.7530814970381,89.53622914433902
1038.002739076981,626.6476391531919,476.12988945856335,94.19698216714151
1040.358207250818,625.9976320900483,479.05084429113015,103.56506956388738
1038.3656668548153,620.7363814557368,479.8727776424768,114.49909178193695
1031.7675872008415,619.7427602880539,482.80531786541167,123.87197043739494
1021.8678368319825,618.7891901725609,492.35101487874135,129.77461547007437
1031.7178636041087,614.3261208780879,477.52987215772856,137.0734851586225
1008.6890862809151,612.6454190213864,482.5138988454421,138.2039488163905
1012.8012995556554,613.3816449586569,492.85524857248475,132.2620003374762
1018.1256330878576,611.4560584268294,494.1454114199602,139.17527020791437
1018.0141400010175,611.6161080290628,494.09572789755805,139.49475418756802
1013.8338714610387,610.1226962821553,491.63347109316305,137.81795062901082
1019.4254648192427,610.6435133961107,489.46985564636,136.90996152006477
1017.5473155240539,607.3541042496664,492.59436803743415,136.877398864143
1018.4702912948217,611.3474284629285,492.30881468829875,132.77360892403118
1013.9483160640352,609.5989828844845,497.5467922998881,132.32491645033514
1009.3247477178351,614.8782234721491,498.53889024964224,127.42375126723338
1002.2687213143311,616.783795637946,508.68511829729914,121.92241951346756
997.5501524723327,611.9296891813209,512.9703790992695,125.22197413133897
998.5003441277985,614.0522136420198,511.6971620803026,121.61108639677613
988.680073593735,617.5909651482052,508.64211493954974,122.10717092326855
990.1188254739552,614.7303639061741,516.8300463495107,119.43239083674182
991.1963389790831,612.8722594157963,522.1603469662954,118.69603695312239
983.0650438795285,618.1893999059054,513.674063628915,117.42346386276007
1001.2027634176147,609.3696203848872,496.9129991245421,125.1751066970435
1019.1734536299846,610.6105395301357,480.1064413443829,125.3363356193507
1024.2627320836175,617.9002077762241,477.55535550790967,117.3181035885165
1024.6350068209968,617.1350160922102,479.55040238207914,114.69089056420158
1031.359511980605,623.9688751069984,481.8988947878923,111.21378997353182
1044.3589309090014,624.5168646876517,479.43817824306467,109.9956342203515
1058.2133989353044,624.0108913186161,475.264668664883,114.71236281200532
1070.6804500291823,630.8444304616837,477.37499201452204,115.10086188775529
1081.4300025018342,627.2625071667694,481.311156992587,117.12960107614913
1091.0090176805738,631.743973031731,483.9938032412283,117.751230776291
1108.6928010044246,632.3653616542518,479.7533334789543,120.37885200361667
1114.4203523912822,636.8853386557416,484.55995998243765,117.26298639489262
1133.2927990151588,641.3687079603457,488.44855568230855,114.80480287733799
1142.50215555233,646.0467821582033,494.2433311033907,115.8203431438638
1164.2514562806539,644.0379682826001,486.8297181077693,119.30254982172369
1178.9888063830708,649.1928575300407,497.72051879064145,119.33531535604192
1196.2396957468923,647.0187612344448,494.88149484446654,125.52560460808286
1195.0852835774886,652.2800401837193,508.9445742778542,124.37285540672457
1210.535185540159,650.5999340799734,515.2736063106611,128.21738449954663
1231.8508828037102,653.2186948619044,513.542413851709,131.1123388874108
1219.634796902578,658.6059863546639,532.218892930029,123.99659620608136
1236.4342369719197,663.61418874789,541.1244450977456,123.7063098792695
1251.7012514573407,665.1293777915134,534.0058503928637,127.80497283314301
1265.8960878996825,665.828985420523,539.7753978522272,129.8065231365051
1281.5206053757024,667.4100755972246,544.9127879606192,134.66268078302375
1299.6634838786938,668.0487626867813,545.3990127703238,137.93041936336274
1301.2659912431582,670.3660254357355,558.0954874874991,141.48859554345887
1301.7586602876881,672.8537311785111,563.6317095427731,145.95168087440607
1302.8244985182182,670.3255837822851,569.328815819885,144.91251501192426
1315.3310501024885,668.7397256468952,567.9794781104233,150.17989603315883
1327.8828026466708,670.2746028261384,560.5635199295292,155.29671069540194
1325.1204424083537,667.5477606319969,563.1201969363829,155.29001588952005
1323.722611965632,665.5511861462498,565.2681768520417,155.53675607210005
1331.5025817668597,659.8759369688955,560.2519746150508,161.8949015422541
1328.8328268294401,666.6430088800159,564.8209199099496,157.24575846779402
1326.8168697440701,668.1997486283419,568.0230924367179,155.40889260687842
1316.5111774372542,666.9547144646932,570.3915675101833,157.13946973155035
1319.278572812793,664.5505784956748,573.0476695154692,160.86501794672887
1323.0392005276726,661.7048687993164,571.0503454910216,163.51958260105638
1323.1664712030376,664.1978126698355,570.7530682031866,162.15895727072882
1317.2961218643982,668.5335716793143,568.9628987602442,163.39433994565775
1315.7325168924833,670.3478783557584,573.0541573640647,157.5308471243316
1320.2083745036575,665.5523427854254,566.0959695913764,158.0481978617783
1324.8080620403503,662.3832222511064,560.5293444991601,163.88341035047452
1320.4124861881392,665.7234165987846,564.0011347651796,159.85315926711854
1314.6951692101322,669.367067111749,565.2585793034873,158.21554917455555
1303.1007195058164,673.5318452465702,568.0526349921107,153.50328800026335
1300.157693505782,672.7186705460352,575.6845103430288,149.27823524791657
1301.3431006219826,674.6047496297848,578.0882626472401,148.02945483004913
1297.8518868127048,675.2536607664797,572.0424603864712,152.76242189984765
1286.1679900142863,680.1669240000052,579.2661446041043,147.26125023283763
1292.2247669440128,670.5104119294118,570.3729884289227,152.61642573073036
1297.252514864169,674.1241702084677,573.730143242363,152.30872030135097
1284.6003354950321,677.4391297927243,577.836238048105,148.99605548561453
1284.7619082957053,679.2848410364411,580.9058840146381,147.00927900386333
1275.680676374709,679.8435238109304,578.6260286846723,145.87564473535332
1284.331181229274,673.4889521562058,572.0009456341481,150.82250835705332
1283.5712347002159,675.4621458277473,578.5738258257838,151.77618180396186
1273.1203695918493,676.4260303080982,578.9060360203339,151.40784910232378
1276.6238808792598,675.2519785700138,575.5105486752988,151.29348403428048
1271.40460931342,671.034763426019,580.7151885790455,151.8924589634532
1269.0436492870404,670.4716210243178,575.1478376107506,154.3637355124585
1267.4216393073343,671.9680830936411,579.0352690882416,152.67857371392392
1266.9119874695716,670.21659888754,579.1762729423442,155.20524461552708
1268.8836084235586,672.637551262779,581.9669371047146,156.558801246536
1253.0473458723332,683.5050306165219,583.8339189388101,154.46969325334723
1245.9148196966798,679.0023779675466,569.522612968542,157.01426590672907
1259.2520922606616,671.7997285201312,572.2367482607892,159.0240113702495
1250.8573879310366,677.0984095781869,584.7985541235406,153.58463818684191
1241.3474854814663,678.3729174844472,583.9593893367723,151.7723547591927
1256.7726561154104,673.9995717998723,566.7824854066878,154.90040579304014
1239.6027647742612,679.7433506086206,575.4956894149705,150.6719565750061
1245.9104221846758,674.9599289571522,572.7660939677338,149.98225600250146
1237.941871463885,679.3275059253264,583.4485860830479,146.26800735198657
1235.3453582617194,678.7096480699838,589.2805149610258,146.2287621431476
1226.0233945771051,677.8378729813638,585.0151257358145,149.48372639563544
1222.4862309350133,668.8411694317109,571.1755676073607,154.14305518292664
1226.1850281332408,673.489439334589,573.6558071298807,147.40069263495423
1211.7432502618226,671.6544496573079,566.4784211663082,147.24699911740856
1217.033462781635,674.4298788982755,570.797486914212,146.22923665707154
1209.2824812787394,666.6826156472922,557.2435407731725,151.82735551885185
1214.8213223758673,678.0369805577345,552.987484009132,142.37234112867094
1206.7287456096265,677.9355557607782,552.1163442224781,140.20647838672693
1209.5135990387698,680.0558754418907,539.180789932467,140.01335833026644
1198.897681331923,682.7855858871048,537.7540346169067,138.21942904479658
1211.6018173814405,682.1854439510033,532.6850899842932,134.01350631555354
1208.383668460644,684.8911811724857,533.2774890972408,129.19535547115098
1210.3475702392138,686.0853301827397,524.2145037486055,126.98518444804938
1221.9172488187555,683.0326016456122,513.3409284807444,127.3910121585105
1233.7122579962995,685.2837361432985,512.5620496779229,129.7316207223222
1247.1459761576775,694.4094029864879,508.0637629664586,128.76971021317087
1260.8287333470453,699.6166569790697,515.6131461743823,121.32496423274188
1274.4971532756542,705.67470705575,522.8950982152845,120.9123307359624
1296.6870643704715,707.697332434478,529.3279495648221,123.5974707762231
1320.286403911718,715.6673868932739,536.2939692435314,126.30941268108015
1348.5009944456658,716.7531821286633,529.6264117149434,132.92863305839344
1365.4486006607692,717.3878970405681,535.3972405235535,136.0855306389816
1382.310333835454,717.060953901411,529.3850017003765,140.75868608555626
1410.1194565126066,716.2792039497027,518.0212639198307,150.07583299502883
1439.3507069110462,711.4655370403982,491.0576959644254,158.49509591455754
1462.5246595909862,715.7238998475876,472.46216530492256,157.1358114228116
1474.6316931213814,718.1980116852185,458.97767391939266,157.57487693919632
1496.3650154587085,723.8991766143306,437.4693567305137,158.80558348162168
1515.0536336611929,711.748708968212,412.5494920963955,169.01286594606455
1517.9563371672043,724.6618832488493,406.94786353234144,161.39683761805645
1542.5305375172202,730.6410371300097,392.73733991487666,155.59170795303905
1559.7707923235591,721.0380503336926,377.12197338221347,156.7755645168611
1555.7741990427742,738.9345369311127,374.20036256958053,144.36597546640508
1544.861549462793,731.072834326488,372.41778248578754,140.88453473822807
1553.9685296454882,736.543146931296,367.46822457883894,134.62571780777824
1553.7106562283373,731.1354581959754,371.01510402056016,129.7076893382047
1546.2154577929434,733.4020183403877,369.89135224950076,128.07561560784382
1538.9348555860201,735.2026353112838,376.6690747423563,122.4378900095461
1538.3575484752819,739.4418451532748,379.9558359594445,124.46884623658283
1519.0947095698666,726.5214388370669,384.3463571292234,124.25874797016547
1523.416373934921,736.5159834609935,391.29491049118667,123.8220365412352
1504.3834410136278,727.4404068818635,399.35424090467257,124.79820047746409
1505.7021348944716,723.6589183104691,400.29282402179786,127.82381167789593
1497.6793932304663,726.2012650558386,409.4524849736622,129.4452721656329
1487.8702562142694,720.5523966906559,412.3500539085685,129.72103790652073
1513.2776214886703,723.7928763827117,400.18939034028034,138.46711242648837
1505.9360946881916,722.4825664330132,407.54914151775745,134.9226349378118
1508.2493381887045,728.1910203565392,412.71357171866845,132.38511252240306
1493.9613386928945,727.9781146098828,418.15787450031706,133.40243539654585
1486.3800210245784,720.6045552423763,425.9157185504213,135.64789466396604
1482.6124258662635,716.6297446295374,431.94271228309987,136.74903763314026
1476.5995967559377,722.3016157145125,439.62201907938896,133.68171876411458
1460.4218798554327,712.1967176037559,449.44329447432085,135.24958811175338
1457.6321305103781,716.6508681584424,458.1462102506147,136.1367459678272
1443.6312917148166,707.0840270931948,462.795767875245,140.56997695155314
1440.600136326208,714.254395879932,460.53362520538224,140.70792529767272
1434.2775392637693,714.4225196405537,464.6565567659333,139.02900865515903
1428.2171600855725,710.7451749250113,476.4543220699988,139.34019533406382
1409.8252780592811,703.0799661292299,488.39236408233774,142.8884531687308
1407.97236348125,701.1428201617699,494.19129246144695,148.31967527394093
1404.2742925477194,696.989616955875,498.426473499278,153.25293292239002
1388.313961649687,699.3559553337809,511.0486495268122,154.7524469913683
1370.6139931373941,689.890206301614,512.173734209315,156.8789185902223
1373.603569376106,682.6702657218748,526.3797358304234,157.67101251810814
1357.7971265759354,688.9348932361675,533.471790578495,163.082156879173
1345.4698894163437,671.2286413059788,535.9654391265368,170.1839445230524
1348.865715101102,671.8310763858206,537.4744867894952,175.3052300575856
1331.6063945100502,673.2231053620831,551.6118430888774,177.701558916703
1334.7592679933623,675.1883742254562,543.7895017273412,180.41293982076223
1319.3387511787091,672.7607228693415,554.3068802220472,175.3619923000678
1310.8600278946585,663.3503337484512,562.4023952430675,177.9378410369432
1319.93712654925,667.2439581472952,550.6847773890784,178.76952401712072
1298.9097130476082,671.9674951408064,559.2383223152406,172.18664670086903
1299.253898787348,668.3979609109541,561.4121228280455,169.62241989342039
1300.9803605929806,670.5310823029498,554.003719782602,171.92590824734503
1284.6149834503306,661.7602340122975,553.2443881141371,176.68498357641027
1293.1943176796526,666.4372490057201,551.8404097092159,176.76940770173536
1275.465483464599,658.6575293385071,555.5412253510497,174.38784862840362
1267.3821029989804,667.9514234627877,560.4032771950745,170.5572012683818
1256.0480520972346,652.0174601277884,562.8271795961002,174.2617263738335
1263.6138984832107,664.567327476007,562.7718631193358,172.3050457686262
1250.6259288637752,648.9313851756718,536.6966104542763,180.95766365487998
1254.8768310192543,654.9618504021737,537.1331095712459,176.03613430570095
1236.6324190371315,655.6255865905393,532.3316573165658,174.20757519659622
1227.574490852781,661.2689889377282,537.164097254636,166.04988981097
1218.3910283622986,647.7940562966965,525.8566044907559,169.74204680128688
1219.9471335352882,652.2656711076625,534.7075760583406,161.71812974642782
1198.78214924649,654.362603769428,511.21290528217895,159.39079630939955
1196.4128945944133,659.5138955821305,498.75420454843095,157.18024619463802
1186.9585592680132,659.469106035208,489.308507139365,151.44046189987642
1179.845112861467,660.9344562242067,483.1476504909182,150.01574297711454
1181.9509796243542,655.0432127268142,470.8008443251804,150.02100197609803
1165.3416765787103,665.4860892739083,477.4096876751317,138.54590659017032
1166.0088765014443,650.8773437967404,454.7473689292194,150.25793130414507
1164.3599270557875,653.166067378153,448.83625105436045,144.53237334484226
1148.8785725283801,659.9574066348742,456.8014039179585,137.05581401936473
1140.1643314119515,648.4751099835038,444.0937293981443,140.6660892752574
1147.5438344552597,651.3790000421649,436.6101425061271,136.15027704680796
1140.8722970380297,650.9992417038035,441.21330426600707,133.67736663636143
1126.3697043036657,654.1293237403222,439.2988876413782,132.0778216004764
1126.9881497230965,644.0298286957104,432.2138401256824,135.58961770592947
1114.3568224651153,650.2568153344172,430.17808012232683,132.5556097122096
1114.430770422558,640.7068095827026,427.1497465613304,133.7536512006711
1111.8734492402289,644.8501690316193,420.9622441572724,133.25821944033555
1102.4866290616746,641.6524233559411,424.6657651207008,130.3522371477254
1096.1460911854765,641.0355403935208,425.53497476864936,132.36260629606454
1076.8997215306333,643.3652331213882,431.0783942761965,126.96504332216497
1074.709724711744,635.3335985204859,428.6895009416357,129.4262858745457
1076.3268713610491,641.5153899797579,425.97764058256666,130.662715417669
1061.3901361982812,636.2723786922029,428.5143611562719,127.71796484457441
1060.2502569598166,641.3233045527522,435.16016137339693,125.81075744185476
1045.34729753192,634.5198817703335,438.159135404115,124.55373669302247
1040.9653360169968,637.9428013550531,431.8452596241164,123.6427358874649
1030.8132861788492,632.5067528250135,423.9014554600155,127.02793382367476
1023.9403399355488,631.5959858335268,423.3203868531035,121.64065644098307
1021.4959773785738,632.2887881718354,419.94089127496443,120.3658343321757
1011.5946708651765,635.7921695124955,420.4405565779077,117.16680690995824
1001.9903852116174,625.9903245324818,407.4566625732058,124.3944312801639
1008.1639252667665,630.8374569054838,407.7659520778297,116.27898275823418
992.893269361239,631.2058570874218,406.603145312926,113.36627110157244
987.6458315443593,627.1425471514798,407.1296090624121,112.35283250005439
987.5721529787567,627.8064980668614,407.0127886471453,111.24918083794472
982.9176554386061,629.9597370729676,408.9286144371971,109.10164862435226
978.6826089809906,621.9245464543606,396.61343134995246,116.86036379581964
974.3995243427013,626.3070352567692,401.9503472524295,112.01335977085199
960.3464396983776,622.6013599310768,402.55338450660537,113.43263864227333
962.9249677895024,624.3158373070161,400.30226559779726,114.12707881810779
959.6111747587144,620.500117310804,403.7628640797677,112.45280451161938
958.6814379058097,618.4718282868369,400.86654017231353,115.51331677353741
948.3001225187642,621.1209795326444,399.69356501867316,114.1040047020027
940.9642115423347,620.3643652584503,392.29467319820947,112.6399189334931
942.0677320412224,617.3272276174667,388.17004044716526,113.27378179836225
936.1662704344717,617.4065849747706,385.6714409280909,111.43624954534624
937.5587256466565,614.2907463350713,375.54397642494735,114.78750804233343
931.4936762536654,613.3833423115087,371.1256441962915,117.57807289196015
926.354116466305,613.5951925210594,366.51141867414486,115.57370750345416
930.9863771038792,611.8141577490945,361.4926165159035,112.23755655166994
919.6619331523716,615.8813447518025,363.5130277546738,109.96843621563691
921.0428607983888,612.0860006214709,353.9637543376775,109.24825276302204
919.0225724885714,611.066063109571,345.01828123179644,110.58607669479997
918.536082586593,613.7218160470013,343.0550658801149,109.71029114330526
911.9042289314951,607.9684552312752,335.4342593266986,110.62957885703835
913.5771099863198,611.5500553296171,338.0745874665139,104.27556419016258
904.3567012448801,611.9389322333205,340.5995864356284,101.07653555494451
899.1886702334292,611.0182773557523,339.00444481556616,101.73865530767912
890.9172851822119,611.2979003153473,334.6261321548871,102.7472015697516
895.0057138411146,608.5661672432286,332.55326488294077,102.39201088479786
880.6680601007955,606.8435815895789,337.34981277625985,102.20870587762889
883.9760609183238,607.1118975230154,331.971174590894,104.80812665097406
873.5896950436724,599.2398589703648,326.6518091414457,110.07640895010739
868.3256716502397,599.4067261930205,325.8289571866675,107.55494401760058
856.6714813495855,606.0820224945003,328.9560807773993,102.99576436750763
854.588044378894,601.6321639368075,331.70864777207976,102.09890944451351
842.904196898588,604.3058946000908,333.1041024869168,102.42875889495213
843.1406754056028,601.016256233706,328.2970981214001,103.01654902124584
830.073091538968,608.1858163000488,333.8765131115752,98.728481927546
827.8232715911828,598.6951423822226,325.983610841911,104.80386514778861
824.3253844690344,587.9639778153203,321.1093718534003,115.54448657313745
827.0495945336222,599.6061858963934,316.03365543999746,108.36005383449023
811.5862748249275,605.4502117316129,327.9535592294885,103.2904510382136
805.0735571718669,586.268554490888,315.5929275973634,108.09802939439979
802.9388078707003,592.7901822975797,314.1189568085797,100.85681625935122
801.8145806757987,598.6758466944091,311.36018726491193,94.39165931087493
798.9688524070077,594.1691789970341,298.4372497003791,97.56433337469448
792.290308475385,592.5197075010043,303.1602278439991,95.20573630972363
784.5286620298735,590.8685753154914,304.8643265056265,94.65335742276758
784.0794435247186,594.1119283026212,307.29246306368765,95.13541779338313
777.4496932909299,590.6443073278887,304.81699284975065,98.8830509635946
768.0620143922341,587.4041610572605,306.79193957103735,100.24094218175976
766.2787957992746,588.6246243087105,305.4071342867134,98.65647480758915
753.454149388965,593.2628446697857,302.26890748722326,93.63461178310982
751.7123220166739,588.9760071771731,295.47853559721,95.72918217622077
752.283842376085,583.2094144235828,288.91090107560706,98.80831464882831
748.9690958287788,583.6149126722717,290.19755784028314,95.69130666291628
753.6390074279624,586.7536292753894,288.80905175407594,93.86212925668876
749.2962858348225,588.5877927054041,289.38703602548026,98.13346141201575
747.602549650963,579.5501857622696,277.45723716714417,105.0249825365575
747.2273428864667,580.1814430622048,276.2914647267159,105.07684328542828
734.7939051542653,585.0286153319504,284.07132273273555,98.65067096581404
728.8827465999063,582.3428650626648,278.1698358724266,99.24478940175705
732.3812988457812,580.7688219564835,276.04037130928896,95.83005627510289
729.4713513938201,579.9519183882586,275.9287137665273,99.41122048794513
725.1226426547536,582.1381956884395,271.96878571003623,99.57010126757181
722.6493020623025,580.8290863730432,273.524695075443,98.01390742654857
717.9793331883393,572.8762338147917,273.5462855881223,100.97370008640966
726.4883842958548,575.3990340526373,272.6421193820542,107.2987681459925
716.3259795703691,573.5612098919695,275.6956200199588,104.51040178913846
729.9567876691922,577.7371755143487,279.59662952935764,103.23966352067592
727.2557825038286,573.5699940447827,280.8861567678336,102.21609558892223
743.1446528521935,574.3152822616338,279.61504308747897,99.73013503900569
759.0478400752597,579.2306032953693,275.9506297130922,99.73204157775311
779.0593321889278,580.071612777612,268.5858162761247,99.72969362372717
801.1692422830281,569.4092877312964,265.76734030328873,101.88603052285181
817.8727937558273,573.9978201061518,267.6637877719998,99.42557178374537
838.3304837177964,566.6057132736366,278.6003241443999,100.40649606983783
869.3124186374997,579.4383681014469,283.7196430014103,98.80611361759364
887.3938299841892,571.241804343032,289.33617594195334,97.02319427623715
915.0590703543294,575.4401283291935,289.70025897976655,98.22216258147071
941.0669595343433,578.9640661679139,283.7288483357386,96.65465697754087
961.6942047451823,570.3800275949877,294.7001681068624,93.82986915427868
981.4656078958087,571.6260216185565,295.76608645537806,94.6949261612218
1006.452150893242,559.8243696242425,300.630323453983,97.14310459901179
1035.8056239374341,566.9585567605855,306.4508476989746,99.0118937950801
1059.9248791261264,565.2177001394011,305.9361917962164,103.25629343937203
1074.4933589105299,560.5658128610035,318.66926776982564,101.20131112730229
1095.9325131155733,547.3015210826542,337.61321879253416,100.04944546608678
1117.9515728737833,543.9607314749078,338.23960961091655,107.7347973167677
1144.6953917371666,557.7599700927153,344.94756479059686,106.21274838547411
1166.9452162059285,557.5751507550966,345.73941960713773,107.8990918700085
1187.6448538776074,561.1164260475668,349.5408572731176,106.85569501933097
1209.4946687858248,555.7864354175728,347.2477333877646,112.81595699123496
1219.2103831613172,551.7864874064894,352.16072321242655,112.80616816132435
1225.4103967541373,551.4473935027847,359.20407326242355,108.83068343988919
1238.4246094577838,552.9868064668897,354.7516993086357,111.44393968785738
1237.8927705788087,549.1172644818713,361.01943081721083,107.47044994252305
1243.5322637898994,551.4287878821442,335.72452786896326,122.97693795152912
1246.1753901228187,550.2556245627701,334.999865661992,124.55800544099134
1238.9758208201115,547.4915411333866,345.5052174130012,120.82189255723787
1257.2360766952256,528.4963979535212,327.0260833029231,141.14301941145715
1243.217653627037,487.5380401221038,317.4866955772535,161.93499862216797
1252.471968449273,516.2056237608101,309.99396343318847,165.83019625450095
1259.887997585494,504.4755217542764,311.23917029011415,172.83915523051482
1245.001370897598,516.3569111686556,311.19181834132394,166.93192474503945
1264.7204955426878,535.6956968699451,332.9432279451418,147.4689561340287
1284.2328052026555,539.7847651197652,344.98666912818754,135.86430886892762
1295.5490624891681,553.2916606011047,365.78425239476564,122.36096981866844
1303.121384998009,548.3783355597543,381.0498363708053,117.60320529104496
1295.030968226176,540.3517033797038,372.1306205017102,124.1803760587079
1310.3013584525365,550.2201651399694,379.36245775160717,118.32237639279049
1311.6087705054956,549.8461989455234,395.8073287935583,111.03232688165645
1310.6742467797178,539.2760549510677,375.9612896836762,124.19736326885703
1311.1850167105536,538.6803735322992,382.32481693481225,120.46086023896535
1320.2651763801239,522.8881060868182,365.2772105627931,137.9907996171609
1305.963876912392,498.1462038377365,343.83499380103206,157.1657225020163
1314.586389398876,495.2749925480249,332.02600856791116,173.1918882504533
1302.1277728985426,497.118693733332,319.61057773609576,172.36450630198885
1302.0484568991312,503.55000623272895,341.0197477092084,155.98967459555814
1294.8887294221233,502.87114873191524,345.77603454586273,148.2650908527182
1292.669231231001,511.24955852013034,361.2200453544401,137.7983381838865
1295.5884020927433,517.0486048535737,376.23577639478685,128.17647539986095
1281.7187916528685,493.28304594208237,341.6260221335102,148.46510390807586
1289.3761633797849,489.39407051527655,344.4961803100641,147.14828397248016
1302.924800798622,494.1132917926364,365.13097486727145,145.0829318965101
1269.023984482121,497.39000555258406,387.4288172721549,136.04805557976346
1251.6119227501815,480.0165459181544,370.9115799013976,145.6077223584923
1273.9508375438966,475.71721265187057,382.42436247696924,149.53004008972886
1242.298977917565,492.2104395197045,383.0688848545128,145.05839523189334
1266.6800621281413,467.9515905770158,401.490406176364,144.8322903346519
1228.9752128236041,476.602102387165,389.4333235398028,151.64711302460776
1253.7247866200314,465.62673428963075,407.85789823354196,145.28413599343946
1267.2282435377733,475.5140299925657,431.95901067937825,137.66812674432418
1220.3255101375983,467.83523445104646,440.6488154832799,140.5887481684443
1247.2855261496893,452.8643005588116,446.60020267222757,144.5423732852173
1267.9223016177782,475.6602671838545,476.2819960399652,137.7204158957146
1299.940145185161,480.0401163606735,480.13315441745107,141.1694278644471
1164.879289730192,473.1973173227318,506.44444294741834,139.4481697631652
1235.729419246221,465.1486726969715,521.3935822629485,141.14046240711815
1273.2060694876668,481.5113479174873,544.9670916160906,137.16967948932248
1116.3138734808679,440.80720259972907,550.8423654782079,156.47652505521927
1145.1932201334776,431.20324591574223,561.7505330114603,161.2815595164991
1148.2644911847233,403.6119826103656,554.395585425624,168.83427615106038
1178.662063388177,408.3592744895813,563.1185107592794,172.8080891194122
1241.287750669824,420.46482666298357,583.6497101169958,165.59671934598532
997.613185886678,450.3644448595526,604.8469230892358,167.04356320965923
848.0617753593681,428.34839640820553,623.5471301598277,172.50097041896245
854.0196926302971,464.8192456541985,605.0035636997493,192.2415190076732
868.590880218853,485.2616168759006,574.0334580520949,229.77797440367115
892.7240891349611,432.5233475941142,593.7654821253169,220.13650191982413
909.0285770357121,430.51330814311035,606.0502856005439,225.41954345587342
919.1954179299815,404.0998793799163,623.7119933063057,221.09507717416938
888.5196171997836,432.90655769978287,648.0096051575259,209.3877553174843
785.6128031508613,394.3042416886433,661.4674531467886,213.79976855706204
867.2969412083722,405.4830732037724,662.9705937527913,223.41523306854177
915.1952845929618,442.2918080996828,672.4131392683854,230.7225315386478
877.5758818561819,463.4775771433099,672.0475375678249,232.96564899625088
874.0477355026648,413.1563430301765,692.9792490158254,225.4669956791596
934.3765241549327,440.8346085103441,705.4946375459025,239.9137815728945
1017.6878614172261,464.07258682672443,762.2416336821304,236.82225384596265
764.4319266001162,427.69772407526057,802.1307304799229,234.64659712335924
963.1313069511833,469.75705706463947,829.2284630378624,256.0572232032156
700.924710444367,498.5533007159589,875.0695246845737,258.9189363039559
918.5381267652285,449.890925954121,884.7980704550168,274.8958037127146
694.5916216436001,491.031795628179,931.3776283469668,279.87441575548064
773.0024536656241,418.0774195565485,931.1693470895227,304.6274671804259
871.8265474354093,444.4592749125652,935.9505463681394,327.91883597978614
608.4997750799047,389.8223162473441,970.7348359440441,335.0242441284237
706.4322703940054,429.4101273156411,983.3124000113072,341.4932769840085
845.2347408999267,399.7610916717937,1002.0139701907569,351.12457605634586
439.74281601836367,436.2105461661097,1066.0034541650614,341.6921932285668
461.67814582559845,385.5823925689964,1088.331295408228,337.3918412994808
90.8318851934207,335.00362933626934,1100.858981881032,329.11342023218094
153.21045067561363,374.16947853189276,1132.7317453141372,326.109289770996
96.5819028024091,318.83171894040606,1151.5235574878202,325.5461310230757
142.6115879664776,362.9379020614952,1163.8190394473327,332.14208906938313
219.30665914177496,333.7810912619849,1216.430831664278,325.9925090099096
312.9414547245574,390.3564041731255,1235.7939636731135,334.69444905939764
365.3145619509032,351.8763449618765,1278.3017108615888,338.054149809781
54.810462209207344,364.44609172163484,1285.1256189377777,352.77449985161024
356.3007756025248,370.82469635582925,1323.4391331569093,369.61274082090904
460.329046596043,308.40208145660085,1380.5034386310442,382.1860809907557
47.61486248355766,339.697741958606,1360.0889569889077,424.951436257709
278.6496532157879,374.9851533299865,1445.9891547875916,407.40411838407493
139.07181966753217,337.4105040884853,1524.6033406582696,416.6582060456725
191.71946887941385,258.8289429313374,1642.146798170244,457.80403763451386
142.39488200045366,251.4021618133517,1724.7810487583442,511.6548664122338
81.53227328592868,231.3666252614163,1850.0748647994892,527.2434291414294
50.710181443779334,232.7379610657133,1919.8116257221582,580.9171910627117
418.57679767202376,275.1730050922242,1423.7619102411322,423.56190122662235
144.5281028853433,296.4383295325019,1433.042256099429,462.77307287070437
160.64541822307103,344.22536444361606,1494.6142018894125,452.76808750620603
175.6591174462693,250.10573661885576,1589.9067702207415,474.8609149376814
172.4500796228357,222.52859815407234,1703.5293691153008,510.23319583438746
141.9115330134034,154.20382576912363,1828.7615061809524,531.3304242248595
104.11503616723621,205.58006104307844,1856.5898296302976,568.6426700657591
424.38111228618436,273.7830500755339,1393.5350331692107,415.4941703872467
65.92449583035659,342.8152967377097,1381.5957127840288,461.0698058540015
277.8122091360624,298.81162012184706,1517.0656447537126,430.9676757753972
109.6507487624126,375.9442713517419,1557.0599736246156,485.39283608701
190.67381918352953,266.16908028440116,1711.7747057294364,553.7072775567806
30.920413620711997,225.02906556124015,1903.6186149873924,577.7055306690293
460.6475942820987,284.1910534376055,1356.9080551119691,400.5125670744296
13.299404543566311,316.25431507593254,1327.6635378516644,428.1776641181167
173.1505795496845,344.87280178092993,1374.7784909894349,426.6494817849051
110.93841202823864,409.22553860931987,1430.937667064854,435.9496391610906
111.14688754434053,328.83427080865584,1480.295958115615,450.5140299029148
252.26619284958383,236.83988715225422,1614.5039084742152,461.68880332382867
107.09196537688342,294.7152333222951,1703.3957730397851,494.11681077218884
73.82380774629269,240.23653179136215,1833.5536075814844,548.4887395795718
81.80932960947939,226.84004249178497,1920,597.8442501007773
372.2120760355725,245.22718857966248,1541.2024694122276,470.39231801634435
264.654340018566,213.8901662780255,1641.0055582903956,473.9263131085969
81.24112620182439,294.5412197788397,1749.827931816038,497.6969648518489
97.57219587584677,214.57045895643734,1858.8543835796527,563.3013730422552
363.77057519288155,263.9284697678316,1511.8611925826285,452.76775924917195
29.487850199047784,363.6525834006908,1525.4454613266887,521.4201668869371
196.33641039303166,301.23354187984137,1659.0406807705904,550.4492704380978
86.75701692727114,175.82185011917744,1844.304812374468,553.7802591648322
92.86290343940459,219.38141557828925,1879.578773478553,588.755884625854
347.7050536590666,244.78016082469267,1511.3541605800792,466.53952455129905
75.4792438245895,306.62136491201244,1543.3618968355609,507.22972450191753
168.78091095203933,228.9335875525606,1750.8550205063254,528.1370587829668
55.88278362135543,180.96431313738645,1884.5336204417454,563.0899551865479
406.87117528425415,276.4116665563961,1425.1601423618954,416.2793267242774
75.64216519175147,341.4388526164123,1410.115433462342,477.8788804396398
140.92492767417855,279.939099406875,1521.7131464545723,469.90829653789086
147.65785753731814,231.86394604906639,1625.3998601210023,521.5899170691595
116.05968831307962,256.0467878089589,1750.3146493395088,537.6193080543401
92.72904747267035,200.26813308137582,1890.8912574609762,596.222952961163
449.9678376645343,295.39119022277225,1369.0998765358136,426.25971444527437
113.90120297348756,321.2119366251031,1362.5382622177997,454.6420059800686
197.47032406960454,335.9627738300256,1446.7648443251805,447.0308980318613
180.22915152008716,212.76187093894364,1549.8793925962405,483.12813830595434
201.15229695133849,242.93302766669194,1618.4489173782085,515.2023258638783
112.90759846918172,247.40079458163865,1717.3901407204194,538.7567567615209
106.88094091933272,179.16094044287746,1907.6184504465655,561.9972900182521
388.6265130246326,282.9880974497687,1455.0610143067358,422.03564715702
75.39561812744137,325.51677305440825,1431.622932106095,468.0626916126299
298.77708396184744,226.07526841987493,1543.4700883179416,483.8736785365054
246.82450174103315,287.4316960141549,1615.652344236768,520.8437076281093
124.84393099639033,167.91281476365901,1812.5052097453022,564.4149271986137
30.887297641573355,214.7447854107088,1855.5021823931024,573.8684402171689
417.7614555186532,270.49430792801456,1370.521052510938,418.1039164176253
74.11145372640453,340.3358680784701,1355.613965289257,450.4770302518722
160.61750140241315,296.07149961342594,1452.6498779047624,442.78569691163705
172.45356019271094,271.86926054139843,1537.7409321330802,464.08869941323053
136.98085530848743,324.41238650630834,1605.573137875959,507.5007270717116
153.28790197196952,212.6723795624274,1730.6309896253674,566.5837295137547
158.64059469788253,206.11102278044365,1827.582177851199,580.0863028591032
498.772712890495,296.2288396539507,1322.6115545694054,417.1556168825759
107.18603937842204,288.1640873412746,1346.6308372329972,414.9768767563662
145.63440378389362,267.518450873045,1393.8973757983558,411.6128173488887
106.25904528664546,311.79188641092117,1395.9121986966284,434.27214786959985
177.1170788429081,263.9953897294656,1478.652278024888,422.368602713442
151.82542950937966,349.0961220294198,1537.3232204208816,455.24975799507587
272.0096059528772,186.2379362612299,1684.373142077675,525.1272479285685
188.4020427746466,181.68057554512222,1773.6180387290988,539.3247745737262
186.12170349438975,196.05034093874218,1815.3196451736394,566.0809104851021
132.39204899222705,181.17259963040402,1867.4356281253308,576.2216698959332
548.7591137993197,271.4843046431442,1419.2829403753994,448.7864674967957
126.07369711505089,213.0111383443412,1464.675796629012,460.59672214779346
241.74963735330687,252.17577853967347,1572.306686923315,481.2488831268981
329.02944744905835,180.72658534380724,1705.7977099803256,512.22075763831
199.0174735685962,259.87851157173566,1756.1742007859211,578.4035158557224
236.2659523893575,176.41206957516948,1802.00934974412,570.4087014722111
137.49946566358005,180.28232313995107,1859.7045724479515,595.7464133410064
405.9322157986787,255.77866377295186,1668.0368031958205,547.0441572629643
196.70541024202066,218.1013049238622,1766.6020650469873,576.0742600839494
194.61450264211612,253.9005288417859,1803.8423684707163,609.4023041426328
439.3666280771155,193.66368363135496,1545.9563540223178,540.4177319472395
222.47337620736744,205.77176005094645,1652.9266496270666,521.9701605924641
232.72779115324374,270.6100981838351,1683.6477253718745,544.4684150816169
159.55095634331133,346.1036577617851,1722.5677769707881,576.500687340059
168.37024946807674,233.92892203854854,1779.8048850913674,618.6423556081222
530.498349633941,243.78621790825048,1416.6495535854765,508.3614653313514
247.417597966774,224.21213812296628,1551.090892632124,508.72148193493297
275.21070480389403,215.8223171460607,1643.9123921501618,502.516294423957
249.14100547861176,267.349546927039,1672.5623404144771,534.7641530490541
225.78712657688197,273.7492800072147,1736.2259050571888,568.6020502402678
253.00965125886546,212.20365865816768,1796.8393471460054,596.6633505416872
577.2432566089784,233.08063613346056,1432.766256939991,479.11367991364494
129.31574852051517,312.5422074351408,1492.7523592252924,509.69122198751836
200.55497846006085,293.53123890817807,1627.8101442946215,488.8545902664847
270.06650060596417,226.47430374496912,1693.477623436123,545.481136462108
208.1677783850464,299.58484540967413,1716.8642172429923,572.7790799241143
162.21803199711644,235.49230055298779,1777.39322259244,579.0557823230811
207.55094334138676,185.36371765038638,1809.178391751606,631.0637088040552
489.34261807539247,187.99027219798256,1538.424262357024,548.4435806262452
208.58071420889792,295.87609344963664,1608.3507275939555,566.9384579284899
309.39868293540485,238.37970315823827,1684.9107403668672,610.1969323324856
210.57241537136747,188.08359053785574,1792.3224698483195,619.3803934053163
506.5992750993596,242.81558003180163,1483.6994884058959,522.4295105434703
190.8236871247624,267.3098695223051,1581.0502973467962,488.0649995358439
247.29182070837533,278.6396543483552,1685.3360079178656,505.4179652863654
240.46866978740195,266.2528973124146,1750.6456458122375,539.958475799695
188.88174056910157,233.89025174091438,1824.999299036463,559.1989132000916
236.87545679708444,247.7404765397069,1783.9795551873392,616.5892354257311
431.53858536853124,251.48791141131755,1593.126866187314,558.1800268722725
177.85164778912815,293.45312664911944,1658.5192841036142,546.9693611892769
273.29716925862476,166.47786742214015,1735.9230843468754,530.9951778973597
191.7074419627894,202.28775152137558,1752.1478119301948,537.5788841608157
208.62823486762886,333.97209631757914,1739.0302354376245,589.839364442066
151.88618778567115,215.14957941529366,1834.8297724712193,613.2518520687771
269.72448371098415,323.977391645804,1705.3112956771495,574.2408098305223
192.1691455298493,262.6397099082803,1777.8622884360918,581.798148562813
221.19061539515724,205.8794036875646,1836.3123282147362,602.2817604087853
459.1238509821916,223.83582715073544,1571.0607949506123,527.8113435130862
253.4512323756794,238.31663958913697,1675.8413984590793,506.89653731778606
343.4534004955176,214.6810850208047,1698.4391562763517,559.2307595269231
266.7506780711325,196.06776790029681,1741.3842758127391,564.9707885676576
240.63024650788293,221.94726049730008,1793.0277659731278,562.5349668809787
241.928040018704,197.95526484228805,1786.4035545697775,576.6921021206026
161.76147655108252,302.23618172365724,1788.5389518034995,605.0296120226793
329.85670351251747,356.96022430063874,1578.9687348556313,535.5682822848655
237.44441435448198,235.1569140301683,1699.1813884665098,589.6884982973645
210.89467192936502,190.04765139303595,1789.6336585361744,586.0362678015973
302.98326923624154,317.3220893115855,1673.6971570823507,558.0289606004537
206.15153946530768,238.3010475527666,1784.3111090022903,584.268652869807
362.67639050445075,316.1294813292738,1609.2080205061045,539.6201818559551
318.3731231525178,221.1072910666134,1716.861275937823,577.6479983696526
197.98109667510744,205.26457008048425,1794.313434455396,563.1919802090774
210.5524236018099,198.2755353511264,1814.1909143715905,573.0616706244695
309.95781881750634,289.8431199253582,1692.7760184488595,546.9532410620625
233.5303779875103,189.73229540260468,1780.3928577962984,549.5581186348253
244.59295712893265,188.00384737943438,1823.6711306991886,544.9778127150443
159.41353890225605,250.4061986348663,1830.443947642646,581.80433714182
316.9232911900581,358.7526771795055,1617.0823618619293,520.0374910335591
255.05834812515525,270.848706989858,1736.3202667948133,594.1866239577882
242.83637070626924,209.99600530969644,1803.8209842954916,608.5364187528112
305.4376411647728,231.30609061199738,1732.9889077334726,593.0341372521362
180.69119239845054,223.36860938924576,1824.4462924459358,603.1864172908045
360.0031202778672,350.0353435627166,1560.007533487899,521.946340182098
352.83768565978653,201.61690757481404,1625.3585013748598,531.6064487242227
238.16265720514627,243.03933894606433,1709.5341993516538,559.3254678510865
275.31257436194846,201.72338716800306,1758.19441330159,573.9472673202135
179.94374990204233,214.39333959641942,1796.2891658197568,586.8875990483166
375.0034401007098,320.46861917563734,1587.1951767683097,532.8026158274673
275.0423161226802,263.1357780720885,1701.705153859053,552.4736296756511
228.25427826084365,204.34181970042408,1771.0099956206282,559.1385840117903
283.99779425233146,207.229487846023,1789.927318501927,584.897313620453
471.9923295480844,237.66067359587942,1650.3489532365315,547.2990914336381
257.58694297186435,213.07038752352105,1723.411034379576,570.3340104469897
297.5284475047547,234.75949548351787,1741.508184018181,579.1033763724263
178.7828606255332,221.2528069263742,1818.8673896959162,590.2478244245749
304.2816875136306,320.7588418013158,1660.3272205479932,546.6929253563823
314.6332249309937,203.7628023981922,1714.4636321827143,563.93255737622
259.9655309259921,178.5535332122352,1749.1566111849058,553.923645614793
263.1498859966307,219.06325185453073,1774.1256848152475,563.783210059103
138.66064310930165,286.3342212637559,1777.0152600550473,600.5026995100632
449.2047250348727,363.0757394377749,1402.5533445710946,478.3045083339762
415.4980304297319,237.92875813979936,1522.7016919268444,534.9444932153547
356.6670365989421,197.89171566838178,1668.5554222182654,522.4597337740568
279.71594388750054,184.1889486147923,1734.5141035621214,504.8558647004767
188.8167648772628,250.3395653870893,1729.1490672160544,527.3526159183931
247.3087725538453,199.9688732667708,1772.3352420406277,577.7460499295255
218.3464294463057,213.37528607218042,1777.378559132913,588.5687301159913
390.95908545242173,345.8546785187616,1530.7490127826868,519.5286492482178
326.5056768350348,186.8083820063406,1654.746850478989,557.797949599594
301.933135094922,168.0940134663678,1710.3377870811662,525.5506917950852
268.6808080709113,249.21356887672255,1754.9672801199604,541.4552799116586
186.34278520582143,222.28673665866904,1794.7665699180766,544.7093680141552
89.62762587085217,307.76410534832917,1855.8183125317732,590.3360312746454
390.5137397633338,367.40201099748367,1541.2360229991766,492.90306625352827
171.40200806736084,247.6415566017124,1652.691788025802,546.1145191069502
233.44230920346183,220.64958083784808,1741.4834328160343,543.9700940565474
243.6726080131998,177.43581325922554,1767.1378649526769,552.71287225714
73.17195016642802,331.18918392293966,1836.3893018384572,570.3276201628602
412.3730219352892,362.60583326856454,1464.6758606812982,463.6142907569897
328.5908702514878,207.8658324521881,1598.6937518855239,506.72386459445306
333.6758293621317,158.24501887054618,1686.6979833384917,496.247404761324
245.20084617671205,175.9033008660017,1741.9416384643732,516.698879556868
278.80036979637566,157.46467097050288,1781.5989085973956,543.0348490051875
161.99791166356465,225.5978047601085,1822.2104135990814,581.7824446208945
473.0042330326871,395.3213334756962,1379.9410142810543,445.21107822813616
430.12478839536175,210.9114157262477,1452.7691023770326,438.2471647950206
240.00875947975726,253.66131369254944,1521.402073307485,451.25734587712833
247.17794023300576,318.6558761727723,1607.0160178814895,476.46030686572976
318.7460358907824,184.9397145410829,1675.0019252450597,501.43862937145474
356.437627051914,155.98459505989723,1711.989923315131,534.3178382291524
197.980444861362,208.12374736090737,1787.4930418419572,609.3378689525982
522.4089883683232,391.1122762759733,1331.6127850176572,445.49035278801676
452.9807493858817,241.10499364058614,1386.6252239287976,447.85013791375945
442.3067905281887,195.00606967819715,1457.7356246689637,466.9930674171843
345.43009152663944,155.26023828476167,1568.6685803373543,460.68623253145654
351.4457962417366,218.66996899304343,1614.3297418153234,506.8288155815469
222.76411958756273,177.59381579540388,1738.73382413871,549.2141833358733
242.20641066086432,206.9232978400986,1783.6392571134597,555.6133274823121
168.4137242668114,192.6880989947162,1843.1181330845334,552.5402752722783
150.83390885834092,204.2586734424168,1847.2944119857534,568.3510382622273
485.39375889940527,393.49706534006157,1367.0298003253035,420.11098878210424
252.4254221939898,255.67773043712134,1445.20945614723,418.90247858196153
356.4494513171468,301.16927604250765,1516.8440993736365,453.7853610097428
243.14774963984848,243.8457761601149,1594.8077727496004,489.97448680730747
309.4112291869741,190.08119537323046,1676.8159051467594,533.7173466872857
235.74788334283767,247.72913572112157,1721.5081347146142,559.0359911683342
235.34454405923475,123.18508506232172,1779.0416053889262,553.9969537164726
128.29529687433433,237.19435655180035,1849.0231218745962,598.8046655955933
533.5441652057505,410.09350222531145,1324.729941834607,430.26735568066744
311.10155608821503,247.00584156325525,1429.5611154280557,437.8855023733567
405.5319170235739,219.54361526967813,1528.766476547642,442.4537545958092
192.94476619927036,310.9559132297443,1564.8795886571606,496.7955240594244
324.40754347164193,220.42928958161423,1651.1978529350672,524.8622798469182
195.7091386913021,279.64955014346646,1676.9929497946532,569.4662564339097
268.1375551881856,218.54725257594612,1731.8841498357392,592.5612655977015
197.3034263361477,229.52011233521176,1776.944215091887,602.623062384495
514.2056042111462,396.3990299300052,1340.1922849366701,447.31848502972554
418.72931552099567,251.68312068440866,1446.2056956774504,464.23114338174787
370.89524074166115,197.5451546086098,1546.9039521177506,465.6692183135489
304.61063602611307,327.50442633551864,1597.7649790370601,506.4382504004694
341.96990214950733,274.41390429831097,1654.9167529285896,563.8490340589658
237.79769902728094,240.81520795640216,1761.7699083793423,545.5187389414435
272.6695267013977,225.14096604151246,1758.1745628476924,578.7369265905577
212.78786129024093,179.699329415512,1808.0546777680233,580.4403083088087
507.5029480564134,367.2906668350862,1438.4959975977447,469.2820019285056
345.76758789610403,404.4443999909408,1469.3139624788973,502.77391114171166
371.0525990382889,209.17328986076114,1545.2395066476647,495.4323432965376
361.63356600808004,265.46348216463946,1606.312143664319,551.5509700237085
280.7369910019693,242.64339464402275,1693.450508597295,536.2077435281676
279.4399593783146,189.65602799509963,1724.2821023280749,543.0405213982997
289.9308926252995,181.22657333080576,1737.1793823867188,528.980495801213
201.81455465317163,259.10390283982315,1767.8654421595484,579.5125291962122
226.88411811571348,249.00333742423896,1802.997714718011,594.2747770011277
571.614466735034,365.21341820116083,1350.7013973501678,449.52545810610036
379.70679139565686,302.52596151912053,1450.5976171842754,451.52029178463545
329.5099499322348,269.2109885821073,1539.092493067691,446.49171433396225
303.1827306901016,363.1178983258176,1599.4744191206646,485.9463214302393
349.41273884087377,221.60634994480534,1655.2284475578736,528.4262781589626
320.0406253187448,219.06045240847106,1699.2269273138745,506.2903005246113
192.48696091595218,330.806405559284,1698.7068051075328,552.1399647858135
267.80078831920196,224.58212749848724,1717.6232049410664,562.4173940090691
142.7372688061946,314.8025690460214,1761.5363550307193,602.6192570585274
539.7831632477221,368.73232638195935,1302.209318092619,464.45510003224206
337.96308183709107,326.8389692666314,1380.982115877503,480.198190551262
354.1101623926538,353.19483673420905,1441.4111273458175,461.9589987753193
333.87920974685574,396.20292521266924,1498.0529175075387,467.49047068100316
366.30229800127813,245.2365663163289,1568.1692078485453,512.9864510154298
285.5988567547397,222.7645166579963,1644.3361138102841,498.26894176567464
315.7018965972436,253.97828610773752,1675.1699872514946,508.05510174038864
254.60883859618525,290.6806197376355,1667.2534995040355,549.9653080349661
252.74205246362476,376.64584219374234,1683.410065971279,582.0644356667109
259.40707223805794,260.4100568068268,1721.9535948037892,601.8145440611906
251.87517626804697,237.5404119849996,1748.6023796405702,593.20065974803
564.4829446891041,387.5065660446116,1360.4300421724372,459.53873975893396
330.4789238469773,284.75413429050525,1425.4143046732338,472.1275747276479
389.13221243039413,263.15381613887877,1503.7957355618594,468.80966071481714
284.80418202888416,323.33284662454076,1534.8209653419328,483.30583659696015
293.39212997831646,304.9716299401023,1551.4543968146704,497.83685332118444
304.6774468797669,270.0344634069221,1593.943823689769,519.3994115801804
250.07407108021778,336.5966821481775,1655.7021488599214,541.9629707317522
240.8936870729201,317.2219525923713,1677.6277912084665,571.6861477233153
240.75020323981244,268.842270131028,1713.3515917266113,585.6451761556362
254.83343169539057,316.0766877613196,1713.3221882415924,617.0149116610596
620.9062498820991,390.43015771737237,1212.827342585833,444.586654938286
327.0324280462646,321.7321233784837,1308.8697434999317,416.9892655251149
323.7084578773661,349.8993647610803,1341.7374513390264,402.13027774057304
398.75323215867036,274.96403760159257,1400.6121722528444,397.61555204721606
399.26919623648905,334.24130263457255,1432.3588751086954,429.2924633263997
411.12359219643315,219.69858701305006,1496.0891876750268,469.9119293018345
312.1065327825014,299.4124096180513,1529.7949095837223,508.5142995382654
290.7191720642013,344.05150534083486,1556.7848315923197,519.0153513847138
269.06919346652444,295.1766492918404,1591.6983573396587,508.64041486034
392.3658363327812,223.25463844114336,1609.8818402879908,572.5909253892057
277.64916080377577,219.71007724940887,1632.2157061877645,569.5184198286248
316.4604294472206,171.44737128026713,1654.0999756234487,564.579654075689
360.5713245766168,187.6463829776863,1658.4165986883042,563.7002938894163
205.50361076560944,289.13430034852524,1692.6789545997403,570.9561917857577
238.48577844653664,262.2636622065836,1731.5616661318645,608.2588329015944
587.0299120756763,389.2821624812193,1291.3276836256573,453.7493613479268
374.81914462582904,256.9699852585698,1385.438390811306,479.4013774361799
359.61246143368726,316.02260272493226,1464.9227150435204,485.9818592245575
406.58286606782076,276.18844222096857,1504.2748048482654,503.15024083207027
357.8063338776369,212.04026951991102,1575.0828930548632,505.77541041398297
320.0856966091934,312.9386944048614,1605.5677490314495,559.6199356830082
380.95370619250923,233.5358546702655,1655.5304643741486,615.3890949004137
256.5845772169249,190.5812409134873,1737.687958429012,591.9954865576963
186.45693391437067,300.8523664270206,1714.9621945148265,639.7252267617799
585.1711322219209,381.7223197984781,1250.5878999788622,477.50825822905955
361.56497335751794,323.9323055071868,1370.5804721106595,478.3780140991096
390.92018713609775,237.47542378504625,1489.0681785843715,469.93543871568045
433.2003106140153,314.68435301996857,1525.0703324614751,528.6150071742176
333.06473979872976,264.78448905768136,1615.0732453669157,583.8246605970795
290.0317990629286,216.62778371417744,1659.9557876323572,587.0007815566883
222.88124447318023,312.5214935505775,1710.4984903038076,612.831455668796
530.3115959512819,391.85361512632403,1350.0297599569965,482.81543747558743
380.64374645640146,260.12584370487116,1464.524947585489,499.64451227542276
357.6033121088011,316.82249148710537,1548.8652782658871,521.0827012486275
284.8429229317351,378.997332119388,1586.9455777888597,548.0369881746925
189.73671042591423,325.3143202591241,1710.576802729177,527.6107811949157
252.81860083418564,281.91217180471176,1720.1701918813883,578.0010668090893
186.45425576610467,222.25415330300916,1793.5981594333336,583.305548105531
520.7417936351513,392.2162794534786,1382.513775924023,456.21709532218625
319.288167921158,296.3860122762226,1466.5634954684224,484.25938433227657
335.15244982176944,336.9375857410985,1527.2811003022036,497.7667455008993
348.23937583601014,282.2717719428533,1598.3857233090794,524.2480117333132
290.69972852795786,265.34601025025114,1645.9403584963716,532.7367609824877
142.32818911565732,398.77683351454516,1714.0411543982568,564.0148071962417
182.1947807224126,266.7499511469534,1799.5979093524174,671.4396639113446
515.3487171462871,376.585683196985,1350.9726762799824,507.36684504407526
346.2290739299226,299.6241617415465,1452.4680246086236,513.5726136553595
363.5264717082407,299.74119856686843,1519.217504048706,502.41105842892335
373.74553899663624,308.53126606349093,1588.008217151798,512.8835040414573
275.3461807645908,291.07793248583357,1645.964768849407,552.4866270086548
228.0795953573329,310.51874427113216,1709.3627546401804,573.9590050139832
181.08061642777295,304.7868988193393,1786.5213864354866,621.7183389014222
521.7583717609236,396.15950861560856,1335.6742045148694,464.20284072364495
383.2443282767713,292.11763789431114,1449.3446407260035,470.36112156619413
316.52553716144985,339.56583254823244,1511.165741218981,495.70612980247836
285.14808910079864,391.54841689400837,1578.9838029125885,516.7145699040743
246.7669699662,330.43676519833866,1665.6741999758672,556.4034692359426
183.60232362522038,315.7205397946883,1742.4446176504393,578.7353004301574
185.50082216530382,231.51018761076938,1762.7215371303037,608.1738454817031
510.75081126276575,387.45281840673556,1336.3870343151436,465.18896286041996
465.71994046997656,279.45356882296744,1398.2726076445974,492.56548926803106
268.68579312620136,340.22549218274,1452.5947813174166,498.6316908000781
342.83165666972013,283.2375714766003,1581.0241513941878,546.60955798363
204.35115203330463,375.37857141534,1634.3916261276884,558.5676005199197
187.99492074989007,249.94120203878003,1721.9781472592722,588.7730101333425
176.24141048190177,251.89082290146484,1791.1794466588135,626.713433185628
519.9990515388944,374.82146548321435,1364.2834764707616,480.40973141051006
263.46422984560354,322.2191348244674,1445.3424146897914,499.2334336474636
406.87667269251926,263.6973365704255,1558.494045224573,525.3104736404225
289.16307116867483,198.93844609935684,1655.7692684808153,528.187848301711
