954.5,355.5,39,30
954.4469125009813,356.4361741272128,38.84908802624798,29.43742675041164
956.0106478345155,356.32933690210996,38.14391708130445,30.94872946460361
955.2140298701836,357.6509579679485,38.427403489724824,30.54800333851509
956.7603950229363,358.93249780442505,37.82134098733579,30.490298359055465
957.2946442980711,359.0273863908192,38.31652877703928,30.86131870347949
956.6369786978221,360.0797031747054,38.71845839161759,31.19326302263965
958.0560555141132,361.16516678653124,39.26613847899999,31.935292669717896
958.194730900699,361.67079083159257,37.98725572675679,33.483529194399814
959.1181060931194,362.9612485212015,39.353049113279305,33.67259814023282
958.6470726623561,363.41542534936883,40.795453754712966,32.84423680729404
957.1641002284218,366.0403734220358,41.80871914256097,31.33242680165509
958.9780990725149,365.7128213125277,41.78297046759677,31.682241529980434
960.2023119269849,366.35223484172644,41.512090143128944,32.54223409341476
960.0897571242591,366.97414723329365,40.98835068009011,32.99194552419792
959.533509367674,369.6276411273336,42.48978343764034,31.633031115542874
960.1439063511403,370.6442600114703,42.723422480224755,32.51288043679511
961.1248321293577,371.7071235907728,43.15419225159364,31.929910950527326
961.503556318059,371.40823363611696,42.421977558065144,33.7130960111288
961.4568245273553,373.4825872285658,44.83269409094324,32.41784733618387
963.4690824983537,374.3273844711297,43.90550452456594,32.8416842468086
963.5863633162792,376.44595721245076,45.57046570227456,31.63491484516812
963.2048252098251,377.96713421294555,45.384366273841394,31.4285607871333
963.7280604539452,380.0890243803391,47.88770123207227,29.447944388064535
965.8720500054562,381.5791567970385,47.37172734746136,29.670924235248677
965.543328474644,382.1076072244176,47.10321474426313,31.06643649175316
967.094069841371,382.16723321511665,44.57732080378604,32.51800785794606
966.9144342835673,382.98709489395867,45.67148505974386,33.03629982524166
967.3476632580263,383.3438828905128,46.64688521179927,33.84172737397851
967.3038524275623,386.5365853596099,49.29580824608837,31.51673625334214
969.9348542716198,387.2495377340165,48.74967992731828,31.092299206135777
970.9542088884531,389.60420832993526,50.16503250016267,30.75830667948465
970.4867946919818,391.12286862586603,50.41061534067539,31.789103398213378
971.8295694553462,391.89164746156246,49.84270609782112,31.622187171534332
972.0261090145044,394.11916862592744,51.849053011574306,31.199215178458743
974.9572918115371,394.35593345179296,48.988227541434384,34.84143166431974
976.4511806486371,394.2432881751677,49.82270682709543,36.200350944648356
976.6892895800618,395.9005309346499,49.50352282275887,36.68635989299013
978.3704818397325,397.6182416798903,50.62063593822722,36.77970546663397
978.8607525198569,399.35208528438017,52.099326327245,37.81353866336898
980.6293978196569,401.26485034047226,51.375547875980956,37.91035252471837
983.3925153164911,403.5816014815604,50.385317498644305,36.69733941676661
984.263013400113,405.6720609641195,49.996507869235835,35.824538659895275
986.283908108944,406.687387570636,50.54632964748094,35.436419086138834
986.3321133395106,408.25125201827876,50.91695722580397,35.50148116842574
986.582672538779,410.7450001829325,52.9757095994903,34.007302879519344
990.3892143200719,411.98752163042053,51.453421277343764,35.30400118973345
991.6111051597351,412.5198374874901,51.05720480105104,37.72479529534211
991.7959048629144,414.75029161503994,51.823973423941425,36.73870035173803
993.7670297563959,416.9656005857798,51.06858872353342,36.6248754957156
996.0153052614836,419.1299336974539,50.749732144843406,37.05470708403637
997.2591014691352,420.01385104137535,50.33818389840363,39.1309036356311
997.961481355453,420.25420401455835,49.85934597525556,41.386076795022525
998.6812246829327,422.0571020959541,48.80074497279385,42.1240202872253
995.8018677418223,424.5159260993089,49.01355792585613,41.94832741444683
990.7588595425731,428.32425115238607,51.51379831835048,40.11032512204173
984.2172660518664,428.88762748808017,51.98215756108932,42.94168859337754
976.9461012574028,432.21313290152295,51.28144899455013,41.537991364465995
963.5071927838211,434.11558559399725,53.79721955867496,42.006346705346616
948.8499944479312,438.20962328007914,57.19796784214442,39.60815180922266
935.0607734778848,439.9719777612417,55.202310393751496,39.559230334308694
916.56393276523,440.7038241391912,54.25362408467483,42.115744122396514
895.9074130107609,446.5796287357762,57.88603440852151,37.28154454417119
876.306509015429,443.6286071611635,53.77933476339385,43.74814648857799
849.2088107335439,449.1877130102425,59.616877887879596,40.356463563846596
825.4346251466928,450.84435452871213,61.04138543964828,42.16438916609253
793.8803527882736,456.1764277611463,64.27943849227401,39.68354510407963
763.3482766995968,457.2954660348878,61.108237263348485,42.15860006202716
735.7292913999819,459.4709785256005,66.15710587582981,41.329008626540286
698.6738979633267,464.28645099788594,70.2766574254607,40.11495457102025
669.5303836326003,467.62553781305013,65.64327037230674,42.39252396095652
629.8271696457549,474.7189661494913,74.38390556532492,37.444698356782226
588.7242284413296,477.9581185771872,77.48202229001915,40.5738496518508
554.5126264165222,481.01373532921116,73.47233710605956,43.70478266014324
510.0704553905857,487.1551038077065,78.53099208883737,42.6629168881901
460.9473546321823,496.3553465028697,87.62752066367145,38.31142111932531
422.58300393803086,500.6337961752648,84.29772449770115,39.24176796465828
377.24778593866694,506.6680059819367,89.49679178898248,40.59744988464021
338.65179228386546,514.440279609194,93.52761487788104,40.75694417317892
302.71128200808806,519.5399688927315,91.56835701645142,45.475067713073436
269.8347406137565,527.4791426231676,96.83495107353059,44.044785022742175
250.35963629991602,529.9997810627905,98.98108693236748,46.129345456517406
229.30445507755803,536.5727153100485,100.69186053164358,46.90005658654512
215.72331384495504,541.2776798747809,102.71440283487048,46.13733816710067
204.54173980101018,548.6941006998622,104.13279339681925,43.381146192878944
199.8781348672581,553.3172039673884,106.44862613982448,44.96983455926113
196.469143807215,557.1872515127759,106.5555398890389,46.20381797681678
197.6562157892059,559.2514825057374,109.57737817477727,47.16796503506264
199.89235804549566,562.4766696374139,108.70282283879098,48.8172522088407
201.42726346025987,567.9281431591538,114.16041992643403,47.236906382546834
202.92306627856462,571.9367647732128,116.1191307023318,48.18246292480259
212.81007017091343,574.8021980246975,114.00272272345374,50.128397847740125
214.81924893697453,580.1411448436311,118.97206367815807,48.9572357971256
222.1012966175842,582.2983022366769,115.19587616194207,52.01923561999983
231.24352036217243,584.8503159051165,114.2750953743342,54.36332476149015
236.55412500272897,590.2741938533832,119.80817550525597,52.27893070596228
242.03372883507157,593.0611548244451,122.13715236216144,52.84490627452746
246.6724745049301,598.5667726282184,124.05971159455542,51.63161939087441
259.15612063461896,603.2629992230914,116.4597087085892,53.24184250739476
270.74733975362926,605.1704821224936,114.42944879120716,53.07034961083761
271.363485841438,611.9485789905048,121.09095464589447,50.02962370437835
281.113060952601,615.7194630106115,120.32974613433379,52.95356345097955
288.7547372837696,618.0500380674408,118.71149137011957,55.93457772109967
297.7608511345436,622.6476682097215,114.82348299682752,59.017055229655256
309.3413941807669,626.5976424792042,114.89177369821067,60.06706235323024
319.9373059003999,633.4233374857884,118.03868290644812,59.82917159719748
328.16970407752535,635.4222493297559,117.61776385071094,62.21735953314365
334.51288378059013,642.0182257755117,118.51634850329683,62.96911471618647
339.80627831598434,643.7342480412525,116.83983968149505,66.28839810664644
349.14265086271143,654.27477594727,122.23522329347807,64.17663778234804
351.83961741524365,654.9696775646652,122.25332675260037,67.27560223790807
380.06488358833656,659.3352899616385,121.74556688137231,70.16139541371264
390.38747274179417,667.3779581231938,120.94748369094293,69.53885597371834
401.3764592867934,673.2290163039029,119.69277771447241,70.51106929233765
412.2693517254549,679.045624789373,120.95155852968313,69.46631738644821
426.5729146012615,684.5371078615756,118.53683833820784,74.17178871545116
438.0713911139628,691.4674659738525,122.06172527460487,71.2562506670021
451.1761046328394,692.2311877786266,123.47312430911578,76.69972218626555
458.18828562111287,701.3419886143544,131.07932077171517,75.6854685141129
466.7704277440057,708.8849325379301,139.40939971282435,75.93466248409754
475.03070897331827,716.1108602203835,148.821031845589,76.42811426672459
491.2531023575715,720.2909477148334,145.7032132079776,82.82017233715175
504.04818692991984,724.5948693539339,146.06044705285385,87.29156948901519
519.4697744766855,731.8218409428263,149.67722820586977,88.21276463150883
535.7261891717048,738.2906535638466,153.45652554956175,88.43913242409083
550.4076145753484,750.2243357824542,156.8675057391206,87.01235512290995
564.5798174609552,760.6943914682057,162.77799930395346,84.94758663291128
588.7898016645888,769.001693496744,157.5651130774092,89.70248718438687
611.7260511483391,775.8221752126605,146.8806417556128,93.45610273509303
633.6108225356566,784.4127755548953,136.29559947385152,98.12252304044154
651.2638089501804,796.590945095168,142.0762197204841,92.43317087970428
669.7333095011304,805.4595539539306,142.90402754050922,92.08406451933706
688.4270139989844,810.9372367598297,132.45202596106336,103.73775848586664
730.7787835376732,813.4723074718991,136.46596039720168,106.07050380117482
728.1794050666632,824.6694123387898,118.44931327176036,124.01654922987123
746.9357786264726,831.2156648431998,116.41257167420707,130.1087557591174
763.2533128576131,849.4399646516442,112.17848320803758,137.20672665915822
789.2325620780159,844.7446548632399,101.55889116461057,153.613110511763
792.2426657522129,881.7197452608157,111.7121272764655,144.5496217885203
806.9712863414285,892.9378279873233,111.51842658093672,146.24319409134807
825.6886568075939,905.5675424605353,114.27348538990367,148.54875728293814
790.2593554164296,954.0334283413572,135.08872181207528,132.12142347351545
827.7338950909524,977.8315025396994,150.19372324930455,117.41384511397528
895.1185897873453,963.5993068309253,157.3693824729221,115.46922560859423
936.9845733352224,976.6931864884264,160.44026363245237,111.19929756448654
962.1501555894395,977.1541741936117,168.1907462512321,102.18866961300101
1043.589942019205,980.6344967539167,176.99820509503775,97.52045623419414
1101.4872211981776,1000.6964687166453,189.96004298067052,88.22822566565162
1126.3978699129568,966.5934045216908,190.2682707722666,91.95722155584676
1137.1478386123363,922.7568688047613,185.92297721604842,100.98399035403907
1151.3029266379517,862.4207350435155,184.8533843512536,103.47325657652313
1166.2939077072215,889.6986853110078,185.2608098863728,101.95797072405912
1075.9555214425418,917.4220501312042,186.65391345445195,105.24955360932032
1031.6307561615856,896.529245750982,185.01117449110143,109.3662127573399
1045.6258228356076,972.0991289794226,190.9529316360505,103.6429270053535
1078.0634480923957,962.5261613133205,196.38080507368713,103.95205554383767
1142.9255987439392,966.4064632141701,200.95301728267668,102.87361935435965
1152.1940148242093,949.0798803667682,203.14929384868387,105.93350953684875
1191.9068813821689,974.368649481398,205.84028258093073,106.84462852418929
1214.9109332535577,941.6158262964985,205.9184985834266,108.95510654434524
1235.4878951412256,897.1543894603337,203.7309712205713,115.44820821700137
1256.1747596876035,926.4704668474037,203.50061164853554,119.31758322284098
1271.3381328113783,955.3237190742502,206.4603860339083,119.45317185253326
1285.3298358992604,932.3959099814734,207.38971815469293,121.96450964653427
1301.2206730769585,888.6487787692093,205.71489467186615,128.51369904113406
1311.8940617701983,914.3550392824144,207.8702254535152,131.62832264623324
1325.2180446692091,889.0937325620846,207.75375750477642,137.02310088600336
1354.1216743882806,910.6481487627501,208.54190343155167,140.69185972310217
1369.3713907471692,869.8284525664349,206.95206817493258,147.37481693799683
1371.524788747631,903.130816804313,211.38453596331493,147.73474550160972
1387.9326782958722,885.3419711317491,211.9420023581394,152.84479433182227
1403.4741045277426,911.1858925568055,215.4808180703988,152.13851075573527
1420.7773460450003,889.189257755208,217.63764239020486,154.86034523726119
1444.3912402738104,918.6939162298071,220.1417195697727,154.94875825693404
1481.977628382284,946.0432580982008,230.15519032921995,149.05471342264676
1492.6364407570054,944.2053372524558,242.4907238553743,140.20726841826917
1420.3741400830677,948.4858876062652,254.108407047732,130.5798339247769
1436.406559811632,935.3799188321424,254.28642022228678,129.75172340027592
1394.0295787549555,922.7871360458207,250.63451595878195,135.63780807659623
1340.2532166262663,949.4326103032935,256.5142880815911,131.5130965969473
1360.9547576026157,922.0362604733135,251.11709513373316,134.49888742286566
1324.7509711399666,898.6137619092144,239.63207609552165,140.62193573381572
1329.847588020285,874.4518549971965,222.76949596421042,152.8511562227585
1315.29588228773,858.9844091772023,201.67270662045007,161.15667492929046
1316.7984206555304,830.0450825504697,194.99797645135584,166.06596072212895
1283.4052022826013,803.376354323865,192.24592867378288,162.40074648116982
1282.8734571236505,776.1926593178944,195.72278063498507,152.53231989547592
1243.5361591732772,781.9709491368764,199.21313336981052,147.91405611968483
1250.5929882926946,743.2382395456037,210.63912401967667,137.5954093404382
1192.6357636850967,725.6454273327873,218.00210703571796,130.55882387043653
1149.871493042287,715.9657470177825,232.54631691013984,118.51242912271897
1115.4949657793725,701.6337634919051,241.6887397588743,108.76974141104299
1076.1040953181187,677.3238511590987,238.13839212650322,108.70603873767203
1087.0310217997257,619.4035919314116,233.8409045034107,118.82943739096534
1014.6311417839603,635.87998635514,225.69717881256497,120.53771148390042
981.483618927025,606.6890043261042,204.86380095125932,131.96764442186952
971.4179451709463,608.6600912556307,197.92637038577448,129.31183773230887
984.490682293572,614.9445454720494,195.0807835625643,122.89865085745373
981.0158610896509,608.7452986057322,195.1499489951318,115.18619139031448
980.8781914161028,603.5749780958361,192.97799012850797,109.482286511408
970.4413922898771,597.7874448282191,183.38777077512304,106.83285548647306
976.1041817873821,577.619190533528,179.1655003627895,110.19621723749817
1064.2828470462364,450.1959706213263,187.64395889631146,109.78612986129217
1053.65831280489,393.533845714864,189.47695444853457,105.37684677789295
1059.5626826625066,394.83308526630674,186.34951033884673,107.90166959743422
1042.7914962197647,391.247770296126,183.53044035788506,108.59440851017182
1059.371381158286,389.1497422170228,181.30862550555895,109.69389146291061
1069.3108855163027,386.8575534416379,179.9122085129113,110.43246747007511
1024.3755062965574,501.5524631703389,176.66083413310483,113.47598803850659
1035.6583359200572,520.8724339711634,163.41396553751417,113.11093859368202
1038.151125839297,517.132275288079,150.12303388138798,111.26858256277083
1052.011261434352,519.099375040228,138.5045047639313,103.42331403330834
1070.9114255715572,514.8540747062708,126.6607272545716,95.65516467133298
1078.5478752615795,515.4437506738645,118.07451851810742,90.10713465829542
1086.8085994707058,517.0978074611689,114.75698446012329,79.09449685642079
1094.944382569375,515.7023470370733,107.87365025422231,73.82936399956264
1103.0905099357356,514.461724092726,104.4646086282235,70.74452579177435
1107.7568571059203,512.7740497343879,99.57598906312242,69.28805581196958
1117.4518337204722,508.8444963787691,95.04743368839627,66.70126352750574
1122.6350474725216,504.52969631748306,96.12550930900481,65.51485612474863
1129.3016766389405,502.39558398016453,93.58221030688559,62.16214814460168
1135.980305568159,498.8651691140939,91.6606954011003,61.297178868645915
1140.7165745797265,497.7329384851897,92.8683502947972,58.80984690422333
1146.349659192131,493.8066704036155,88.86713542748778,55.820404601705384
1151.6496078861492,489.48970564548887,82.86581220712013,58.37100582372948
1158.530515053666,485.87058404423874,81.3413844656809,56.095779683982315
1163.5931062200887,483.7011593604861,82.07463301720897,53.94163784872964
1168.7299989755768,479.87598093893894,80.94221981856202,54.161872527075595
1168.956883383767,477.3801377416088,81.46980371029198,52.891733049737994
1173.9210369857408,473.2291944054133,81.30089864384496,53.45929784205818
1174.3383625510105,470.926696188266,77.89806439887846,52.881387936832965
1178.7961816638963,465.5107588231567,75.48647715185223,53.913309711103125
1176.4358588023965,464.6168297873806,74.71953409346327,53.159140779384074
1174.2319212000862,459.24661267105034,75.2478128377899,52.06090067739595
1169.661660658266,457.0800798418863,69.11106669687004,51.628655552125366
1161.7955905920717,455.0123012512189,67.93094388917991,50.19997434551247
1155.901940059808,451.2646678143526,69.03708767642229,50.41460030915987
1142.355658435255,449.03146441210924,73.08665694686941,49.05380773260589
1129.8186489392488,445.1334332289805,73.07403893278747,48.9298983729208
1118.4699483293089,443.3508963523847,71.46546753975794,47.04625285522008
1100.4766563656742,440.89117009789203,71.39389436442806,48.51207612133819
1084.786494449887,436.66371646027943,73.38322134324581,47.67308641978824
1068.1648083076846,434.985383252595,67.89842842115625,49.61633615338766
1051.4856057133456,432.4644089833625,68.19288051559118,48.3512618419591
1031.87022905545,429.7909157141515,67.61889484419322,49.28846210280519
1012.0717283770001,429.48568733687813,66.10243400716914,46.91998084088477
990.9534887879308,427.6516183513549,63.95132266513832,45.73363502423029
973.6224701814908,425.30317731427806,63.62123158867587,45.05722684769115
963.0960515535105,423.4238687493466,60.16803633386395,45.732359702260744
950.7269463788277,422.2581350501046,58.884250071595574,44.0690105662351
941.9639026908403,420.3080353070802,56.77330237016134,44.55328599169375
933.6062547456453,418.5170649017147,57.199746603445725,44.26685656164542
926.8954268010142,417.998987197093,55.657046871413186,43.18019482378239
924.4357037364446,416.2975455739826,52.21412985072755,42.27937214012072
921.6754654719618,414.11267373275217,51.56712984313924,43.748231625711725
918.3161898226512,412.9610298406402,49.7245978291258,42.981981566217684
919.238471371066,411.48813187043146,49.47388006317371,42.22505884780546
918.319123252587,409.3351303541602,52.65716725335098,40.1258453368754
918.1375580375177,409.3874099364239,55.14659204557961,40.42946962476117
916.6858683956854,406.3560072043815,55.451736886401456,39.61044939371092
916.4706999431759,406.43868032712385,55.32673245433049,38.63106035385408
918.4340118591155,403.97719978200683,53.51831199544837,40.23330374354691
918.5446099516143,403.02970576652535,51.26374181684522,39.243244706897585
921.0904430893966,402.0770434429933,50.79378868300339,38.293672992734955
923.026579724648,401.28612197520005,49.5132435347176,36.52234538173287
924.2111544234557,400.50068843736915,50.106870927256395,35.12747097325554
923.488510870474,398.8648893069285,48.900137754805854,35.84325569697069
925.7811422767596,397.9885562698698,49.06771959487645,35.086091150277205
927.8858714712901,396.7737664027104,46.983533005642805,35.708813265748915
929.4584189534505,394.7242925551857,46.72467282949526,34.72050947330698
929.3134185843578,391.8168218945985,46.88222627759133,35.018778898482736
929.5024242979376,391.4627857144481,47.67647075982741,35.52406254290849
930.4728021479684,388.4653378989337,46.54756601308279,35.67282526145644
933.0110626046506,386.89369875262645,44.406943413496656,36.89310541223165
933.7544290644605,385.6559096147086,44.420519378508004,36.35675930113291
934.3291727926762,387.0338215253866,46.070697769122944,34.62940411326704
933.0552843332392,383.309518412543,45.46811897983625,35.41281411967473
932.8840144975342,383.87649503372074,47.74469879275547,33.83757493848783
934.4963541402615,383.557492998087,48.27787143729245,32.62332961984572
934.3628923212433,381.5809230269442,47.677627418469704,32.59606318634617
936.5884398721211,380.7438705090211,46.408226273497526,31.173254543599104
936.3842100675681,379.5895890137192,47.736218536074205,31.707547749476056
939.2409461380447,379.7938020683206,46.63213744888797,31.091914490428195
937.8211410254492,380.2496711922983,45.87516304535628,29.800272769103106
940.249032289768,377.22289394589893,44.6811749579155,31.39637169024758
940.3267885713049,375.38093278812164,44.303051916034065,31.971785318656828
941.5762500048756,374.24205031776444,43.98905227046735,32.907138338968366
940.761329650249,373.9358602310391,45.324290244181135,30.720626656549364
943.0053362236491,371.2277528135294,43.3506124503273,32.35942936027325
943.9228953215201,370.863055986905,43.24473192507607,31.886901040088826
942.8646502583554,370.79367132654073,44.494626573319714,31.1386379129231
944.1337995229268,370.861083839531,44.80313453292373,28.546820849740577
945.8563451773924,369.33391436304373,42.615957827903586,29.11826938759429
946.121240185826,368.08553534561486,41.4239511883263,28.98688496465156
946.632313963383,367.2597696589511,40.852718403609934,30.037736652553818
946.1044780073845,364.7836378850399,41.04592324299386,28.549037359292953
947.3540487495223,363.21906081469166,37.757588349913654,29.742090260781122
947.3877505153839,361.2905174704559,38.52373215450632,29.170727264277968
947.4752761188336,361.1666705551869,38.62609178929307,28.767567120337834
946.0435324985575,360.9790450351373,40.13175269112545,26.731600547795946
944.4861681034691,361.0690181014737,42.25005063311456,24.640130097509477
947.5316636164608,358.16844336716576,39.826398417472674,26.26372883680869
948.6934058757078,358.029487253964,39.50925022113112,26.66277327605676
949.7600461141246,356.25167733160674,36.203085857147386,27.611486190510266
948.6851787660158,355.16075777968217,37.52601701987236,27.501734653006555
948.8803776252172,353.69035984712815,36.27730444221835,27.44122501604045
947.6542390350339,355.0262201779569,37.278882983097986,26.290963798337938
949.3251655614891,353.75109213357393,36.387610026894265,25.832373980487098
948.3566242994025,353.9372957312814,36.80655651625783,26.338685455357336
948.0892656266338,352.5410298654666,37.180123968845095,26.325550995933405
948.5950616974329,353.00155423637045,35.99275084635633,25.28533647098369
949.3766604026207,353.6374741225859,35.61935757563331,25.144008656877098
951.4090249878274,354.0095415007147,35.7290229448899,24.41209506633949
951.2113340517946,353.07927127129636,34.515737531149895,25.642215067153423
951.47361750365,354.09833608463043,35.80183776024377,24.83203327976242
951.1265106114017,353.03188655803933,35.35105915629548,25.904261314351483
950.9586273264084,353.7124984129991,36.655435762347096,24.63368863801116
951.5388713577951,352.03313122221545,36.065244083167215,24.024530684786857
951.5229277946062,353.1898193605974,35.61889519972054,23.276182526871846
951.3927986456608,352.80797457190994,34.525089902904725,24.71516923984582
951.3711587156731,351.74418152270624,34.938792114547624,24.059328125396743
952.156844225097,351.502783522912,34.734156630586334,23.890795783661947
952.843747694765,350.4986522429594,34.75342003556797,23.84344804976922
952.8821816840607,350.32852670632724,34.41386280219906,24.481051442917988
953.0988852554228,347.99643735443215,33.063068468523745,23.87434552361164
950.6732229333593,350.1223037791411,34.07402637841824,22.71960305242309
954.7882548646854,348.78586542958624,32.852759358826525,22.586760889813444
954.8507350368668,348.1410649031735,31.81046945943983,23.226285553629303
955.2597605096363,348.15456612378404,30.642013567719438,22.993454754897435
952.5700686658641,347.44697446412613,32.56750159018357,22.186269957025324
953.5016556449018,347.67085122899596,31.926072355470385,22.074065388737402
953.5706431626513,347.1583571007807,32.43817593394151,21.30795918524059
953.741765486843,345.47913488855295,32.42880779496147,22.198157450059583
953.759408113169,343.901630612816,32.42347005766685,23.512193463863476
953.9519797479476,344.75366558580663,32.20349890464061,22.84301755185935
950.9356930048241,343.48885199270364,33.45596987370022,22.959248369788043
953.0268382810013,342.3464155485798,32.69240733951225,22.58410594678096
953.2290471107932,341.395651641324,32.15963740652722,24.218172292027653
953.0052025119961,340.93899643860766,32.912979774757794,24.559430315308816
951.9355683271883,339.7146560629844,34.18964777044992,23.695976797125724
952.431511292592,338.9787959223804,33.333198679886095,23.530177422559376
952.2278302554043,338.8260802319991,32.408298542259814,22.44492478540868
952.7539818187329,338.18138650147864,31.86528193078417,22.7114287907605
953.9367464576166,337.78142468718147,31.370753220316885,21.930905631474857
953.7383602384882,338.22521832930084,31.323695852664827,21.05010393102443
951.7964836898847,337.5063290250715,32.41206927938815,21.142662658499415
952.5668505344474,336.57564850929515,31.401586250445323,21.230266684841574
952.6921093644829,336.039126932464,31.02499624928765,21.518701404133758
952.7101720325572,336.321738702563,30.35664300283397,20.73502824870988
952.2380129398234,335.6678160274871,30.216944332316544,20.145817364011634
952.4903092277166,335.871205475358,30.02156382400915,19.613045621260852
952.3547226614451,336.7097311140017,30.2005098079888,19.332810715431854
949.4308865191168,336.22884475024404,32.29260174673306,18.315142154094378
949.4237243030317,335.0686921875323,32.51051429746159,18.581574893893688
952.3534848073605,333.85771933009613,30.435229188006282,20.05340159843092
951.4770987603642,333.0089934141553,28.586257340138907,20.87487949106849
951.4662611148834,334.4490211819786,29.41916033804453,19.640964320052866
950.878636646957,333.1889693642922,29.87436624544701,19.54551000867733
951.0270315693506,334.4161381786885,30.814653896601644,18.631516627850715
951.9234780798272,332.57250667349217,29.51746886234256,19.566062592086645
951.1914917306627,331.7272947900316,30.201942424359068,20.235361631219476
951.2617664467138,333.3317023329821,30.739812458005915,18.644958266242476
951.2048157032673,331.78667927089293,29.572553271556483,19.451511477679762
952.8311629810829,332.3637575823575,29.212368861170674,19.38767781109946
952.9876149463594,332.9590008015875,29.3931559030717,18.635386188687328
953.7059717192618,331.95625217861345,28.800059097084308,18.62892206324056
954.0999997579145,332.8996362781583,27.857672358497705,18.863248274874703
953.7829991272095,332.2244933617415,27.478125697242596,19.45265763482759
951.5086250445534,332.4931073889208,30.036358953010264,18.43568290855698
950.7212831724343,330.83294365688323,30.431255010763913,18.628488306027087
951.5348401650369,330.0656374623862,30.88006418772455,19.237970915446873
952.4985050573431,329.38606186935795,29.19760135193257,20.85627126110419
951.7316348969057,330.0681305822773,29.341798179016678,19.866804518316364
952.0133995690027,329.3523463529687,28.0807200058673,20.33846359460224
952.1891495061759,328.2788638972503,28.629041074226393,19.579858856086325
953.0738433629953,327.43891400207843,26.934869001910453,20.196869353988266
953.3596671849007,328.4911290931126,26.542557584019143,20.469102383373198
952.882216063887,327.37359666824864,27.069353378652977,21.14332962641386
953.1880556534502,328.2498315349789,27.03146795846933,20.27240803250512
952.7280756598319,327.8271631424988,27.174094324921324,21.949243747214677
952.0478680882937,327.2732004493747,28.488774231226806,22.34194900616462
951.8739327540675,326.08242263314986,27.855273470897885,23.202232695406376
951.2956001035517,325.50299966600676,28.034302773835833,23.37794574150335
951.5515540032088,324.946668972421,27.843946020957254,22.967228269624734
952.1710873347581,326.2775815816419,27.52843149179681,22.880910769931276
952.1466077354205,326.1170783300598,26.924547272221957,22.95957285171353
950.4590281781125,324.6507681662436,27.70827995695352,23.867791093062394
949.8986962877508,326.9937786422324,28.653409096676118,21.18257647973658
950.9841122741165,326.69724033503013,28.460292072191734,20.44298524955589
950.8080732035271,328.87363441725455,27.64727171506317,23.014166011476025
952.4115901624484,323.62339523903023,26.913385755553204,25.415958382343366
950.4513460056645,322.15322303851104,25.844870895985657,28.492307512075357
954.1158282416477,332.06210780117647,26.02135904227324,30.181429105454804
951.9976396160899,317.94284373099833,24.34408660176174,35.549208875389276
953.1836637021554,322.0287145794102,26.381953534975224,34.9864783292099
952.5545944724797,322.36203130134686,27.628097584043843,34.23834247212584
952.2746954258594,321.8042479812417,27.49978717961538,34.16858610396122
951.8604366188885,327.58728330675035,30.90958419422067,26.834298015441966
951.0864276653684,327.18041815216617,29.06742637744008,23.925683927783815
952.3603315933572,326.9899148482952,27.80907406551388,22.227849684852803
952.0700051792594,326.86626662876466,27.972751346718155,22.115503232772525
952.8074903519706,326.4689047187394,26.775964792734428,22.243466382586533
953.1375789412559,326.09843450066967,26.29174494607497,22.007475332885555
951.7166646997682,328.26564457672254,27.10009635230721,21.55858441973214
951.276026048241,323.9644972274118,27.174510900563263,21.436639558374875
950.7177541833374,324.8664390040579,28.041431139771586,20.305566654935582
950.1397368850503,323.67950097179755,26.498572096967226,23.961708335287916
952.5702751987037,323.72775569785097,24.981947798948678,26.990766024907856
950.5987893525825,318.9503317728775,24.94930307798048,27.569949800782656
948.3317059768177,320.37916590186114,25.519205235426654,28.299514768941314
952.4348690324642,314.6245204675883,24.790175112714003,30.602917336858155
947.239517704822,312.25879287988323,25.398013246627578,31.85124243449669
947.1496896175429,312.37326399402895,25.10922540784265,32.989193428373234
943.660481960813,311.1477601408365,28.896345257668543,28.521309339496643
942.2668722848255,314.28008487503723,30.875004885694125,23.927272605340278
942.1692537134384,314.46968143706573,29.95648323010697,24.11357364385857
943.3320789340937,315.4434483011686,29.64261702128732,24.23264183771139
942.0102966414439,312.70892715702905,28.958259332365536,25.650437022368934
941.6931556957433,309.8360262059379,27.90711443408562,26.51946721882659
939.6674614565488,312.01941989570656,28.20815188929792,26.221188173320005
941.0355754682752,314.1274096977046,28.15878306369523,26.809163476106953
937.0394013668504,304.03366388295444,27.982096737813823,27.23462755216461
952.0930908161641,292.1534575372909,28.904333543189992,26.785688819887056
961.885842924696,267.59539818371303,29.493863236849197,27.38460986244491
982.3529966981866,264.3690648031977,30.1333106875741,26.94592212296139
986.9418220923967,260.54849135124806,32.16395007764875,27.129096279347635
974.5039667658718,267.35415485107865,39.061753033010646,23.670413518004935
956.1230368359172,267.78615013212,36.811120200720126,25.501193677041933
970.6583080127385,266.5853758121448,38.62917873024028,24.63931224719368
975.9151902593776,268.36463300148733,40.04540407272183,25.136119168492964
960.7547326458148,268.085831127722,44.509876453883635,23.186340391336532
977.8212505276954,264.80744381960227,43.50558624327398,25.074802076994676
977.1069789694765,267.4460131656873,42.870050178505046,25.966530474096672
977.2725815389695,268.19033313308785,43.62999164102338,26.190099397178003
962.3257389867051,270.3227165465866,47.00348237488001,24.699281505437902
967.7898070909034,268.93712842021125,49.39320176893118,26.922966676677564
970.3196012836784,270.10436901334214,49.19908775987585,28.13142577227748
973.6264054028276,267.8886302478306,48.09483210846978,30.17855620090741
982.068455414353,286.8243794680856,47.594402642004894,32.29801557719699
961.9376318861623,266.07878965298306,43.367266257234746,39.00032843896774
955.139866635694,260.18153290389205,45.03210095581349,39.76077441078863
975.2907900836723,266.915988260514,45.42493888278004,39.57825147646044
976.2598210955412,266.7903493657824,44.59608807360412,40.07875156435209
972.3343819971233,265.43125947507275,46.51142557327191,39.86216863980063
975.91984843176,263.4969261280259,42.3283698076542,42.25206408545118
969.0478500417865,263.6611032556917,43.55842085272948,43.132255383709
973.3327359731176,261.4487418591839,43.64349698561311,43.20891551860427
955.0608705759871,264.8504471269639,47.902511681243936,41.03004667486957
972.6589597170024,265.54613515209655,45.74052995857821,40.65469937183683
971.3701585385378,260.55671779634275,46.61406947880188,41.85660000966185
962.810498673819,261.6036832917076,48.447641757024854,43.281335773056554
946.864220789298,253.4214027814048,53.055291936283396,41.607624494477214
966.7503162595059,259.6128263293081,53.71475720367371,42.163242177607664
966.3767052682476,260.5751484998987,51.43078960692793,45.12933335114074
971.7200079968293,251.5404802929231,44.41179921057162,52.83542258221773
960.8552123131616,255.57471214862366,49.210471852104185,51.54303898752386
954.4261745161168,249.61097984238612,53.11957265770923,50.34389106106603
942.8251838303053,249.26909225816684,57.22590688662351,50.79694109678146
951.0287012126005,247.1452651041733,60.396113930546406,49.64237430908473
942.5814383801621,247.86775805892094,65.3021667432725,49.178501323096455
939.8509023692509,244.7060465072092,67.51897203950841,50.61641000924345
944.267370200252,248.50882356542468,71.3134426383461,51.387639780308746
929.1924321742074,242.38423162253622,75.72645468356242,51.74381564791521
928.9436555994599,246.8426584883621,88.17436635334539,44.88543371843815
924.675514243762,247.02204831276566,89.02910676401441,45.33381309398531
927.9799235243747,250.96880000988799,94.53221164823542,42.07886597894351
924.8474726101656,244.3735652857072,93.02424936116205,43.706807417464844
923.1403634804414,250.1636999611843,99.70476583392767,40.154077124559976
922.3200814077379,250.3800569282863,97.1199649804552,40.006627887585054
919.5542113772588,249.70623412495317,96.66128436475736,42.932689675464815
919.7303922790003,251.50955532243898,94.67954710362672,43.965190659347265
923.5851749731,247.78510966192087,90.94266759004357,45.05807690881232
922.4957145723354,249.40404852397978,89.65278348141098,46.52243238172983
924.3544679616265,246.1580739903456,85.87547197027638,47.42639088650343
926.6719040323427,249.0931342299971,90.28173278135267,45.13224965550596
924.6934777230178,249.14005573005684,91.74791902657955,43.10102106143354
923.0865335570636,248.96670420723433,91.85783389257506,42.93807538960837
922.9041327413695,248.13211790607866,91.65197805313788,45.07980964975974
929.3804780767507,248.52437114237352,93.04562566878971,47.31708657660272
921.6934925707648,246.56064189026645,87.76453181111515,49.496482441361835
923.1225963092061,247.19892000201557,86.12663731911482,48.856907778277375
918.3182440796073,246.93392125232452,87.64667299932724,46.24852859203829
921.3580967420255,247.82361565717252,91.35247918116124,45.865898394512996
920.8153502770888,245.86532033196224,85.81461497476259,48.554843114443955
917.387335045314,247.09559487841432,86.2646524889022,47.87947075279557
923.0781487550597,246.12903467467285,85.83354697357771,46.8815857427639
919.571992453106,244.56803333807557,87.91428683798186,46.37689501817181
919.1560791936301,242.30521623152663,88.58985478012907,45.90321519987853
919.0827152045204,241.97219610046142,87.09018339063232,45.60070318667168
918.7872489395148,241.3763622235869,81.93725736330467,48.64044312751777
919.9826852533685,242.80293618091974,85.91283491385141,47.13499917150319
919.0597630745798,242.30706054000137,87.34568044310555,45.805976089822465
916.5982556588456,241.44576558774793,87.23110175289872,44.12701913746003
916.9012448422118,243.1958751041895,92.41132468640524,42.611885477064135
914.419719949868,241.9260655938747,93.3063709879527,43.000130093675764
916.3738005480919,242.82816613695985,89.32627814421123,45.76244581651419
915.636397238879,243.34213496958319,90.6500326242918,45.55996884260243
918.5063859862869,244.41262577616388,91.28301979818448,43.56364718616233
916.9355747615051,244.56797565491428,93.64606686132578,43.38343187805597
916.7932570700757,242.2050690625778,94.45902283868918,42.89273871270571
913.2904063516188,243.60904407824736,99.35245037562339,40.824192337351334
913.8819709344319,242.26275168846126,98.93019960922567,42.76751889088629
909.910335079227,238.93262955664414,98.98292044008505,44.18601444804891
912.7320733895425,239.0454545649679,99.24919446284473,45.3084510333113
909.844204465867,241.9101167267503,104.0298921735087,44.038195486802934
909.0459874384351,238.38942479508233,103.54149122829018,45.266761824409755
909.3766371703191,240.15253070723776,105.07605851415836,43.03851673465532
907.1840771672515,240.63985944924576,108.28250159505787,41.81551430985904
906.9445960838556,240.88430815143008,102.44420160766592,42.854841835761206
911.5911426277959,244.6801561989123,107.46876007748784,42.15619667770569
909.4793834893765,240.77057877732537,103.69525511522957,43.89216473045853
908.269398136715,241.69355873695787,105.20843895190372,43.21292094062355
907.2188956257244,242.3154029037471,103.56248512498107,44.2103362907135
908.4000498665533,241.02804131929372,103.69900569767728,45.14407208252342
907.3599454852492,242.75950015728125,104.52075095965195,44.10449903662309
904.7114062021476,241.61194246580297,102.02424858305898,44.906036811038966
911.9247952407685,239.8572346464373,101.04842243462576,44.3442315018151
913.1307592146735,239.54723213044292,102.43627794957325,43.221693052113196
912.7355390694879,237.99091249674075,96.39236043769947,44.00558936943489
911.5620879817332,241.14521425315777,96.26342289034538,43.872608452064426
910.1198451517138,240.14819218697272,98.2996196932073,42.17186346853512
908.9406579009558,242.77205372399266,99.47850109273614,41.19728097934956
909.7986392777045,241.36417107771055,101.28803788148053,40.992114169481326
908.1588842594355,238.76494729159407,98.96908198792413,42.27967392432139
909.4081266874709,236.6504734589808,97.50121412520451,44.427952350945574
912.8906656633626,239.14296991199492,97.28811043567707,43.991487732415564
908.4638798685285,237.74750218383207,101.20298194504447,42.033809434911035
908.9768252684845,238.04638185106867,104.47258170775555,41.788070489099994
908.0973266071169,233.64543177331348,102.0223788700848,45.58701156010615
907.2765569359257,236.26946157257436,107.29159334614286,43.18971701309691
907.8091838687074,235.40982802842214,104.92260614349281,44.12671760140182
