364.5,859.5,259,218
375.2277732116844,854.2357658935362,259.32934995027813,205.8141891076605
396.97691459334794,842.6254322789212,248.66199643781195,202.7649143772529
409.11122114400166,833.0516092951798,241.8522624237096,198.1707885464164
419.07513007509834,826.4803216890973,233.96540081249316,188.66272126086602
427.2219976131944,818.61178682962,233.8740922130521,181.1141285202493
440.9338559142881,812.3024485530265,224.19993379319612,171.23003607980516
457.6641106081687,805.4904640028437,212.12196656479566,164.86710839639636
468.3406945223941,801.6085666146539,210.9223677639498,158.70577028291274
476.39955518240293,785.4826407508488,193.6934025559821,165.92215218838305
491.73200311967344,777.9926654955683,197.66192411170297,159.59022553140616
501.25004399318783,769.6085978479142,189.9792932601055,156.43964627296825
501.90060634457376,763.6108798918643,194.86901269069506,152.06165347602774
517.160195404984,754.2950231553519,183.5251229564543,154.8926145040378
524.5137674638069,748.9361715453724,186.05670744323447,149.55258891446886
531.9093247214084,742.2768678453208,179.17996794178814,145.37781405688747
540.3277835697429,733.7838632031596,170.84195644007326,146.1318159642474
550.8789510832604,731.9657533521314,166.51350449558922,139.1724026891993
561.1375999485557,720.3287050641206,157.84391920940655,138.1670395776488
569.2818637585135,722.187528329269,157.41314504399898,125.55392420955624
575.9908521146698,714.8298115829277,160.1287673247478,123.69763080419285
584.3340070297841,708.8427894670333,167.75066440645406,122.01111913863835
589.606709143207,700.6190616923748,165.6562317607257,122.90697308640326
599.5967000383828,689.0255367145014,157.54991229445417,129.87357043827353
604.371812346581,687.659251278101,154.90008830735735,124.05543491993743
611.3185543636564,676.7985266171936,147.67203079192066,129.60902177101747
615.0477334897031,667.2673435787543,144.81304704632376,133.87447703122547
619.9827361401955,669.2501152406669,150.72619218607088,123.76187653271984
622.9788239187402,664.8696347794511,148.06827161163142,122.16428611631227
632.9072748411269,665.5860845645159,142.5872426396846,114.9621295624557
637.7745647776295,657.3374864489002,147.8131628337882,118.6028418257807
642.5478051575396,656.9738076467604,141.2736716811312,112.69817849935593
649.3643729851542,647.2699915041105,145.10454815417535,116.78695394424645
655.5998139856067,643.070998335962,136.18228642024135,115.44100966362782
659.890007993797,631.1866755533371,131.01562193009892,120.96727987155258
662.1637524364572,629.9088510132563,133.49005992241987,120.72835445988255
663.0973675356915,637.268353858549,141.15333131745132,108.56654962385277
669.6965767669658,634.3746489497069,137.15473613191978,106.93091970729057
674.4441054464804,636.5193111865752,143.01522806256116,101.96490641386569
681.0301653373973,621.3430622898866,128.47950999552077,110.6380803483613
689.1253476108587,625.0862227749637,124.96908531312056,102.79153067377358
694.3968714328195,617.4899283449373,119.02266350353162,105.22602411266772
696.7525216777977,621.2560590528341,118.21256243013408,97.1774623309119
700.5021439146951,613.6252771254655,110.06193405973536,99.70520540760636
706.3232172478996,616.6836898405296,110.66493308106477,92.1027609644008
709.9966006218064,616.9437227717306,106.41662164660096,87.19241718309605
714.016667453592,619.9043394333568,111.20530940617981,82.70301884606677
717.1848907395915,606.8219419395772,104.07349320225431,90.36348660412581
721.4009590963201,607.2738621399004,108.83286137589847,87.43562615909119
725.2978631362696,595.7032453130721,101.0206990367287,90.63309696565199
727.6584289470047,597.6394078547436,111.64550037579448,86.68856330971673
731.3810008480106,590.7227143384715,105.00753699048263,91.2273179649893
726.2220829723004,587.1671621298059,104.2446704841561,89.22007581911416
734.7910544295678,586.611399160131,105.94761999431599,88.68976171117903
731.1071000028843,587.6816133290736,111.84116983623534,84.25228595832306
720.3301358478122,588.8387635636986,109.48366689582905,82.06743666335264
735.1302753032825,572.5541114619483,106.23849200180024,89.54068661037557
737.6074252206353,570.3688285398154,102.69308118812464,93.82428969048479
746.354540401395,563.4951739451692,99.37597787013523,99.61837589213197
752.7102757988821,556.3437171180088,99.7029989903666,98.63178205907006
756.2085778561695,545.7955187418362,93.44014471303406,107.08059588975219
762.3185976460078,544.2013518253112,88.98802635746046,110.71987857977462
756.1929504274875,544.6547389054929,89.98932296629457,109.5413979232953
745.2414038366059,556.883201550859,94.65895641041713,102.63897908288423
766.4179256994936,542.3602642271475,94.58710489726458,98.5703185622346
771.3745870280818,547.1634823221203,98.16195317722833,92.22842512877705
772.3792613303582,542.4700858863041,95.76258149653282,94.36894502330274
767.8149469099882,551.2028237723083,96.25781144740981,89.17991655961592
777.6988603402756,542.8258965837931,99.55810363156237,89.26445553762993
782.0074101374579,547.0381557094695,101.48178651527968,84.90487660600678
784.6904961594778,540.073883041111,98.41204839747991,88.5275011670694
785.5394875854756,534.3122027317232,97.36873705600621,89.04783713518057
782.8637030052957,536.0947274018005,92.89740500055055,85.95093152417174
781.6210267526277,543.1366286688526,90.29294458340264,78.85963706385373
782.4698693025608,543.7010208105953,87.73590084162623,73.40010090460575
788.4147063217606,544.601301049805,90.21841399768422,69.99279208107978
790.7884829689782,544.6055826497226,87.21590916236251,69.0512607067803
790.9059322144815,546.9797050116871,92.77769169454389,63.08920477739167
790.9531444846634,543.4336763243634,89.71852339219325,62.570318197579184
791.5505607452814,543.4330214773358,88.13520214210652,60.291855859293236
791.7448335818829,538.9435319185875,83.49299418176967,60.96300762718399
794.1863730390324,544.5234235149757,83.7879179607881,59.63199582622551
790.9609733214808,543.7149827642986,82.11105892933939,58.4283822255982
792.8192627508894,544.115926606801,82.19321122245556,57.396124246383685
791.6406248617712,546.1159882319348,81.10034008252684,55.53261463790979
796.321821316844,538.7616333057081,76.73414323236487,58.51454363862736
796.6670645036742,540.7152528333448,76.48932649662748,56.63813852650216
800.0678217640377,541.0392327225433,76.26719878495457,53.26046857904346
802.6052631161667,541.1479414637322,74.02382751280554,51.50720340489954
800.978844369836,541.2293996363951,72.82834351568803,51.79967182343877
802.4432513682066,544.2326173810765,71.73292788246347,52.2175236726176
802.1675771119794,539.3294999443054,70.56381262361238,50.04876186670141
805.2182095310304,540.5151796479477,68.87577572737834,51.22761298853118
802.5805434194419,546.9647939942788,70.6084825146274,47.86526195048887
803.6967981095845,542.2499676648522,69.45825291576227,48.65346267175928
799.8357923762844,543.3948878916433,66.71680240339394,48.460315733800826
805.6671754223776,543.0974083198895,63.72128035934335,49.48645095430756
802.170871511008,539.7519041169215,63.67026679877563,48.97325865114695
832.0429160351292,540.6756511654966,60.34739801691223,54.17415244307249
842.0053052032979,540.8253446895279,61.637421723687154,54.8224319095747
848.184078621481,524.5171804480312,58.899315994437345,57.45218741579838
851.3123594045718,538.2585945010778,61.96553341195656,52.99338503058378
872.6354955680417,532.2570106324871,56.680990823798595,56.37649692498225
882.3214037057869,533.7871909416724,55.37836762891038,55.43583866895669
888.0888921140134,531.1687607600775,55.032130028408204,53.411485808612085
896.4059124187633,534.0538797610776,56.280778591098496,50.761272042027656
907.1284849364271,533.6872022471458,58.404285829661106,48.463194938795056
923.2401654422548,535.7846355448412,59.844891491148964,45.994110000277075
934.3022041668306,534.5121392503385,61.23753349393953,44.554147223833134
953.447149605845,534.2654962923084,60.785024739780006,43.429138471796065
972.1827335152639,533.8457773374321,59.58839117970369,44.055817163451394
990.2252129712194,534.1829168322171,58.95108060024393,44.52177150193393
1006.1416255176118,533.2280650627596,60.28137197612292,44.78210309806323
1023.2088457658991,532.0494453448326,60.890191823651826,45.21152127429813
1031.1004026107162,531.3982083706584,60.31950002151417,45.78169437585508
1045.0239413045992,532.4426883300821,61.40821524943206,44.43571037066627
1050.6291510296871,530.0122754799761,61.87129544482799,45.02368173696138
1055.5349324565407,530.4517409246636,63.2521981329568,44.17321251818761
1062.861897484933,527.922223512481,65.05031904257618,43.96827014896539
1066.9869284269764,528.3005189340237,65.64404105533924,44.146972346659
1069.7848771017557,529.4315631614623,65.7694414615109,43.73809572174896
1072.0171596640528,525.1985553686033,65.53419768228717,44.575774328309166
1072.5558318619912,524.3245571983878,67.15880058152109,43.076885190655254
1114.5547292096437,490.65635629060364,67.78494290489068,43.54905252559393
1093.714519025894,494.5754303259851,70.96570973212633,42.37775777203147
1071.2908351482322,515.308100762248,73.39881410938797,42.90855183071857
1075.70936555157,515.8488282689393,70.30379767282413,45.275007560196556
1105.2624388932431,499.1468022962581,70.21157607507406,46.43166768806259
1087.9267308888288,502.7803794012393,70.9670702825121,47.42543401930992
1101.6077206547122,491.72908637488814,69.93566973597171,50.97785059267299
1077.8383101523652,507.97640743016376,64.54496251608678,54.21644075791178
1069.5819904748182,509.0808437171046,65.82476072537581,52.104925723328975
1076.5545377785563,502.8272045872266,66.91649503169765,52.481963968375915
1068.7710493832183,508.15863630198857,66.7958697629564,52.06743974278706
1073.7503785438864,503.0112372220419,66.11246681797029,52.3514072130818
1069.6313234055017,505.76207123785855,65.48439657757838,51.79917090173628
1088.7390190990527,495.0060591525941,68.37474531287421,52.69710027043439
1094.742345314096,490.1212741861736,72.60578413859663,51.943412248785194
1075.0056876093986,495.03003408001496,73.9114105941211,52.433581214140816
1082.0059219849738,489.7681727304408,76.29980666632608,53.44239228043484
1092.2564492431331,479.65824401850574,78.31493819826335,55.5657643701077
1086.9566326143536,482.69067419488897,81.32374692439251,56.25541439344077
1082.4811073162432,480.1988189605308,85.37783112909327,56.05799649228386
1087.271509558787,472.2392035245548,87.00653471990594,58.78482515649129
1095.1066827346451,473.8247826978632,87.85630072951619,60.17655678501011
1087.0432138718184,466.4956284292306,87.27236387521467,63.365674505962886
1089.33967066357,466.13658406231116,88.23930437154988,64.70383665783997
1082.7384339802759,470.55374390036457,88.5247129717827,64.606483159908
1084.7400656994437,465.83338514295053,90.84715338676142,64.78185806932373
1077.5607177062636,467.9250301198941,92.55896692378204,62.967513167554685
1076.645701528037,469.63384595074973,91.7970378652751,61.58330222656464
1071.362027218327,471.75932165983954,88.04572639354065,64.36675742719231
1085.1431876016948,462.8254588273103,85.60785173454909,67.61463032048817
1077.626410498653,466.5928159124178,82.68759747382822,68.51628906978127
1083.5800957005754,453.5410203930089,79.7259574530342,70.35239123941716
1088.599039411892,456.9511757640195,79.73957166401195,69.61185032818317
1079.4214811067784,464.74190403803226,77.94462751241429,70.96191144648829
1085.6693613889927,458.7362351071044,74.82946511565473,72.06250823729309
1088.1561508066159,468.5638470126297,71.9902337078414,74.50367913949802
1088.8309404513293,454.40269473729035,71.42727320159094,75.28658654929373
1089.2768666109314,461.38983514113306,70.94527022815487,77.06383077523225
1091.5707266801958,466.32360215637016,70.6065987707129,77.56052458577989
1092.6843096518041,473.48878835248615,69.32419935711744,79.17523526517652
1092.3139646576299,467.06342307240476,68.99894972711395,81.3353010810873
1094.065270194427,455.4291816890693,69.64087823649861,82.27657323447501
1093.7878766851434,443.9137511574623,73.09105936102263,78.95659737132112
1098.1725689770335,453.26175666431806,74.75736354783773,77.85621043616415
1087.6998472906546,459.1530541408501,76.34620631334619,78.00712096567953
1091.28136899468,467.046019788862,73.16898160341765,80.400176106088
1093.5192123854608,451.53113003363467,73.66989373210858,80.91169580506836
1095.9150423519118,445.8732972618526,77.45169992914035,75.86921172063329
1100.8706317200981,450.5229428111378,77.27194839598552,77.35457008731899
1091.8556951036414,448.7893518594164,76.9870288088566,76.01560842934389
1099.0936233849854,442.61893099693833,77.09730977230541,76.00629800165011
1101.5139348463595,449.1038131248711,74.94420074641138,76.9679161229672
1103.9847809356727,438.729429990707,74.81509318535089,76.32615198534948
1112.2316491740455,442.0086599436829,75.01245506635625,76.30434461607167
1117.3830053304207,432.9185752499964,78.10518675846122,74.28774791600357
1152.7480913721524,418.4518549263321,83.66594423069807,72.12229911482899
1117.4083930116185,431.3922011893414,87.41821144762937,72.50695685496567
1090.791219078342,444.32389970788665,85.90235390592561,74.5856998222572
1097.9951673578655,448.2200558108304,79.13982258553112,79.36616929383004
1090.1158306446455,450.6652425437685,77.60569486423086,80.91167120488406
1099.144762456176,438.2193137788075,73.39908200326894,84.24816341064243
1108.2221348542316,434.8495413211806,72.29402223567004,85.28232110253099
1165.0431775737813,395.6544866771287,76.53160770194391,81.99905389383994
1166.3226276669773,400.5887600202968,81.54591191425742,76.9485392339881
1178.9179342788636,402.29447756078554,83.27393453403572,76.35052693160037
1191.826968927277,396.78312573281124,84.34029094857134,76.27092897263216
1161.562599411829,382.4325329079136,86.34437253779011,76.634008945534
1174.0122085917778,391.3100201530543,87.81938170293698,76.12380562048102
1110.047746243973,431.0145545226923,87.58626508950496,77.67944419152967
1098.7295669547973,434.6204055171559,86.11881702068267,79.28852366150021
1103.5370719360365,423.28348601176435,83.99920247491957,81.09478413192807
1127.2749957163294,412.04868833573005,87.95106923369603,78.99834031153725
1145.6670719217866,403.306967284997,91.94570906941998,77.65173736442003
1111.115310942002,416.71377767813203,92.64320926829967,76.9673825122654
1153.5080742267428,395.7581902057355,94.2422978408301,78.21841421252043
1158.8981598815105,406.2977269442102,95.91336946861884,78.38736388460607
1103.993768339456,417.5464893638601,95.08185201713486,80.01317107348054
1116.6305265402857,409.1077960297221,94.88603379372928,80.16393912609749
1131.1548854120977,401.24835875639474,96.78490309821424,79.57452982819603
1108.1848881623348,412.2441942661759,96.87460597698905,78.72361614937262
1111.5412036183586,414.8341138992493,90.82273255005822,81.72651797808132
1145.9433327254862,390.5054989574851,95.91228847915194,80.34154901726438
1149.0831031170142,394.3702468633349,98.93716168902199,79.63053340367003
1118.993487690535,406.80846713687913,101.36627768936253,78.77360513619891
1126.9040165914994,402.1258337431664,100.22970837558796,80.38300939932917
1132.3445798710318,394.21936085248166,100.42941751336964,81.09746155896357
1166.1868065025494,383.54131807851576,102.70962318050528,81.84425748752213
1138.1480821781827,393.97507265835765,111.22941602860381,76.77807958563312
1140.1767480824715,403.23722194077317,110.6934733444108,78.91891982206695
1147.2260291865919,393.21135653238264,111.36127206061809,80.21207863180308
1148.8223719636794,401.31719807111824,114.95641314172424,78.7171834626266
1092.03707127237,394.90051553644355,122.31738186184425,72.82966436609115
1108.687550286999,406.6774585882305,115.60882761084096,77.41853528787055
1102.4868429595285,401.2994646745817,111.16490286321647,79.92388033376525
1107.728970497119,404.1080281207137,106.12717965105249,83.91628648842772
1112.4118372926723,407.57865250106966,98.3481923750139,89.00845185363531
1145.7735462051007,374.87006060305055,94.64267091537847,93.24668212465907
1141.081481727452,389.80711206533755,96.93040182857183,90.64619206170367
1159.137535609697,365.9829587751701,96.14396614953097,91.13787085615884
1167.710946504167,381.63509901236023,100.63727653350594,88.45551428037876
1153.855827632373,353.70036788853434,100.33602410027747,92.25913290082094
1151.672514524526,385.544900889166,100.98563585999091,91.71717835164083
1164.095400528731,364.86512158226253,101.08264243900689,93.73734745363156
1120.630982962109,380.6348669728497,109.38431575608058,88.06284172022715
1128.6714970377277,389.2655371336777,106.407974053175,89.56495933048245
1132.0416750597274,375.30155940932855,102.70645941026322,92.62854047353682
1137.4726398419045,387.99065987727806,102.37332277282027,92.72080024580924
1148.0311467232632,396.1165205018542,103.31769067430253,90.48247827477286
1154.5121957087708,378.07965417475356,103.42812940343674,91.14709157660522
1105.0865352861615,357.8158754555445,109.55694369639254,89.08664058782199
1111.8283870170021,393.81739159898603,108.66258086678386,89.37139989952831
1144.385818062092,372.95953785208263,108.27459191799475,89.32573885051993
1153.521649245943,343.825379538532,105.36031456871497,92.78540783617213
1115.6400254702598,377.4018082805145,105.50963064350906,92.54085798807458
1121.5636135882025,384.80217481272973,106.69196091091186,90.04508851692252
1130.313008407741,368.39507282514944,106.14704570197091,90.88660553251725
1105.1414387106158,390.5939237592722,108.76000729442796,90.09639524160761
1116.1163941148234,394.18465662254005,108.35414809418086,89.57774239693629
1122.1896897199415,382.2185429252965,108.47538104213248,89.60282579058357
1129.7622374450602,389.6855598461683,109.54677724590624,88.54808878334518
1133.2145055191904,370.9163939797328,106.7979604081216,90.43920058345255
1146.2416150592658,352.37759568099113,107.92994657170436,90.2961776264955
1158.3180781371839,360.29428492428184,108.5290265797076,89.29848749403739
1148.0887581740458,375.45223090517726,110.11996943706939,87.54723904318368
1154.1731883635616,378.1819581942936,109.65937967632853,88.18713146405898
1160.45000529782,354.1960086151815,109.10707256969296,90.61613763034076
1101.3139326317064,392.31181889115004,116.1380947023423,84.92394211533276
1103.8588586094547,384.03521865888706,115.55068273001018,86.34622752707284
1114.1286701923814,376.25409467463584,117.89207226216146,85.28257814017844
1119.3632393134624,387.44866022845673,117.21935559709311,87.67799700632496
1125.99650916503,344.35412465991567,118.55474086403174,91.11245465015031
1133.7093846039727,356.9614633306837,118.66658467552682,91.44688720384039
1121.4742357299083,375.29596989656955,120.05819822056392,90.8511013462558
1120.065324350657,357.7229470161439,120.28430329084676,93.03350510964844
1074.4603210501002,343.6780901919169,121.6979656006614,93.00830936825233
1086.7441223599715,355.94213760980523,121.75361564517847,95.00511989631259
1092.1338244374417,335.6111857143074,121.39531598714518,98.18981549815742
1104.1856743374638,328.0062192526638,122.51779039822881,99.03206088231104
1108.348205373615,346.05357398457954,122.35407765222983,100.64380975094117
1110.3931671846306,361.383565219948,122.451310074623,101.05552102104771
1108.751023244267,344.8251589065858,125.54437601498583,99.78892416173099
1052.851551462849,333.5107261575564,131.92237412464863,98.74060179220291
1090.0431096528725,342.2494567182724,135.3731442537178,98.18501520131561
1144.3302654626937,358.91763627112186,138.03514431188057,98.90197630401809
1066.782613160769,337.1448967092055,141.671748669363,94.97905301494914
1117.8932011562904,281.34767868786906,138.0307428519945,101.16814898705806
1122.513720014754,316.88552408437715,135.8353619951359,104.13341077360217
1141.3562207342682,265.7968916660143,134.57453649042284,106.4630470484591
1083.1249836725426,313.61771621261937,135.47287090643354,109.0822112988914
1090.0237836320912,299.0743820345366,139.20402163194944,109.30778587270879
1088.9570121223971,314.84420883904363,143.07863189309893,106.68071356865788
1105.4635342642318,293.875424234535,143.77958148908525,109.71447425292536
1116.5065148073832,294.8991507649622,144.79037026493444,110.61904450197477
1133.4645222543516,288.7944123213819,143.0606586174769,112.68868408718541
1081.1252473500156,309.8998462311896,145.68255774453095,110.31428694363665
1088.0829043541887,314.8547470977837,147.3062912244104,106.99347196499436
1102.155200840647,280.12346756324695,145.7052199076581,113.57976019835912
1126.0655878932423,276.31766210098124,145.97375444440712,116.57141249088293
1143.505514380823,259.9446668501354,147.3252973886506,117.44670224226839
1146.6258695976408,311.45529535766644,150.34182987976635,117.71917861399265
1252.6957451585574,239.6308394143176,154.8616756763754,113.53381879203727
1268.185111479339,237.92912770785176,157.04106481350414,110.3330285694502
1271.5880266994443,240.81713772943272,160.06960353083335,107.51642694878896
1267.7284354692051,248.16391643623362,163.9094657282302,104.1671365743129
1161.8749360325407,236.41811584162747,172.9940897625029,97.83693927675348
1177.5756555728387,248.0286659339907,179.81715008211103,96.64768507545962
1231.0623533356786,238.35486222556258,184.8931149093708,94.93013763180119
1237.5193662574982,246.12944259985852,183.54351845126678,94.7309853369371
1191.6008591111463,241.72429602475268,197.26849637261319,87.91133766941289
1218.0316695972688,235.83668305122166,199.41394873387486,88.45157716779262
1148.1595240315803,279.59960564505894,200.09595117996116,89.07039210078689
1225.3119884954085,248.18429798666088,200.71682458928953,90.98597374484886
1237.657355494144,245.81132441183067,199.46854263131024,91.97903020434644
1155.0071866708715,259.1108393103427,203.8945857463688,91.4965499312837
1216.4651986812216,240.9020465130993,208.32751945573438,91.27794268351153
1142.1963176963152,255.1298954969576,215.67665981409857,90.24688653281336
1096.5332514394622,267.44536824297245,217.30703277047488,94.82983690009857
1133.3702960114442,273.3756590603049,213.7067924356719,102.92959416189167
1158.6910891653736,261.50891894415656,208.85616233783952,109.98959218773095
1166.2262478355435,266.02838504170035,204.3419444454539,117.8959516332609
1122.4750407948013,272.5923614417367,206.09460373852275,121.64367833549882
1107.549834384561,252.36072285312386,203.98496112216907,127.23228086264697
1119.5554812789444,256.523853987846,200.66117778626293,134.81788048549333
1162.27416902656,266.1385518642782,199.53841579479786,140.4483794691606
1173.2513123592962,309.3149180925983,201.2113351936246,148.05523204048615
1154.562680932535,255.14081025237104,211.2613470997574,146.69085707256824
1139.8903706445947,266.27942450799173,216.48346228498184,150.77569791774738
1070.1648130954613,286.9647309155771,214.3879936870548,157.98934003407413
1088.3768707567217,308.06141371879215,207.47458376393942,167.20504470240007
1134.2513960178064,265.05594588765877,213.4424528817329,170.75509722307027
1125.9533733534033,242.19944335481898,222.8713417424339,164.28413679559583
