1249.5,891.5,268,184
1232.8762045383944,881.0142595102917,263.2472879196422,185.33060731867985
1216.0468018211423,866.5299126185678,260.1853088897569,184.51686081996365
1204.1660063480538,853.3863453125899,250.0091641733385,177.10948991499689
1187.8328378665396,843.4325797071698,242.61065184580391,167.55879122041353
1175.2653253306726,833.4339345347983,233.9144306819956,161.06290855732806
1167.5214974899986,823.6200856386349,218.72777328919304,155.7023990406942
1154.8740173525105,813.5813153033498,217.50467759529556,151.88799651104196
1136.6481788585736,802.8496782618734,214.4472628742142,147.79031165928677
1125.0234367069484,792.4214266154482,208.95815954825144,144.9682373194757
1113.2199013010647,782.7210245464327,200.73553465380726,138.42422620457998
1104.104547796711,774.4272001054294,193.53447254037127,133.3285836453083
1089.0303796073613,764.9731075023469,192.04257363509484,130.72993042930966
1074.4037897508513,757.2421477235773,185.92148645568702,125.35307970931501
1057.0770064635065,751.1518848334524,182.33727941390916,121.96496862427541
1042.0970390261189,740.2986146843314,175.86955993855494,119.22983450020865
1023.788502658712,733.4888214600221,169.73268773247563,115.3646598456246
1000.7916191327253,725.3435331692745,166.5794635424311,111.83290179738678
976.8681352790312,717.447540795562,167.52488706936742,110.6479113254183
962.0803519159732,709.640263580754,160.25513104367454,110.47733752933155
945.1658338927009,704.2929327876036,156.24411667372794,106.38753493779984
929.953006553118,698.1002982676047,151.5763720874887,102.0909879276166
913.0655447589706,690.3760886622036,150.17189099294575,99.64141505469273
896.7724637158167,684.4650896462748,150.0851784142991,97.25885874400505
884.4425368251698,675.0390550544869,147.66942725839942,96.11226712543439
874.9573885835272,670.3192927401483,141.32049672965618,94.0765182382142
865.5906810112969,664.7521441391951,137.91706048041334,91.04298418503616
858.3300622685294,659.1814270185426,135.8811076466676,89.67056324687744
853.136073861157,653.648697476846,129.97207761928402,89.05741460261585
843.4726735175926,648.1040236001568,128.74155423279439,86.69468892585701
839.2844121195435,644.0564535789015,124.94887964559013,84.01857677798523
831.6211727086118,637.1714474954645,122.99228527194364,81.50468734757054
826.4021673568633,631.8194467529271,119.8556977406711,83.62847201583125
820.3684006257907,624.6966561708578,119.70567608490882,82.8513706720773
814.7190988944249,621.5167034359971,118.75851055647341,81.31705955911244
810.1895286715636,620.2786485827966,116.23351771220814,76.70994794276338
800.7977934470721,615.2568814313544,119.005717495642,73.59181492609235
796.662649997376,613.6035074069505,118.5415001576504,74.88863230505902
793.2054932055343,609.7447375827442,118.46128302515145,69.57077030136027
790.5744067401573,610.776401186529,113.71606112820815,65.60727483292264
786.9885792637033,603.8410469879359,108.8678762253063,64.12860872667041
777.9261271845859,599.6592238988045,110.25588858874701,62.152112169324326
773.9983169100335,598.2564709791774,105.74256828355202,60.542668689595345
768.7961431680368,592.9117279185165,106.54545571119291,58.7228665646917
764.7349100991461,588.0783576070346,101.79885008902544,59.39555018281209
759.629342335611,585.7616086964147,102.43578097696235,59.026348994051546
754.550398643325,582.2816157509243,104.17954804823093,57.59847355517191
751.0282629001341,578.1823872398038,102.5585033225609,56.435282934872376
745.9787797058416,577.6866660266072,103.09058083480039,54.85131610868211
739.6339353485338,573.7969284108152,103.89023358542838,53.07895290814187
739.6747366230483,568.5298474166682,98.04644639760986,56.563574787995314
736.1115717989926,564.8491170196074,93.90116989471734,55.86477662103476
730.5240434588424,561.74519976838,93.21656292813623,55.026761259804175
727.5915670103262,559.3796442163424,93.21374499389982,55.84843758119224
728.3230727109732,555.0855983283966,90.21795650369994,56.89584701390586
728.1941498188904,550.3921492409974,87.72313734918788,56.00757167234651
729.1682901184151,549.2181116361785,85.95554573815419,56.35219390050912
732.5464887506686,546.8801599474546,82.93676511893788,54.42022072191191
737.9839857587178,545.0887710386903,81.00462163486588,52.463678110410946
741.9419028110792,541.9075214181997,81.83895997099106,50.88041447195058
747.484395063736,539.1568390253802,80.30829602660604,49.911275113873344
749.2504182424709,536.0278715130836,80.40501410903853,49.599949790486235
752.1114078433591,533.7450750774419,78.23515514790495,49.58354151692451
754.0930453300487,531.0865745403629,77.6845694360353,49.71080157654674
753.4173624812465,528.5459310093004,77.41050455490534,49.25691555370327
754.2005046510068,526.0098023330645,76.4443287140407,49.511446704571824
754.8427744308138,524.6117296196647,74.90985029048588,49.24543667105891
754.0915651121757,523.2803634190265,73.23849538697047,47.54582961637402
752.0320819618862,520.7117257579752,71.45739097377425,47.0027783440641
750.5094493991417,517.7360625690575,71.41184324517536,48.04670807698197
749.5769250823638,515.9275562281534,70.95945058339015,46.986898853424805
746.2014377969059,515.7695139291823,68.40557744477412,46.47538118148309
742.3095817655816,514.7388881741939,70.71250304877023,42.96513851923861
739.8160470405535,511.3131780195061,69.05353937230976,42.862488503258746
740.8897900268506,508.8486793230842,64.98919441829784,43.48607739433036
735.1865244803989,507.18491093199117,65.20646179782933,44.36525502198662
731.8722720231799,503.0185464090039,65.84790686099687,43.74106382331503
728.2351422025166,503.5487345617853,67.41849564532664,44.90889492377484
726.0685804700674,499.4678141065517,67.0658550513739,44.219456704331165
726.5406498331321,498.056733980335,63.19417047792783,45.29746184246145
720.7358450753203,495.62281125938057,63.034812090321296,46.08775218404616
717.6704805127775,494.436363223046,63.268959810737286,46.70491110489201
717.8419502094981,491.92976020513305,62.36447581028206,46.369500282100134
717.2220504571006,491.6066717740565,60.15031342620747,45.056774161763954
713.3455719799789,490.92543044213477,58.95547746393944,43.86249623408081
712.2642058027874,490.0771030068426,58.49734727790131,42.966071815133134
710.4779993573981,489.1545804832487,57.10838181730433,40.71667049167725
706.510880821635,488.20989288137054,58.40309117208872,40.92609498640549
703.1843908946917,486.7029754921681,59.88984340263279,40.941799581496355
701.7800937515642,484.64542929293316,60.41293078107806,40.146999883601836
699.6488201584477,484.75344571730346,58.971409143513284,39.05871813346131
695.6053242256312,482.7836641011451,58.183414301269835,38.21311631318075
695.0552137862311,481.65700420322656,59.12722282731097,38.1849632895108
693.7695737893579,480.35394881646926,58.57067422523759,37.51933339167866
691.3175031198966,479.2784090767893,58.9404867552699,37.06651584293348
688.6932228922564,479.38470796112387,59.43864501310016,35.851484563335916
687.0049746267183,478.0478963697998,58.72441772208175,35.45894297637577
683.1849212866267,477.3232995789691,59.49711014558716,35.61383706348185
681.3791361255365,475.7264727129792,58.58946921976205,35.33984602338242
679.0720479229311,474.9396846965895,58.629402147826475,35.63543746514192
678.1272637735414,472.7722762629961,59.07580043832135,35.52956066671783
678.0567472770708,473.2655935424545,58.40886295256375,34.864196427437356
677.4888803083807,473.73667888175504,56.947330327463455,34.69555413891236
678.8046487323019,471.5317568838202,55.16930849260058,34.99669351028011
677.2828261867198,469.28865664047146,54.078456478977046,35.92092331625425
674.1855637296545,469.16465200117653,54.38944259374398,36.91532835362562
672.0604937144021,470.09240560696924,53.6127213808063,35.79037903045437
670.2286212285343,471.46962147884733,53.98350061484276,34.17395815323317
668.8706229180291,470.9337968929711,55.56529745842737,32.315138005960506
669.400170813418,470.9836149573685,53.23774937728487,34.816392135913965
667.6846455671737,467.3014209897995,53.5929091534524,34.19128167282591
664.7794533128755,470.2577917218025,54.17363854431865,32.562218535643105
662.9995945450985,466.5570855430929,51.77242288145603,33.01399062312609
663.5076960538897,464.0839166973053,50.00040362148681,33.236076886296644
660.5660539044483,464.6551901158091,49.77114690314608,32.601524815830984
659.4431940887409,465.759169474024,49.23896670384608,30.739252688627325
656.7212103861257,462.50811802635906,49.861415553574176,29.834918534446413
655.0637719751911,463.38724578668143,50.195412780214795,31.577310952435656
655.2850397346654,459.27069187354635,49.37235623448821,32.38514645692923
652.8804570834843,457.11103973401777,49.002705536709875,33.442679629973256
650.5868192385533,457.84255359543465,48.6847970585608,32.61779313335026
648.3657904864864,455.7810422107945,48.28194252874713,31.744715510424967
646.8197809314297,455.0718223985242,47.49359277738948,31.708025777767553
646.0378601547517,453.28325597526435,47.652276561667115,31.6597364899289
643.9545148566402,447.99280659355014,46.57441332815261,32.82383558399765
641.557252510922,448.0065479059951,47.30407778730863,32.79751003510028
640.2488062712343,445.7747416248011,47.3442626681398,33.4468399010497
638.719879716356,444.77981767801884,48.066800079684995,32.82673865308688
636.9537878451393,443.22577956158716,47.800004671884636,32.5458818138465
634.8516514103375,442.45445632717497,46.86220571505302,31.526173622496433
633.8632168766219,440.2529975051477,44.8145824538749,31.52011359227688
631.7554941417446,438.6202883165157,44.30773068328245,31.03509900426954
630.0971230523363,438.3805331963118,44.4860433421557,29.816458938378908
629.4895488557252,439.21555870049184,44.544093389045464,28.351185858431833
629.1666211430887,438.56666884311335,43.374060168265494,28.43769567900239
625.669410727745,438.25196572476784,44.63256066587931,27.884176510979948
626.4540976437276,438.85408161249984,44.113750232996935,27.735605604258772
624.8675529586715,435.1354785910684,43.523765480197376,28.744029789618835
625.2662630912695,435.0007818082671,43.186796004734646,29.20091348911382
623.9182767821985,434.88259352857966,42.99131420818203,29.52638982253408
621.3321390842954,437.16597256703915,45.046091616137254,27.188619839274082
621.3027675427095,437.92069262622215,44.280536785310034,25.769264336228925
620.353625854311,436.11744534332814,42.587990914672574,26.348225879724552
619.4408540218687,435.7511494087756,41.04190224078672,26.16479144034631
617.9972278119735,434.9264489747313,41.7849010233557,25.482327086181005
616.587640929511,433.6626429744122,41.75775960289649,25.312624075899045
614.2917956770774,434.14687025231456,43.34157563685399,24.398617056103475
614.4230028148477,433.3912370964778,41.79290920627521,24.678115392625852
611.6586854673377,431.353651214908,43.47195031878734,24.43404950795059
608.5227925717988,431.54330988400295,44.829414266658034,23.70200727544714
608.7108947795689,429.81553618116266,43.570621876941665,24.244452406606776
607.7055056668116,427.1837962426254,42.366312190758684,24.404649820884423
606.3136145270456,425.38024820327297,42.48459436285545,24.74382496497534
604.9789513765728,424.9452092026193,41.24742540941635,24.62601967801554
603.3553798807488,425.61960425032356,42.93713358726399,23.66644303664905
603.7760000676781,425.2245888482481,41.44122058430947,24.0668576952862
602.388543953752,424.17039778238404,41.89994686796495,23.92328365277882
601.1664524577939,422.76501974846536,41.89083205366821,24.60103950267657
600.4615822030371,421.22424739698073,42.22029932658381,23.56371871806627
599.0256211229121,420.2955920671213,40.79165201955466,23.724875876238563
598.6453453167928,421.1183461505481,39.355424173424055,22.831728648219073
597.5175445969111,420.59592080990984,40.591370596241234,22.827384992185422
597.2167487058653,419.3746061977032,40.714356000056675,22.48124510885593
596.5235007790809,417.83055069873905,39.34977157989906,23.175824454893373
599.2187302317266,413.44044470910967,39.41061984655789,24.719726190117477
597.9175088443961,416.5570651834969,39.0269357340665,25.870745982282244
596.2863425191267,413.98451741090986,38.905104467561095,26.082422506520473
595.9862230823113,416.06604345557366,38.663530790254285,26.55249796353444
592.9214683787967,412.5292585627671,39.66109172332368,26.221321999684825
592.0260459690332,411.26692781442506,40.23824080877448,26.529815650677442
588.9917887042996,410.5474683098785,41.004726247011675,26.23780316317754
590.2838021911087,409.0678243277715,41.89256842366304,26.02649802865881
588.308663306686,408.06062082357676,40.67567410212578,27.342098166584073
586.0934905990053,408.13453566858595,41.14901599961971,26.782589929579736
586.6952911147633,407.0194097426652,40.91318093614821,26.676193676036707
587.4881724630515,406.5931803151425,41.400394398960444,26.15599098631268
588.0168296005758,406.05772125401637,41.04852378337097,26.58208954509439
591.1143239296285,405.77939924825523,39.673620568668156,27.287961085674507
594.9368318250562,405.4506185130734,39.24996304462118,26.98796966960598
599.7601717596666,402.6017593973855,38.831115855308326,27.886013759159322
602.6952469787954,404.1819702423413,39.16927414292743,27.612749558890393
607.4626552197414,403.133855496791,39.3986371223867,27.323299578350596
610.6630356695819,402.6925057336127,39.461442701624165,27.049097475420652
613.2548850668654,402.40108903587293,38.68569753952315,27.013135333749858
614.9961107219524,400.66913125461485,38.2532884057502,26.790693180397774
617.347313097401,398.6328141180668,37.70176788523544,26.95211836310554
618.2240110200104,398.1322625966988,37.4049648066575,26.844455599083158
619.9320100351384,399.6690532296402,37.23917244126261,26.107097894208707
620.3500182780909,400.65038136978546,36.93555450150346,25.55971189242184
620.891368891428,398.2532833797045,36.58955666615739,25.643208531055993
621.7603711082437,398.49864112467617,36.27149671273311,25.828842396775894
623.0351902509174,397.45580609624403,36.45964866607987,25.804572293382375
622.2609201271797,398.73260401236934,36.15458578934143,25.800209488422745
621.7882580634227,399.469623922559,35.96960725695462,26.177430723143516
618.9857556919364,397.3138132192717,37.0667901211111,25.29192956787329
618.8086757525039,396.0865221268579,36.91944975781425,25.0617538954522
618.211232790241,395.76207762798794,37.615619585614255,25.141829824355746
617.3377604519258,396.5709678350588,37.149557198993826,25.573074169780455
617.8303183806695,396.23421159847226,37.032323958319665,26.04931074886857
614.5377764283567,394.919998590452,38.65754355386856,25.073389643635778
613.5874051379021,395.5077763418357,37.926023788144846,25.14567098657631
611.6002382288445,395.84388272850595,38.739008383006606,25.20983366649478
608.6134904454444,392.94662746786895,38.57812826901378,25.054629617552376
607.2841685770593,395.25813063398795,38.05038824393603,25.266918214930726
604.3022078114157,393.959665615418,37.702071447604226,25.877450821360807
603.1896598091947,391.52336360209694,37.36476447534657,25.69464941601002
600.0530659042851,393.1134597273693,37.334794452149154,25.42639674652135
596.4218221044815,392.1401978808081,37.02452243405534,25.566023319406526
593.7038871125254,390.1282641614571,37.36798803138528,24.891989047734437
594.8770137633586,391.4579100738045,35.870682810955614,26.188587553969484
593.1780654074611,389.0664704220588,35.58437056509553,25.99989589941076
593.2665165356392,390.8338910845662,35.723320186387205,25.61439109558649
591.1425846972294,390.8968702441053,35.239815340938726,25.785781829252446
591.8107969259104,392.74938680636234,36.02029965888974,25.680360962667645
591.5778740961566,390.62701274463836,36.18018484263429,25.715133975169387
591.0856429592232,389.5460468079609,35.98549053068478,25.82384168732064
589.7863490530389,391.0489846060335,36.09772919353237,25.34091938801147
588.022904157973,390.4587078467232,35.630453330249445,26.468228860383512
590.5494000133066,389.5149718968625,36.44783461827522,26.133890352095797
587.5024807285976,387.3215737872043,35.67116999800096,26.31991935040835
591.8939296900144,398.3170786057922,35.1263880036491,29.04479672088573
588.7109536968597,387.0122893295144,35.20356269369833,28.161247856301493
588.6026822151904,388.0040537430568,35.11595891740074,28.489135812477336
587.6527367042918,386.2635046827705,34.97617446802114,28.11372893855419
588.2059407370809,388.1011483915247,35.07374052616376,27.515022917743316
587.3217213202552,388.6655711044885,34.831001059529015,27.371424869319895
587.0824256025882,385.55107120465135,34.88379170359949,27.11845573601858
584.156340933018,385.8050438598237,34.942448475243744,27.194498966786316
585.3902482704825,389.3018040589767,35.10073780468559,27.67163142141463
584.8731065446103,385.9342233433027,34.740842671878255,27.36792092041768
582.8916453420056,385.4399068049279,34.3447119785037,26.66579071271618
581.7095385816046,384.16082171629915,35.06467619875978,25.566678637760788
583.2566717463162,385.3163766872942,36.66871993720762,23.841444472763158
580.8753905696163,385.7834852863937,35.988425479433175,24.741223944566254
582.0794969075316,390.80996620645215,34.20065291871751,26.63268787683406
582.7351507435629,385.0192497375431,33.09341860306371,27.270576742655187
579.4418482917314,384.9961253433554,33.11496233733493,26.08147550244389
580.3342141688214,383.6086387218883,33.02759352941096,25.648583434040646
580.8648448913491,388.68788393103335,32.7468916769531,26.654705498248173
578.8869362849994,385.6737239536376,32.7349577455234,28.162312315580415
577.589795237189,384.55987774309517,33.10586405018282,27.864729744598538
576.9401747666766,382.86791858430223,32.96415107915412,28.098207177191014
577.8047724989507,381.39973485889186,32.22689890825415,28.21125977399081
578.5337101940946,380.5157074547751,31.352534775184118,28.396282383172803
579.0673104215268,383.0688533249023,31.249965434092623,29.120739446020437
579.056206667249,389.0764290572917,31.45503213819217,30.63703065799573
574.5005512896034,382.1123144464543,33.26672965791364,28.637083141122176
574.4613296876819,383.8009975135503,32.993069676933466,28.12495908896554
574.1110482741395,383.32194438508077,32.91813748991526,27.296062074501847
571.9857761955101,383.33195273749783,35.056922532244045,25.41559921359667
572.1587691311616,382.1695193304995,33.86512178696435,25.95303756669656
573.0976026169004,384.01584444116986,33.1042297543098,26.520485891473243
571.6268078801162,385.41737916182166,31.887065561608548,28.504693772188
572.9310601689739,382.82465738463037,32.18676947345407,28.270283600003445
572.0164025390247,380.0543121853373,32.35707419517877,27.85381069459845
571.9782148493408,382.973538892454,32.60713722907067,27.422433754762537
569.8076251076825,379.80285185627866,33.719897756897,26.34253544649457
569.8103149754577,378.6775819098756,33.62344997454214,25.965500909013812
569.9621762388745,376.908446321339,32.784868484087156,26.213639445525907
569.9092221172052,378.760380540211,32.06680140391735,26.362289675870628
569.3864626750393,386.22289442979366,32.60262801568063,26.939703891138386
568.2091386197746,379.6409440980596,32.576463204613674,26.941260040473722
567.7274366143195,375.69577871476804,33.21722533487831,26.40336944946127
569.456865951159,376.2074544477252,32.96781831976284,26.233230916478924
567.3049077603381,374.3954066457191,32.568306108585304,26.143653042563987
570.1874335036166,375.47664105886395,31.691214082807093,27.535399008577254
566.483997499876,373.5302379526048,32.71852857054849,26.937802056180704
564.7604726343794,377.05809181259,34.02398122897181,25.8590330656401
564.086537582586,378.05914365017395,33.32398045237642,26.04121792294481
565.2751633637248,374.824132941481,33.324038891085756,25.762959952170036
563.8274662970663,373.86823581990893,33.22719653060575,26.845982920389947
565.4676552602585,373.4413078422901,33.294192974551876,26.078891537507452
566.7294546880644,373.83968677044896,32.33736814769915,27.265775296417555
567.5701695685142,372.4610030957763,32.44928464299428,27.077285097363212
565.4790100249324,375.61173638644414,33.04873508890334,26.562464149212794
565.8001199521334,373.9201889430481,31.32040132268717,27.204730687488794
564.0241426274391,370.1989383272994,31.759181920600668,26.99015708210679
565.5710267546137,370.88789019246366,32.03132876055309,26.122979801949253
564.2482372704602,370.6859737012306,31.646381859680325,26.56298027483072
567.3484415561941,369.05714376134506,30.91784076028697,26.99994284075148
564.9322298413542,365.1829388542759,30.711572145771246,27.308969087276175
567.4747635630481,369.5620338638138,30.210512162762548,28.215304227016183
565.7538356824438,365.1588435443738,30.302714381186952,27.019663671745775
566.1587682042618,372.0156388898033,30.174068689307468,27.794152279170135
566.4390876814273,367.0027471699208,29.428101637124904,28.805088564277952
564.0829607708155,363.7586232629895,29.576919339789157,28.847947231369567
565.4079806716904,364.0219896813861,29.269975129979205,29.228741582449324
564.1295940099817,363.2596593859624,29.38018376751566,29.336479378925176
565.2639858667101,366.57067233392786,29.317335094061804,30.476260585654348
563.7483190597917,361.48323837924255,29.50984670324512,30.35637426214124
563.3537845898825,363.9356922140444,29.656664697687468,30.370857955403118
563.698797191126,360.89652584966007,30.11327344383976,29.001295152513677
563.5458605419126,362.98867727755413,29.92682718887889,28.123318003712978
564.4619508179993,365.1890763541074,29.43800107412757,28.47443399920784
563.9059304321303,362.6870988334329,29.26986223565251,27.69395725860989
564.0847037651629,359.4488513872981,28.980104886946187,27.21021226297146
564.6303378949266,362.70231736876883,28.457283931605417,27.29855462586688
565.266282547359,361.26547162011593,28.48995464398432,26.365108784665026
565.345190671902,365.32796846441596,27.970163052182283,26.79116871584199
564.4484156907533,364.41656341342474,27.640867501137286,27.028132638782715
564.4585975771773,362.4928378555357,28.266798005608106,25.544082082866314
563.6772569146782,361.8575458256264,28.59432030659277,24.263249510132738
563.7623725687318,363.42143845996753,28.51874962178725,23.489203368367917
563.6911956722371,362.0229821296021,28.7571981987127,22.284648931170903
563.397410515591,362.61980356733017,28.647927867696374,21.760415811966727
564.6203126416634,362.4759105233959,28.700621378095164,21.044672574550695
563.7678892278407,361.7027211405261,28.936988818883407,20.54703279428322
562.870709742016,362.0503902156714,28.433482563573918,20.387567934861845
562.7836184423892,363.2345399123849,28.34924570783721,20.173283788779013
562.6304601224891,363.5629178047912,28.32923594925031,19.626389298053535
563.2033579816328,361.9593076590287,28.01775706714143,19.2997339406178
563.4305248304806,362.9145129336972,27.52874737700608,19.419329467505914
562.5210351855835,361.6189345325881,27.83031050204677,18.44834641055074
563.0594016674055,362.43014488886075,27.450263568124804,18.526030341710946
562.5997486705833,361.25392885409144,27.883972053107044,18.009681645710586
563.1765655520188,362.08324256643334,27.660463081057603,17.99495692324306
563.1524507061243,360.79593644295556,27.38225756667225,17.97858381281514
564.0276040285321,361.01518058890906,27.36241097698498,18.249977710159435
564.1817194508034,361.7642093957834,27.301918347669783,18.614857437418863
564.1729413355417,363.64260646503163,26.496935845146403,19.78849837611385
564.193344898351,360.5114069311761,26.546184112537595,19.277732414125843
564.5443380773593,360.97928585579996,26.265279898666563,19.1686755473878
564.5759311292253,362.2285970509503,26.747495250172552,19.12444950069552
562.7596508008519,358.9804512537468,27.038350786419,18.754800459782665
564.7254398205813,359.28497446380896,26.807003914164397,18.567539294458427
564.2268778988121,360.51451254847456,26.321285431450608,18.87703737824952
563.6206228187757,359.2042470039712,26.408505210002307,17.841760886158887
564.4977266141162,357.6121715938056,26.260762154485246,17.569619427604003
565.125615743125,357.885144540835,25.39209724583734,17.741183101264937
564.9456248792832,358.0889597655617,25.145686279886156,17.32662272981886
566.2827701504781,358.1777758266653,25.020720027303746,16.992133542161675
565.6831256708599,358.39034696419475,25.246261940683485,16.577977692941477
565.736988775526,358.8823743159681,25.095527578013282,16.6438417272306
566.0631815956335,357.48551888883094,24.714780177591695,16.591341139377437
