1287.5,488.5,29,83
1287.1568306542272,488.67780646600886,28.338297882015112,80.29784707670478
1287.66426099737,490.144471116208,27.307306769977547,80.28303173253313
1287.6749732933658,488.69957819104997,27.066091437194544,80.03966243219966
1287.9141408797225,492.3615083319537,26.68122279021585,76.48379846493734
1288.375205580872,495.8341505376625,26.218995246586456,72.7427753031584
1289.6761777668771,496.9705596706633,25.471565944803856,69.91025606943407
1288.4601613192594,495.69550383320296,25.200184405801274,70.709632666703
1289.0077115265335,494.9808479929491,24.701787943115143,68.89279380194476
1290.0607280350741,495.13273149787,22.866069260682533,67.08691028675534
1289.6945723893894,493.32163715821105,23.5280520825626,67.30715005445357
1289.6357617161111,494.33171727686675,24.758384488529195,69.49198562403635
1288.7109757121586,492.4327054024293,25.668185520272385,68.81007234405007
1289.3356975901372,490.6816803229451,25.947910822688456,69.17525763679959
1289.6093803880851,490.3431168728841,24.723061003752186,71.31491165923276
1289.9233635537742,488.93273158850377,26.14522441311243,70.94324571389433
1288.4566005823008,491.82279877628,24.90863401848403,69.16381846986181
1289.4434609697612,493.3042778224836,23.89870677345943,69.05966903598353
1290.0103856190308,492.9561632139822,23.062107886690217,66.16348041300506
1289.6731407600898,489.9045710388253,23.89056216326537,66.78469606403391
1290.7133286061878,491.09902508484987,23.21575785439413,67.79697750633693
1293.4799948221332,489.6704153603492,21.51282738721873,69.24432231301911
1289.460686848271,496.4076469855103,23.22399781719323,62.469452179946884
1289.7578027817826,494.4767994950862,21.87994690696617,64.1879734842816
1291.9968989628671,495.62747546591106,21.208403558714245,63.28110037818399
1292.1925702085703,493.9797939060312,20.908837442725613,64.85723350239215
1292.467539159605,491.70710933670273,20.3800354355536,68.32732962950266
1291.7599835541462,491.9776854096323,19.34783689989161,67.15216607344837
1292.1312680673864,493.35422116118593,20.67213334260479,67.24944133079153
1292.7692079545304,492.3109451079304,20.837417363124196,68.47574172625636
1293.0389013334443,491.72657946748114,20.664048986256038,68.94724207362822
1291.2968372453975,492.46388794752954,21.728434061852028,67.14169233607986
1289.6861051969245,493.0039413567837,22.519626865523872,67.59273648194768
1290.8271419616349,493.2968360229314,22.533177362877982,67.35301962223869
1292.393116053918,491.71423650050895,22.688192193130497,68.10972460001656
1292.8360938244214,491.4464046911898,20.062763702247484,69.99210744877416
1294.9703093718097,492.49967070211534,20.484983914445873,66.94335803744514
1293.2760519024469,495.8090318683892,21.978406929448234,63.63725820532271
1293.905055277006,496.2097004445506,21.93920460701428,61.79637314995342
1295.48121413442,495.4689387806127,21.77103593925765,62.27201976253564
1294.0427258855727,495.0976552104328,21.736204575698537,63.680650070163004
1296.4014346984204,495.940680810998,20.163506210504472,63.63560635922356
1297.3608395178221,493.86206123025437,20.456781143935387,64.2677952924765
1295.7233834856124,493.31523827496017,21.085848653881573,66.6818452180717
1295.7984352364658,494.2100810406092,22.409643481720916,65.8419824214209
1297.513235163807,495.29798243672633,22.40160655834615,67.0444613306749
1297.4046802644325,495.4806483363919,22.148134819005513,67.33945859029208
1298.68598808317,495.2106740196369,21.52672484768458,70.11977058039892
1300.1582869254505,491.9377633289053,20.91816107947068,71.87297982672146
1298.97492486605,494.0086977139082,22.313235068919944,73.45381018500146
1299.936749181243,492.26348235537546,22.66796317672194,72.2346798269329
1301.5628268574226,495.00349089864966,22.055590628713432,71.67173124322235
1302.2727057232285,497.47910666859053,20.77838191864094,68.43517453508153
1304.0612953717628,496.2961845580782,20.181199122371876,67.97031459649754
1301.4851257502598,498.22012174472127,20.71114329904484,64.79829830966611
1303.997362798644,494.33533579714197,20.95536837097596,67.92847995727999
1302.8963779088556,497.0895976651446,20.61523109064972,67.4699076104883
1303.073675748688,500.4110639713789,21.032482377189037,65.24139786347588
1301.5121103911351,495.85985887680863,21.802587675042233,68.33673464576168
1302.810852002335,498.1495131195961,20.91462080537444,67.51612330617695
1303.2616146280802,502.0591415009658,19.566088992287536,66.18254339459986
1302.7738652143464,502.2078028164011,20.225925026558446,63.72618523321395
1298.4191565922608,501.4429956991019,21.34143025447248,61.9645703230052
1295.8726269559281,497.96412078892644,19.357780273690892,64.06157910044098
1293.5128279579214,498.86586826093634,18.967661660472533,63.518292200156196
1284.917200118916,497.6762663926628,18.585931797800455,66.69148736563125
1274.9865753417896,496.0116038795168,21.42078329818326,66.10904396861802
1263.6161347028494,501.84223213268245,22.756478101958805,64.20602332149004
1251.9848992656823,497.77399487834623,24.841552808356955,63.869335365590146
1244.6632570946092,497.86383904877215,22.09609401635747,64.8544639232149
1234.2137985148104,493.05302570374954,22.704611220350362,67.13127009691613
1225.7290386154457,494.07365683770416,22.773366980556595,66.6289763798123
1219.8060072213796,493.5157027163404,25.405297452391842,64.93032905332242
1213.0170558963468,494.0042456064578,23.972093956365004,66.07027762671972
1204.966126663233,497.126483794785,24.005217825296334,64.4735307535899
1202.5770384663406,496.35880603982173,24.082724008844735,66.9153346232377
1198.5224938779672,493.66047251599866,23.020539849082915,68.04958649978704
1199.1271667702415,496.803478359699,23.347845680700487,67.30783619303715
1195.3236709741386,500.63553689721033,21.88372443527609,63.427744995604
1197.9433019220887,497.30265505948915,21.19135815216443,62.14680258953113
1197.7971939068834,490.4581067162086,20.60215725130466,64.77147422911142
1194.7568315974236,493.020170977614,21.762713792727517,69.30496735548914
1196.3925394572825,492.0128382304132,21.9916805557147,67.43527503014316
1195.1190588498519,498.17864160168597,23.35288574324234,63.50667167352135
1195.5372457558708,498.39507773450924,22.915646640959963,60.95899025510503
1197.1307415908595,499.28413837422795,21.36282927560059,60.150089643763934
1195.470394816581,500.58352616927857,21.340526820651124,58.95157942594548
1196.2832488720205,498.74861059877065,19.883957347017724,59.008800792328984
1198.7521498613946,498.1474379217308,18.952069529731904,60.659747760874296
1198.101836060497,496.71165075320414,19.293878858945988,59.492377381964154
1198.0713091463583,497.30233640416384,19.8291617827898,58.47416834729917
1198.220168011859,496.42170699462105,19.685985000144253,58.810984432026245
1198.2439548306222,496.7280797291504,19.031709483453746,60.005625326234636
1199.4338666764097,495.13860827664917,18.7084229342812,63.19842195346065
1200.8355967759182,497.1261301685822,18.907778375451837,62.368965167061106
1201.3770374729172,496.3784834352299,17.951637549127806,63.268152087090996
1200.7783454836026,496.8069091486034,18.489291401157796,62.901050872591924
1201.2101537419871,497.0778776175379,19.671618978861552,61.918119161607954
1200.331272141849,495.4876839554238,19.252296060732018,63.73844900262635
1201.9677500936468,496.39876782550846,20.226668246356148,62.25512157139292
1201.1374163062708,494.3571235269421,20.994854778019445,65.6674425503983
1201.105174318742,494.6526565158688,21.779819988426247,65.33051516162782
1202.9812805494862,495.4317923977685,20.852853825233552,64.2958190998534
1203.3792352648704,494.17471050905465,21.198661932657895,64.81811823721529
1203.688078176018,494.26377156591764,20.9859898793211,64.37007663097478
1204.3100956720361,495.53856176043513,22.10579287789308,62.75507677700749
1203.0351286545977,494.99303223492575,22.514655162723034,61.87920765357718
1204.9695755459327,493.45018128135945,22.588021721051355,64.99042266575351
1202.7872543939966,493.0231573505752,23.438018505256792,65.84830415309406
1203.2125396225144,493.2050557339369,23.702208676993422,67.67729068949302
1200.378288591764,492.57203607659324,25.7973846579118,66.43636326384825
1200.9952764165948,489.79344801282,24.74662861619987,70.08221574098958
1198.3202851895435,488.45360791487116,24.951209849169974,73.2493734143358
1193.8350062799502,487.7183684943505,23.790047298427986,76.06515301075717
1188.0290269258478,487.88964268919545,24.580939690050606,72.61073843160071
1180.4965843577086,488.0582209997386,24.141921349347697,71.66453011116974
1173.437186889736,489.6387557829842,23.15573634043955,74.71449852355742
1165.5050887735936,491.6760672804703,24.608922726760998,69.03665478466024
1156.2326836629315,491.4844416092577,23.25383402645265,69.61212986222267
1145.083234858706,491.1719453816108,25.984167244543315,68.41516315992462
1136.7447667668473,489.55946041433356,25.77704397896745,68.22105603214258
1125.0613696642527,488.3904751073549,24.94180172196603,69.87531879874462
1117.9737268208512,489.80881446229137,23.00781020816237,68.2585453954859
1110.492211667056,490.6044877904309,22.850421044763124,66.20256777502277
1104.0774781130033,488.38985073128214,22.344917114746664,65.4687302063588
1098.6951340846194,487.49832287799165,20.660403939335133,66.59075354869171
1094.7785597938837,490.3372040070045,21.465665978384322,63.687574059414345
1090.9650425966308,487.207282892698,21.200404596294426,65.13864586752605
1089.2666043674276,485.6016564993622,20.420602295316776,66.74572817051825
1088.3800282200543,484.4478150179709,20.866832887012347,69.3154211210229
1085.8366516505412,483.72483191529625,21.369414688308282,69.95259863795359
1085.0430878866173,481.84827709502576,20.74712978974428,72.48423420199171
1084.7826532716667,482.5204943092667,21.021885014915085,71.74524406405857
1081.954140056412,484.1953110720334,22.97335802419507,70.550601161835
1081.3854881251702,484.9906893844525,24.405823654507454,71.01321159293701
1081.7413903296174,482.32063261908723,22.749230951243007,73.2386014698969
1083.469008531458,483.0046701415567,22.24386686528914,71.50712140023067
1082.6914069220113,483.79347538841324,23.30820936503548,69.25174967375789
1083.1209622767315,482.64042196399447,22.9710197022507,68.7173520907644
1082.4190892978206,484.1167517205363,23.444320821555923,65.93066873141467
1080.699334206488,485.1293231429808,24.068410056710242,64.3304378168767
1082.3276021907686,485.5612753081111,21.764664021839863,66.82218042728631
1085.2288480101952,482.4239007173754,22.653831932141117,68.09783219342158
1084.194077782864,479.45782325938757,22.227816185163263,72.59026701285106
1084.7301323127901,479.29154538120605,22.703626728792976,71.40329862180093
1083.987454248096,481.22437363719985,22.377796289786104,70.04687658441819
1083.4786294492474,481.8096204967998,21.305966335363415,66.5438413152666
1084.209856914221,482.036927918222,20.243588089878042,67.23124728708697
1083.0892149778133,482.01481687528684,20.60373562031871,68.69436567295097
1085.1013170637248,480.56803708645737,20.68651688839766,69.53498726775567
1083.0394281815757,480.6621629638526,21.343462803906387,69.69494125336233
1084.9971438889254,478.0983741524905,23.032104376457273,69.19076829397989
1084.9541323407282,479.7735894331904,23.208921976142033,67.9344861656021
1085.7129343792062,479.47037280408665,22.65827283173057,69.01025622692559
1086.1613613141526,477.4498657364676,21.83480656540754,73.0620595349392
1084.8459833516201,478.1462676780044,21.27159653070493,70.98878098502179
1086.684737464007,477.76508414816647,21.65795068919041,71.255729157361
1085.8400306386222,478.26554042516744,22.83416671026239,67.35946767429571
1084.918810880207,481.11158147665265,21.67081845653692,68.21806720395017
1085.9424806573118,478.8013208439595,20.371619856191018,70.47074181197235
1086.167810156235,476.11286040383646,20.930888789889753,72.16012520587795
1083.9222098879245,477.58806868098486,22.13132227376307,69.17065390811919
1082.1719058867259,479.81414821159035,22.520089558560688,67.55979825360625
1078.5140962087596,479.7192565282902,21.709871510587643,67.7026136462403
1073.7140559902373,478.4051662796867,21.199210365262847,68.87414185021636
1067.42829457804,483.92946279791687,25.311494467409155,63.59519642795711
1062.7277251477278,482.0112155611244,23.491502241963452,68.16590232011966
1057.210055597552,483.0694267354811,22.958167315703925,66.65081443342113
1050.0616367939542,481.90370572013217,22.7356651283257,64.4935020237515
1041.6868954290821,480.85896886203875,22.426843860479977,65.47862630508621
1034.4732784871908,481.3152341381873,23.202855375009523,67.01075746558898
1026.0913183727848,482.9140563453188,22.767700302582178,68.26489952656343
1018.337131885436,483.86759876409957,24.357583265802333,63.788530350236734
1007.1749349738885,486.11516892570324,23.770682881195704,64.23212987844443
999.7117677792421,482.4937513051922,22.83527132920349,64.83627493425247
991.2259216082499,480.9361338572974,20.220424892948355,68.81610708621193
984.2540463500486,484.4356339426477,21.234268754054042,64.29716544597579
979.5060729088984,485.3461567519101,20.85551439398258,63.122610844197354
975.2394007963744,483.4158898318405,22.509165085645094,62.96995630143955
969.3459236457456,483.7739388871307,20.462618538274405,66.52885442066943
966.4244302760999,484.0084488080585,20.427792140744398,66.97694711275665
963.0733938695168,483.1941331069153,20.608340554574085,70.26177489316976
961.8839303538174,481.9849276127552,20.174086818589206,70.99770987714422
959.7845727858831,483.0352933850762,20.48735447000437,72.32793595665811
958.6544296939053,483.85357578654407,21.376106568072654,73.99246157510697
957.6695216838691,484.6490899060332,20.450741703841665,72.6697499690539
958.28016130913,486.4025795464919,19.5794595164286,72.40872710166965
956.819571525901,484.8050014402645,20.49154396991773,72.66090543709836
956.259027609813,486.2508491798379,19.868363320434746,69.94641069639081
955.9753195756274,487.54692333582665,21.0000722313331,72.28132151887314
955.0454722376163,486.79524871813265,20.928543957714133,73.91650795647448
956.065425415401,488.20309192561905,21.188140221222916,73.74458230803059
954.7270597267541,487.1024250209494,22.231155769697004,72.84111451095593
955.7395998347635,486.8522431484657,21.37515194831007,70.6294465192831
954.8971607055902,487.10335992741454,21.30942098253852,71.81626928580295
956.171104786679,488.4677220731386,20.71675861408228,70.92221844111737
956.9773004415107,486.8461429726248,20.16846863366039,70.97481058833348
957.234144088049,486.0049816941031,20.054228107510596,73.39864209485535
956.4313755509938,488.7036772380029,20.597998440276278,67.61931638812098
958.0886325156936,490.2442762292845,21.728788023646388,62.13970979711175
957.9619601904855,489.42635869563384,20.10890210864669,59.872387565123155
958.8631458129893,492.17202686462656,18.78609886382161,58.454640944379605
957.8374220636961,488.306686522012,19.14669232001824,61.117326192823896
959.4678955345424,486.87692790705637,17.772756436023357,66.27946185351358
958.5244321794358,483.41982532745095,19.067730789300658,68.9461213796218
958.9878678873426,484.68154641480845,19.170646775898824,69.61383577764757
958.2704906744747,483.20320850805246,19.78507383695896,69.62981498763983
957.929647474625,484.09863991865654,21.024550763331945,68.2468455383375
959.594334786113,483.4768317675605,20.958381493339836,67.7699430306032
958.2052564984117,485.6947254344832,21.255607756879144,67.60372982681787
958.7792616968076,484.7068973664158,20.465893355530213,68.73373310807479
957.9084938768358,484.206193006145,19.243237549596454,69.06460153186933
957.6813561369542,479.5817107832382,19.874300939169167,71.6013156887076
957.4638608446821,481.1602665114987,21.390393079629355,71.7398059401031
958.9369004824079,479.4028542564919,20.918599689682864,70.13442048580491
958.3601134808313,483.4591012808165,20.34153964637171,66.68374174726574
959.5721449132673,483.99619407159827,19.518680129000106,65.69685588833417
959.7054986500596,483.5969895488572,20.0126945575953,67.02475592600081
958.2813503410329,480.76063301450733,20.244465420883042,68.64511912318109
960.2618755065084,483.57906918727497,20.09512451003873,67.54869347968133
959.6446779993682,480.07981841169595,20.161248740630057,70.46351009463581
959.2547490610192,478.8213307376538,20.35247888946023,70.49524453609759
959.8659309155596,478.73356548961397,21.7456530340413,73.25519310958677
958.5376732158192,479.4699020718706,21.736205763258468,72.81424878021966
959.426205424332,477.24856691047097,22.22885869692803,73.28759178737629
960.1569037070095,478.52435932204116,21.479823171642586,75.09263131782319
959.916471319298,475.00946885181673,22.95079415573818,76.45936367871911
958.9167347431539,476.33081373443235,23.04661410903948,74.75510826969413
959.6213920426231,477.06744871896996,22.73000119662165,73.04029975639499
960.0404612014948,476.7427827412172,22.807920871249905,72.81705725853504
960.1992831790719,477.0413765191805,23.037991075162495,72.3793520055828
960.2281149460127,476.79741978531825,22.642574369793238,71.38921864630505
961.3489966322974,476.8290130544588,22.929760446040557,72.2659084719952
960.2736071879687,480.676486561636,22.989314782780152,67.68853027550878
961.7190931809563,479.28841868101676,22.370353277438632,68.00314889143081
961.3927872609529,479.5187660681205,22.310375649609583,68.67520099270226
962.573362406438,478.8996241335265,20.99808335659317,69.93381277468902
961.914521958606,480.44902472388856,20.85076573177823,69.90783343184127
962.102373344238,478.2812220310553,19.510859364388054,72.96722027271281
963.035960847471,479.4218889449073,19.61252451620516,71.92368715587897
962.2936729871603,478.74658944996975,21.00556483624347,68.08981458032277
961.931475311022,479.4205484312603,20.661614507705053,69.09855790072828
962.6571500363552,478.9201344020483,20.10591929215411,68.65965362102168
961.8262358497831,480.3166433613354,19.979785994235346,69.75906143876982
963.1473185633124,478.58438710921786,19.516637385197505,73.30478796740348
961.2766883835393,479.280527804145,20.108058937377287,69.31120045034544
961.8732588597625,481.04285722070404,20.450932753763002,68.2443460035854
963.5399410790421,482.1348841701357,21.472289764549465,67.87842586412833
961.72727530512,481.0987508426068,23.387913136694067,68.81957894433758
960.7957189800102,480.53025746229315,24.047617590755983,68.9261857885648
964.2135128394826,479.0139462999202,22.415301169393285,69.74324466986982
963.2108006915169,478.84170070162793,22.268631795546213,69.26055446135068
961.2682531352546,479.6592735725716,23.047657723155154,70.34776365941774
961.8168270619676,478.04781647889195,22.25182406679849,72.63035487091469
961.4771764907448,479.4297159359841,21.486675178684685,70.69739682801978
962.3155224372314,478.124249086046,20.333690452026605,72.7184748766158
961.7330739703064,476.79874346475253,20.94722629810831,71.71153889980864
963.2613127846876,473.74250772694694,21.040697389293502,76.71688238867718
962.1953167067369,474.77170170156023,21.274048393057548,76.86816155645732
959.6941890140022,477.2112411247395,22.03224746766049,74.6904284578078
957.364326111597,483.4537068164001,24.21574851628574,68.44189877513304
957.5721429477253,482.13335451261435,22.703762722388152,67.74976162972212
958.4879219079035,481.25877756404293,20.81086051490475,68.16946531758279
956.5683655984651,482.11766182183374,22.491151312766156,65.12363776096707
955.2494040954289,482.4845480366723,22.909414251225776,64.50029626932178
955.2311122756184,480.8995055398892,22.195572445239613,66.84696667702866
956.353893065254,480.39443607695847,19.49034320463531,69.75451725839991
955.3126301728338,479.3187699270624,19.918765201950464,69.34430796553845
955.1117868727821,480.55607518227436,21.05729067310969,69.18183388418961
953.828782894114,479.2895757057723,22.37114614603732,71.08375145167079
952.6290711040457,482.28578993064957,21.498428214825722,69.77806093290702
953.3383853828525,480.533859277065,20.757344368267383,72.56676457973406
951.4303748196601,476.260821466494,22.341653082222386,71.78552583526997
952.3039185534661,477.8020543058692,22.23779201487848,74.48366430655484
951.7358802968496,478.3074714113495,23.065050322290002,74.30370948886454
947.2551116794049,478.95162631746905,24.58339546463042,74.08269090088011
948.7704979331186,479.170752971517,23.752618049026694,75.73236138465157
947.8829619775966,479.30265280398373,24.567766262365076,78.15803425415476
946.4340495541077,482.7423623851681,24.707482065989584,77.50798053253564
945.3316987748435,487.3189336786407,24.71080572962627,72.47536317629886
945.5112315420896,486.9193170801123,23.69919858636476,72.24626136930337
945.4436273899844,485.7869531223977,22.397090849446478,74.23791147519086
946.4901549502957,488.87852326711004,21.10084636345021,72.3311377531665
944.8924022199598,488.42198979344084,20.22462427069779,72.20869599873936
944.6349213788938,488.58855037099426,20.580961689371115,72.67481709627182
944.1216643781785,487.5285324453718,21.20372895707232,71.86443780060799
943.551294136363,486.65519563299915,20.838453904067745,72.82113070341505
940.886646346117,487.28052284611425,23.2170274192967,69.26673353003694
939.6296545457689,487.694271150011,23.12162988415894,68.27331587996446
938.9929547118868,488.2707553441368,20.41946826484024,67.86030271031522
938.2446249957343,489.5669048581933,19.68079957393188,63.57463197852594
939.7232627871487,489.6401566174385,19.421117669734617,64.93404858651614
940.1533269418742,489.0008729268535,19.242018206872295,67.8207551105093
941.9393436402041,485.7772060274548,18.199593818210744,72.46449949070964
944.8018491745592,487.3996389752461,19.250694245679295,70.98729463212628
946.4288460626329,485.92364980586393,20.425909562470743,69.79070297136207
950.197253221558,487.03251732689625,19.992164618451618,73.07682043890777
952.1553904580522,483.8650277911567,21.789479326308612,72.74228538220821
953.4229085533447,484.4227774850427,21.655876061426632,72.46114136160406
955.7779730879463,482.1893934514155,22.43559212639869,71.50030722692874
956.304495869121,482.26033527833056,22.56430060165631,73.98891671007749
956.7820720762019,486.47517665041426,22.137248869800825,75.35574736821879
957.1250267486546,482.9070316918903,21.768387492805235,78.43601283308837
957.3158067205059,485.316936707708,21.94561005666052,75.24389250002918
955.1030730468714,488.6174822748152,22.046515987247105,70.93047895475644
953.7391738418174,489.9075034145357,24.054132292420643,70.06021335311144
952.3747704944572,491.3698374655111,22.77091436130966,68.7423493044922
952.4755082073985,491.2670802189348,20.873128811375963,70.32173403415824
950.8010187060294,491.54392950888575,22.388469714041726,69.05042475886086
948.9659160122021,494.8134145032281,21.257756403853268,67.6962507917632
949.4089634209796,494.1929340424261,19.790864868105658,68.69167969501329
946.502467166656,494.5805458796197,20.62501131029705,67.49973814914493
945.3295860040141,493.9942945881599,21.632822008078126,67.37566060761796
944.5646265081075,492.3150624545485,20.84689600769252,69.9891085864035
944.7990523423211,492.1885949516301,19.03076322537885,69.79366709265649
943.3139509600279,490.38689160467385,20.043932956010494,70.06785207921722
941.8805258009276,492.530662668289,20.103394408354855,68.06712991544414
941.0138442895574,492.23499059408624,19.637358754738464,66.92631459708778
939.4494986372251,491.8202586129594,20.125610917079477,67.14424619099738
937.0947618031845,490.63509898420244,20.417230141579132,66.25374839908372
936.6693693946609,489.99348856753363,20.639786333384155,69.56808635792548
935.517582037691,489.1750423742218,20.60130884366876,69.99058704690064
934.0533848091515,489.14431189536117,21.609387460225626,69.66641324882818
933.7260956326855,489.28885363249503,20.77823638914673,69.60133539231339
932.6070925637364,492.60596339927724,21.812065372706055,66.00462086390459
932.5247118764072,493.22566781676466,20.07617906405718,64.3278163401682
930.4397175956203,494.62938297025204,20.264744028083086,62.52696884149434
927.3839447326297,495.94336745099304,19.98456443925353,60.84319363273427
927.2014621059546,497.93108135636254,18.597605015335763,59.240202819433435
926.7656536784824,497.51950625358364,19.68706017262146,58.29618205912777
925.6511744587697,497.89366125327666,19.440081660584287,58.086087536768154
924.872734517773,495.90309936249827,19.83269616016738,59.47865142971105
924.3427176224324,495.94231518450954,17.97594711812607,58.998098975268434
923.2214116872594,490.9425377758767,17.936449096279816,61.99288107469631
922.0454649779222,489.87146811349476,18.555430699090305,64.76731410039355
921.2262914117937,489.21200645294067,19.073682779733513,66.55853638885296
920.9739077107336,487.9613376093154,19.134039995585624,67.15293065919363
920.0811006042001,487.184131524715,20.311791602193264,67.41659986818871
919.9022853098477,488.83710165091424,21.149697510953388,67.42423118993369
920.314066214306,488.5918196171275,22.88369408533796,65.79686174209978
922.1574962435047,485.562557875573,23.369064014380584,67.6802579545483
925.5425733275855,489.1249189843439,23.020602276447104,66.98911333513581
927.671376535609,482.144676387687,22.94912490852986,70.92132697764534
932.430388649786,487.7541545952333,22.08217908072222,68.28624120764228
942.7942446294072,488.33334881880046,21.092759628813727,69.20055029232327
949.0195484415718,491.9527827113793,21.36181177805145,67.20026545683407
954.4898343173794,483.8503065888009,20.962276757957376,71.31053294982286
957.6616716750625,489.134112803177,22.67249628214237,66.80637436918961
962.4099384771059,486.47793228472636,22.803400292800575,67.74861267586257
970.9687826825534,485.37261078351776,21.41965362020011,72.02293012933939
972.6168467730981,484.6012210135584,21.176871709288044,73.6423350956963
972.6070523287005,489.5346006039456,21.739175822629218,73.51235174767154
974.9628435213386,487.3474003428345,22.59828519259452,71.80433998511464
976.2111281313344,485.5892407426514,22.216640605361867,73.72223626249126
976.6312658360565,486.13268750466,21.000801854178132,74.62875538100096
975.3193197731448,485.29283093429075,21.890288316545575,73.99127119225534
975.9445531113333,484.515558689804,22.01578491720951,76.41540674479425
974.9071427055861,484.0993370280968,22.946563340048463,74.95100713410848
974.6359471031781,484.6085487747911,22.661918012862998,75.49282598987764
975.0044186614329,485.40760500403866,21.811526197482358,73.91904237290362
973.737988753846,485.6232990647338,22.395554290460705,71.4009503230911
972.6781887026347,485.31405504027407,22.64272216381779,71.84814581027965
972.1309868374296,485.4980627963234,24.5041021993021,72.16943204632173
970.9621890857501,483.86705286751936,24.30976695484999,73.59799925751135
973.9280200973112,484.15257428342244,23.544222594615675,76.53715895446283
972.2344396208874,483.44007870591554,24.424722763615076,74.9417128749206
972.1130393143005,482.28371176797003,23.514126358239942,77.81969518654554
974.4830631247182,480.4584063689569,23.628957243481935,77.59865850636254
975.2142921747306,480.2994789624822,22.95725003889566,78.34381038119335
975.2976085159604,481.3369029737591,22.647467400272664,78.04687244084182
974.3339191579041,480.9900417166082,22.900762287675136,79.40211102642678
973.2831095582384,482.2087025540633,24.26720257053548,75.51320783147389
971.4377425660595,483.3681358451557,24.577682471261877,74.94688184268587
971.3277468847009,484.1072895050165,23.932213071408622,74.42535234298663
968.5416047303115,486.06192532443214,24.527135159285496,71.27927289675821
966.1354823543995,484.5721638872882,24.10966611423789,72.27137685086765
965.507112251679,487.6246931866397,24.369858284496537,70.8059785058705
961.3697166376478,486.04966534539494,25.419572840081067,68.03321289917182
961.5537811303954,482.83921481297574,23.291607539632675,71.7664021881818
958.6541354004122,485.1370371504121,23.18815179325311,70.58804088028799
958.4936225028684,484.51103655670806,22.525203280531723,67.98975607373494
956.6576691051303,485.0056214998064,23.706665339857636,64.94820831997768
951.3629681633533,483.8510137220816,23.163360148140352,63.8328843968613
953.2663113639329,479.9464518675852,21.96322288670005,67.95460836625188
950.363322890639,475.0048584983907,22.294825568294947,72.66045454675196
947.6473647873866,482.0810886180607,21.97745094148125,71.11913151949334
945.3761503966391,481.53028989666205,21.55805429019932,70.12030934777461
944.0041250271715,482.3665252840358,21.283497735272213,68.39671674158382
944.3931529011425,482.1751940904408,20.5332913696554,70.77289314067377
941.776308824208,481.0171257704902,22.432324684696184,71.18506293866042
942.6378617096299,479.545528700838,23.453892356886943,72.89517016447948
942.855488052989,481.0740659551092,22.458523910241777,72.98732482286411
943.7176699952583,476.80721465240606,22.572944319685618,75.70422798061348
945.6902038794092,477.6424308491214,22.598252909549757,77.21891614182506
946.3245335120852,478.9291071407282,23.140177837437044,76.68047302146104
949.1454936046232,481.7583163646059,22.588120913798484,76.34039498422891
949.6049554309974,484.35839682941366,23.2234199222804,77.93605927863524
949.9361939389247,484.3136224845151,23.559005016709115,76.60910786169848
950.5636532241138,481.7825105997768,23.397007685327694,78.81811167690388
949.3741726774051,481.40330090348516,24.511601863065913,79.4562698312182
948.6527292891008,485.39694461643603,24.41028092284852,78.4938389402967
949.1839418333693,483.8849085403957,24.105958493996287,77.97757366978755
948.0633987186101,484.8950203154535,23.935240240038166,76.6145263209346
946.1500274499846,486.73780186295846,24.382744301728305,78.97137030731977
945.9598784441907,485.60710054532404,23.438923357005947,75.31113205522963
942.6318438731129,482.7640104805446,24.2271687688652,75.26903486297803
942.9300035276295,483.9158016113902,23.791141191695843,74.52695544461854
942.5457574737435,484.7829570074789,23.330864612639125,73.95017587698926
942.6319357051678,483.3180298207248,22.90129420000809,76.82603425000873
943.1571213118181,483.63474392553485,22.989984853846472,73.6568674526473
944.839676350828,483.5320776650668,22.01498285135191,74.05707059609045
947.5248650860389,483.1195307592868,22.45821777692718,72.64076558547002
950.0264021029358,485.9703953856876,23.560314477298455,70.39552614945008
954.2525606396342,488.54087146044026,22.886287313027108,67.44310496657319
957.3473918527806,487.94598635100834,23.10197843046133,67.73066782940272
959.8793216010939,486.70772592575474,22.715221440660606,66.28637813019532
961.5305695715459,487.2523312634056,23.076270404675782,65.99737950447525
963.7270160832346,486.8106272211715,22.458280464523025,65.6669025114708
966.3428275167001,492.230311846998,22.30717078517435,62.74107364075755
965.8820677409985,494.51857171393016,23.147442918571524,59.24213243429351
966.3275017009164,492.5274256251365,22.605853000405638,56.76928033896208
965.7973453543106,492.6397223836374,22.31490132904848,58.50544083751154
965.6783247354699,492.6021121396782,22.3742783588363,59.2188204090433
963.9536025002433,493.03440235144507,22.113810866939108,56.01804153754473
962.4699843789426,492.9394731652861,22.004579779161247,53.412246901114194
963.4197582839846,493.0039026253309,19.75578616745321,53.12175260826221
961.403029340221,493.32961059745963,18.846806055097787,52.49345259886934
960.6218386550893,489.65855307385897,18.087742741499934,54.82349732101888
958.3574179622967,490.17500539821543,19.158343530264013,54.21590972156097
957.7630313435752,489.6684935765909,18.940545375549522,55.81296971815506
957.3390986210021,486.98782778985327,18.55593077229311,56.616252313946376
957.5490664200153,487.9349633221413,18.399210441691594,56.60094131046603
958.5323660310415,482.99479789986316,17.87037570435812,57.7763313025813
962.9282584108805,483.1303584891566,18.347244330600056,61.684701167340314
965.833674221269,481.12809049557205,18.79246372900577,61.97442793680362
974.3468791130974,481.8244993107698,18.687915323609886,64.12343706307739
981.9745089443891,480.3439533296916,18.795747942381173,65.93940462523082
992.6392689416057,480.32253641203886,19.22564899632437,65.92827847679294
1003.8441786691653,478.37556209453226,20.835212832779156,64.99398966271588
1016.2030426265683,478.96509245276366,21.253737571083192,64.99934676049865
1031.042994360405,478.34263211956636,21.14398398920907,69.02442963048587
1046.9877658421265,476.01539090991446,21.58295697487884,72.82324876079409
1060.8214294844495,483.5479529617404,21.794992486465024,72.32834353227398
1073.536123749411,484.89667882285914,21.632904576938394,69.81897063642711
1083.1550922920992,478.7254400799889,22.979128874676697,71.3105260822598
1092.4995667301607,479.0821201980544,24.072441566488855,72.99978152908841
1098.3547955996867,477.44255135902534,25.8286519401319,76.16404435522706
1102.6700738675604,478.69045486972,26.198389230232934,77.95699178904543
1104.9834707198418,476.39754992472484,26.25243439344002,77.84837296576426
1108.103207261005,478.8259966329279,25.05970858643913,77.78664187258157
1107.8882416121864,477.46640657143297,24.821550236887106,76.64732653542625
1107.143773407442,478.61002424976857,25.00931076938692,76.76583599238329
1108.5375704233477,477.995653986867,25.018610083351966,79.21978663578116
1108.4236633256944,474.7030932626065,25.961847734778665,78.89273299557127
1108.586576641997,475.4693451855313,25.576294791941624,81.98385708415485
1106.1080897790257,474.6125213670513,26.63853937619557,80.81297455299931
1103.5227819259171,474.82231161645325,27.25702636491816,78.81817158645251
1101.4558110784355,477.8833181460483,27.093665297049583,75.40481861091507
1098.2464356649132,479.1202052581383,27.626166605943574,74.28989816638205
1095.699557563675,479.3158033545219,28.185191457455595,73.79011848683393
1093.4550506878072,479.4615053795065,30.139120184440962,74.41432905558132
1090.6854042291595,477.8114031400336,29.212206182703323,75.82880036335523
1089.208370505594,477.7196600199405,27.90348309999316,76.51633971997751
1085.8388564488964,477.01456129768025,26.3652253304275,77.73075064024837
1082.737632154521,472.7554740997261,27.91532538592981,79.4904433167691
1081.4621562698699,471.2987834817024,28.25888609735538,83.32531297693404
1076.971611586646,473.6433274336068,27.574356864616703,84.23386683156194
1075.0568579952565,477.827279097261,27.380808510693498,82.96111746092714
1072.2435173735576,478.2734829621396,27.173863723209305,81.49899336189654
1070.6052515736055,475.77003285696924,26.40584751170793,84.4240526882158
1068.0691202868566,478.3403561149786,28.18825897514102,81.34383130356372
1064.399226764316,478.8458068851298,29.726041981969253,77.80196464819016
1063.2424808756787,477.90289506105273,28.055410025798388,78.34768925716939
1059.024284391438,476.89704584758863,29.595057954851107,78.50832643275703
1056.821351053779,480.3670634225042,28.905953426904425,82.14708847257083
1054.9952805952835,478.2727050497654,31.238075200721454,80.36778587033096
1050.6443328533123,477.7084770961504,31.41353301679032,81.07434085617963
1049.9967432378403,477.61455744054143,32.03744102315769,80.50002779005771
1047.5682864629166,476.73136526368745,33.14951349186517,81.47834491834683
1047.953403337828,474.9274191610168,32.790187264025974,83.57034549370931
1044.873038564058,474.55968778501,34.859659736359035,82.51979269986546
1040.5866646080674,479.1795890309363,36.78332697798774,79.29147034970786
1040.5591703191785,478.3091895763099,35.362874998029156,81.16816636260114
1039.983114079983,476.48155106957233,33.39692487854614,82.57980402538668
1039.0051364703443,478.21517439550007,33.6648750073335,82.60327898055199
1033.941662716777,479.32069008523365,33.92686267198351,81.94670731297242
1033.8895940730335,479.17652280122155,32.414655692753676,81.06334223335206
1030.317014846819,483.5226620671729,32.04850300169427,77.10019535711179
1028.0444739612142,484.53314820328933,33.051655503627835,76.39015236419135
1023.2990087374106,484.7014606168464,34.7862330935543,76.01373954550179
1021.5005056229662,482.47575110095744,33.93139820421464,77.32176016346861
1021.6712227128189,482.0475018862686,32.63982671578657,78.35065797223206
1018.5736174848363,484.735800619207,31.946458061271926,78.68080760575204
1014.2647445791081,484.9155802704385,32.579264791693795,77.89710022935166
1007.866483451603,487.03492598389425,34.08890894074099,76.92929880894914
1013.1257009873973,483.4871534600967,33.27218834344366,76.22452769443788
1011.2627545065347,486.4184746045882,30.533728510454615,77.80090178900166
1009.6025497766403,489.9350086767221,30.294359986017895,76.62444933802925
1011.882237058342,486.31205280671077,31.926750260352826,76.55889063197306
1015.5071452610036,486.89462819836723,30.180806427663,76.8466253022538
1020.6824174618404,484.48484646533836,30.454200399038488,77.56722824060691
1023.9513325056605,481.92727818737103,30.577253126148626,78.8432546587401
1024.7143061114252,489.546004778446,30.115797466000608,79.03782512532345
1028.894341528027,484.30386804490394,29.718818061216922,78.73329224047177
1032.963563492228,486.89693662528174,28.474732557511793,75.42298278071542
1033.0068816173398,488.25977524562455,26.831387251964237,72.69241101364958
1037.6563540022496,487.9624624717798,26.911817939854256,73.68362180715086
1035.222544051307,488.53042918871176,28.23075701938746,74.20984414353072
1036.0523944802621,487.0825264932011,26.050138865705275,77.79376822829738
1037.2443952528445,485.6134978585221,25.410386531474316,77.54110338788384
1036.3350928587747,486.0403426197864,25.499692432632337,76.67442433660372
1034.240108747929,477.0385672223706,25.156153722053745,79.10390958054906
1032.6525389326778,483.3442930792564,25.801298289843842,80.6707961048102
1031.6553193001366,482.40740461052485,26.655370954082507,80.58891669123244
1031.3776616952225,481.4725708553911,25.699461167449762,81.61147323118998
1029.231531313211,481.6253600401418,25.8261539392415,84.33845483690203
1026.5040052477736,481.69736739026706,26.24647001897314,83.40828710396809
1026.0976417033366,480.3417620809071,24.84780773248732,83.34945297410962
1024.1764056417974,482.77739766308946,25.27354538540872,83.50946886184173
1021.8149354981246,480.39225947536215,25.5453967904447,85.74732827254678
1020.6107255459741,477.417012533814,25.69378245538759,86.82513936543923
1019.9633909586328,477.0387377301893,24.89348218740492,86.04130415148629
1018.4687739895489,476.5219862452314,25.65262817271553,85.88959032030009
1016.8481872389993,478.11011215280234,26.558529505019212,86.04577537787763
1015.7019346977659,477.41122291699406,26.92592945675689,87.40909231783516
1015.0324266097887,479.02344094614716,26.024184758216848,85.70651320846395
1014.6075389923233,480.9200465105595,24.879172895441666,86.50560848644483
1013.6041084004657,479.90586651986416,26.0680926632404,83.8823413117711
1012.9699007379887,480.48026555148437,27.871978594403807,84.04638287475191
1015.862711843426,477.9820443777939,27.809881986622337,83.62455594492477
1021.6835614477653,480.3767122079324,26.166161578873332,86.27263815512792
1023.122497933063,480.02689679672466,25.688096703794955,82.28721257686574
1026.7645663413089,485.5990717967322,25.954735880036424,80.21839276822345
1033.6364616125625,490.34335967525897,23.85100159415561,74.87533667578212
1039.2853254090344,490.9486813181401,22.70763102075765,73.05420456563337
1041.9295731405,489.7854300422599,21.929390006696345,70.32074945430462
1044.5033069578687,489.9215878227793,21.64636023314486,72.83426189752367
1046.9675443538226,488.789156951702,22.784845742879455,73.09842166737934
1048.2779211846946,488.8526833899782,21.569331587254858,75.30628805101358
1046.3820508727235,490.40054355994386,23.382125762958257,70.83670172531842
1045.9690389076948,489.51629604709854,23.944950755335128,71.10166666353463
1046.6887899781934,486.4047459338624,24.391025861474468,71.68056227014795
1045.5138581247086,487.6939904540033,23.678314332816683,71.62801014587568
1042.8732892674939,487.54087820318387,23.84061819149314,70.24124073058627
1042.2348114577132,485.7490964097303,23.680708273718622,71.68733087095487
1040.477179183298,484.65553142505144,23.40021777886361,73.43701157271263
1038.0507716329741,480.30092885735166,22.983274914617894,76.15251843051644
1034.1558471096143,482.99048505708936,22.940237579995497,75.83404281127213
1033.7493632983587,482.86996972881514,22.63742593065684,77.9297842717394
1032.4006478047822,480.59423710982,22.510956545061028,78.89400721164702
1030.4063930509851,483.4290223991028,23.00975460076104,75.90693265996941
1029.0819314937094,483.3575706180742,22.903213213695206,73.9145336006704
1028.4584897640068,481.2255996874892,22.426449696570028,73.73722309666869
1029.8675432047646,477.9251933632959,23.71626981046603,73.35896267065482
1035.0942842201487,476.80413435510667,22.111761823770152,79.37306036186678
1035.685534005573,476.28981376529543,22.698726616552186,77.38060683287885
1043.6834036053954,478.83117256799466,22.215521122908584,78.43521226780727
1048.835512684702,479.16615599812985,22.643766473527126,77.41507440668198
1057.5484100225044,476.66768086967,24.056439433742025,76.77639576094776
1067.8244811969882,480.6464193745396,23.269043749326293,72.92020589949584
1075.4143356399586,485.27007728429317,24.126770466607518,71.33829908081152
1090.2620681221752,484.7288936463119,23.674761105365263,75.91680148117524
1097.439658164581,486.05896713281123,24.52731278480544,71.55094401978575
1110.255575447814,481.4235456540256,23.48371096047901,74.40060788907954
1120.8972363941111,481.4725929679651,21.861482892196154,74.23166404670351
1126.4885481160713,481.32779427314074,22.62968328942322,71.63524005092683
1133.128834074925,475.58363688693805,21.649013570404705,75.49784165278533
1136.6611144058309,473.82899104096975,21.72271813249015,77.71191285871987
1140.4626673474318,475.3177073774919,21.89282928611307,77.91249884079446
1139.735980059099,475.4768273471061,21.300997738764714,83.14129852271363
1140.8939841617062,478.80225607303174,22.068896287855416,82.14556510861408
1138.5370836094812,478.80114292105924,21.894023515990856,80.71176717510153
1139.0380900068428,475.6976558366442,19.86008425475376,81.42390096239191
1136.4360587833417,477.9422688894525,21.085102780514422,79.96440816939412
1134.7632567352914,477.418309986591,20.843736695381864,78.81274404174434
1132.9768726211157,475.6981308500655,21.093571221050624,79.44230853241572
1129.2893823839481,478.5649727810602,22.328039606152387,77.59489692413669
1128.4740932698849,474.4979089138009,22.1110499077744,79.93645207312682
1126.0195411160423,472.0170588865552,21.194745480354925,81.92988043115541
1123.943755908025,473.7666549110429,20.793570891559206,84.43475474097589
1124.8299881057444,476.2944718743712,21.702645449682947,83.50337137683235
1124.484601191481,478.897190858452,22.481015775896715,82.61406812276769
1126.9898110191752,478.2981810480848,23.312713087994823,82.12689429901761
1126.7317851928167,477.7346838486153,22.037424307290138,83.8156934600824
1127.0511365253226,478.9469895748122,22.116836946157836,83.76539047719908
1127.7542611486929,479.99443968597245,21.725917113875916,82.42149071390642
1126.7504829903262,481.37780017055843,21.81567743436007,78.94155688659178
1126.931554482804,481.2755867072209,22.684016352363106,80.84517063644509
1126.2706148657237,479.0365861364605,21.92257121352948,83.59616967911217
1124.692278310371,478.150222855253,22.345662625450924,83.21797170088234
1123.172020589283,480.07429412086674,21.370686024047853,79.71255109194799
1121.033257911533,481.6291458453999,20.883061853556754,77.18970136518483
1119.9477596004265,480.360069259423,21.142780607033195,77.35777087039932
1117.4931885451183,478.0186808059251,21.966663496448206,76.14910879485542
1117.0305360128953,482.70607855741855,20.597071994799393,75.90276668003554
1113.9923875611312,483.8098139519782,21.53598701515834,73.00389902264531
1110.412830448851,480.5943326330975,22.754629063422783,70.38885018206506
1109.8992245116224,481.4351742762457,21.584205787031976,71.49800852452944
1108.9241508386194,485.2192152011635,22.51771119391218,70.8528495159382
1110.5236799857253,484.8289442941508,20.72429648710291,72.60567667227582
1113.461595268759,481.4792323565438,21.594427022297335,72.57090468206142
1116.994889829127,480.67011331293884,23.065940657577006,70.38848370937968
1122.0337403539984,484.3011124236505,24.087907056591632,71.00568532406267
1131.1946064685847,481.28957468440603,23.897937141929148,75.20125761113087
1139.5031469838314,480.92016579793204,22.61483454876594,77.99489979367294
1152.333812781918,481.7120732689803,22.006292309639388,78.24521552393828
1167.1831726545656,483.8986840551234,21.913278923934673,77.5051639261272
1179.0442467421497,481.08526576428494,22.649915586868538,79.00851697095413
1198.045277850419,483.21542322789963,22.51213291545005,78.7441905078075
1210.680559424567,482.31845316453007,21.957883936249736,78.51013867496977
1219.910618829834,479.1789089216094,23.051269665201765,76.52094159157836
1231.7694040473468,483.66869886368283,23.67826107246593,76.14906297652584
1237.0710738195658,482.441062807845,25.646950761702175,77.24537819841524
1243.1345652029,484.60427529366086,25.276961804759896,74.56090195535735
1247.5259721808807,484.24582174489115,24.352814635188466,75.79967150437508
1249.3531046892165,483.5701918709017,24.740151878784133,75.46946492353092
1249.6231765918587,486.96900875701874,25.979462032508774,74.71721236436206
1248.6007916177011,484.7285805253797,26.49923148420995,76.71795511512417
1249.1196805515601,483.9360134995322,25.535800830865476,79.42570589425678
1248.634628637164,482.1141500938649,24.710047943976825,81.88112932398569
1247.5581188045435,485.1384107095035,25.035425308362175,84.00935120891779
1245.6049212484077,479.8435111762768,24.749106568208074,84.0192640825062
1242.706446800765,481.1250814320441,26.78446514029271,84.25674858393313
1241.4281621086916,480.4858143803399,26.27460936547497,87.10186435339966
1241.1705576416598,480.97751268298566,25.626762214974683,86.60898054623908
1241.5841416782641,481.63327502683865,25.534658384634916,87.94419302109424
1242.4416131059752,480.47895095631446,25.07158714461103,85.27426580081634
1246.4562078510357,480.54035464955257,24.969918798275895,82.11074230904755
1247.2914391630734,484.86875805315606,23.863198802395658,82.74751590434884
1250.4687584464618,483.65579097177084,23.698423008858565,83.43710605707648
1251.8958341842447,486.05511894266544,23.744007828182117,81.92244137444362
1253.1021586063716,485.43816516668534,24.758469444605744,80.97645308290693
1255.069676875032,482.7851136357449,23.658000470150427,81.75537372953909
1254.4529332608065,482.2169029173102,24.59996816887738,83.4354373670469
1252.5280526979395,482.5584505627173,26.554204723114957,82.94332909833616
1250.5669848466268,481.5208911505325,27.417740879097607,80.06611800645578
1249.2274198882858,481.09480192744394,26.133510509842587,83.27283366639165
1246.3044075156088,481.13394642077935,27.548713803715707,83.35390398740195
1243.6702461961793,481.36176987214697,28.281308122993522,83.70455985239616
1239.474356278729,478.85406918294706,27.385516897518293,82.17923473384906
1235.1312670971586,480.52142483051006,27.485326325100623,83.04816871291078
1233.2985059228613,479.4671660425974,28.073900987509308,81.2800498118805
1226.9367039942913,480.4758974086004,29.2474809261707,80.85803827145855
1224.2683881787032,479.80142714774166,28.467580836844462,81.80157736129206
1218.3653228429353,480.41334879822216,28.62173342555886,81.17023106762852
1216.0405249840308,479.96831687730634,27.403391361275204,81.119349906758
1212.981580583871,482.7244437937174,27.6514592860121,78.2601866948033
1207.9890450105027,482.7029491498391,26.9151177043223,77.37149899809556
1203.7485561794433,485.6842662229629,27.274700483462865,78.8700780549976
1201.1517503887121,483.87802633406534,27.02807671226968,80.67007320559148
1197.1746665277242,482.65732586291296,26.257223131937746,79.97174393125155
1194.0128979661565,484.0548914694953,25.03557160987758,77.02364512525187
1190.6258746672197,483.7679839221877,23.881448707978578,75.16275471818565
1187.839927926067,481.64015459043145,22.994756719205455,78.11938743462945
1183.2334483019636,480.3109333868912,24.33013614811143,81.05843230865474
1180.3015689874542,477.9572882485328,23.3583336194024,83.43609917088857
1174.7743080327562,481.37315697710903,24.82534013670081,82.95519046807023
1170.1047269639,478.4283659032568,26.95309719344354,83.01714054003952
1166.5446771854865,479.6978075665409,28.96049392802104,81.41895820355704
1161.4006804272376,479.93605953281497,28.867462431198337,81.88168697667135
1156.4611976777824,483.6748165202318,29.36961883033154,77.38569146631508
1154.2476051262736,482.6041822475084,28.884282582199962,77.74609392569793
1148.7014186822796,484.35214427349223,28.6596499244408,76.54030581101448
1144.0353649682386,487.1155380044446,28.915674772060324,72.6502315768883
1140.206915969263,486.74775296949724,30.18177599168052,72.49036532123226
1137.5753559058421,487.88468215446096,29.77915794939594,71.44568406608346
1132.53999954095,489.0777160407776,27.724012855788665,73.49432678483012
1131.8511454392021,487.4392813060124,25.82138147344314,73.75117600081018
1124.8484178210304,490.53048003537566,27.861156222857787,72.42633773941463
1120.3195582857836,491.04293797006716,24.91950120275991,75.49174057386782
1118.0711847017708,492.6818924210521,25.348501585996278,73.245663268428
1114.418350817189,495.4553951008745,24.044888727020094,72.07449215075462
1108.9822903665104,498.6647532483077,23.7265916552959,71.67479324633025
1106.7665975543307,496.7112888889675,23.34694500377772,72.76039638243557
1104.96625183283,493.7609964892598,22.28759457428791,73.61889489562992
1101.7757728161725,492.3342943341553,22.61200002040598,74.99927753049471
1097.8894863558478,493.5597953204853,22.026766455859743,76.93618599371085
1097.0113526904554,492.80382783037714,22.345885879960896,77.2384433926581
1095.2856755104488,492.2181798240571,22.885737974981623,78.22051173735686
1094.121591471766,491.45767739459023,22.22702430460199,77.76425094404374
1092.118734686332,492.1012846447365,23.335186999836694,77.5225522812156
1092.4090213642762,489.60004696900046,24.15835912390054,78.33255316607806
1091.1407612035284,490.7873439756729,24.71285180254597,74.56688426151817
1091.3811240054483,491.3453898497159,23.765461194994117,74.37506221698719
1090.3167861337954,489.742324212634,23.833946510249675,77.13033958453069
1090.5649925457847,488.99394544285457,23.108485831558767,76.7183012581521
1090.6769808704669,490.13354300421236,23.233087788978672,77.47082307169494
1091.236010310774,486.21697682323173,23.817545978992474,77.61375252103419
1091.4613299789826,486.546828166479,23.775168040854936,78.37878537991818
1091.0485264567942,485.91992423522083,24.29722824095299,77.55972410765462
1092.153323770279,484.9660904339193,24.10931819430568,78.9183543545386
1092.8451304242524,484.77929878332685,23.379784485728948,78.2461501197278
1092.8279051736863,485.26916854176426,23.31812851558658,79.48597101048844
1092.7644131821849,483.2001271815483,25.028529273533884,78.98780264120958
1092.2118456795006,484.11156875040797,25.86558703102937,76.9861682096082
1091.2828145729652,485.91074760865126,26.80331553570956,76.30065460195416
1093.235642395221,484.52947058197975,27.108635969885043,77.26765993975698
1094.2966465858424,481.8067747348662,26.001813469473895,77.56768170846756
1095.1400924898237,483.4906857857416,26.591658782738207,75.65074100820343
1096.6044787432495,484.70131825726673,27.887273147680624,73.56409790945808
1098.596601812528,483.99203698596847,28.00852859369754,74.32838324580928
1100.9193825168059,485.65403449828204,29.372722906073108,72.680286714512
1105.4127657312838,486.40509628186885,30.696862051724835,71.82083213528634
1113.315920805976,485.181658565107,28.297493170044817,74.74310493704974
1120.8873219724628,482.36902496962915,29.101150823175743,74.60586997615117
1132.0347334605058,482.55902573224546,26.233672772521714,77.1645365701781
1138.7625317778911,482.45602774104435,26.606254324344018,81.29572742963106
1147.4514637940665,481.2925504910076,26.636635802975256,83.92140217721347
1157.3233581683694,481.1056623371281,26.75261556646693,84.11443859827764
1163.8821567971647,479.3895966626027,28.05635205078598,83.011292366584
1167.5584025432613,485.81690300425583,28.443645870664064,77.76233678921281
1172.8782110963941,489.10586132855076,28.46623514721074,76.76394373977547
1176.8553053451174,491.6548420915427,27.719768669490684,75.55158993069787
1180.3843523754708,486.51630805092634,26.866557609751034,78.39864581704815
1183.4606651878976,482.47029821679723,25.6259070842528,81.71558777235741
1185.170215490345,481.0014816816443,25.152972418195198,83.4241029797353
1185.7921324823344,482.6921381480063,26.75523363314677,81.67799698254343
1187.262447485106,483.7305719719113,26.30603627295215,82.3006189382396
1188.3535156049202,482.34755894908625,26.29647371573185,82.98577758399134
1187.4827064327383,485.4241364497498,26.313146351576123,80.96720237122202
1187.9065367224512,484.0717625881864,26.31890304984455,79.76515459003483
1187.2513968197331,487.3846103615099,26.355551609650806,78.26430901990285
1187.8443468947964,486.1265136020343,26.510568556824982,79.44808644896723
1185.6965900716834,486.1383335801248,27.165286907175293,77.12256831051599
1185.3288067965027,487.2806528929432,27.22643195576041,74.89157236990425
1185.3859894690038,486.3608957930327,26.534755754492878,75.6953861139477
1183.389764426441,486.9699739411388,26.47830328908417,73.90931168052559
1182.552923640914,486.89867584178813,25.868960832116045,74.20751388748238
1182.4186835825017,487.0687924820947,25.916987566383547,73.33525797198777
1179.3882700170702,489.0072301135002,26.670707819951133,71.0740897842829
1179.4946658085532,487.6747554726559,24.826650284683044,72.24415316383369
1178.2440062480555,486.9427934402939,24.954247299261546,71.44775511921388
1177.4963219958618,486.25734410597056,23.194566255050674,73.71958992104258
1174.2566046550846,488.61716595815346,24.506186996007497,72.97188217329386
1172.6541905312179,488.2202164035401,25.444472726261743,72.25499423639343
1171.2190177359241,488.48861824550244,24.64495505437322,70.87507759782936
1169.1968315216113,484.5333492609252,24.406104541889285,73.04578952968905
1167.6535016166736,484.74024530717793,24.574971794440266,73.57336711905324
1165.092000348347,486.14099399857906,25.163093731845883,74.47412815487192
1163.9883396584726,485.7088871821545,24.948292866892068,75.60317951930688
1161.16181479855,486.77937587655975,25.07898987101752,77.2773394539109
1159.1380372636888,488.71307125605966,24.575936375784924,77.82919147242144
1155.053890354882,487.68848720002524,24.05819536410722,78.88912306524175
1152.580800835517,485.06761483446013,24.110804827777514,78.31953979119717
1150.352265022743,487.6331900664941,22.873077172161157,76.74559035278614
1149.1738721397494,486.04850336901677,23.104145596434705,75.3273975050615
1147.296559917946,487.65619208501863,22.27642919524382,77.71745905662699
1144.837214850701,486.5043880019416,22.822749417140223,77.17603130647012
1141.3749322332203,486.91066263618535,24.664740844704298,77.51948945359719
1137.035744180428,488.2058452107357,24.297491886939042,80.85636806286635
1135.3943855958933,486.1573173122215,24.299837735724054,83.02048979407053
1131.682370022024,484.948763682651,25.36035667402482,80.8304521137679
1128.8208334328122,481.99532425183213,26.24596586877369,81.1827414538416
1125.7371726327663,480.54957040937114,27.173044854950135,81.02683976070661
1122.8419683004038,482.06841902440647,28.23722623421801,80.77131883974975
1118.9583393957096,484.9085932280815,29.890999500226314,78.68903178492954
1114.359474200288,485.01972389942364,30.081182210160797,78.3093255484848
1112.7842236104054,484.43084505785504,29.07480617871524,77.52047403144063
1111.4142258116945,483.3334896683494,28.319240127787978,77.11967458769149
1106.7925805158327,487.0667230818007,29.00011644069328,76.37003024327703
1103.3020356565448,485.35656611730155,28.517227125690237,74.75852474037373
1100.0091535893378,486.50120570299777,27.570389546357866,73.96309185190022
1097.039938953293,488.5937525840122,27.475696742204953,73.98551484112052
1093.7276229672848,487.8673951701297,27.18790088032994,73.04656263726272
1089.4486747242472,487.03724506646745,26.172353511810943,74.1762103917427
1084.7653933644742,484.19860361353665,26.632587759553694,76.30980035504268
1081.6496705134684,487.51215360434196,26.3823057609261,76.51927750632925
1078.6608336459938,489.5074428654567,26.502622941218682,78.73972863813853
1074.1327483906034,487.3162823637191,26.198056374614087,77.92867834846896
1070.2136726111255,493.0771746682382,25.90429707054523,75.20624649990104
1066.7830079384717,493.3424381465166,25.926014205362115,75.00508738094014
1063.2958385607758,495.1461475360889,25.214668552051172,77.2736847848222
1062.866907566793,497.2177885516792,24.643598371058626,77.87967226301177
1059.9474083199627,491.91683805785544,25.289383828979197,77.9489373955562
1057.9599375941675,495.84174925443,26.70355106542221,76.94418764041265
1055.6121616933751,496.26150181446735,27.31114575062069,76.70674200601462
1052.1485706452972,496.28247242071217,27.28089118028253,75.84429731201851
1053.869112623568,492.6246815265906,25.633359298052746,76.39207354069077
1052.0960661050012,495.7182966747296,24.208730244340675,75.60350733352921
1053.0734950223625,490.8648659829015,24.437988075237698,78.46542829510213
1052.2271018240642,491.8983230820266,25.320314148620216,78.65304229302399
1050.5900262732878,492.70121423248594,26.314366728670663,79.3109026990916
1050.7223752892721,491.5742786114708,25.52321235536523,79.890033564246
1051.7499938888548,489.70539986840424,25.995011610804358,81.15288654074949
1052.6599931440282,493.687068092711,27.145900331626443,79.93522828018219
1053.7586213348159,494.0557105346907,26.768543164542805,77.59189326505074
1058.043487446596,491.95462005315903,27.022283888825097,75.13346263041264
1062.9641417729927,492.3528679118046,26.29518648247852,74.45402280624162
1067.0040882389756,492.9866052978263,26.019966848737134,73.22651162497088
1075.3783962857638,492.89161740984053,25.9509035062841,73.45256573731686
1082.7906804716995,493.5255240895554,26.05946062592053,71.28113908000284
1092.520473929936,496.7791727061349,27.188028519288004,69.29536161172967
1107.019090923103,494.9572034434948,26.85456311029565,73.070903425087
1116.000126870985,499.2325307781218,29.554936102591885,67.62297816725864
1133.2716371210934,496.3037209880976,28.267846094951743,72.45113814029
1149.1702448233227,492.31060609279183,28.67397246846429,75.0154932496467
1161.71215299732,495.4739560846679,28.576260114025743,75.9809568556137
1180.8589804738442,497.9584068393906,27.605049430080754,74.98349023816439
1197.9438467252962,495.1155310862303,27.555468464174922,74.0876624443118
1215.593133377489,499.25203185884436,25.762881104823602,72.30329211092953
1236.649230373859,502.65368588066053,25.15876898936242,69.17842444495201
1254.8149366462874,506.3675616053958,23.950864309792706,71.99104451027884
1273.8203810603877,510.23024376126426,24.21938462698899,67.38933955078423
1294.5190510127738,508.2403422486261,24.50033250003863,66.05096385038787
1310.698700921814,510.66442357208905,23.44790147733959,67.54169024187651
1334.3249966504632,515.8593158249915,23.23872058918002,63.62708153339803
1349.040380016602,514.4977907786373,25.208778298408618,62.251566874062746
1370.956724208329,515.4330225297475,26.15575461841285,62.089847640906015
1392.3006179282893,514.4706301343239,25.588948387387006,65.0722023308322
1406.994771138496,521.2613860726761,26.118696667241863,68.31542963942273
1425.1232125447973,513.5971713060237,28.09171808391112,67.87220622596604
1439.3198262275173,521.402323150233,27.52944489119931,62.76093474104672
1447.0064308656242,525.5369654214647,29.28554451285204,62.28083019792227
1459.8768067471817,523.0703358220723,29.490476489895315,62.37140377999201
1467.1400465025272,519.7368171498473,29.84737069650241,63.0688050369117
1473.7994985355774,522.8718828984587,28.60719480118273,61.57968468769945
1478.8331601116602,523.7150956628286,28.567359159445115,61.205118995435654
1482.2436531807953,521.3412049355223,28.71291130456879,62.8323751997862
1484.0918453136685,524.3772656699848,29.58853527631876,62.437098851083206
1484.04807054592,522.2536827685649,29.99723245371385,62.599699531136835
1483.2868219763102,524.973402299162,31.149514273876335,62.42179226729198
1483.347922935781,527.3924605125932,31.618943687224707,62.13661731910048
1482.850749151586,525.3279049998832,31.67908364805166,61.85868875311715
1483.3902427967212,526.0686237591993,31.45347570291719,61.61956176048795
1482.3374452606706,527.5936613988545,31.730921354786727,61.874472985001454
1480.6562110403474,524.6232430534939,32.295785858308626,62.034977346563636
1499.7488959734633,532.7612515047199,38.23735178332892,62.86643598372935
1485.5909018248208,532.1009353633658,43.66821762764265,63.72273629280212
1474.315379468632,530.9694955320477,41.26869898313602,64.02971419600883
1477.993393851874,523.8003632292309,35.75322316884625,67.60558093898828
1478.1991417841373,522.9962516340981,32.851790236707544,67.42947644299888
1478.8716373503257,518.8566433835321,29.612344975762543,70.98813720187577
1478.3116334946953,521.13383166211,29.120925170613532,71.32609540062083
1478.3223652252782,522.395596424971,28.353871952560723,71.80925921031924
1477.8404404203338,522.2298285812988,27.170148517718943,71.29126160558316
1477.4140540178362,517.927401332786,26.054429220017497,70.89957125197495
1476.9399125882728,520.860233482381,25.6094685930706,74.953460668049
1474.8527394313066,520.1732789591168,26.552748512615295,76.03626258268325
1473.3541385363853,518.6660127733751,26.206046057331697,78.46784364742555
1473.9189095288923,517.2342735551528,25.25765096070276,80.97261420611767
1471.4272693205141,520.3763973736526,26.128495898932577,75.44731400977909
1472.5209129785198,519.3457488565407,25.261392240845563,79.39436122389255
1467.4523353464547,521.6158026385215,26.585014695486485,82.71674874485329
1467.2487857493152,520.1511026971409,26.59555013752542,86.11505724205406
1466.3794309010682,518.9960990210407,28.34337116649222,87.4118738109436
1463.4715270809518,520.3001395993408,29.738799963432562,84.6800761054839
1463.3084143335268,523.397362972696,31.175908433449322,82.30211495986373
1463.3173752677048,518.8211051972174,30.592831052695153,80.54727924817642
1461.4950356496588,519.2427542229696,30.707311295365322,80.15250011723481
1460.713200784445,521.2007856077981,31.895178821131566,77.1561499467823
1459.452232143776,518.9049829646243,30.946154668039853,77.79503727184118
1461.9771375387688,520.4608776347359,29.002343769562845,77.8022054704394
1461.7426080290795,520.7236853275052,28.81825570547916,75.70422212936711
1457.0152755882443,524.0321777402775,31.00408502759018,72.40839643174097
1459.025223496734,522.723134107807,28.83563598095853,72.51641971466745
1458.7061573472465,523.2940848620219,27.37064880711815,72.53186587510146
1457.23449389282,524.0154068539869,28.489368662725717,73.02373876311492
1457.6139399321444,523.8776061191237,27.47408589021353,74.10317273067739
1456.8063591902521,524.439907960814,27.75885792301751,74.10090696940318
1453.9016689707573,528.0356836730866,30.166404648907218,73.45054842728062
1455.1366783602564,526.368853063383,29.795327737773317,72.91289013832926
1454.7661975453536,527.1617206973931,29.646996849000832,73.2550521355853
1453.681032195945,529.1394571200279,30.14461850015929,75.39364008912347
1452.7580600816054,530.6109928347148,31.277212366518206,76.05269940929523
1452.4498241932793,534.6016755663387,33.62517588254745,75.17760570558653
1452.3923265890357,536.0193861109224,34.68624929890832,74.47969473703883
1453.6908221146223,534.9607531437687,34.636949355842304,76.38690457054773
1453.7246636400557,533.8616060924617,34.59971472658852,77.39352352110821
1455.2189302185807,531.9285465865368,34.70016424244074,76.40404478987855
1456.859909483148,532.1550749461444,33.93805538623668,76.36421101792159
1458.898522167447,532.5777909762693,32.863074127088055,78.86700042485352
1459.429857528134,533.346291287544,34.42283971763791,78.54778072922532
1459.9321856590363,536.7671384081784,36.26510199380928,77.36571215293907
1462.2215263508617,535.7020389549458,35.91754726740576,78.42289518805939
1464.0295102419805,536.3459466729456,35.971531096191626,79.57534292655137
1466.6857840552875,535.1390576296781,35.708185003020326,81.11142608692563
1465.7440166944095,540.0299586816401,37.3817223546692,78.41345036488904
1468.5395223253045,537.2259043967383,35.8032218930405,79.88248539784524
1471.1328749300446,542.412426347663,36.34180462941707,80.03118665836027
1473.8548632133952,542.7676092854134,35.069224078859015,78.83373715629176
1477.1281272293736,541.4179984199725,34.73005495361204,78.5225125031133
1479.8328936492508,544.6257285805584,34.34814038256292,77.74343851695684
1479.6631577747578,548.0410556822952,35.59437049573419,77.7626238526834
1482.4580210789936,548.2498177713578,33.76885944175982,81.47504393693781
1484.2808820251212,547.3297132040274,33.29421633191626,85.78153893200229
1488.9990947981094,540.4932738379412,32.39809157957814,87.17589126192172
1491.8253567421705,540.0599752855285,31.653550376268683,90.2534839183511
1493.985502762663,537.1674690273217,32.823374431758644,89.7567763180505
1495.7365637560338,539.0723925483579,33.86119567002231,89.18811484891562
1498.7783744824826,539.1145387528919,32.82030475542835,89.83995919635709
1500.8522944891834,539.9061710127214,32.046018033423515,89.4813290515289
1504.0534731053383,542.9422046439247,31.871740747787097,88.22046419316179
1508.6132174861225,544.1278187055734,30.421056392842694,88.14609910293677
1510.3257959077773,541.4008726522927,28.844348395858734,91.51940161667022
1510.932787924409,544.2684861406318,29.187889756408385,89.70307650929554
1513.33511231727,546.6041566925323,31.536432921709967,86.11486233995507
1516.1670018304417,548.5627008611889,30.90694337720449,87.41481886786777
1521.976735072,547.1579961804892,29.761431817091704,88.4385965127612
1520.7788137783805,554.6646881491876,31.25386495094369,85.67126605391887
1524.6032667358827,549.8799241280228,29.87875924743495,86.5874518221184
1528.8419058813486,552.7740492516332,29.04970135856859,86.89209938867896
1529.0198589086433,557.2310734455506,30.07067416222118,85.31096154316424
1528.9442146227689,565.476576092228,32.457075942100985,82.98137683094716
1530.0274164493442,566.8600872661941,33.471941020748034,84.00998379743353
1530.954337137471,568.3887321090288,34.418582711392276,84.61871687354426
1534.7554351579681,562.9253902940173,33.17315722110938,87.88440063512591
1535.3662820634252,562.2358546565565,33.54980519227818,90.65360260856548
1534.951327774047,566.4281693987155,36.041618047516685,91.55182784282809
1537.757794605112,567.6677225226863,34.22181383067539,91.1902701649056
1539.0801401229064,570.850122339366,34.72479973853348,87.26626872270313
1542.6145754842205,571.3230963501925,34.84899942340786,88.73975359770473
1543.0784515106564,572.0147323456782,35.504130661807665,90.2774178545425
1541.4279571251145,571.3531072689859,36.303155942955996,92.33003223723857
1544.2353459180545,571.6813942728363,36.30584752313567,95.60393651676185
1545.6565097338614,571.3197386804047,35.83356229670836,97.73152509352687
1543.7217685874045,578.8275012261289,37.88088367221967,97.78560568005031
1547.4271732983827,581.1922783723405,37.16484961989397,100.80077286200205
1548.1759662294921,577.8637394137305,37.459934578045164,101.30012080801606
1552.1641330164257,575.1877358632087,34.72417778779576,104.18338057421151
1554.505969197722,578.878371771907,34.51529152756468,105.16502556177696
1554.0251702597432,580.4146733003522,33.90799178567462,103.79776941458758
1557.5081666491049,586.7223486182004,32.687047187357535,104.0806690779834
1560.9558670673518,584.500487362713,30.176448060645974,109.11997554926327
1560.1292113228537,584.4177378219903,30.565238203423707,110.49408661794438
1561.8705613680802,586.9439947821131,31.249699352401436,107.38767757964396
1564.1310028156504,587.5694436080005,30.1439364444536,103.63332881586386
1564.2483943576965,591.6287530566769,28.459997808225964,100.9154750263174
1564.6734440030748,595.4930021513304,29.582644660704133,101.31827820258624
1562.3786146989069,599.5064329478532,32.99259650916402,99.2895058240928
1562.3812426635182,603.3463866897741,33.29552117489133,100.43798405192314
1559.746711558866,602.6858231572792,34.562822772376634,102.18724681119899
1562.865195967618,602.1445253804918,35.88184517152096,101.49727610956201
1563.6463848482113,597.284190075017,36.2946954000735,103.16569613062268
1562.627827554995,600.0840354350015,37.01227939129984,103.4784872930055
1560.9273350056706,601.1821694944111,37.63623363906431,105.14609039946384
1560.003550109658,607.1572389914727,38.51153708988775,104.0086357947836
1560.3179157798927,598.8789820130406,37.94593397361837,106.14028386074695
1559.6870209705976,599.6856485065076,37.71605956514434,103.24516143843549
1560.632776310505,595.9815473715144,38.2910601227002,104.57674870510795
1557.924054178693,592.5743158439684,38.18894395781373,107.00159446399391
1559.0729156716793,588.547110558573,38.4476862543318,107.57065014772631
1557.0948201837668,590.4611693868213,39.47169297645109,106.5024629229761
1556.2942023948035,590.7909508443498,38.69387069530093,107.22578894706258
1555.1902524976006,590.1536906402941,38.18693306718805,107.66321242221446
1554.832291582912,591.6915202522413,38.88226234440009,106.8091927231649
1552.952903945081,590.1940025631187,39.74368354456054,104.18307346576103
1550.1474171519296,592.9476081618682,39.669046115473044,99.42800634141967
1551.6305520898336,595.4405303361528,35.06459015592155,97.96702371975431
1550.7889061561305,595.2552244426901,35.345468953649714,97.09090461255397
1550.4309133755028,594.6524771022468,33.94542413995728,95.295438492513
1547.993278975497,593.4802937542968,32.65950092256944,96.28923925424945
1545.7048578746471,592.1759133365861,33.39528187398348,94.70143005939146
1545.112355510311,594.5636198590421,33.840428176734285,93.32863859010368
1543.8987961683406,593.1500172672203,33.84724389205146,92.88509487882803
1542.9831551449522,592.6951573062158,34.4219155697763,92.63648025104095
1542.4701175445232,593.293253661177,34.363664352325785,93.62588615605128
1541.2701686423586,589.3394740010176,33.88379980229088,93.88641502533171
1539.8549554686406,590.7710516145991,34.27658913733162,92.57610965253501
1537.6657145599704,592.7574792961335,34.1231384230261,92.42109170110689
1537.5667755827494,588.6404302262374,33.7065247178739,94.09090403857044
1539.0721635772506,585.4177120698693,34.164245887433175,94.29911751003877
1536.1602311633553,586.1822680163802,35.15367840135779,94.11612391253125
1535.4529324422729,587.4914437994239,36.32691888203125,94.67089425764888
1534.1560121059622,588.2074822605723,35.314034954669374,96.33220807090092
1535.0828011752756,584.7638308501358,34.5025668992181,98.12491631645864
1534.927924839828,586.9958868968204,33.96526028067946,98.56177261860914
1536.867513541985,580.4726926455679,34.09240180624422,102.5081224066091
1535.769654120607,583.1846515222244,34.75536466504968,102.95873322500273
1533.4560345553186,588.357862795062,35.88762283271896,99.61345104567603
1533.006750576358,585.496611460061,35.97603300652959,100.5185720455251
1534.5164184874632,582.8294842791423,35.55817390663367,102.3694751750649
1532.9371205908424,584.3364531693495,35.59420266777015,102.50419001898169
1534.8986606386018,584.5610058598048,35.09765827392192,104.2697267018163
1533.7085866548694,584.8229664377363,35.495297503351125,102.36552898567801
1533.4577443509615,585.9721562894094,35.30273068903417,102.84665071475104
1534.2059983346646,584.5694777484485,34.448834211130745,100.89246514229005
1533.8708425150085,585.7589777881374,33.83558086234292,101.04673411227635
1534.0246924288977,583.5042994250165,33.44032371672438,102.76660062111173
1532.5219054055788,586.8982600503564,33.202838658933814,103.32365551026463
1531.6069012078221,585.7957660018816,33.542672079637825,106.18870244999754
1533.3337204697386,583.7853690157506,32.88137574224834,105.57674716198811
1530.7024733258686,585.405052375579,33.50544440506434,106.90398386912649
1530.4008235769525,583.9552774970285,32.75535250211351,105.31349720343744
1530.0565959006058,581.9683557497603,32.21636432710713,104.358665137567
1529.18404300509,586.0599280150025,30.862735292843006,102.14215360013188
1529.3279213656976,583.5029692698946,29.999625068257256,104.04973368134864
1529.1416898968346,585.2682555056073,28.048235121108434,103.86243337171845
1525.808243746405,588.6224560326921,29.79668813810621,103.86057083486662
1526.5046850222143,583.0211596824411,31.044008910353277,104.37715153370289
1525.2750005699145,584.6686946984962,31.77270428083976,104.72119667802653
1523.138422960183,587.2809037400926,31.395710549146767,104.50353026136216
1522.6837058371289,585.5415635129755,31.729055297919103,104.84288611362933
1521.0517234660997,586.2793640473063,32.91285916466505,103.08317814437169
1518.0471867918875,584.1520930843196,33.15317252330308,102.79405098024588
1518.1462002068113,583.5782742399874,33.30508921382111,100.93605570359239
1516.7719688075265,592.2066853151905,33.00779835322494,100.9467709608771
1517.328204320706,591.574664829513,32.95943787609725,95.36619778371039
1514.2204314571657,598.2465470242539,31.241400121465503,94.5544641146561
1511.7529960547567,595.1519722229301,31.392369412238647,94.5148101119325
1514.076208237932,589.4395859880274,30.674642977116868,93.46732598053347
1512.507924746086,591.9015312249912,30.33181292030784,91.76559580755543
1510.5036701828226,588.9901937962119,28.0256462596707,87.48894656072585
1510.9731430765316,584.0174272645687,27.320142250312927,86.9132061388313
1510.6166876510551,592.4715408184848,28.13686743424156,81.25674277971824
1511.1101333341032,592.9387038067342,28.362999239775753,75.52945928319195
1515.2433743784943,596.9137636043023,27.652786539990807,74.48378187408757
1515.6459810812469,598.2041522076772,26.923098377097762,68.70456824303545
1519.5583340572653,599.1334907023214,25.474041042152386,67.72451028584348
1521.9011190424922,592.5056664060444,23.465231494304867,70.63173357145742
1524.5229754625489,600.2626953551508,22.950155822496903,67.59883810881908
1525.8252042637225,595.0244580770875,22.01446389980395,66.15714045724917
1525.2188113717896,597.9921498368279,21.367005829918305,65.8686997274592
1523.0429513187223,602.7682647706819,20.223736372863524,65.20107195648949
1519.7180879194505,604.8274305528644,20.87847899878604,63.48622374140736
1517.27126764133,606.8804096930432,20.95620836089292,60.13358355765784
1518.6561289050192,605.0412133290528,22.0631759965348,59.174322300180876
1515.081493684284,606.5222197961378,20.736649185448826,63.19854935333998
1518.523928525032,595.5130863350056,23.189043390473483,60.833849994988036
1513.2991072278533,594.3764030334847,24.571776886515263,60.452290754170036
1509.996061483692,603.3025976000082,24.73836854010369,59.427436513375056
1506.3409688986637,606.7050877327888,23.82906074813313,58.51803489137822
1503.93294801843,607.7948424295759,22.75840586815373,59.077220423184684
1499.8125015687838,613.8917939285011,21.780685033299534,59.700775093898876
1498.1850891375427,613.1418388898092,20.65361412733943,60.68417474677811
1495.5502495853239,608.1237044053505,21.008128786044864,61.174769378856965
1493.1259905668007,613.6600694872205,21.04722742108668,63.55661507330466
1493.1209097343299,614.2715715690127,23.649069987958708,64.35695102874745
1492.3461079798847,614.2625475485377,25.25495144007605,67.55574314114192
1495.639030235856,612.8316578858356,25.90224518032052,71.89075260126768
1498.542654728387,608.7944454343536,26.962560272418052,73.48211330526107
1502.42251026907,609.5105316159184,30.199950978846648,73.33424743224387
1509.0862429385209,609.8574551838366,30.40692199437913,78.14633027535245
1515.4905839923592,609.0420170734332,31.20054110264347,82.22306372671164
1519.0440007558504,610.2557354882333,32.39387488045713,84.96433749408224
1524.4023765209674,618.2024013989476,30.704436270790772,92.15109725903832
1528.746776656867,618.7522805931935,30.686500970942383,98.3847620082787
1533.35309052786,616.1975312099594,30.82699158398257,99.61947364347168
1533.142956622162,621.4516027307913,31.71320951466351,99.0766506891659
1533.7229773386985,619.7995275207468,33.28031177471451,96.06133780646516
1534.3938335308796,619.5408400281659,31.60264764707058,97.96532201053732
1533.5898784395742,616.154227295184,33.27774048319076,97.31528937515108
1532.1238220522775,621.563893710636,33.0156747999314,94.76519598064692
1532.5161470657495,617.5284945614258,32.45706408510833,96.63929698576369
1530.0113198182903,619.5662078769006,30.391556467571082,95.06808883764373
1527.3860293134094,620.8790267643801,30.93006755332865,90.31820143376655
1523.216362020276,621.9718608296165,32.2425472964304,86.38185720719588
1521.3831363367203,621.1611847449548,33.261848724563606,87.46166786825844
1514.17937755572,621.2599832467373,35.69991063888121,87.63437374604197
1511.2973547753877,619.8352087739919,35.89213099957521,87.53856682858569
1512.0090405501358,616.1340419247996,37.21486743392439,86.897454875077
1510.4649620342757,617.7692217943882,36.93226844579055,85.06219394566826
1513.675219804038,616.1165943754686,36.45821023174081,80.17556091382058
1512.8030017062565,619.886838943062,36.942896868050134,77.45414646260703
1516.7507815133151,614.8183749340503,37.782774874513635,78.13483633556038
1529.7170566529167,610.7566957468372,31.779216210880037,77.21036901070916
1531.8627233163606,617.1036388723776,30.480227935681732,77.78538173288493
1540.8166022758771,614.8634821766566,28.293766039354324,79.45153949462053
1546.404676511062,617.1412111810989,27.682648414638606,82.61193988417077
1549.5042170315346,620.4056052919249,27.782923750788047,82.9207442669871
1553.546456004229,620.5166325433588,28.66900127303751,86.9067855226103
1556.4851049210833,622.225666473728,30.774339790516485,90.75800679461905
1558.3917142848268,621.1682578481441,30.58873827316117,94.64509283485839
1557.2238304673924,628.641407917993,31.7149137072674,94.7571367329624
1555.752921309622,631.4755365021281,33.83492350924858,93.53844258488093
1556.1615571218358,629.6755670416637,32.94331520741763,97.84331849829104
1556.038239868465,629.6316596229512,32.9480866376651,100.71690672932345
1549.9439664516717,635.4786269220778,35.86956596570737,100.01257516956076
1549.9526559094813,633.7694205085421,36.182165471592874,102.0150234390006
1546.5330355968435,634.2937285833027,36.93762048757054,104.47246168346274
1543.2288623661498,633.7158379834627,37.63220631482085,102.3285098145465
1541.2160562865438,633.9720582011411,37.23256945813617,104.14535737614975
1540.480583796362,635.3684625470852,35.33750954832942,103.35985541642188
1538.4785593611427,631.1261482337214,36.42561263510984,105.265734992369
1536.6861658211471,628.694720164094,37.3304594309229,106.52124361298347
1536.305668335578,628.3329684035566,37.58045569725063,107.75500453923206
1537.9916786367578,625.1807781617913,37.635753766105665,107.84032124120084
1538.0232003844988,627.7800700852907,36.869050233654995,106.6455629290185
1540.610889051367,625.8344366835646,38.76249613590241,106.95725761980825
1547.283368003148,628.886669410133,37.582886100654164,111.49624996562954
1547.3670604195406,629.708663575539,37.703998848718,109.72335892189716
1554.8673352158673,630.4865373750799,36.600962679723324,109.27969237510237
1558.7899426409776,636.9797729691142,37.22332046567859,105.44736294222278
1561.5198727684788,633.9023787734232,36.63446008299574,105.01869521740579
1562.1973713198151,636.9005121320159,38.130222509008256,105.97628825827834
1564.751586196398,636.6375976727938,39.437094574831164,106.6668840325159
1563.7144320187763,636.2183294602405,40.15908769947676,105.49855835161009
1562.4150486136964,634.9928775757353,40.103974406852956,105.78198539893984
1560.0022267054685,641.7924988469116,43.156375017385606,101.85467694234453
1558.7008733604468,638.7421868321089,43.612438584140904,104.04375600293841
1560.610491380465,634.1070893015678,41.91535624571925,107.10480969372466
1559.5107765043895,631.9673290432545,41.92094823251071,107.93090391827903
1556.1427947972163,634.9876263788814,43.114757388690236,105.91118949821166
1554.3736796236205,632.9090662788955,43.40547514787128,105.16378246385761
1554.0325497472782,628.6383212838917,41.5454843832169,108.65794586827184
1550.0541294425561,633.3833361867808,42.25804887407621,107.7436887543368
1548.3078811614578,629.721635831859,42.61885080051133,110.02096501193958
1547.7718346217407,630.5549546747034,43.22670206436548,107.39534562100943
1547.6627437564666,628.2904580249037,42.02812649571659,108.94943674707145
1545.197210739977,626.8854176777894,41.51360858055969,107.98631308234425
1542.2447242214503,623.8313339773176,42.901652664176396,109.27794711265872
1542.8299124321209,624.7448478972035,42.14513769236107,108.8242709731318
1544.1195178104913,616.2217193020986,41.268090491035736,112.32668976042638
1539.9928493357434,623.9715316420528,41.709320129446965,113.28124934660173
1538.1183002702676,622.0624484881517,41.80345756241914,114.38123169423214
1539.4411236238002,619.2311447471914,41.190788270546975,116.2900344572573
1538.5649580063102,622.928642751095,41.21317947610433,117.33791291446417
1538.3105642732,617.2373797492223,41.152235413230855,119.70477900408795
1538.4932100169951,621.6503952775472,41.78415098075487,121.25196531499391
1539.9668340531505,617.2414350167567,39.111994830934705,122.74191567137875
1539.88407806007,615.8403370491643,38.61955706585277,123.46101863013388
1539.1794649902254,617.7099441741972,38.89915927342214,120.96686848922658
1535.340702874777,627.5906751098973,39.79805840649831,118.7165694612994
1537.1160184176974,620.2384460546264,39.62070740901967,119.74551628072356
1535.7550048669598,624.2015467910566,39.27034955536273,121.37801463232209
1537.4969546067252,618.8352092435125,38.56958928776243,120.63376880342955
1534.8657824062927,620.454469400027,39.56988118219659,120.05400340820817
1535.9259137002664,618.630628159274,38.940270323178424,122.79623808893548
1536.9680899058403,616.9147197199461,37.869057070225445,121.41012309665486
1535.5060413275974,615.8985435366593,37.82721013223571,122.35708864080988
1535.9209577152349,611.3617280605303,37.655000118341675,122.57059643878338
1534.0285340083951,616.4732084157058,37.00993708785892,122.53773055292052
1533.9043972802585,613.8061073471008,37.133509964195895,121.375325249696
1533.5469784201618,611.8898270467706,37.493120959936185,121.68726545251957
1533.2128080009024,613.601922848367,38.3237975816074,121.34178182863789
1531.8764271824612,614.056191343413,38.98277484584941,122.18104661526593
1531.5719318159474,615.2698983541551,39.19178679127789,123.51658667071477
1529.7188205377024,612.8652908081465,40.29155281301781,120.20309849042728
1530.156320934423,610.3937245696344,39.42420450257845,120.01114874047411
1529.596073592253,614.8088720298487,38.95646734051108,119.90985391614572
1529.4768598390517,611.2873493464048,39.859052308146545,120.41243504429148
1530.301463540483,614.9012762513319,37.8009473968097,117.01873661389385
1529.7656428629832,612.0855277839182,36.83515659398158,118.06761213679
1530.7762631327796,610.7294706026871,36.40222958534697,119.4941975405973
1530.8740932439582,607.3291410471537,34.797414425916074,120.44393236438597
1529.187383834819,607.8675903317074,35.51906141026417,119.34211352877125
1529.346153112424,607.907914005209,35.026316663802305,120.2504528230935
1527.0865042884166,609.012642883802,35.639305828825286,116.08118244454118
1523.988063501003,612.5423754495238,37.98635742910032,110.34084841905957
1525.564782441607,611.4464933936525,37.32459138985994,110.22806165772592
1522.213579007357,612.8838805897915,36.528245670294076,111.09813188288672
1523.2188821272996,614.2375275800653,37.25361527856401,115.34921449736937
1519.8692665602207,616.1149323250395,38.95717897550838,115.05117525649663
1519.6557815526055,616.4406750487212,38.68252103454519,116.41494164887283
1519.002058223779,611.7422347207082,39.82934349717675,115.67697905587309
1518.2047626893013,608.773267583928,39.57281708975661,115.86192483856738
1517.6271410811023,611.5039743369132,41.071846463398145,115.06108281361446
1515.8706105884282,615.1882647933488,42.35624637512462,111.91102827466761
1513.9407065169582,614.4151275256604,42.1235277318298,112.74127609088407
1515.329414697527,610.8311780169207,41.726295205560824,112.99668917058034
1515.0220536249335,607.1810131830883,40.49701844072209,113.3517975592942
1515.25256094384,610.2810546088507,40.495889017229224,111.17613012480962
1513.491167842735,610.9094594227399,42.54042683380946,109.94736478220901
1510.8891838122963,618.2476723798047,44.435116930155445,104.22414793450386
1513.4545753850152,614.0011227174216,42.51211136193594,106.83596594421851
1514.5464498335416,612.3345686799282,41.73805394830079,108.93203957034714
1515.2587823026718,612.0015939972502,42.67569769504052,110.42676747409669
1515.7907506585186,609.6870497493456,40.62911652644174,112.12025147298813
1515.2029305617834,610.9095852095202,40.58826867560772,109.38762389005159
1514.9961878542745,609.9389343512013,40.59104876095478,108.5843075083813
1515.3296859407872,608.7813034578224,41.727151544412585,108.31698734791527
1514.3050252447883,610.1127256233506,42.97005160833706,107.67113703768814
1514.0029160612066,610.6835940527372,43.98708747466606,109.26754173958483
1514.4700637636201,610.8174271356211,42.08086659730449,110.93918103978861
1513.6309357198577,612.0593478374124,41.09975342748644,109.42906234703926
1517.2857125659182,609.21041406317,39.34683475622468,110.17049209264894
1519.657512051734,610.3456823243903,39.953766308007005,110.11081701510147
1517.798492888579,607.9092254385423,41.28164637631048,109.97084126368188
1519.5256177418526,606.8509846426671,40.048394301433675,112.26119671417977
1520.307920597582,606.0173510378622,38.913846797757984,111.43766058910427
1522.357185698898,599.2825376562924,37.5246882098904,113.95844292535199
1523.8769366367087,597.8387943944872,37.78715243308426,116.89550627178104
1525.5881348714781,597.9889162939902,37.64035605147227,117.85907330228902
1525.3732379275966,600.2469432048343,37.21648188316985,119.00970292769608
1525.0192519693453,601.6234725811213,36.972179708713576,117.94495494216976
1527.026911238133,601.681195499321,36.62938659644006,118.477115289934
1528.198373369451,601.3286961643861,35.2759937548734,119.52756479614496
1528.8257604794824,601.214032282133,35.12051665100677,116.34657290723878
1528.2396053261264,605.5690388876524,35.04780444629921,114.01530772392297
1528.7732736131843,601.6955405726727,33.76504097145113,117.29473086210282
1528.3444408664648,604.9176655690304,34.490605810061965,113.29854270290886
1529.1922932808336,607.112420758804,35.22886078336602,112.70514511136687
1529.1894844116598,601.3966380052776,36.824348580273096,114.53210015271503
1528.3566676489015,604.8386643268715,37.11042545636103,113.10169794361653
1529.0577690474092,610.4004734741687,35.29298285273776,113.25527650105684
1528.7377402458897,607.6818597472451,35.43277112658707,113.24817330811806
1527.4873900702637,608.1076973038859,35.9947923395051,114.37110007832499
1529.2989848119896,603.395535240109,36.731735140594985,115.13598798346263
1530.8469976458337,602.2955462216147,34.26798745945968,118.3843241798671
1531.2916791417651,602.5627513226545,34.059973566233,119.85864967585509
1531.7146019039878,601.8010491619887,34.27399368800625,121.62061792441241
1531.8211766574552,599.3301484920707,35.95742807906646,120.93844661847976
1531.8754478438018,600.0981832239987,35.292734666647895,121.47231274209473
1533.1757438655695,602.0637726575517,38.61004691938456,117.85578657877164
1532.6821720873697,601.6584515708468,40.412574696463054,118.1495564353113
1531.1644155042186,600.7803834848107,41.066745942147676,115.54525278953659
1531.6682577809347,602.7921574036566,40.37190559768818,115.38303536455194
1531.8819265039574,599.329225295031,41.772981821881444,116.38564899630374
1530.4511041224678,602.4720460829425,42.67860317616916,117.53725428862987
1532.1017980809913,600.9660062733302,41.91002891966857,119.46089709495672
1529.7997707405364,603.2440390284467,44.83105888626123,116.01630435797824
1530.4720388868727,602.123734561804,45.997324677402,116.3132181998128
