651.5,377.5,46,117
649.7907507974388,387.8738399430107,57.95848468580276,97.43542620046134
654.4429829885391,395.2475343064345,60.54925480879088,88.28812665128613
659.6776331734706,401.57592834411,66.61801912313464,80.38886439888556
668.5635100722287,401.6538105745498,63.46168609333045,81.27021962243967
663.7563141873322,411.2890803791298,79.52403900345516,69.49112798139294
670.4801376791638,408.8347879435311,79.49885037261942,72.13798711789607
681.2222204567915,409.1809201693445,75.86516823333811,72.29618324342783
702.1944668910003,411.58407299339285,68.8132896913996,76.71829615201189
718.7448482675105,410.32889370062253,59.954117489768166,84.33289585687936
741.3605047924988,403.9107264917375,49.134889555600054,92.42161707299114
757.0190988498993,405.32187330548305,43.68756390296299,94.09425433030341
769.0918473552022,409.55740228590776,42.361020969236534,91.50175986831785
781.6191164369451,412.57299161330377,41.853078584820025,89.25104284552822
782.5706228143888,421.5923186194158,47.478837913714884,83.95515149451431
806.0843065113509,424.91351779577815,46.95183199020006,81.92372153888235
818.7677116318791,427.2408881936142,47.53291270111619,81.15607704102337
796.7728999312309,435.8811119944464,56.79991889092835,74.88108938993437
803.9358876442932,442.7262747138855,65.70728955129894,68.47209280731045
799.9418077669202,451.64514732958816,76.02156801364646,57.8990605820662
816.0837081878542,458.5611915629154,80.63064983897209,54.89241188834582
825.265815862456,457.04072444278813,78.3164861538772,55.795343512398375
842.1379856501674,461.9804339007485,79.5267449890681,54.71474240290142
851.9869858903603,464.8913602777743,83.06717371707803,53.9822894862165
869.1890314550506,469.8175917989085,85.59720083531192,53.541775290946035
876.1545602581562,473.43699301346214,88.06743710045296,51.39184196671346
895.4825256878155,471.74980943141804,87.01450056445435,53.00194628695867
917.102050505851,474.15178032319875,83.37964970596407,55.64760436617408
928.7943605615717,475.17630658253194,82.02769935215274,58.42483203500221
947.1577384540481,477.5882598848185,82.31057138566905,58.90176832065343
958.5892984329411,478.39129632202196,80.93276788139751,58.830302936949984
973.3298113179792,483.46331039467003,83.09702719605033,56.36587405876682
993.7749086848877,488.4660513457765,83.28306558482593,55.16228783014079
1010.5696678569007,487.8261697193073,78.03942529798549,60.682968347286184
1030.1924006353431,491.53257077093474,79.17334267574242,59.5441917662815
1044.5289076266977,492.7321947122464,77.80787298285,60.97938445508156
1059.2132451027564,499.3202857186425,78.5551284984009,59.34875422679437
1079.807619234982,503.39876447546703,79.63466454736292,57.78551977897059
1095.7397907853126,498.09754184491345,75.22334583153295,61.44203482627597
1110.8898984943776,507.12640169899936,80.10557069642573,58.37576093318087
1124.5548755581706,508.0761055986717,82.39389658745056,56.86399866705371
1144.8580313621612,510.23281001775376,80.00889587301849,58.58753474117698
1168.0076097291656,515.5693343616491,76.91737837342193,61.08852617811563
1179.588620754089,518.2866525658048,80.67499092144055,60.897466637400115
1197.9818532027634,517.9903122581416,81.21287884492344,62.968903968797136
1216.7514448587372,524.6181594464493,82.31417175193147,63.47555565062459
1232.9931320807145,525.6429499241298,82.05442031224392,63.41045380083804
1255.8728060399017,527.0433629195741,79.26761828981593,65.96346470278921
1271.0551598351637,532.3288901309008,79.92322424297427,65.99346267271059
1285.5364394173816,537.7499852683017,80.99898181444283,65.4162263817473
1297.1469314462638,537.7839943535705,83.16567970902061,64.38649167632806
1312.1572861775458,540.2810098699383,80.43421844092455,66.14421746875618
1326.759565443476,545.714648784467,82.03627036838242,67.49698832043998
1332.5092415383328,551.646613467111,89.79161568591638,64.86598170841552
1333.2798485964859,552.373860231192,91.73861308279822,63.598868802916485
1341.8925511114894,554.7252739904013,89.08372058164944,66.0757549348728
1347.161086562139,555.2255776075773,85.70771205660012,69.2377028283749
1347.3653667023937,561.341249770933,86.22712119308964,68.27530083983885
1344.9286417133071,565.5936332157529,88.88607716125438,66.94192661596892
1344.8050910511952,564.4403052916999,85.95826765038495,69.3585464346456
1335.53587677027,565.181142015651,85.01486502765391,70.65937013930909
1326.1384050806214,567.8218143215295,84.24538252714552,69.46962175012776
1312.856033140425,565.4499256970598,86.16518550094273,69.13354547637415
1297.0982101500804,569.3892085499322,85.6715730690567,67.66732988067838
1277.9230330867313,571.3068711922466,85.7825348444446,66.68803277362389
1259.6433842911702,572.5633920152346,86.69538175340534,66.27934126226029
1233.981215698868,571.6899745573194,84.5220241996823,68.0406499431441
1216.1548337317,573.4190458973237,86.50643106782223,66.5490721728773
1185.9008104414206,573.8351314149197,89.12938988643958,62.16812771191837
1159.3912456384094,572.114270322426,86.3630684139504,61.11935704194778
1136.2330846189254,578.779786985427,85.74858838792,64.77733016128094
1110.3744112004254,575.4427473313136,77.66346009505033,72.13965006928416
1089.5648168809964,566.6819016780947,67.2665706251585,79.11426001642332
1058.1453432337937,577.2489443810432,70.80039693479537,74.99076687423837
1032.3840812867172,576.6111916008056,67.09066075772444,78.76613678738744
1012.2722946736022,576.0591811811584,61.5483136783666,85.39491030584773
979.668298446049,578.6540258118002,64.19043412424043,83.1704690297938
960.5711172639084,579.4057554924843,64.04020802092373,84.32910102599182
934.5283811965619,583.3715138539742,62.094404097631,90.68096202910502
918.6092883785002,597.693333500509,66.75316287839418,84.37763514010692
889.8352528461053,592.8307233216049,64.97792954166788,87.39443287445886
866.9398230450514,599.8272446804878,66.5444033854657,87.57436879922255
823.7244583776793,590.600100313285,75.80941297554676,80.26915501293009
820.6555305944912,597.0580074736843,77.9157665156302,79.54851877106195
783.7257359631875,602.7918876364745,83.84501749573619,75.91301468028088
764.9934240010336,592.2827841900304,86.60073768382547,74.0179999075177
747.1699800218138,601.3257741728711,91.1750409957192,70.72897021249769
742.5859328993461,595.3439169502956,89.60877353856151,73.08012912392712
740.304872799133,598.2528686938366,88.84146533987064,72.78495106072364
740.5244592601402,596.14532816325,88.54240269921137,73.06125844798649
732.0269433634534,597.9086088255831,88.2438270454195,72.07748652263464
736.4607815183253,597.4031314846883,85.22237205353927,75.10595028814639
733.80678166266,596.5043791588616,85.97199278274283,72.93527846157588
734.0703330848096,601.6749223032936,86.58173325384405,71.88765187591886
736.07832487047,600.8113049085742,85.52110121372235,73.26499340992692
731.104109179995,601.3689454241138,90.09848910475188,70.0211387713102
734.7618689508672,602.7719412527691,87.16338916520132,72.86261179101787
731.9059077499803,597.9452780343253,86.99458071933029,72.82938627201374
733.1590890244419,605.1879919384423,90.4917915436335,69.36241310710929
734.4321403937538,606.8731160452787,90.5853415594643,69.60371384070906
734.9615947695256,608.4771424990937,90.01015085494593,71.54789094089008
739.5607814307721,610.3811070137455,89.19929862050245,72.2165660657287
743.8261789395685,614.7803691742469,90.5694502039149,71.00617004389481
743.7785212984612,613.1081307286707,91.71773188302086,69.50707175232007
736.2256218622315,615.5461103414001,91.7188739175528,69.28823009923192
739.021341569512,619.9941258441095,92.99373384463493,67.80241813593848
741.3158094445719,623.896905466807,93.27266724818296,68.68620818540808
736.5588535501025,629.9249520080256,96.53265400472281,67.09093599304684
737.8585274340783,627.1267566592729,93.6977768753107,68.1221330019673
741.5564454449988,632.156379128471,92.26213815722434,69.73622150884445
743.1721384036471,631.670546543268,92.64701024849963,68.93255243335534
743.847499191487,637.2536595305825,94.49672859887491,67.83617058395642
737.8762865161485,635.484685638667,97.59061787217145,67.45524562231417
735.6927443501783,638.6322789044973,100.01474441654585,66.91248151146016
738.114948422127,644.7107294520491,100.674284289725,66.26864639113133
745.9695558315808,639.597173992162,94.20745427143852,70.96981114795125
749.4051849876341,635.6152942191686,88.41408844364875,76.55820486082712
745.2255548333178,641.832998062263,90.97453866543654,77.47015715076418
745.5994540141278,646.2550539110937,93.32405574877966,76.46351305722914
748.1922878032597,653.3724691444664,97.89456894063485,73.44512173724357
730.6522119363699,660.047206704436,103.40990209974422,70.28501766615668
740.4434948031792,656.957837531672,99.63795800661131,73.3404219293354
744.2733498182562,656.7355913828472,98.79471375439547,74.75081999302895
726.9079065393219,663.6702005310399,105.41735977023907,71.35097300467677
736.3857451512104,663.0975430607111,104.43334207170102,71.71560801448766
736.7264695239527,667.7898950691208,108.34548106350096,70.8074683704732
744.9631288996826,662.9589448672759,101.0742789863248,77.65015032265572
732.861957481384,668.6197276708682,104.03705992394559,75.29338909658132
738.2792915136974,672.8242105481016,101.466953541147,75.4831760368269
745.674867682428,667.8587883851708,96.1761353422931,79.23616183207572
747.5082323986232,670.5059248121387,93.62596370093004,80.39146220325533
734.5515398093061,678.5123850419843,99.14302458011716,75.98421471650397
747.4171214224168,680.8743378555394,96.6032586760206,76.34675801500754
750.1738566329232,682.8613822929829,95.74252662103093,76.26031443201131
747.1062719437388,677.7913968028747,90.42842292950101,79.00425963308393
747.9149259994616,684.8700651646702,94.363755473568,75.27218409322847
749.9251031057631,691.1545807463781,93.66028658241851,75.19185729287358
747.6494791967202,695.5631851059062,95.0336455165767,72.47315386330371
749.6543847881122,699.8192520195954,96.6930058337932,71.94682098453599
745.0079221970009,704.1875345372753,96.91882487986396,71.24903694564581
747.5989087754465,707.3812694959911,98.97503953989633,70.26663696602624
748.2738748033497,707.020006441956,96.77813635582487,72.17856655327903
750.2186970736557,708.0335505927716,94.12728006694198,73.28058930866914
750.827763176539,706.2945880176669,93.92381284003159,73.43790791121907
753.1318527355064,713.3276317754562,94.59996810105508,73.02518013459049
755.0965998397934,713.9808002402705,91.7539708758113,74.92519879402312
758.5728731037884,716.0123971908262,86.6225362833014,78.79472290243802
759.429973176138,713.9827578903153,86.68941135853478,77.99712128079847
755.4909594972726,705.3343146142265,81.20863259599936,80.49453582447134
756.6395393134003,720.4342098952658,85.49917689466497,75.03039291644914
756.151485062666,722.6676266368398,85.92224633949674,73.0428858228191
758.943315185717,732.3850229815976,85.77097777473979,72.35846738390295
758.3184186292058,734.2010717352638,89.10120842290236,70.84757090132264
757.1696937112703,740.3521452718247,90.20369337681208,70.4199394646921
760.4128262089454,743.7648037585739,88.35429467545526,71.98472671426369
754.4808207251149,739.4331046066611,88.16773411949275,72.87564974209897
756.7317972420714,743.9187144241309,87.78475771040954,73.40517019547505
752.0179255723784,743.9500014112851,88.98563448328699,72.00191099270911
753.5628744635683,748.2097209175768,90.15382517098772,71.56069165563778
762.2147577672418,741.7156232708137,84.52091503517853,79.18034767330403
763.4827779402249,742.6782328195588,81.54671186781142,83.83382460645376
755.9171537343054,749.7540878474597,84.56423038549889,80.73242042192066
755.6798938595566,756.3009615675423,88.58568612655179,76.72097862786866
748.5697015598406,755.920283314215,93.15529169065141,74.22131708376418
749.3716056613308,756.3298456901332,92.89882182051794,74.57622945743157
754.2641283554794,761.9930623975943,91.40284485587597,75.33164151726787
737.706652752586,768.8937877593903,97.91320804055832,71.80264711893957
747.5722625558966,766.2511674638941,95.2922649496239,72.16294680825337
752.3428665438481,771.5897548709679,94.53418508790304,72.65168702637729
746.461517893009,763.8681329375038,91.62786259272221,74.55089939496669
751.0762269938748,766.7564579257574,90.79427912976232,75.56386946061076
756.4114662791536,768.0677433941945,86.41568233872604,79.81883172756903
761.9988209986651,770.5398697741715,82.21151799403387,81.93872782715931
738.2923213178525,771.706749953837,91.01214338754444,76.72236972816981
755.0035707983928,775.7157944272902,84.5801434163344,79.93592070753208
759.3718459796427,778.1622148859208,83.16626051977174,80.40235201127203
757.3034743829961,786.9340193110858,86.39564397557736,76.64455548975167
752.0628288766197,790.2261386496288,88.94007299417585,74.18439314271436
752.7445967532137,792.1259174016787,88.45375535188896,74.25699667358958
752.8085022298576,795.321042442674,89.6238897158585,73.17950621160054
749.7244391378332,799.3209282549301,92.0932559949782,71.56127976470395
752.6976714045697,805.1261359968686,94.65988277871423,70.1443516081443
734.9794869137481,813.5994249104479,100.7303096116234,67.77421988199256
744.4291696418446,802.1781340593407,96.99569628556957,69.8484212684256
754.4462776931771,807.448270874422,90.4328923486263,73.00451931005102
744.9661999806025,812.89183409613,92.197763493688,73.38521071545387
749.5544396648713,813.4244487132264,90.66256010046524,75.33199926328422
751.9846026456901,817.2825107909064,93.20427802556404,73.9378634306905
753.3282021628254,816.9766452008508,89.77838553731624,78.17431089272318
751.440308297106,823.3525561716851,91.39125899646719,77.64836089201373
753.8794665782942,820.4151654810103,87.37989388067285,80.85813676329934
763.563851212953,824.7929330000287,81.29553807849518,84.70203920188243
767.5068604733099,830.5242128787751,82.95674681912749,82.88054951772787
770.0968152042876,834.5872350865836,81.21685046560167,82.38430944133631
764.0932068930672,840.5209288529192,82.78498380859185,81.44232459428729
756.493908785209,838.0363608642514,80.26380806558689,84.14561903842053
761.853326974507,846.0194003077274,81.32621732740424,81.39999629027841
768.9276396357538,847.033164358984,79.99644208411443,82.01762113326089
758.936847995995,844.9309979779886,79.50955060187604,81.4578222080549
756.181165272785,850.2062349662907,81.69314120715507,77.8574536881611
756.5196180465405,853.9672275063488,79.40591230609499,79.54867423974429
763.5219510659279,856.0258646870147,74.97030789084987,85.39784926510276
763.7089444727688,855.4416161042229,77.52996495566262,84.22084291869157
750.5991805068865,851.5866686563719,79.05643041903073,81.9704569327754
756.3749142393508,866.9639733991344,80.91084580053138,79.28650798249869
756.422936500364,869.9342777271182,79.54557779516155,81.21584133568757
757.7086973220794,870.7477859193266,78.26063569914145,84.4161576734702
756.475076319351,871.246730452533,77.27087747473703,84.56694444642334
750.0914341808679,875.991949820287,78.05068605639832,84.09885846813528
748.7777630057461,881.842092448828,79.36668397996033,82.65356517091243
753.7668413921288,877.6426425553142,77.92063477651425,83.04246317563984
753.9667739921791,878.840998380708,75.0028392404213,81.82092974183425
753.9773211175141,886.0485469907237,73.01472737575314,83.17923420907766
758.6735705001205,892.0698807097615,70.74290258683018,89.00346553231631
755.684602504315,893.2582141018308,70.69994939477782,88.81868138801607
755.5883177709427,893.4622243219717,71.0766014101867,88.8385460767027
753.9613995995243,889.0754048389529,73.48467089169841,87.17116796091298
753.3349091685599,890.7619181025073,74.5762945781616,84.36285297803406
753.6701539415337,895.6516646085363,74.26665733047635,83.08102551073272
753.5607692244058,896.6243120537515,78.48585153634696,77.1741214856319
750.9312817307707,897.674630118894,76.62488685362135,75.5695528192966
751.4707302298644,899.5430087935418,73.2481307093685,76.59209341466446
750.8035194067252,901.251050819739,74.11919311346895,75.76097499334773
751.3986183761918,902.9038769940793,72.7481321037992,79.96807972984885
753.4825088424359,903.9724414306247,71.45587819372274,82.76894233646266
754.2588869117053,904.7867811105808,71.46332728760723,83.36366630525407
752.7641306014921,894.0731042539178,71.63872765343118,82.67702446064962
745.567115098293,898.0981489523149,72.15631585725714,82.37122434569224
748.7243344082123,903.3445003384687,73.89645280586151,81.52540798737165
749.0984075789954,908.5675029235335,73.74837041217363,82.79305468182463
752.2353020528783,911.0982454338789,71.7260674971377,85.8527738305666
750.1131812267965,902.408027494802,73.36687950789687,84.4713331537607
753.2353823076656,911.5969583394234,74.58563114922552,84.1144838631457
748.8539218830239,912.6282451722296,75.2153816475717,85.05970925984835
752.779492387504,904.0299832452752,75.89817734880026,86.3091497560619
757.5504004901184,903.7419748447777,73.71904575571864,88.70977862476275
752.7837933788354,885.9174811065311,70.06902014530664,96.50591789264158
745.6666458623525,899.8956109104611,73.80843734614596,93.22851502376794
757.1708740301982,870.391546611462,68.04870054866359,104.71380936642913
742.5254063456629,898.7526558998329,73.21810925371595,98.07648892876585
749.1035306405017,874.8524283544351,71.54275742594226,100.44030579953555
750.9904187261023,895.4057000804044,72.93884999033506,97.50887121475246
754.0241057728158,899.6584269859422,72.39806295549072,99.5694492120771
746.0142683786465,886.2381003219527,74.29206587451523,99.11783590430207
749.4489724541088,896.6832747217036,72.82855379956149,100.816076378031
752.3011742515348,879.2266672837749,69.00286023430704,109.2050398866433
738.1142088567095,899.8753501878003,80.43015455723526,96.36053513821238
741.3824427064967,903.9724545255024,78.99782845411534,98.63819789516609
731.7248430410345,913.8757802355294,87.040844586876,91.70548789085234
737.2934685503427,889.6695893584069,78.52739969413992,102.45028542021103
736.8483932279721,894.7127789024814,77.96207510554176,103.52471040265073
728.0693440067781,900.6240743536166,82.270150910132,100.24413338861325
728.4575335071881,906.0415831301422,87.31186102402248,97.3925193457425
720.4237795643877,894.4989356418256,89.10003212901185,100.94581997122987
726.2037967841516,898.7988180110111,90.09644987983629,100.19684471974432
718.6228351854844,901.5707971881927,92.36081562556942,99.0742661148019
732.2651616110724,880.6458268334425,86.08886835899935,110.78453986439645
726.2784829116845,887.5214563779057,83.5256571626088,113.30796229223088
729.1139629029223,854.3696653517418,81.43642589201005,118.93157069162751
724.2383901093501,890.8914808873734,82.93042381448495,115.8808901241622
725.9469763089145,894.529694632088,83.2277944450566,116.26121600081237
724.0103978614136,900.7139169047285,86.39957765240607,112.69031347576195
718.2674753083146,889.7059010364618,86.65892164927294,114.98297593120395
718.6331196407858,896.3221518073634,87.13953116047692,114.30587047959756
707.3859783386021,870.9939779808713,86.84058222951087,119.10947322353425
708.565369201862,903.56136561219,92.28121668842564,112.58569666268266
700.173784101911,880.008939276976,90.4490442948172,117.36383895292158
704.4297831004269,902.3792591237094,95.5745994683979,109.97758405887447
708.1583387208492,897.8965020273384,93.08720302374542,110.34133251108113
709.0436106738789,898.4919091012073,90.83490448441643,112.49386975562734
712.1703384014414,895.1196132646188,89.21451471842569,112.35255482488446
712.05283937814,898.5079986849812,88.1407605083561,112.77824924832368
711.4188355630401,901.3865990418711,90.93931675804436,109.71141435813641
700.2432027623801,887.5564219616657,91.98412766862371,109.85283489312928
703.6143007486997,899.4288354524911,93.39071167042636,107.65366946628194
706.1178276008321,895.3021525655923,92.24434097049432,106.76524320686616
705.5023547636463,898.3032807686175,93.19737962951318,105.6786172232972
706.646274719024,900.0220878070394,91.40750155639229,105.95658981097118
707.5888843508453,900.4814310349057,91.1687165884324,103.81949801891213
713.6361322818723,897.9210431807444,88.02407027200744,105.50735031773168
704.7885578893215,900.7874066763213,91.19803661073774,101.24705388179177
713.0088472580256,892.8446484961048,88.30167832790228,102.2612825835126
717.983176898662,896.101711463097,88.35124967999546,101.6595739973717
722.8153926226557,902.6919694057076,90.39399097895868,98.15593343511567
716.8689446477141,897.1943352728739,86.26119161688425,101.48827960194635
