949.5,607.5,28,81
950.07433300085,605.3037912173268,28.200724839627426,83.55613446984742
951.3490359731037,607.8556780298918,30.071062278373116,81.24239328106148
951.161855251543,607.9740440005678,29.99459183271158,79.76874123274341
952.9100331898729,608.8140990355922,28.724435917186593,79.2578041065899
953.5008878370553,605.4032067678374,28.299109082480985,81.07535716784145
954.5446357490889,606.6468882531391,29.3766973073499,79.80278019809843
955.4596896492629,608.0584308507717,29.71627475123966,79.91092353949462
957.5524382980509,603.4960604433611,27.64613596466106,83.2748342056027
959.2598422988215,605.3500273014691,28.78381346235789,81.32277624612796
960.6108506828417,604.0208853191559,28.09031810840841,79.93161068652273
961.8278996508758,606.6169214356762,27.33602715895512,77.6178828341088
962.7652692683534,605.9826648684755,26.67704445678856,76.6164642682935
965.1520637627884,606.9945662711882,26.67696655223293,77.04787297567073
967.2114648346885,607.3530786929934,26.52003437742148,76.65289702852198
968.6533426613726,608.5585783156729,26.39259044145737,75.75259629063814
970.2035195555286,605.7762477964777,25.049055452728187,75.41931694573668
971.3218153391438,606.2581405817716,25.084668048113304,76.45852157642659
972.3555679928675,608.1634235980811,25.47328893412589,74.25518286621995
972.3409620423945,607.6726082975931,25.161967193643626,75.1889171023721
973.6821600769854,606.7553594631054,25.17604306135276,73.6206567503248
975.073038461022,607.8627557386413,26.651834500895347,73.08075176500215
978.784770711884,608.244351986264,28.46277858148309,72.89264940711547
976.0355880368464,608.0287708501119,28.587203956268365,74.13868658988825
978.6580377334104,606.6380931230705,29.07629786162321,73.92616582149086
981.2731477046088,604.9644975256668,30.673806275875585,74.66511069572253
979.5825222520959,606.5384062013507,32.65998755268933,73.46921312688369
981.4585080190108,606.8200664929501,34.11022618912451,75.09097372789584
982.6530449450597,606.7101903609081,38.45327898373627,72.5587679221319
983.3129887966758,603.2629787700985,36.43951348294447,76.47420718182973
984.5686707662941,603.6245246890038,37.148903818054606,75.0907117487888
985.0912633366383,602.5694509008432,37.190135937356345,75.51272330889137
987.8276286312854,604.7401954580245,37.031434352049644,75.67606712669567
990.3267296712072,601.7188159556724,36.74901783653716,77.96956927052308
989.0308124079208,601.657864972779,38.506768590123976,77.19220881890702
991.3166026142777,602.101085496612,40.11869093893594,79.03899223379433
990.9580447647855,600.6525631482564,39.34560244870389,81.80919331150915
993.1433834466992,599.130704705138,40.82830319086776,82.35381863077373
991.9099036846417,599.2699248841734,42.27085761240231,81.77530367583226
993.5270266266358,601.4830035746306,43.144001928890006,80.58719026615118
991.8278559338628,602.0518258842295,43.29676208588779,81.14407211894397
992.9466435707357,602.7939420319598,45.516201930806986,80.23345508579237
991.2206166544614,601.4610981359627,44.57036685678207,81.28283739441478
992.7411421803266,601.3099993761901,45.67339374023564,81.73542824709385
992.8211854543421,603.3479396232063,45.16908397161134,81.89259057645742
993.6521828917814,600.4653464817002,43.89826909959966,83.8990416840691
996.7136158143469,606.4926393439231,45.28000034359699,81.07256085097998
999.2152462717203,601.7795674743601,44.42553310581002,81.53398876938581
999.4221188102683,601.0137867965718,44.20857390421514,83.81004783080105
1000.9277726667098,596.3580530873178,44.839659813644126,85.81236869099408
999.6707959143208,601.5007740818957,47.99393464172588,82.2492851239931
1000.746304374898,599.3595396898214,47.13106192561247,81.66856769289622
1002.3120912917502,603.915089432392,49.4250564786129,79.7383484867456
1000.7031358557492,608.1560081514947,53.68427634937599,75.8040370722773
1003.7542875803623,607.3170474682909,54.6884622399128,76.58685109443468
1004.8642562442759,601.996649573658,54.46097762128267,78.45658137445659
1009.6231593340973,606.1359250704606,55.77112451141615,77.50566779668787
1012.4244598403434,605.3248534032613,57.902252219915695,76.77585508384794
1016.1085349062557,602.6550746154828,58.58350191923175,77.82899403669252
1014.4269798761349,603.3847422543382,59.222462060260334,77.54835375640077
1013.7784137880225,601.588337012204,58.126408027424716,76.868583327854
1016.3718873328106,599.0211366747462,58.471567324478514,78.47641483728614
1018.0140339359986,600.4078211371974,61.33829029417318,78.53509621673054
1019.9546222713852,599.5630146980656,62.198393379623624,77.84705570654796
1027.5548838544248,601.688321161142,61.53940681997127,78.2259636561016
1026.8948391351291,604.7878564460841,67.30733251675059,73.48069449566106
1026.7150879328858,600.700315370689,68.73464142968952,74.02027477952073
1029.3446852827574,602.5913876155057,69.67159329942527,71.78590756942924
1030.070146147258,604.7962690164406,71.79869908713903,70.90318622387117
1032.7090027120516,600.7230810160195,71.02702015319811,73.6841993299036
1033.1299020903275,604.9843744861242,75.69776421602029,70.54737198349471
1028.3724595081046,600.4654300643939,76.17900618008103,69.94867699110523
1037.1070290432745,596.8506809457801,75.50804996065223,72.14997883580915
1038.9629912666512,601.4628751154916,78.68579326668285,70.45395259693433
1047.650013618307,592.3380273684377,76.78436129931501,74.76579449426009
1043.0991705778574,602.4239281224973,78.68566131833693,73.9360209636007
1048.582743614776,572.484744948933,76.42757154568346,79.05887656029898
1057.7175916466074,594.7009902410442,79.03936291203826,78.4800823796901
1058.2655980371164,599.1693587745559,83.14613221792052,75.94438806861386
1058.5951299573007,601.5726643873343,84.71900092153737,75.11013119889697
1065.046287034506,588.1912923031261,84.00645261510107,78.32704081781857
1058.850196204373,593.7649148068862,85.40526762757594,77.35942746497653
1061.5226903100638,597.8668070649533,89.04412872269248,76.38058560390394
1067.0696188664328,598.0281874268181,90.01485945748519,76.2533105079758
1067.6867742593715,597.885448743202,92.00951358412686,75.96630474825754
1068.4932082171042,597.327943845928,93.30160707971672,75.69144241518661
1072.677249766535,597.2741018129724,93.59136372719361,75.93901466600724
1076.717198018886,596.4765340464517,93.04294882258993,76.81794504207015
1076.4341364275526,595.3424728075279,92.73477337471847,77.69155519059007
1070.3961462883742,585.190240908505,92.33033188139126,80.29457127125809
1079.3358432665307,587.1472890152927,89.94173701186186,83.3092541175901
1090.760219608696,587.1745821474013,85.45809306985993,85.54730042202044
1088.3445027716134,589.0549257721726,86.22359703787538,84.5144881468739
1076.8928982853583,586.9248504399112,89.00942684630789,82.50441387513892
1087.4740585891386,584.9738312515661,84.59673783149992,85.93125705028972
1098.3937507835087,585.6748397970462,78.94147782632089,88.22642862016951
1092.1081702991764,572.6826520185855,74.90403816129054,90.66716249671529
1105.5360948986188,576.7500109579485,69.08389255715434,92.95028328048136
1102.8531552991599,580.335345047519,64.89178452772165,90.17121831421682
1107.9158150126682,581.6454481719608,63.129793317175185,86.35310220389957
1107.8718843377833,578.9983371785197,58.10520766543251,84.56773980485116
1112.6054628169552,582.5257880298666,53.995726508011174,83.26265947833616
1112.9508899943673,580.7898849228626,51.11599246178761,81.37515229778629
1115.38236777327,585.2155874811579,49.75222392490718,80.10250211830036
1117.8383416740166,584.0493259574876,48.658264147221786,81.13696509657764
1118.3688468834875,585.0312623151895,46.26046893036134,81.20272901997654
1118.2448153163386,580.7049014598365,44.71118547566388,80.44850592056765
1119.924099981536,582.2794728729907,44.1957744288473,81.5154812527055
1120.86344070391,579.2747310374166,43.29939964015158,82.08893835310492
1121.7284775537819,578.1846299599546,42.20929300826512,83.38374539661999
1122.927807441534,580.9066806357528,43.68565822639819,81.14219183372813
1119.0965040472545,579.1781324243542,45.036473890424816,76.842101459228
1121.7237793071215,582.7378179329006,46.07642868317238,76.18779640322936
1121.000606449796,579.836076180385,44.500455375668054,75.97237931401637
1118.125305713778,581.8246739239105,44.6583061434086,74.91972668545993
1121.5435465129447,581.7234818742401,44.82455379864095,74.07227555713801
1124.2279324811761,582.6139741083019,42.84193973130997,73.96520306549724
1122.7134646077093,581.9117691652399,43.2617090929038,73.9116574340478
1125.7385837848942,581.8623466032196,41.61299250857467,75.11436445252352
1125.5889167693806,582.4707351102918,41.913856743124924,73.96234176524433
1126.3951381816382,583.8083016727512,43.22325718184724,73.00739587749504
1126.1932829229834,582.0751828546404,43.17440376972717,73.34140977310727
1127.5423872432234,583.1909575335538,41.78462921343171,73.5983053864857
1127.047856300573,583.857675014694,42.017827280951195,71.64257667395675
1129.3434838762878,581.7753534073133,42.1149235203041,73.24275824541536
1124.5186826006236,587.6020638047008,42.67630998990795,70.86099901125245
1128.7014929407962,584.5207076942519,42.73205084351477,72.27953599496202
1128.9909281437344,584.029497846352,42.33194130220264,70.73213897926385
1129.5372238247903,586.1999732580845,42.56038138065494,69.44200398426611
1126.9525065070472,586.0123222919254,42.99493876437566,67.55050438392439
1131.4076892839785,587.1242811256213,42.55710841883379,68.26420497832795
1128.6439459679245,585.6291929867328,42.20867724871583,67.95884730685765
1131.388629720895,585.0913768194421,42.93083295550399,70.81112077029591
1131.2594584140372,584.9254377544796,42.95855138345463,72.10501097060369
1132.7868223193373,587.1965727892383,43.67226463270272,71.80132258635058
1129.7471459883839,585.6516356950175,43.794331511980985,71.47541155848954
1131.1335591420866,586.7830177046872,45.84521170464235,71.31906343745106
1132.1458221770158,586.6925783240036,46.35798072296599,73.22194103164998
1131.9416690802564,585.6281959152574,45.32260641239873,74.18750757028326
1133.9835914778726,586.7868017384395,44.8413541785993,73.48694126916234
1133.6385726984213,586.5167630107919,44.97003169811758,70.48677932001374
1135.6031246110906,584.4345049851335,44.048770198154656,72.75708651730741
1133.6971419583656,587.2056044196986,44.5605686974219,71.38620743246524
1135.016538928639,588.8394457524688,45.136726444575274,69.69994162507984
1132.3191794071709,588.4172573813373,44.93941291304202,68.49027708735622
1135.0657676156882,589.9885320910824,43.56237789488324,69.8854238910051
1132.8526852377404,587.8592121593729,44.47935472951645,69.64951469419125
1133.7337558523693,589.0208864798066,45.379305643211026,68.31792159560786
1134.7652277737448,593.0143635078455,47.12886838769655,66.57946987017357
1137.3332644950115,594.570186233136,46.06466523778445,66.49332449501199
1138.9761290030367,596.409441038587,46.372471736735754,65.26560653631138
1134.228189060153,588.2835589265492,43.48151824241279,69.70137904234994
1143.3559965619395,602.4079334482037,42.25234503608543,69.31931485160486
1139.7955854441252,594.19336650826,42.54713601523855,71.84667685624738
1143.4131825890302,601.0085822768085,42.719908381952905,68.6473076090278
1140.2797381048117,595.1304451914428,43.689826983365975,71.88257948047514
1144.1009805001208,597.1628760346293,43.854747150715,75.1196327555964
1146.0833808158404,598.1838896168491,44.088641626004645,75.4266443987682
1141.3706224328932,601.7798438636198,44.53862280102703,75.00730241324622
1143.3497649877877,597.8771101526401,43.34809712750392,75.25921710012348
1141.0918964312045,597.9198335917724,43.05539833097308,74.96313239049987
1143.3998976048515,602.1281490412082,43.3908007040345,72.78069129331936
1142.785938951983,599.7909751346964,42.447282326852076,73.88389654261597
1142.6196690110387,596.049613320644,41.93973711035013,77.54017835355305
1143.4687960173706,597.5507733192113,42.75515900059585,76.8251301063504
1140.920815099363,596.2803269456875,44.51164806973536,76.16026821877686
1140.7947331941848,593.4078659132228,43.78895035225754,78.4221453233855
1136.9391284750216,591.3518588414174,45.96367972699673,79.55594210972157
1137.1243487718523,588.5598693444482,45.206894817263695,81.73988114081462
1137.5726187061064,584.1473410335778,43.57031508920156,83.31662488281864
1134.7250818083241,577.2983788017905,44.38889814044495,84.5236935638834
1135.9473291985703,578.2668979327317,44.368441793953366,85.71867154086262
1132.0978069228536,575.3445353548617,45.35147106465554,84.5624781896225
1127.676514487978,572.323124554824,46.57001142187429,84.04407297667086
1121.4789811725357,574.3206368696085,47.404153371721534,82.98898698589744
1109.818297012728,567.6114184015565,48.68958181153313,83.29291650074454
1090.8775604293883,564.1524845444131,48.24884734334273,87.19896818957696
1081.478119335081,563.4476550899637,46.68306925002966,89.7464871885077
1059.6584201210867,561.7226575057623,47.132123205795835,88.18845719231945
1037.7997853941888,569.2112612247608,48.50891926728323,82.72659232725911
1013.6610397222261,558.3727911173611,44.673022137499,89.68152633713744
984.9936879366381,560.0234619970581,44.746899081782466,91.42616080839895
953.3152215650418,555.6377807995566,44.504182254967056,92.21668740498761
911.5986571514022,547.2601464529898,45.62661579533811,94.24930269952074
874.2200149378386,552.8082622409755,46.22840183193102,94.8648891931048
840.9147566674777,554.710460583211,45.47163618838661,94.6887660257645
799.4501747803519,557.3426329989795,43.92406250628545,91.49503787491778
765.0959322331232,558.8974928398837,45.48231380432421,89.42463027688018
732.3025893764901,553.641243713495,43.875504634330596,93.17816189968869
703.4337381060303,561.4460822545635,42.72320175071835,89.02269112304768
681.8045816888941,562.6334499842291,41.826638605208586,90.28092562841154
664.5578063394403,563.6994990706968,41.38341665112284,88.03082779576786
652.6021129988792,568.7634865865903,42.053276462833715,86.3327751304981
638.9951985031278,568.7281819263845,42.13627462093562,86.99788913960796
630.3997953706091,570.5819063093321,42.49351811605726,85.9604452386437
627.5310024459002,561.5358553413638,39.70244224159581,91.08146401421926
622.3620164552716,563.6111446378156,40.167103466631545,91.19002424234624
621.0624289118203,565.846677714013,37.67822840543259,93.77368774899517
618.0393660948313,566.0838015387169,37.424845198709065,93.32184442579637
614.5657433134033,567.744102474389,39.0722267295223,89.35218213428433
613.3039379716364,563.8013862074429,39.3875556194198,91.98662639492831
612.4116864822915,567.5522765423773,39.84553338962616,88.32515578111953
611.3806973234051,567.1145340061236,39.85259711375562,89.04808717334805
610.7037389111944,568.1223838489923,40.235423168184695,87.17411330874873
611.1910478960424,569.79336277735,40.488987453865825,85.82856991539887
613.183534983705,570.916944157094,39.821694210576,83.94368549160865
611.7226991096871,568.8626353745389,39.86889505349707,85.28387404387028
613.5053201832812,571.080637268693,38.336011843795156,84.55911318575603
612.1332529842209,566.880665496015,38.55414727427569,88.51748488216819
611.4595807119271,570.7943467652113,39.03397860046404,86.92888697734972
610.8072680313811,568.1381328826957,39.00328448201665,88.2690007479214
609.2926858813888,569.8789425870042,40.322428704098584,87.01817285169633
611.2632596738415,569.285149072678,38.111829781512256,87.38212040205062
610.8320685502096,572.4501760561943,37.95897002760749,85.51659126861765
611.3086180923431,568.8743925471363,37.893108096190254,86.37780242140198
610.5640242432363,571.1977795552988,37.70783283886463,84.9391353743446
607.8757598692858,572.5102457938447,39.38361334595655,83.42450210979388
606.9294819142127,570.6536936593536,39.532621754190195,83.94957195912684
608.3857713432488,570.0271633725536,38.878573535165785,84.65185433908017
608.2927840754785,572.8395984074634,39.549589644110725,82.86531942110605
606.9819626240428,571.0035810260741,39.638740425672154,84.1798410886457
607.0744501119509,567.8283518399522,38.70306116039578,86.31074396039975
608.3343694042798,567.340409347354,37.27953594843571,87.52423557759758
605.2259948364535,573.8216624204172,39.65088067921769,83.09590927956427
605.8717711143718,569.0720555870724,38.12524428013508,86.96820938518368
606.5017656903423,565.8333953310976,36.20994509262125,90.51123695355517
603.6606172907034,565.9549293062557,36.69805513686688,90.54121386270899
604.1430020043582,569.4128582468317,36.94469573858657,90.57344202066375
605.3061163033174,568.5791941084073,37.24684315139857,91.21850361912743
602.176340536526,569.2410857446188,37.97446974968436,90.58771211095275
603.0404770481853,571.2484608685122,38.125070482924116,89.75895218779999
601.1174857385726,568.7629895262758,39.646834518088504,87.03148419634215
605.2399758301199,569.8969879918145,39.70376899429997,87.3850367173691
611.4491501703388,571.631998201435,41.07968110354339,86.09584904995688
615.7992431294073,564.0180051938598,41.6317557718017,85.82666345851158
576.9491062717894,553.4431347416721,44.72040158772616,84.45301152961508
582.5215609994289,555.3362591071376,45.80992447871226,84.62130843353687
594.3965614659098,558.752338689863,46.06760460501221,84.70889755270701
618.6370943820585,545.5163936693393,45.440100447644866,87.12544733316686
629.5224066792414,549.5536535714969,45.72401877483334,88.19463081226681
640.8240588405478,549.2667603629733,45.943124097457094,88.82013565979877
651.8387610870009,538.3068841832996,46.917238400926294,89.30471430194545
657.1169638492217,545.1212825409124,45.26257902593081,92.07106808804042
663.5271958689416,549.4293794977764,45.74673555857218,93.11975055488233
664.7724299004889,544.2480585456952,49.0653073238898,91.79327958749924
669.9830295172244,539.951907217794,49.326305385920705,96.03083609484283
672.5431143757872,538.272480167444,51.25112422785711,96.30964838452562
675.079243293447,539.514979692673,55.87312969046418,95.25376276422915
682.255520512849,542.4994191806484,64.31228916277382,94.72759206658554
704.2806138930309,550.2795248309836,70.46898076299448,94.16887505431121
699.5898788949709,546.7380105877523,72.71443349103396,94.44156764449555
707.9673828423392,544.0150119028194,76.93796944370156,93.40436949211627
714.2726321542561,547.1610382809492,75.60980992858993,94.95881089870909
718.5083206708783,543.9696973817242,76.28921819743576,95.46778550130875
733.0909388749204,544.7242427568232,72.2219517180977,100.34781923060771
722.5625553555265,543.2880018215482,75.26695246476709,99.26853361126342
750.6045940700186,546.9030366377281,71.05974084658146,101.32484294231901
726.9395144311837,544.0852505263958,75.05092538934575,99.87369528271722
730.47752601578,538.6584306081397,82.6556450015971,97.65168014550159
746.8636481726322,538.4608615633332,79.42648218981613,100.19746873161063
754.1293923558278,541.3457692321308,78.23810735637055,100.95831706391084
754.5108491241926,537.8234629054721,78.64502517775948,101.9988962513338
768.0521545859217,539.073231344821,74.13223137872868,105.94110482250501
755.259221346141,539.9729676396299,76.144625010179,104.44007972666218
769.7280162757166,538.8738389589059,70.25541487824022,106.65219122697872
759.9029338505896,535.2649666044379,73.21700759807871,101.53795643962128
767.9127551602523,541.6310866031014,70.10741876736301,102.4960380883929
765.6437446078905,537.7694134177366,67.80940336247329,105.51200952151206
766.5775596777332,536.6106339636378,67.31179802241783,104.40649498892085
767.4918592890003,535.2477401163347,66.3941699360844,101.68017765877835
768.8179731715331,534.8000859345703,62.271167951037654,104.10868331807792
763.4740055036744,539.2638505773648,64.73872508563427,103.36894400986117
775.3592331435407,537.6392039909917,58.996090583635464,106.71814601386482
764.3885363108891,535.9998236375948,63.74927137127315,104.39328804442073
748.4204122383777,537.8710154050946,74.91174070919777,102.38756129606396
741.3529207316759,531.6420658492383,74.97684119690672,101.13754949920505
751.6555546152827,539.440618601413,80.0210058889761,96.93837997008706
768.4655098901819,540.3367712813667,81.96302533805249,96.31726348282245
802.2389990410549,538.9992931100697,82.63039990488254,100.3002960434187
811.3639465517468,540.7844815585937,81.80051380601695,101.51832905812643
828.5330303057244,537.1163895869405,78.99425618724074,101.76642349335381
841.9895091999983,541.007815868778,74.438016127967,102.66933030731073
851.4733374431901,535.4714102874452,70.45147714024273,107.51891029573588
859.689265949629,541.2227461223239,69.21688773143988,109.5292463129997
864.0225866707394,540.5131020064815,69.15844235442846,108.97088919133094
847.4621779037246,530.278721153899,69.55775768417661,106.95525229088247
865.7628731260248,529.8299309840127,62.69826714501087,108.28036715488241
836.855800188861,533.6517873178888,66.06971361159214,104.27060545356107
863.6498799027097,529.3319367687286,64.1121198793341,104.42975501819592
851.8477213949612,533.300677212144,68.25887650117593,101.57838394738954
858.2929731335677,524.8125743865922,65.8021198801844,108.76475828775298
833.4308279447107,529.3850196179275,73.22699866330376,107.27298632211848
838.2067524254907,522.6172399822641,76.91434134174771,105.4988581669408
859.1836535188781,519.7570643088131,68.76215750965389,112.19692825927694
864.0904247161418,515.4193920965888,63.872100531930855,115.6105870821205
859.882436944247,517.7166630758771,62.97638306943681,113.76818650769846
866.5789718469964,523.1018011589051,63.24084257315347,111.87812042138717
850.0435470158098,518.5331214683429,66.66718334493754,109.83821127649114
864.0351553760408,522.1329254571085,62.22773590097263,112.28785645667048
862.9628054080603,517.0708449988767,59.30482334592293,115.29321153755484
859.991290323267,509.2704693461544,58.059914739334125,118.0176153856955
862.7375514383257,520.0689436031886,60.88122537462173,117.30520264775541
866.9145379171074,520.5179320986659,58.21368794402568,118.43899237245029
866.5954878759196,517.7842753793124,57.09302211517786,119.57570221768671
854.3101444655327,510.75954958510283,60.236064695511075,117.12835781618632
864.5048275955255,520.1350105903343,61.16904364590867,116.55066680449443
850.4382831654505,514.9519897799062,65.41616082249591,114.67505902209663
865.2172368535796,512.2132934010898,59.760736469271606,118.77889993318631
866.2922175387681,508.52938032284715,58.108895204418786,121.54022944738477
862.2775796686269,515.2736634366428,58.61859324403503,120.22520881294525
869.8112037288855,514.6588366054383,54.96066505073711,126.05062820822192
859.7224048596373,508.1542258132444,57.06673831875778,124.13221797702917
867.0770125004045,511.31343919659736,56.52268471858928,126.4399499211225
870.2401481490416,519.2824561599062,57.012562920505516,126.50931398929242
869.0413745414318,515.2540645361559,62.893218614902665,119.81829497184776
878.7101061843226,512.9341626092609,60.361729458824534,124.78650933502834
867.3314215075088,516.216746665051,65.573072645545,120.32054143958842
884.4001843139777,513.4044498503947,67.57459061619105,118.59154150431388
886.5334656829492,511.1368066773208,72.07583708574062,115.63703964208568
881.5633688958627,514.9908703481187,75.86374685452415,112.94738165671933
914.8285414589742,502.9041639169135,80.87312440010672,111.40485755601819
924.2177205949114,502.36386362181486,84.97256308493613,109.42082113167723
944.0267875079919,509.7385464028313,88.50760194432037,108.30799808996407
947.349745990655,502.51075196086185,92.2374835080119,108.10653608451477
970.8239338567357,510.9098709607419,95.28059340571036,107.22929750161379
967.5708171717874,499.96065432670827,99.13464573433086,105.75875222052159
977.7010430075213,503.4424655046787,103.28351659130755,102.93009915127259
1001.9270631946529,510.9395651771759,103.79700650580709,104.18756896809383
1001.6023610609976,513.4033409298172,106.29254134773618,101.86313703952703
1007.4922411047694,513.8009615409661,108.69717242013346,100.4493089126247
1007.6145742928337,513.4191688890982,110.18087392484557,101.26113787571097
1008.8682902827209,508.4325354335066,111.55068883851698,100.83355357261163
1027.084215548867,516.9382385702678,105.69186908144059,108.46088643875058
1038.272101480807,517.1274146765767,99.14930909442764,116.42966505157791
1040.4042057893887,513.7547018323012,97.70556384932488,121.54506840272037
1039.2272719453845,521.0589755265468,97.43611885632896,124.6713375900697
1047.4278318501845,514.0213298946634,95.02835870559636,130.73069970890703
1050.9346044681583,512.4378132649842,89.02073911438207,137.33302772087092
1024.3497335825543,501.00742230830394,98.2401462158321,131.26383585895206
1036.6582727922855,510.75435883037835,94.2363955234033,136.74945641761786
1040.5654658302328,514.8081542481654,95.35372131476629,140.40136160622592
1019.1670458930859,497.30939918792444,104.78773296829725,133.456300260589
1030.0496028044483,508.60991640451766,100.62670777522823,139.92239688329414
1024.8830564874024,516.2875247562507,107.10626494725662,136.868872127697
1033.2800375873812,517.4460979386749,105.55697820138029,139.94755501867587
1040.6467521467587,523.0492139440287,102.95306949605998,145.96608721165597
1016.5532117982032,504.87402221406455,112.77083411057035,135.01243367842994
1024.650988231717,514.5489837119984,115.59754329153655,130.51521515940289
1026.42819142735,519.1280400958037,120.04747929186172,125.16888260455691
1032.2964426433534,510.936252029893,120.74282742890065,122.73146539318628
1045.5643266617158,510.91023574180247,118.09478581498695,123.38878004778894
1048.2566727919193,521.7928177534543,117.5353132323846,122.88584449948621
1055.9470592396005,525.722690509374,112.91428883140352,127.03276190201954
1049.6148618913494,515.3974530364919,115.3148210204006,122.25266587055793
1054.7726374569766,515.4097785286015,114.32433150518752,121.82282963329934
1059.7101647900274,518.3567582851257,112.7027893139438,123.30519121886176
1059.336528275118,510.50305007203036,111.21731717850537,124.26838182051583
1064.5869676598334,514.9296226160976,110.02123049175327,124.50362004958701
1058.445601881446,515.5895496758026,114.56194922501811,120.10024587487166
1065.9092827246152,519.4573758971778,108.99759650416917,124.93634896424948
1066.0572486685323,520.9727215106892,107.77136778822987,127.69474562630324
1059.7948666920786,526.2942532202056,109.48147733670416,126.75848679562543
1062.4707342571007,517.0283939625214,107.08383307135999,127.56970210162504
1051.3236068969086,514.1161484235005,113.32928674059232,117.52149467256959
1055.2239149457039,512.9778337375417,114.83755604003042,112.59514426987398
1061.1838512501345,525.7447718824607,108.84077751139274,117.76944055623139
1064.136127566272,528.8131250603853,105.00245680548785,122.62321140066038
1059.2762738036693,523.2241343173705,105.39378479624853,122.17855103246714
1065.83957598365,526.8239765821505,100.96192549525176,128.94669907138442
1061.3419261997296,515.3526639147406,101.60439718075787,126.83306718554502
1064.0448188157893,517.5729738268135,99.40101648134447,127.57036078337171
1057.353453236291,511.14130651289406,103.14224369711931,121.21505031602538
1065.33149121063,524.4907338026678,99.26300274398533,126.3458889930362
1074.601850364508,522.9662916503536,94.76651132409006,129.85072723723206
1080.2009712340357,516.8075264990401,95.22475851432483,126.06497164024077
1083.9844944879571,517.8601195700469,96.81936364517676,124.52035977193876
1087.0781726360456,516.1173170054174,98.62788142870198,118.66790572164513
1093.3617651639902,523.089389442855,99.4295771096316,117.47879966794792
1100.576696105014,515.8056887994884,98.73505921397368,116.45921805803788
1101.2064041290078,516.0469162802312,99.64527815430549,110.89031253766528
1107.498186269524,523.573774312306,99.1097779174327,110.14778038012142
1104.3362050764686,523.5908244682928,102.46853482488265,103.77185564725325
1109.5887109220598,522.6376140635972,99.49315224776984,101.96639034657801
1115.9663419873511,523.0904718160394,93.54291707346069,105.88820068041794
1119.0142144739218,524.7240042387671,91.8845535294414,104.97696586385857
1117.6180108849078,529.4171837454377,96.32290306049953,98.01014943769383
1112.720792888973,524.6474163127282,93.83249818714967,98.95840638159348
1123.8310395239964,541.1032721157287,88.34545065762768,107.41527196073307
1115.8806791853715,523.4217992621184,88.45672198911785,103.60694356185904
1121.5325064246497,528.8866259764894,88.12750088150412,105.10761768271783
1119.8263937513982,517.9604279368017,83.10585727773974,105.1607789921409
1124.285993269134,522.7634882873019,79.14264871820774,104.37494886432427
1125.046156715536,526.2585186009279,77.95498943215595,101.67277147978858
1126.01911767384,519.1181080804597,72.0559982640905,106.90028865436915
1128.2417375008943,521.7681842057843,70.08946393205943,110.4090845609546
1129.5103587565216,514.1509282656573,64.49129362527304,114.17765508272726
1133.8379797517277,512.7752875178536,59.588880070542764,119.7844732549888
1135.1226297799647,512.820627172647,55.15133844454887,119.548929552249
1136.5258287135366,514.8453202029667,56.46383427251941,117.51521544721412
1134.5537818293021,515.1399295711213,54.4704894009121,114.54158991802538
1136.8926545766067,520.029554776445,52.49800300037154,111.51653975344084
1135.4936103754744,520.3553612880589,49.68979457039959,111.64201007278221
1140.1238409797184,524.9504121149627,50.062425118445844,109.82608545008324
1137.8911269692314,520.1528761309943,48.82042954990901,107.87287481002777
1140.3776353447388,518.2550424195962,45.10575477345117,111.07316474002465
1139.5095545897739,515.8423773449013,43.32816250415931,115.93138090229195
1140.4909182556612,520.3070060709813,43.37802918444646,114.09350657474201
1137.815955764955,514.6307824934161,43.58883621657793,117.13565569200482
1139.8419247822983,519.2225258672062,46.346760635187444,113.37139498356848
1137.8212821654117,517.3898351436234,44.27436954640417,116.04280696501726
1139.1169782822608,525.0297396487355,46.72030131962276,111.87389081217319
1139.3614891938587,514.6760111108443,41.21566431681242,120.85926256070388
1142.5173916496356,525.136064745515,44.476219743413395,116.38676773200723
1140.3688343154452,522.1865252359523,43.69474653627131,112.97629354618914
1139.9646401263817,524.6369817049306,41.91371614404616,111.44055193795171
1143.0300212398183,523.483755388643,42.95981870416709,112.89206963434606
1139.9183279602742,524.7629478877247,43.60491563739778,108.09107331702876
1142.549530909291,523.9702135910089,42.885178688757975,109.12543586386731
1142.445293153776,527.7465817906026,42.942360183804325,108.06504025695804
1143.8084347096287,526.96342460545,41.51710911472725,109.08010814892643
1143.6250324184925,530.6964034653722,42.53091126059758,107.37249090088261
1145.3017678319816,531.2172612200336,45.30432785921289,106.84667262675413
1141.1208645676666,527.6243801452748,46.003860469527964,104.04851153149133
1143.0914293715919,529.2552853229902,44.340112066542034,108.10192324028581
1140.7495342242514,524.8880007351925,45.17919667968523,109.91232410169539
1144.3076022497332,531.6606668197684,45.69093439355712,107.84545485488442
1139.1332268348274,525.7808262943356,45.788324196446936,108.56078630896113
1136.683438018381,521.1042283927502,48.37839764117962,105.86566881567882
1142.9700427884006,530.4588175934066,48.48685463896349,105.44986702027322
1141.9718306619184,534.2839620995456,49.37280691745069,105.76063840089978
1138.431454090542,526.6642094956449,49.521326100585796,102.44835629162303
1141.7926504357333,534.7380840697657,51.79424778322968,102.75898180032709
1143.0607348607236,538.8639593294652,51.57316897099561,104.15600007196451
1139.1555800472572,532.7559833794207,51.35398045551078,103.76786332035584
1135.9965716397555,524.9020166882455,50.60182238453555,103.76940066193498
1141.8558947221943,536.1323364636306,50.547745621456755,104.55231268398553
1139.1005392227682,530.9118260518269,52.24212716378933,104.46736204029214
1137.6318336858342,535.3593909868993,54.87150160105535,102.4122894415498
1139.0213208677692,531.848249599567,52.65631634440719,101.69003282957226
1140.418293604337,535.0117045006424,52.44954049742201,101.58260145335612
1131.8454258594452,528.5119720623509,54.273765585262666,101.13426753610969
1141.5108288117335,536.7912750552426,50.84511332002721,109.49907348534371
1142.50400323902,529.7521861864146,49.116978933817364,110.32943275356803
1142.19560750556,535.2937355956824,49.77317241687156,111.79553060698544
1138.0511432572825,525.5401245039264,50.00077186825284,112.4970568194898
1140.6767457742649,538.3374195431056,53.81451437539833,109.51516246351767
1144.4687115211104,536.9982082791223,51.202969460161675,113.02636221574187
1143.1759883513641,537.7022415515604,52.97566930821846,111.40217952972125
1140.3035226893917,533.4011298952363,53.77163088715844,109.74945692709301
1140.4167262021483,532.633460142876,51.42079708290268,113.16926679500972
1139.8740377733914,534.648504887762,50.375706687446026,114.88277475694841
1143.6049942440466,538.5788057717186,49.902915121310926,120.63691114753067
1150.527864191344,542.7861410909303,47.30873266579175,124.37831099795775
1148.556930070618,541.980237770259,47.88757787910208,124.98361299156869
1146.6943359782224,547.22460523633,48.69408782632326,128.2417052603164
1144.1466478670548,533.6390155488882,53.42382904031821,122.74328659475393
1141.197006991586,535.660785135429,58.11216527307048,119.52878605798256
1134.4253730757762,533.1947091680712,63.15413645208031,113.91741074105832
1136.7327700919068,538.271449304019,65.49338961217909,107.2844775581576
1139.363105194098,541.029307164046,63.3265227103542,106.65890889466823
1135.7548399076802,535.4979584432538,62.57709034915102,106.00422401517159
1132.0177716085946,535.9043076650624,63.372328349091575,100.00160852094021
1136.4543964627208,543.0034177944203,62.31400944254269,101.42256095360905
1133.1941977341594,541.011268179326,60.25714507324942,98.39546432956817
1138.3324592962615,547.4149089141242,56.392560136470316,98.65917298944603
1136.2129693207958,547.5559515071559,55.969111579421046,98.72294006370444
1144.9353619780072,554.4551180063163,55.29340447551789,99.81714872698362
1141.7454273632645,554.8542615455266,54.02561788085767,100.12475725905044
1143.0994559048102,551.5560615809164,50.12207999229269,103.33579665131006
1147.533537937241,562.1970081763307,51.44494305987952,103.14266462807163
1150.3653124471195,564.0846166693099,51.09487703683388,103.80588329050698
1144.7217548526469,562.2872429861594,53.369733243277324,104.72430356010634
1148.6666099027734,564.7022016680824,54.184880847040915,106.45807202475072
1145.2293753090046,569.7809095563031,55.842232089782605,103.63845972986744
1148.5183257445453,569.3841555798971,53.520170992217274,107.5065488332566
1148.5736628164316,566.1144109427293,53.55427483513878,109.82853912750119
1152.9147452823877,570.5921320900752,51.90948938010675,110.54800407409323
1148.0544228075044,567.3247077387274,52.89267422912029,108.04517241944974
1151.2510545376574,572.7324859821177,52.79266591355032,110.09238531704068
1152.022533674058,576.228964514633,50.17027489268476,109.22648418257695
1153.8509701802764,578.7294351653686,48.74890190834853,109.51753425124349
1154.4456762883085,582.3346459989104,45.300177731071074,109.98127697560832
1158.0101034917395,588.4970159498474,45.19962335850985,110.26641495265113
1155.8582685076099,587.6061579793508,45.563817132791286,107.777826797768
1158.3006700556582,589.9414528525712,45.56552541960558,109.09205630297075
1158.0444621521722,596.3075681405113,44.32882400762545,106.24667845233989
1162.446538571679,598.6514733719246,46.60788007454049,103.27768739273225
1160.8539092299166,600.1915183214865,41.094022565000515,105.72575170101896
1164.4248916718361,603.7659023946702,40.02475913466991,108.26030879904471
1162.3513201640287,607.6583107861514,40.99036932973455,106.61519447883012
1165.9273938686079,611.1956520930586,42.98747529461948,104.50842567705553
1168.0096137716764,617.673425830271,43.89016797021224,102.80608395655324
1165.6539564451903,621.2393286747491,43.92502583017265,103.35858953450763
1163.4306495407898,617.7604407827174,45.13025048482687,102.99227332450883
1170.476840360271,622.5494693154427,44.5357341002342,103.90272526103345
1167.0117244138874,619.1691821023584,45.48274404856852,103.02287290601298
1171.0527826715784,621.464500244956,44.67760986769453,101.96713549364263
1175.9619834751766,632.0616518824595,42.42775919803084,105.45840399625106
1173.9481491544939,629.7393403775992,41.71498969309691,107.98462984163262
1176.6851806351872,636.8143975363117,41.35024797858771,109.1308502982707
1178.4749784143778,642.9198802898824,42.104350117144655,109.65489557952496
1174.7285333460738,625.4139521362392,43.152028735115266,110.32558241282152
1178.5541489064235,641.5560846433897,45.31667015505287,109.64461542064666
1174.8399565789023,644.805380541933,46.690839746452696,110.21360519616636
1211.7534366052407,582.300358428725,55.25294261532535,105.12889527876028
