868.5,474.5,74,50
862.2082601448932,478.5353267256986,76.74873804403916,47.006313901447285
852.7493885876833,478.79416765785766,83.09597095142621,49.386892087217156
845.5456408005558,481.45359917175637,89.42283422616038,48.87241934208043
840.5724640964631,482.20218751076663,89.46419107507373,49.67853825559225
831.7826723985921,485.60418468020816,88.34669358381946,47.70361625405798
834.5241382933302,488.00785040014364,86.65695018314705,48.53738507682012
830.7758718424188,489.62815098963245,83.98496421641934,48.87419101267687
828.0654222529332,489.34180122445713,82.64285565913738,54.00466839007171
819.6837510119121,491.910827883586,85.09417036675958,57.732766375006655
811.3812136454181,489.7906430522451,89.14289433350523,62.025682879515514
811.94630332493,489.1943734018561,86.46765489950329,65.59072716028719
803.1136398581568,494.6735920851984,90.48624455452192,64.04997284262798
799.4111395386761,495.0520294059438,91.12900972688472,62.65880809810276
794.6964371289047,499.2109309638835,89.99978175595635,60.06386178724448
789.6568846596074,508.40403940622036,87.60377617680341,55.51839639912126
782.7845914247844,512.6741778836192,89.4502617283063,51.77991101973382
768.5252732678829,516.5513511096284,90.08072739023014,48.26283096548227
763.8325911831192,521.4563000535975,93.88239083561687,44.56950375181364
762.4478982585493,526.087947453703,88.76922075477029,45.51136685573158
756.4362915985266,527.2540583298403,92.03077714444538,46.70223621377563
753.3255336550392,527.8170481038553,86.3352536295922,51.72749420627163
745.1316022742385,532.6955668480874,93.11150481969699,49.872984611591335
738.778400681521,533.5923443375091,90.36207603747266,54.16869883894745
732.156772150707,536.2173430417798,91.62271051802912,56.11099276186035
721.5867042991422,538.7026435323979,96.6460691799679,56.19248325267995
711.2799844086828,545.8109724895253,106.20764313732823,49.689309188582904
701.3899746067028,549.9029526734063,109.88255048257321,49.51955828256101
694.7980239405184,555.6307263015256,109.83273272560508,47.11132781230966
686.9227028522394,554.861718251816,110.51450514413203,53.277913335076896
683.5794994844409,556.457514159719,105.46671901599733,56.847692009209574
669.7190731993105,564.8712031185989,107.17640380599491,48.14382691178956
665.9742023335533,566.3828052128794,109.06138487285142,53.37132462157849
656.6093915350539,572.2647836176602,108.09939643574874,49.07090583828902
648.0577592377217,577.9791814510174,107.25659947717921,48.958530992332214
637.6834412377937,580.6163069960758,107.63612235336564,54.16696743689102
628.7198669140778,580.114839385296,108.337500763404,59.63656048408038
619.4989238579062,583.5300846206526,111.50575071608587,62.779308557805166
609.6708763516609,587.0309063365019,114.01471493092099,65.41779184717932
601.369908469886,590.2138278917707,114.63990151350899,68.69113624058599
586.5096344181892,591.4626913861067,124.29243190289206,70.22132118142473
580.8725338861672,595.7647937207672,124.4215720733855,71.06826927943357
569.2539711968569,598.3400112907225,124.24005003480937,74.53312051817841
558.5897151427937,601.4306954786886,125.90490582385507,77.99273373351247
548.8984288476668,600.5500193123664,124.09305850495483,85.73096760826121
541.3548618314377,604.3502332979189,123.44858368968843,88.23630961984398
527.0972149745105,610.6542782828357,122.3901225761322,88.7307315283011
514.422410791241,615.7931542230872,121.44740046618361,87.60312032140371
501.16300705920463,621.6991385094843,123.54761784499954,86.6035743601411
483.7223392743505,630.8653048969267,130.49046079225383,83.3260834298189
469.81485848276566,636.4653785230234,135.02093693275063,85.9020425435695
456.42829800914933,642.1878820863813,136.75931765620857,88.29561339767746
443.8105938253935,649.1895069043096,137.45738593967724,88.1581212025808
423.036489348572,661.0435878486956,136.92338703538934,83.42594019902377
411.84082318508626,673.0690325093262,132.03239221416507,77.87530260868921
394.79850499938595,684.2337252805282,132.19135842075747,73.15175241980295
378.93309096827295,693.6421032752203,131.86103556015644,72.1692083268793
361.35745542963554,703.1594741981604,135.92171472920538,70.14296608430566
340.74814228728883,711.3516974773052,139.64188613391883,68.70320282702254
325.6103981703789,720.0309368678084,137.29884077557224,70.7657034615487
306.7708348467044,728.2139758927312,139.9067011703028,71.1904284596116
287.83629842152817,735.1015736721505,142.35092233997526,73.61880754369463
266.43074778352843,742.4690889612941,148.49277131075854,76.90944084992822
244.12505066031565,748.6059338298459,152.60884699030476,83.32459106633067
222.37387250664898,754.9415575852413,158.3145053919549,89.91332735159884
200.09778288510842,766.8504172895955,163.37241850154194,87.91356520074
178.06431103215203,774.611762991877,165.5285940436447,90.42316640502318
152.51808424193095,783.9915900636904,164.44543944733294,93.01122279993191
131.54543248264233,793.6527246691201,171.0511782739694,93.5279363746262
115.05550684548328,799.9432392478819,167.52834304857157,102.79458669113447
101.90361726083373,810.2854276094141,169.61103573395843,98.05303809184882
101.98832385781398,816.7606723073892,172.83111740344503,100.0622166904395
102.8020292139367,820.6892190711186,169.98142942656526,102.382735392954
116.12548686867004,821.1746668788797,169.27852169079722,107.32794236445025
120.59873500656434,825.2527742480247,177.00394785376176,103.34835656908545
148.4052308172355,828.253592488757,177.0581556898341,102.94193581460794
175.4072941076396,829.6784397333552,173.6862992618678,95.85968969559914
196.1174834542624,830.0959508410604,170.53280738458398,96.69140316575216
226.25362657411628,829.7370971014911,165.19832289880645,98.90709916239643
252.47970217961387,830.7991923124448,161.69812235879385,92.8865139939268
282.07054093863036,828.5528540426667,150.1755986674642,94.69141889795829
317.5444689808964,831.0708557433259,145.8453502153127,91.04266756110246
344.86596185831684,833.1358274860656,136.44478548267907,87.54686804439595
369.4666680752493,832.8434398147738,132.59229343945057,83.71361591944711
407.16104044338573,833.4444349298384,126.77753102488204,81.55902825308767
429.98330824686974,827.5316802666181,119.44190213814151,85.35485616665638
452.33117509281624,826.8215494011333,118.43205374212151,83.37720673645902
476.15943232783206,828.3504441820038,113.83109574650683,81.48902503672035
505.4817840911361,821.8059188141737,111.53733526597014,79.12622634469932
524.6754273907685,826.0799356603318,115.5607545502838,75.73081428249573
545.5846610773891,824.0386572975566,112.69838603415593,77.04601621124138
570.8665654522978,820.1713859371433,109.11412540229443,76.41978136330343
594.5307243975979,815.0351273161083,107.72033595153299,73.68159087255859
627.7127887540358,805.6475692716328,107.38658840546414,75.7088692337424
659.5339065879098,793.8432439152397,105.70689576758633,81.92114562582584
683.9174288698835,781.513151888526,112.05869419191414,80.60167222323062
707.8338840114258,781.9806907199056,116.06228613273395,81.02619562755773
728.5339674435085,773.0442578981806,120.06317981887709,83.95080598730391
740.0096526047247,774.7654876139997,116.86835998070329,91.89290388530767
762.6290207595393,769.6903068447135,121.97045788185314,88.73883632906619
775.8481079311453,776.0028673446247,125.05457672737847,90.62612789468301
787.9735756709232,779.8525182909705,135.5772316820841,86.54970355805435
771.559746469032,776.7275153563926,134.20557035618847,88.03096465700958
768.4174605111941,767.2739539385533,133.5509532353139,90.71210930500818
750.025951344969,773.5560390674849,133.10657556232042,90.53460798673936
748.7381127611143,763.3983617836407,136.72372121905536,88.77139563949933
731.754646773621,771.9583517254306,144.37638246975348,86.08329350966301
747.4655137521196,756.1818095490311,164.09384938370357,78.80350691240547
723.3208319858717,745.8145835613996,186.07855578219977,71.20234325278739
712.6456952578732,735.1696312571798,190.52902868061045,73.41943598234272
665.6102802282478,739.2078729619388,197.75174235444172,75.93346317821704
632.4492230190216,748.2858056974206,203.0637905972504,80.21630572844532
599.2860915090879,752.825267831307,209.75475717843332,85.11703383302329
572.6996011494672,743.4808525571034,219.49909469363655,88.35041367433084
534.9738828875627,739.5589164256074,227.33592761261463,92.90618451660154
511.5837937134903,739.1565559112213,239.22685030774124,95.44173600202924
495.59750723941556,732.2129139013849,244.68015663349223,100.37128125345365
470.0710982218633,722.0008655276429,247.06416211369464,104.91438837731255
445.3468554807289,726.5503536793055,248.09380323164334,116.63417381778038
434.0781667296656,708.5496516587464,251.8567673312092,124.13095900137532
407.54117456224975,716.8311643131514,255.15635657228074,129.95891024551383
373.9285803853702,722.7323822625476,269.20451299438525,129.89098788458375
376.11403047246455,711.1205592223512,277.8527271721588,127.22376760903339
380.3952746509117,702.7664512536277,274.66079142179143,132.4673183538066
348.20172588200955,706.4161034743047,281.75777888738503,131.2992037507896
377.48205799378525,690.3027284000789,277.40017498419024,133.66765285879592
385.34551907408905,690.2968363656427,274.8227133968127,132.9652085790859
383.45490877510895,685.4954352117566,281.4549357028513,127.37161041667753
397.3725548883791,680.7007093289768,284.93354929790183,123.220578967102
390.440934584436,677.325429721107,292.6813949619674,115.8961170148274
403.71173738657944,669.1003472943626,293.0221704215887,115.10974967441729
432.47974945322943,658.9425133300692,286.63257944431086,117.15479338438337
441.33741149490857,648.4154888154035,286.014773574025,116.61388386357007
483.46308536993206,645.6915819256645,278.23649527014004,119.37659635363592
497.5495210299832,629.0353856136167,278.8469770449687,118.79974677838209
532.6324492450547,633.6288301088066,276.0514570108418,120.85791932949552
540.2084245147744,618.5825991133028,277.60291397617937,118.09546811337714
567.7149122927683,624.7295451464129,276.97807053877534,115.18447035760684
584.7621851634871,612.4482340675539,279.6950207688167,111.62743508249224
600.0408847513764,600.3275840949937,283.7120933124373,107.977869785875
641.0844884678385,608.6753753246203,283.03311694248185,107.48238634829983
671.1767505429314,588.4111805776845,284.72807502743683,103.91174028442671
537.6768284830257,566.7991068597021,292.29329331379336,101.67069899363693
688.1556053773561,581.2257227379413,290.7551539116729,102.00465089412528
711.4570671121,550.4557383905416,285.8064351902951,106.11108720421271
750.370609549998,569.8595226478228,286.5368762162975,102.61590478651465
789.1216938738501,572.4125025680285,284.4240585414683,101.46968490988125
828.3785729916692,553.0023676880326,272.2777684890814,105.13250670869985
854.7151840873897,564.2025987167206,268.2899979434712,102.60807318717514
897.8321885988464,521.9174004786803,249.70544762901284,113.94648019931705
925.2219268888408,545.5916553997724,247.02737642694018,109.49914841265796
938.7459475223648,522.7822124356018,243.1942061846039,111.92458638740351
972.5851199120063,538.4883862389801,243.92771345145223,110.01648832594395
875.4934671309456,507.0368627327164,249.14885716219635,110.18309353654153
891.8892721279129,511.00113592007284,253.39097518754895,107.98437935651363
931.1073102567856,503.274526984686,249.92359981231658,111.69894295771462
954.3392458874362,502.5055208934321,247.6653103630842,113.27740880154272
995.2772093545685,502.04155014610586,247.61573096683358,113.11864877658982
1026.0188837426924,495.85365895048227,247.68437810404248,116.47079103287604
1060.8776880428802,498.5860373670302,251.88384994843963,114.69892730572349
1091.8700584154392,495.76477047938477,248.42377764566703,116.04057155232927
1131.054167417793,488.64168185300207,247.99027327610133,118.08847888735141
1238.1790653098642,495.83503807341134,261.5383087232378,116.64508450804001
1183.4902629531334,484.13647094732266,265.27600927036974,118.73793368378897
1219.1685373186415,477.17482919677116,261.65236344133905,125.38576752448745
1242.3946730291586,475.4494113079461,262.80734949750683,127.58331213898059
1235.486709534667,461.9994961838887,254.16725360847656,135.40557630781112
1247.8199762627714,471.23003526240524,250.76354829349827,131.2835601409562
1251.6728128367624,461.7500078239312,243.43903905501924,134.31594732814725
1258.5232964362694,469.4204428993275,244.30975446158934,127.04195815281435
1252.3969660887092,457.98442236120854,230.9082200621458,130.49750575045184
1259.558809113716,461.7419608772395,230.80728877795053,126.47358345485475
1252.481317562957,458.6402221410553,217.073840126413,124.83070007444311
1260.8351264667597,461.8132061767499,216.1394584009699,118.22133865291015
1258.2135572082948,458.1346852317593,205.34716391477934,115.43574394328985
1252.8097827646206,451.81348383328793,197.51491990915537,115.3084390134076
1245.7421883812474,456.3024720803222,199.0617991823101,109.33200069227311
1236.841441732412,453.1062219251229,197.89648189043896,106.24913999853632
1244.1347800228843,460.79958282836327,203.6302563296096,98.77295605485338
1228.3234281062557,455.09079285145293,192.3679390344499,102.09663585175895
1221.2116351061723,448.7897559678532,186.52427025997576,104.60485277802218
1224.5755454250439,443.1248667233101,177.95493906275414,106.87721097659977
1226.0701593262575,448.2407005911824,185.16817702084643,98.97510693526505
1217.4159527633092,445.2061715383451,184.45025678076559,97.47372625927147
1236.8934709243658,448.90414338289304,196.52851717931674,93.12736104235483
1200.2163665242479,446.390315473148,198.4859268007242,91.3995533949377
1193.276359517372,439.10026555974616,194.82085237511063,93.79756077058434
1187.820544985838,434.40283726853886,194.93421594517622,93.63320812314193
1179.6453833059547,427.99023879119284,190.70421414903734,96.57699654792057
1185.7876640725165,432.19608811753045,189.9364753116879,93.90246209475052
1185.8518702720335,432.12145546947323,186.70288933055616,94.03233796441236
1179.88613484959,431.74717280415786,186.21755704797445,91.60569374875693
1179.315091276138,423.8541711584344,181.903964135725,95.4020980361866
1181.5704623681047,430.7538672603421,195.8971731737004,86.2672477185418
1175.7133290441107,433.3539522404955,199.07630324514707,82.98690359318039
1162.4405412331287,435.5480232702243,197.65112829278183,80.65224934763667
1179.7408543276192,436.94830408012683,206.2208620589838,75.75649228605499
1157.0550489301759,435.37106904367374,208.6330993854026,74.82884667616803
1162.5362673293737,430.5920423887313,211.78037288067992,73.94725966658146
1144.1303934231776,424.0002811021155,205.3049101163948,79.09745801773897
1137.990915968971,422.49406716957606,204.16420990204568,81.82935668322054
1135.9155129186438,422.42382244313416,208.6219139130531,81.48251185726156
1137.4961017762444,420.89625198711747,218.64289442471335,78.22312838279964
1131.975660194145,414.23617524521853,211.55801328690552,84.26154968095383
1135.6927352400382,415.4215941507557,216.58918608839883,82.6035950515922
1114.842928672726,412.633462743085,209.87808170938428,86.64337946757087
1125.3436618359658,409.4722414695711,220.60885232659413,82.44328197939998
1116.0916129866403,405.77544916696576,216.5738885334681,87.0415065063138
1134.008916623755,389.32967841519695,208.32365414591953,94.02138920556015
1119.6135759180345,400.52779613272764,206.4357230271532,93.23980427240575
1124.0533521644659,396.87394129413457,204.8563989299462,92.4965083520291
1114.923173823618,387.1683562678365,197.34236281087576,98.13486230989552
1101.5754147607038,393.2283722647383,197.0936440625232,97.8116526138905
1162.4652572709745,242.77485517080726,194.32262301814677,106.13785110323883
1125.4752116466807,231.95083110288573,195.95969622377538,106.1081703738664
1124.9622694911966,224.71432164017614,197.90310570377113,104.09576653920917
1156.3122375650375,219.35979731863458,197.60605539532418,103.1704151392866
1080.1944139566772,216.82613435380165,213.09266401023925,95.15788916237365
1141.2596045916578,223.20672977535088,214.0672545083739,94.16190903555443
1105.6987139222965,224.09286509241883,218.17545088033276,92.1088762028471
1094.6316362148523,237.6214325596893,218.78210089548085,92.07875744042757
1112.342504994166,238.35288400958905,218.7822949845364,92.82165744022289
1061.6114557942271,379.49523000163856,213.38398129785736,96.28882554628242
1049.3578753776496,384.7293977127562,201.0468849334468,101.28590772850431
1071.2568758184773,380.21470460338213,194.92949126800488,99.08360118648238
1070.4834090610022,383.98828345427273,193.06401850980052,97.7469518024209
1079.8828474689715,363.4115056214366,189.29771696091748,99.90746894210645
1053.34080645175,378.22290097786833,185.1388445649871,99.31194399517092
1059.4957836106587,380.406540113445,180.42357559405218,97.50725059548773
1071.6400177014502,375.1494088002446,177.85993710818633,96.30245602486964
1058.6115665867574,379.16781729567396,174.54034514639056,91.0063360261671
1053.6613360083043,376.81289864440794,165.6803573762583,91.37571066011662
1064.6168484588745,374.07863418854424,161.59299969714274,89.02320312717008
1057.7868763284457,378.196855551363,161.98962026948277,86.1864243574991
1067.6675447150424,378.9772931279019,166.0842847098004,79.80080991548473
1056.129261699388,383.09862496896557,160.30946365909807,79.00149705746855
1062.3670305656465,383.05754453149507,164.6041865067136,72.41334062985757
1066.3864634180811,380.27073928851064,166.58240370864206,69.35880232569654
1070.8792295803212,376.58972590645715,165.14406623133166,70.34798348909047
1069.5113719275032,381.6094309069567,165.59241867030408,69.60072184273717
1058.327036313132,380.2660062736307,167.40028532067757,66.86511245927628
1047.16555531922,375.053727857956,160.7818843001652,70.4183699328146
1059.7326502525611,380.7750977240072,164.28487875120595,68.30168722376945
1071.8435947884745,368.91170822273307,163.8387977304713,69.23974282804187
1058.5233662967034,376.55880899966263,164.03507133577375,68.63709816983159
1076.1605360573697,379.7661381010125,163.98346659648521,68.66325206508547
1055.7424110385446,371.29719502902833,165.52574140244775,68.27310922271751
1059.3581976857563,376.98213093909817,166.80786812059847,66.23464909761654
1044.5522088501723,370.69599547226807,162.29091119034666,68.14403473806445
1056.1045906196075,377.81705970382893,164.53705746168256,66.26392139160293
1046.8548477228373,370.6695617933889,161.45797397260495,67.23069934353768
1055.1568535953588,353.05504191094724,157.68968487760307,71.05454019765232
1163.6548615902389,231.10594769669223,155.04057426519216,80.0684394309117
1177.1058272238263,222.76572085402856,156.3241440494652,77.44118545850695
1185.0685427405385,222.00239879789956,153.51068558172653,76.93091347640087
1188.056689952616,220.1476412748565,149.17413440666377,76.61164148564099
1181.9710444695952,225.19445567332923,150.93405886904824,73.64757265557466
1180.1098520564383,223.07899404234877,151.7288327736817,72.16140334579721
1184.694337124402,221.84262868455573,150.27852918596562,72.39992681093489
1180.6794653833902,225.68059713706236,152.02699284005578,70.92373426986924
1178.244701203426,225.28899200631633,154.5641576424079,69.3460906975721
1179.2580321226383,223.02116410089593,153.6266362411705,69.7535008930264
1183.7821911859783,225.33235464179575,155.52488743337653,68.97324967809939
1192.1528244973786,220.22017021965718,150.2809025403101,71.49853931872568
1168.941735672817,224.16416223450358,156.6547264426968,69.49334309139056
1173.7658602179101,219.38014891519475,154.50383842761298,71.80150645227043
1116.735619172104,236.5647204241044,171.25729423726176,64.74095455857005
1140.770452081385,224.01754206459208,165.9943688189702,68.73258906437675
1110.9722373503753,229.9690425667693,167.98674976325208,67.08020059399998
1103.2633242991963,228.19293899498075,163.465377347776,69.53060460133028
1061.3355603577052,229.03043542917152,169.45893864421782,68.26745432408447
1058.5406703139065,234.79512130462436,168.5947421170112,69.2500395542915
964.0396640588735,229.631328441833,178.77661407500557,66.45020932950872
1021.06662111844,232.725874696623,175.0799725602392,69.1763242486428
985.9437428165379,226.54587360559577,176.12048079501335,72.08834047145558
1002.9232517556553,231.454793654492,169.30277159618964,74.76910297470431
978.4008268673658,226.94347689036573,172.34318968712876,74.68971863256706
987.297788259267,232.00273427257338,170.96657954429793,74.94368891628628
927.9550081021961,230.03816647543334,182.3652277802375,70.45888087351011
979.4155873540908,225.42806783142174,176.1340560669522,74.32761617968853
944.4852014185799,236.61144925899012,178.984923378173,71.58781463589679
964.8349758130719,232.79948894759573,176.00457034712605,72.02462131382613
976.9146946769155,229.83323526542011,171.2020584872501,72.48901347146047
939.4905077038418,224.81578915868982,179.12163609509992,72.02305080521398
965.8560650780629,231.99439487867642,176.2095871424069,72.23476649259734
980.7709556739217,225.5943430148408,166.39578080293137,77.95010062231331
956.3416630237189,223.00708331642568,170.94666691317292,75.96635513416132
979.0535673000555,232.6543161051418,164.97847435718828,76.64799917417727
