1005.5,890.5,63,188
1008.7298774390109,877.1179869786097,56.18848197560315,199.01592295770192
1012.0294506658282,868.1952753339684,52.3278156065897,207.76520031822133
1014.4878916387204,863.0363666037513,51.26834259508713,215.01705640407374
1014.605031465457,857.347355985223,50.38403418496745,215.6339953077184
1015.934701406764,853.667891236989,50.53354888003982,221.52237574616132
1016.5309723059569,849.0720547910942,49.216243010082835,220.21996473157427
1018.6035761701231,846.9408871979861,49.02843796461203,222.5842582481771
1019.3662880263646,842.1295893591587,48.646107418140694,220.26331365185334
1020.3262866973822,838.0325607798409,47.4563055676261,217.3441856030381
1021.3309347129134,833.0967801837398,47.27398075945719,222.31670305288924
1021.6879657415836,826.7558581567392,47.77955552300358,220.10255757575368
1022.367323361324,824.841900455749,48.0720104726346,214.68284414349995
1025.526425667005,822.1076361774865,46.87599406939415,218.12023434143782
1025.8080251072706,820.2608735175887,47.86405582797522,217.92624297200524
1025.625020327132,821.2286071234832,48.84510664061615,214.9909403988621
1026.6859604138099,817.9865156111738,48.47752482526512,214.10279796438704
1028.092176154427,818.3536763666679,49.26333612698315,216.36465383142465
1030.0887851319376,819.6060742233449,49.194718972545445,215.65315896170682
1032.0700683704542,816.8168948711068,47.72882396227462,215.29256196282677
1032.7457988054439,816.0510990726178,48.08324701640514,211.88087204643642
1035.7399454310903,815.4704699900416,47.289581290111634,209.01724571951993
1036.3856249815626,814.8114605701415,47.83414258436146,205.85651795456778
1040.0733269725058,811.4897273690766,47.73351204333341,211.33387665952003
1041.1786227874936,809.9925471263871,49.26283156298502,208.83825108179866
1042.5664202502544,815.5951930836412,50.116384061328766,207.85411359004283
1043.4453448006566,810.854119985196,49.50797150691379,206.19081250035424
1047.0485836746736,808.6815590811029,49.03891689393374,210.52138529942266
1047.827825995721,810.2920921011678,50.45805356971657,209.3808037790722
1050.8155565182947,808.4682257993668,49.66742924430084,212.87621843311234
1052.7858971083838,808.6251069792585,50.61028888717237,212.72561616255825
1054.4099238625804,809.550924937623,51.115449000125636,211.94670435869682
1056.2154908153339,809.7454601229595,50.681945808044624,210.59515650404683
1057.699763840279,807.9302755946276,51.35216761546168,206.23465919078797
1060.7001610114582,809.5444736368707,50.09375070045246,205.86953687454002
1061.7487912579516,810.506157354924,51.27468346983224,201.59501914461202
1065.16042949832,809.0604816315708,49.270264923095795,203.36883906479068
1067.0381625083933,810.2978882515378,49.71781051592632,200.79653364134145
1069.2252178977283,807.6770687497286,50.07345192241682,198.48486353254498
1071.4539849241303,804.1925669639678,49.439584288532416,204.77344230872637
1073.7056882359193,802.046271011466,49.85502098931326,207.94535836100587
1075.2123346671697,804.8796274007639,50.803785792875516,206.09377092098623
1078.9183701449713,804.1741294770085,49.12357304804799,206.14327050847243
1081.3615278949499,805.0631942835789,48.88260376317659,205.2921155153996
1084.1780025249877,802.5250454917608,48.483893337804986,203.09725854211143
1085.7054945116079,801.5810220775587,49.846186875218855,206.88328910316793
1088.7755805725517,802.4272929591045,49.838255818468355,206.2639523912291
1090.5404207344545,802.5641219608651,49.795193776630796,209.27722507109672
1093.932624486806,799.7367291750438,49.16487629703338,206.72078217678802
1094.9286621702634,797.7725882716837,49.69844116489177,203.73597796727455
1098.5132791848016,799.4534409238554,48.311553474380204,205.5415419711432
1100.043139762835,799.7334263098896,49.42820269009273,208.61082524169439
1101.402388840268,796.1221623167822,49.60401603437843,206.94560228316496
1102.4037916369352,799.3719582466777,50.106887473367586,211.80658667763976
1105.700834133941,796.6484035637455,48.90287499584852,209.40111047147798
1107.64398568134,797.933829620168,49.89465969216939,206.51854287096876
1108.9048990984181,800.805694483086,50.08216020399949,208.91972178683653
1109.9340753412528,798.3615231670651,50.08276185861521,205.6766417361564
1112.0819391009438,799.3037001635655,49.63007053342573,203.2833058903563
1114.361776938793,797.8870886994974,48.69050560383248,200.56519317540773
1116.7842112618846,794.7613938073307,47.99046598757752,201.9107677625196
1117.2666696107183,790.8027405963472,48.72366445688178,199.91079452252035
1118.9206157828908,791.4355500242623,48.016344423352024,201.58211986806987
1120.339382172758,793.3592284701685,48.58289339768557,196.97768528697003
1120.4351517359614,793.7867270242753,49.31103103379546,193.19094142733212
1122.0868981549265,792.3705740817369,48.348471005095504,195.99514454369637
1123.0368627054436,791.340882413271,48.1556038258029,195.19597068488434
1125.3334093983979,792.4491362226025,47.70695547649468,191.5385816515588
1125.4788183631188,791.301647951147,48.58622301703146,189.01483672213266
1127.366952282692,793.2626026242613,48.26922361488359,186.7347890506162
1128.397664144563,791.4386020381385,47.36659619519123,188.27665684357214
1129.7799187869512,789.7080514866304,46.90878743573554,189.40515491946
1131.018695850255,790.2497105779664,47.020182889884666,189.61005802576392
1131.4426898965137,788.0448812690402,47.28951345720064,191.10304459136802
1131.6504827607737,788.8446830257712,47.942325692616485,186.79435785643142
1131.8158267781782,789.9753219862014,48.366215070877054,185.28001610101055
1132.5201233056612,790.0092584445723,48.43261246261811,182.4936787254706
1133.9563208383156,789.51982409031,46.84845006822525,183.75755651240323
1134.1059187584353,789.3034488594371,47.53467430337736,183.70410228716798
1134.8163201733619,790.5794222344324,47.43736056062757,184.47469156575008
1134.1799389874461,788.9986905263839,48.3712454705248,181.91514795279022
1134.114101588164,788.7414420144304,48.95998871227874,182.39518147059627
1135.0761275923242,789.3645697410811,48.85581561156367,183.57878927316085
1135.5194889683953,788.3409365520406,48.21752019509651,194.54146881613994
1136.4136962680764,787.8689777637305,49.08135586031658,190.37431746064524
1138.2294718003823,784.1606918043348,48.123886807250756,188.3400416983795
1138.9314314489682,784.2271888307187,47.7751927320458,184.81159414727748
1139.1841218579445,785.1286295965158,47.111729981525485,187.93972594974292
1138.964092887307,785.0490274635536,47.317190068998826,187.93690260026767
1139.4871093684126,784.0730187551123,46.69667288604927,192.043785897137
1139.3849398558739,786.1184560074051,47.9245076659021,200.67201336478814
1139.0154976861616,784.7530412086685,49.654814476773176,202.96825596054975
1138.1968678017208,784.6461229137933,50.70162347738591,205.1931305715521
1136.9278886452714,785.6700349821931,52.109708476757206,208.83020066020214
1136.461693229781,785.1117949559526,53.68833449448097,209.4158483377244
1135.4402402667108,786.0408656646406,53.83046592285373,208.18651134541116
1134.2164988401826,788.2250392495848,55.27523307027313,206.56433611828072
1133.5028028154015,791.2819739424629,55.95396535077193,208.023864682819
1132.9943276239271,790.9081538529642,56.548304914042305,205.86287635659485
1131.8374910635723,791.5752961463252,57.10940852189363,209.64622516936868
1131.5409202404878,791.8612926838548,57.053483351484346,209.03350765811123
1130.4330467118925,791.0865747821384,57.00301616857321,213.19702594581187
1129.6041120109878,786.103797923915,55.53692914862012,219.37978151278253
1128.8434894787827,786.6110595411909,55.19005922463163,220.85966743898672
1129.2271969940969,789.6547195295216,53.18695045169031,219.87101257217213
1128.6590859866906,790.8565669774182,54.101202847886725,215.51884001997473
1127.0995475951256,792.546473370823,54.588829917726336,209.39530827820232
1125.340966791203,793.3171768512857,56.80022556197346,207.51773937605438
1126.0049846763998,793.7891889660364,55.10133662041247,209.38008786920514
1125.3878191764582,795.0066377283704,55.743533865863775,211.12560504003065
1122.2971633051814,796.6588597521041,57.66458927072338,210.38209256746677
1120.3268605170626,797.3957873388579,57.39161233990314,209.67997802561354
1118.0788077299862,800.0513731858913,55.35621415608466,212.5516432938495
1113.9653326289288,797.055043053005,56.12605608025328,215.1554084634017
1109.460285416868,796.9526613497586,57.80252576471347,212.3812832247345
1107.0907288803755,797.2007520948368,55.12284786961631,209.27000221705129
1104.9259010379815,799.649688710546,51.315060699756714,201.5245585526267
1102.9432031780407,802.3987770165496,49.08580661618048,193.79800647977748
1103.3563798097873,802.8625938099187,45.90753946980231,196.25112695324495
1102.2129481809452,803.0857816706691,45.19364626928313,195.71393773142358
1098.5016251355914,803.45975066157,44.43990579321732,192.48794812842746
1096.1737489215445,803.7469538119158,43.874776213259985,185.94990707709843
1093.9593135890077,803.7862351077362,44.432801533660744,188.13289768446288
1091.7576588588065,808.484767770254,45.90688457206065,193.31488330333968
1091.6065228255882,805.1099547681474,48.30816120479503,198.11247440182973
1090.8529168358764,802.9201612877919,49.555128120353885,205.79049324232756
1086.91933734463,800.7946720729085,53.478384737354595,207.0595658432411
1083.6744785400724,801.066858094902,56.96219364029196,207.98445341676077
1080.2789891540015,805.5535889833822,59.32675054956336,215.58221176744428
1076.2034198835518,804.591577352488,61.71464426033171,216.53441310090994
1074.2446470880689,805.2428187437123,60.18214313084657,222.68855159129785
1070.808323647984,806.7908197796943,58.74185169833581,226.65889465683384
1067.5860907643014,801.9025266328189,58.791386096833385,231.0045372103791
1062.6898894546132,797.0629217916342,61.51701132732224,230.7158111050195
1060.306101748382,792.3538450646134,61.703679952947176,231.952485428726
1057.296185968195,786.6819275848751,59.21810601501956,233.38271465409292
1052.8774821831646,781.5526620799219,57.97157391998937,233.0921600261031
1050.5974038466636,776.6688594869001,59.868243125921445,235.70835224649028
1044.9416208954065,780.6173571256055,63.72142245925368,237.83366534814928
1047.0623177291193,775.2474150007858,64.21401388906706,242.46952032150054
1046.8113842747612,772.8515945440042,64.17363315442638,246.87663041547864
1045.3072551216026,775.8617728722211,63.917013048476505,249.95037194135725
1046.1203938178141,769.7695849385618,64.46850610179439,254.09556668601692
1041.8239180334695,768.4136219695674,66.18326370767909,255.8866410333812
1039.2618842950137,769.5107513648038,66.30597726510858,260.47988533091063
1039.353788713344,762.9532557196535,65.38139260386833,263.0111196432182
1037.0245634218159,763.7508354584431,65.3440835004236,260.8161280635046
1032.404550310385,761.206289430642,64.4390051661305,263.0221631735592
1031.0386108056366,760.8918746594914,66.04300128363023,260.1057542892596
1028.5366399594986,757.4560138469783,66.04521616236178,261.74834237545167
1025.1766297661884,764.1731862942447,68.93103523954835,253.7394695477612
1025.9105435902327,759.0899832047479,68.42869447582856,249.7532776071601
1024.8331606271965,754.813835546671,67.3247100149679,252.246369224822
1024.3037609050111,752.0969177248699,68.66090339918645,246.95555318702674
1023.5163385001101,749.5932847045314,66.81800970979941,249.98640773675316
1020.9861688901864,750.4986407498961,70.65908523599063,244.20719366056608
1019.1485558302456,754.6926761209899,72.64518853466188,241.03656216457188
1017.710928819892,754.7479510645683,69.17187249731452,235.45073014818593
1018.4188258591414,756.1829101054605,67.0860973963368,227.8626358517596
1018.5957954338584,755.6887587146963,64.52655604610545,217.44900398643267
1018.9304820429855,756.4091244841104,62.73825419884783,217.10603753275484
1019.2523823161217,756.6924255175811,60.525693925490756,219.79924735357375
1018.378117263649,755.5728506708779,61.58688086027425,220.50418338156737
1018.9308343643814,755.5650688644632,61.33868281820811,217.22371493965295
1019.4347531202905,749.9717101662206,59.516692831870884,210.1613738794704
1020.2946015657226,749.2557823546351,56.13412880248828,208.1309086894567
1017.0647068837106,750.1932424172123,59.29571543890591,200.89120330721641
1016.3844362846089,750.5255117482757,59.19442295702619,198.0014541931278
1013.7969030707403,752.394235089441,61.35834807181912,193.30855289097667
1012.5661982016941,748.5380139744364,61.05001953859535,191.6203160381549
1011.2427120400544,747.1804800915465,59.4185631477377,192.8520991769334
1009.3824390073661,745.1437872471824,60.933816692209994,191.6838337447606
1008.6698791193585,744.3376130921014,59.85833675975266,186.406754696807
1010.9718774561768,742.7335579947494,59.24964455239977,185.00936615678657
1010.1774086308649,740.0692396972493,55.58735160933922,190.59772058523242
1011.161785482129,739.7566061827936,58.27590224314977,184.1176460075438
1010.2970518250248,737.355583830384,58.6303195955532,180.1067900383684
1011.6991561371995,738.2578632939919,55.442187604611604,182.65210332151548
1012.1888045964704,739.932877162002,54.30353764600525,175.22104439311715
1012.4114439127179,734.8697735396531,54.18848862708235,176.36231093113855
1015.1321722176641,734.783404725386,51.682662475134435,176.4892005401876
1016.6073017041531,733.4917993682615,48.449214942423225,181.42100903235195
1016.3366445192262,733.2286100909002,47.848240678374225,182.6610547909703
1015.5630952615236,729.0176213608943,50.053763590408735,182.7099304571913
1016.2422508875118,726.418971047611,51.635821651775146,187.6552758630363
1018.1869046057448,726.503336757118,51.21349282840366,188.6062777017936
1019.6949222339032,720.32005772932,53.31925640483249,191.41516428441102
1018.9486845399856,714.7913260722562,56.76563119674843,189.78760412360498
1018.4417836368658,716.1015973332558,57.08599403827951,190.6117550469064
1019.3332357682453,713.7636922234763,55.947884873823696,192.64145363306386
1020.4448144109489,711.3381283795054,57.01685064135076,188.76757345596297
1021.5333789284533,710.9657134068457,57.77860391552505,186.72825165676397
1021.1677290489844,710.8283698684238,57.844569988512994,185.7428806885876
1024.428736748411,706.3915728476583,56.65129735374933,190.0720423972229
1025.3662552684639,702.5411531492266,55.724838029773466,191.75124869871405
1023.0350485539377,700.1248047832456,55.263675105097356,192.25072620223563
1026.645336583849,695.210034662266,52.365189925295496,197.61621913995415
1028.3711463636405,693.7305463417924,50.92632998978178,198.5392184045785
1027.7723243803446,694.441415283902,50.743842395703524,194.37313262695102
1027.609776027135,695.4305965252512,52.420060112494546,191.49744605048699
1030.5300637882424,691.5820905430303,50.81901601760164,192.2365806685872
1032.8839766863366,688.6652931175711,48.56174765375792,195.22876263977426
1032.1774521871548,687.0740320414178,48.68005418364609,193.315601138521
1031.8103930287562,689.9852679703379,48.008420089164375,193.96282771204196
1031.412223164061,688.2687034880258,48.176939742333126,195.2547616816702
1032.3590694867282,689.8967112283773,48.09531765357264,188.88465374811443
1030.1294203453706,690.6311676021407,48.527094262566294,184.65202648830035
1028.4799995792678,691.1994901658489,49.32640569113195,181.24855068663786
1029.4099668769602,690.9296899851688,49.65842195750723,178.0489477323194
1028.5367943561866,692.6200776009632,51.52307344524649,174.69486758304777
1026.4058581139168,694.1676925224266,52.24428875933822,172.93093100341815
1028.189313004064,693.4580517829658,51.26430882974476,171.92437603156117
1029.4871411248607,693.4056442255844,49.786069125090734,171.25714738496032
1030.289279419654,692.9002442245533,49.937748416531825,169.26085151970844
1030.5094552874946,691.0877088141679,49.869056057827066,168.77270537449246
1031.4017558083744,688.8226590062244,47.15094378653535,173.32775592352004
1031.343525372312,688.3829919756276,46.79275157728466,172.96359190639748
1029.7367744736803,681.7530842609849,48.643585931975174,170.97309482621046
1027.987809179854,685.254180264775,49.183943601837925,170.68871573626055
1027.1257187779981,682.6353213543775,48.996746598766904,170.8550190491869
1026.6692431910956,679.5449364786332,49.41913768960189,172.77900356544762
1025.439790231808,683.3031916728487,50.22719631184157,172.06895817918013
1026.6676554422768,680.2751243979781,49.91223629367144,174.3001048800523
1025.0530104218788,680.9257031357236,50.84972201477353,168.47943859762506
1025.6637698130157,680.7859969577074,50.51167363112193,162.06235712153276
1023.4241642676217,680.6194573452195,52.14250926374575,155.02973060093632
1022.0708102595769,680.334121858104,51.71291198582791,151.22933296263489
1022.8706253085592,679.9905593051649,50.62151873772942,146.89061667838462
1023.9208440519255,676.4984426611741,49.25915179853385,151.7947603189023
1024.656716927642,673.2655611213008,47.79090714215498,158.0093817810564
1026.0136695844265,673.3574443447534,46.38930287318832,158.35849874738165
1026.4525398959397,671.1782132383066,46.01737595340589,157.48928764703794
1026.5132588388333,671.5128307825553,46.67424173185306,157.09747098563605
1029.0214411684235,671.3027641367923,45.01788457880225,158.6986383003741
1029.6804673884262,671.7943977593242,43.51468755625021,156.49006806658866
1030.3901598348598,670.4428505496065,43.14754379033975,153.87478254956227
1031.9033451429955,674.2784575498022,42.0032933720838,151.9099274466315
1031.9191149656194,675.6862043284817,42.50872938516437,149.36400396464688
1030.6101225394727,675.7449026973875,43.638588384752474,145.89809227672606
1031.4912658926705,679.512659790269,43.92789055832803,144.91253204744618
1030.3592732983154,676.6034463503925,45.89757701421078,143.2978886692827
1029.298589392057,677.309907181627,46.18776756808606,139.1285751809544
1029.1681749154243,676.6735538216607,46.888476978105956,141.24930122831802
1027.5248672557532,671.6652573805,48.067785331988475,142.98767426899244
1027.8113328631277,670.7125887527629,47.44456719022114,142.77677929168806
1026.4335372046298,670.0710221911977,47.92408054912567,143.3413968461708
1026.1626848683356,669.6106109368455,48.620680369203896,143.32949684264645
1025.2257449563267,668.6874686241595,49.56348201578918,143.69645062186885
1024.539858010951,668.6142697532409,49.68953420085324,144.50611549812191
1025.5830694249357,663.5893446488099,47.74218347438974,147.9963767164603
1025.7984068522303,660.6002332777782,45.94777341710579,151.63537384514692
1026.860065954562,662.3110858087917,43.897898199758316,154.29595547362257
1027.78227446552,659.5050832607426,42.50244923813045,157.90062577369977
1025.7243712782063,656.7740174116517,44.59533902255616,157.6604358858965
1024.608567214562,655.8025478385424,44.01491538344277,155.69812490199897
1025.2136635068405,655.2130450647037,41.89674037010181,156.43489223533797
1024.6151219882352,654.5626036055958,42.206574330993234,156.66001071283046
1025.049881831861,649.6495224125896,42.37465863711116,159.3269729867298
1023.0002247314657,647.4750079683606,43.72834966770584,161.7393191889563
1022.2283130703906,646.7947942511094,43.769363140984815,164.66112408877837
1019.5301797573513,647.4372288629295,45.89201072948629,162.63341949114525
1017.8092820397117,647.4402616706328,47.21239333433735,160.47725676156367
1016.4169841628786,644.3934126090742,48.213641073713546,156.6953734336438
1016.3381903572996,642.9270127521418,47.72198007197611,157.24399922200712
1014.7378742814974,642.2755034269935,48.49764383481312,154.7015547155546
1016.5417102958222,641.1607480822341,46.25298203356904,156.6752493375027
1017.3246592099075,641.4100516540976,44.7472681446673,156.4445509592901
1016.6668574970147,640.8174239362943,45.10721070992031,155.27805754251997
1016.8158708714946,640.3794267946569,43.749409773634376,153.61961178273157
1016.9374078394583,640.8585179554286,43.60833215207737,151.57008647796744
1013.7612759768342,640.2325464859822,45.666294195078066,148.9990397233956
1012.4456331559721,641.2009308092074,44.87141799820497,147.65270410947238
1010.5494912052253,639.6729642611679,45.69527318136729,146.010839602582
1008.663412776477,639.5964447053288,44.11913827603317,146.14619414733738
1008.2073710125801,639.4786453724373,42.534510530188484,146.1948726342346
1005.9369682483634,636.16781304271,44.29100846652324,146.3856103390744
1003.4767756422286,628.404187464756,44.580981453583775,148.6688894802031
1000.8086489716379,630.7664890378996,43.051210286673864,149.04086837908616
999.7306367604878,630.9590819067729,41.95765020285101,146.80571013770935
996.3196460867833,628.294439004,42.92196847567833,145.4671219214307
994.0636348367141,619.2115446595596,42.41832780817442,151.915297332533
990.1446158106021,617.8167361081594,41.06265532087454,156.0742338529831
985.8544032069474,614.8395762301657,41.59449708570612,159.53555731329917
981.9417886862951,609.2627032265132,42.395441223126994,163.81460061739864
980.2625308606957,608.8931698567025,43.77549209300966,163.54565016509807
975.9182069004785,611.0671430974713,45.29108194816525,161.52255338938693
970.8288256671161,610.7419257975906,48.14737450584231,158.45018454229754
970.5593479578102,610.8484629514433,47.408676084085215,158.64800941432864
965.1834202891215,615.6383608489115,48.459153863062284,156.95261231022556
960.8318591724931,614.6829684352356,49.28259578592244,154.80359186583405
957.6728611599534,620.8132730188611,48.807320768251,153.93774573465168
957.122539191247,620.5704624329569,45.65199825380938,155.82548430933423
949.5244785271944,621.52050933058,46.70803379742752,152.70034595781712
944.5808326374117,621.0353928161766,48.694844362112555,150.33785876022608
940.609766520638,621.6678585607347,48.973599809178495,147.38099219714124
933.9544416572337,626.3063318540625,50.19581186266986,140.49152099738944
932.9408771556709,623.4239101366625,49.61223371916813,140.18565854826744
927.5678367649552,626.5150723085663,48.91811578831222,134.5745801314492
928.3584364925124,624.6538890798874,48.054102555403645,133.85545122345863
927.3453329541971,622.2957553025332,45.52846970604648,135.62533422496404
927.0643484560376,621.7672250474398,42.78825379625163,139.3494104065266
927.1422308705353,620.7025637413744,39.055449842308434,143.81260006112507
924.1900617740987,619.9901136264073,38.81180087681889,143.0730710613126
921.5350657643874,619.089644020962,37.1475014007401,144.2300313501227
918.0572813092036,616.4271586843792,35.51770183464123,145.13335373951313
913.7850010623646,617.2764290627678,36.732128743844804,142.57378733260322
910.1421632385546,617.4441213149713,35.35722058747111,146.96205079579525
906.5118975581246,617.0675255119894,34.69536006878269,147.60843848089297
903.0898072859826,617.3647041869498,34.51043569967187,146.89813919627838
898.8313838609333,619.9846222302938,34.095956456919275,141.72584198790392
894.3521979279492,621.01026961757,34.06206589258933,138.32996989104288
889.2228075147447,621.5302779241258,35.03707824503956,135.37946097166832
884.6320208540646,621.5752016200181,35.070695128545935,135.1026044746539
880.2904413744898,620.9477256472227,35.3468131665644,135.77567559305095
877.4473928309507,621.786803063672,36.52045489168015,135.0666843648028
873.9030851552284,623.8405990724976,35.98723050814047,137.47322710911385
870.3081371727991,624.7650791948433,36.37370930535897,135.1129424242268
867.4072951212848,626.0112413592956,36.1098344406649,134.7031460085072
861.9759653908754,627.3651509312624,38.29469390911467,133.5112032496014
856.3388448463937,627.7227820953561,40.72417727528384,134.27460821289523
850.3968938795249,625.9727666762897,41.79926344087863,135.60986869503625
845.4306596280916,624.5958242827102,44.587932016542084,136.04238136639373
839.9401892176538,623.1023943941594,45.84388015399117,138.43344332559357
837.1429978244687,622.7343496148003,46.55283184483584,140.8474105100132
835.1739026152774,621.2697849997542,46.45909727464874,144.22092358260508
831.2285832877816,628.8579128331181,47.46772393818387,144.17954729932018
826.6721977873408,629.5302505687658,48.85162238937991,141.12914919702283
826.8661453456406,628.4994907660029,45.660873416206954,143.62947630446743
824.3148374210201,627.6799770740995,44.70884977150605,145.23326677723406
821.0286610858843,628.2295956807548,45.69521273219368,144.389120270023
818.8114056809502,630.0141952366857,44.55817246978016,143.6146933314616
814.8205906924369,628.8429579379549,44.97427584445609,144.1691896747568
812.3855256848315,630.3660007329132,45.53203722471222,140.56959106325917
809.3920856404842,630.3512387681745,46.65090582013314,139.3057530504146
805.9403811541644,630.3236790540599,47.74526684889062,134.90446920641756
805.6566849383045,629.3930624669334,46.327664902349326,134.03627142672536
804.9303142127752,630.5780486385049,44.7610075045059,136.8595723790576
804.5422787261899,628.9236049112911,43.71310460902176,139.20758948634662
804.0964270025216,626.2038605890494,42.69998825337639,141.96298435249088
802.979423785118,628.0410360687112,42.41477794057702,141.00775289039262
801.3341467068203,629.3662167365451,42.68975211476538,139.51846659769183
799.4218747573522,629.2911632942421,41.629619826349796,138.93844601502144
799.5247781761502,629.2473923956958,40.11074105110426,141.75406409851306
796.760577003077,628.9830532446691,40.46675681273041,142.97481536307927
796.9363773030846,628.8193016950158,40.330935897126686,143.86614720759698
794.9040812531193,628.1303163190152,41.91798988918682,145.9482727252352
793.3928566096557,629.1139013776043,42.50355863218467,146.3430821231679
791.8232019599685,628.6011857362276,43.38627818797363,146.71439637594307
790.2575949870724,630.5519129297151,43.27700339345377,144.73496415749983
790.0930396457868,631.2200945381669,42.61166762945429,143.77351976738197
789.0718824557381,632.9073705065551,41.96393237708542,143.15635059635116
786.2374280179796,633.2971475370066,43.96916380334241,141.1001382899306
784.5611720630294,630.6110610015147,45.18599268524771,141.2062485989864
784.2202631589887,630.5390534130214,45.70762233466545,139.39938828532303
784.2874692081587,629.7680584785423,45.094503576879404,139.78991528469135
784.3875773386898,626.6038808038682,44.67021960868403,141.09714629606572
784.3644987137232,627.3214862939117,44.569960845933636,141.52414696925575
784.6541251837257,626.8706590754198,44.26050065952429,142.7788007663911
786.356915457213,628.885608765165,43.39078014746552,141.19423244641663
787.9161762285665,633.1733241381484,41.9162303593712,137.9324671590475
791.8996342539277,631.0565303218631,39.57542706047147,136.8926470300095
795.2174615233821,632.0864134062452,39.42659149798414,136.58257347941546
799.095941804422,634.232505967532,38.81136126601962,136.5121895796559
801.006381285634,635.2636240276523,38.57118160124711,135.27749496562072
806.1726602906483,635.4446698988188,36.38246074055472,131.39648555036445
809.5129688259135,635.2757015776974,36.246772865931504,128.96044902124055
813.8652523503382,636.5338332422704,35.49443454759995,128.75412003563406
817.6282620256247,634.5655257065379,34.582751578971795,128.15156548546244
821.2299654889453,636.8885428564811,34.459500285782866,127.0391705032049
823.6982572999799,634.2375353329993,34.20620807437719,126.85019933575808
826.4187149335771,632.5734319406254,34.81977459221423,131.8770915652155
829.3982604991006,630.7030520603041,35.03329096692782,135.10369051048815
832.8189244471081,631.1294985788228,35.30447800336521,136.65260946997802
835.8472611859797,630.764076651653,35.64863852374527,137.73272366134236
838.5077098578419,631.9180428419517,36.14008907554101,136.08664161045704
841.934887276813,630.7782704792025,35.00161524671546,134.36877442066708
845.4092620654698,630.9880000058371,34.393867556023196,135.1095099852977
848.7307950547514,631.9553692930091,34.877406150082834,134.5884057848009
851.0172934776341,631.0692344877837,35.32045454334009,136.668219990095
854.7393043659337,631.0436720859133,34.34956358855914,135.63401105947054
857.9880252890002,632.3987439480428,35.07869220226942,136.2177329615265
860.8913352951981,632.1799729976927,36.87669370992919,137.1244687498818
863.8148594075672,627.9990570294797,38.47518627812229,134.8484875347355
862.7856366475443,628.4571609718148,38.72046598835222,137.56431727141216
866.9072697366726,626.038554408261,37.322235640256785,135.10093074147056
870.4739950737558,625.8270696485589,36.91788454005665,137.61990125342828
873.7299475383986,624.8699248660574,36.221761280693784,138.3934534779433
877.2906851002024,622.3394936745331,36.5322999088896,139.81501874983067
880.6417478314258,620.355889657147,37.29657676285417,141.1475726603416
882.9255005968446,619.551339821463,37.390494150802375,141.01462597349064
885.5919663065456,619.065036979254,37.3618325288192,139.14956437089842
888.0178506756823,620.4709064764318,36.588562436795094,137.9752041755945
892.6941352784684,618.448146909046,35.511352670639965,140.5880023847259
895.3858142109992,617.2278416630273,34.826406852706796,141.0921009276132
898.7053223448552,614.6825383735843,34.01954276650752,136.02771005681336
904.0186404963667,618.3333379393147,33.406323811268706,133.9139598266418
905.831239515601,617.9498913947027,34.11687478941581,133.9138514523816
909.3233793181967,619.1559357571764,33.53556710117596,131.52536843813746
912.8143640757161,620.5035292087694,32.682188026114716,130.62121712943517
917.4282591314685,619.5028625352002,32.17601422084826,130.63143323399413
920.5978949626133,616.6927234610959,32.223805369189385,130.5286773458875
924.4934009569321,616.6616081033012,31.034823032984846,127.82535982679752
928.8896288332638,614.3348408965614,30.013480102301223,125.82653993722619
933.9573846806078,613.9652284222859,28.53777840932929,130.21328539026905
936.7300138153616,615.4410018953564,29.17307554742004,123.90185987215432
942.1987215906081,616.4590067274805,28.796426866727984,126.1508235144562
944.8592609396466,617.1670191595831,31.102187614977638,120.47858032098478
946.6123408369372,615.2737798290152,32.37813624613918,126.29130425191174
948.1901784879398,613.4018136080724,34.83323074614093,129.3113031102218
951.6197938188791,614.5399270311224,35.493871656319484,137.74289885869592
951.0544084559266,611.7628005497053,39.15231128107201,137.61450251105225
953.9352856227906,617.1441085896524,42.00034826416173,140.94296863141594
955.5508089129518,614.1406538616332,44.148903236451574,144.4319219430842
954.9478566694188,615.099291085001,50.21814961893271,142.08758160031815
957.0275708042196,620.2470706956483,53.57943774262796,143.2913322557261
959.875720234798,624.1467237055421,53.61966178471302,145.03895026740972
964.9852113516595,628.4601654970618,54.814215585657806,148.1458240754182
971.2734710809987,631.4449591254315,54.14684960558573,148.76160314378728
971.9362367546693,627.3651278309762,50.44255822097496,150.86895112039468
976.8978311131657,624.0977511284145,47.09972685977837,150.92455947353653
980.6132951887536,619.6864290183802,44.826723210047334,155.05563649921118
985.1543447869099,623.6397652353023,43.71505886047357,158.26294653446723
979.3893374390051,617.2195407064403,47.68815658852144,150.955425721979
987.2444203175216,616.1414590243868,48.278252865667284,154.27802920534631
984.6934024998443,616.4742269102519,51.93293328468437,149.48730854676194
987.3017186330862,619.3891494110028,53.558165643785514,151.0644923649011
986.9152533895092,619.0635528921096,58.20065413494259,144.72326242578646
990.446457759362,622.0339241600722,57.37573483714053,143.57885163485392
997.3199963132982,621.3978987610888,52.662673486562724,144.1993329936293
1001.3164098335288,619.1496405256714,47.69951082345665,141.5951778189977
1006.705087629501,620.2580300737163,42.8524545595718,141.90028187792973
1010.4106600424788,617.2555280916298,39.24853322711185,141.86723001302056
1013.8715413683445,618.6264789811821,37.36365024346302,140.6144818146089
1015.5363413164466,615.9147110719887,35.47682789145341,140.39338736617594
1016.9602361332568,617.8418849577088,34.81284755812749,140.1311920186992
1019.2246249261061,613.5240605424203,33.2988398960052,137.46652986659697
1020.6841851894658,620.4453574645414,33.376443738085634,134.6967170377713
1022.143322976383,617.5771662643622,32.5728932037812,133.810355225954
1023.3086532830569,612.6361947159437,31.547567658139105,129.71192844632745
1024.5590697313994,613.3992607488431,31.130904915739006,130.01530496395537
1025.5809178775346,610.2595520652164,30.99495689007166,125.8335039812788
1025.2377074263031,610.6052953854746,31.327041256993347,128.6853377945679
1026.183615653709,608.7360345506388,31.141742750996478,128.09955069209954
1025.7433476615743,611.1123630301621,31.77865800214812,132.89746067838902
1025.0951598390184,613.6851946262444,33.28703710927897,134.80473330225618
1023.7489860571416,615.4352173978353,37.25554685307956,132.8655155790349
1021.6682110115872,616.5746439973791,38.74370632957306,134.0331426976909
1018.1239294998974,618.3685831759503,42.822374923962194,134.06832406161735
1014.2564984837448,619.085315597353,43.89825205046262,136.7409006038605
1010.9636151999465,622.766326997029,45.0634412091665,140.23816772476323
1011.4730775685822,621.0102371920391,45.8338412087894,140.85222169268445
1009.2735237265995,620.314310633136,43.22228904965326,145.24529537228003
1008.3125600769666,619.1194836108442,42.922790794216574,146.16703068509804
1008.3952266808826,620.2567191793555,43.40097797464973,148.11962344881533
1006.6063912621677,618.8164040334025,43.32091942495862,147.26689144673773
1005.7424406528938,621.8381410155328,42.65243477776735,150.49176816455758
1002.1260748403433,619.6695513293416,43.20259020313097,146.3752666611544
1002.9757224543459,613.5351848511391,40.96557215154644,147.42389733974983
1000.5353879570687,614.5597467821698,42.3168592891914,146.56113440370314
998.8595822393451,614.4483025267928,43.477454347070854,148.03992137961274
996.8671611357186,614.5327534631423,45.68925987454266,148.20954115022982
993.4174461440218,615.755328694285,46.4396510340794,146.50912792867317
993.758515079701,615.2414742678038,44.44987902693319,149.5899211872338
993.2414697029893,615.7965217779814,42.48840129540451,149.10700091683447
991.0629027008948,616.9367826469795,42.5902883504158,147.15476907166672
990.4497885591618,619.3337483885298,40.74106512354921,141.2106406469032
988.7718718745024,618.8167456962228,39.34645327833489,137.1524630036296
989.6303725070591,620.9256732876796,37.019073596416355,137.12087630694705
987.9492042858243,620.1944778493505,36.72994434420022,132.09760668372505
986.7557629674093,621.6325893095708,36.540934086594724,131.66444448583374
985.5445033624818,623.5300161170593,37.01449766908693,130.83713138081754
983.785194218496,626.7537121832474,37.52181862510102,129.44689721196784
981.817999019506,626.8839698326733,36.93860212429017,126.13608599972045
981.2620825966454,629.1236192874276,36.925587918213054,130.46616944030646
980.0534661998063,629.9954756190082,37.35432327791303,133.71500894477833
978.3656683892724,631.2769646518127,37.16948801905583,132.92834621714903
977.0176775010907,630.3962351235352,37.35522815357698,135.731440394668
975.1482783054047,635.4940779023199,38.196607171181725,136.58251456886586
973.5378041971846,634.3411066481527,39.84513908546726,140.38984502363834
972.3449764120988,635.0724461135185,39.98422501031292,141.1354019564675
969.2147456860414,632.3241745052482,41.91648322736182,145.07379680129662
965.7750387479907,635.3495597526991,44.36941292062197,149.5472809421401
963.2178476450604,635.4646016840231,45.79094695388099,153.0766085509398
960.5132354981629,640.0831363714626,46.560694234967535,156.0049804032279
956.0551961931935,639.6101613187724,48.84024776751705,151.12781687856437
954.4434356154678,641.3392746569342,48.633900804389,151.60686984803755
952.8873331704131,641.5961010053943,46.15715514391073,152.74102368548543
952.1318843590177,642.0658793682353,44.07791683893768,159.35041833537085
949.5128981109389,641.5965732411682,45.591666189810034,158.1193202331866
947.7969942092045,642.4853170981568,45.36299037254156,158.07738936126407
945.6638855809023,642.5038552547389,45.86776534916039,159.4596749745449
941.0238698805732,642.1628219562348,47.90281541642183,158.9352752008263
943.2489404887806,643.8324243053803,46.12663921072708,159.5875523821152
941.8201869859552,645.9102027890739,45.3334286111158,164.46645985437846
941.780859172902,645.4098450154512,43.90924699476287,162.38470471410324
942.3267396993979,645.4924267524059,41.31636981003972,167.2017875881619
940.0518472123338,649.7608956930393,40.346331617019565,168.39664916185077
938.101006723512,647.3687179014133,38.8696844399671,161.2915855895248
936.7684301442364,646.6204969003629,37.60597051370917,152.9995075237966
937.8824001592325,649.4864935136901,36.066514930988646,155.9293685624663
936.9208419282854,664.2742394236967,35.583349820921306,158.29038412095332
935.3992770720831,661.4672513555493,36.55579276896029,163.43703307427654
931.0571449641076,659.5246487256176,37.88835644617413,165.00690189036717
929.3831225664203,665.7795834863966,37.85239924789878,170.38062074609348
925.6942601920161,653.9557194011423,39.82980782915648,171.76431597971464
923.8581277315781,658.2884238077274,42.10665969969671,167.03793783897984
920.6948073504095,658.470548084983,42.68423314795539,161.24485501769584
918.7085578060712,659.219225034454,42.801521210347794,159.49244639861388
918.0839394895066,659.1766755197463,41.336780149682596,163.2079368223487
916.1724609213928,663.0998596356922,41.715818010782264,162.75667089606813
914.7533266695431,663.7509241189083,40.22005255099609,164.7326970893584
912.0926841364789,660.0496839707009,40.80026362108315,166.5682672959471
912.5229693340463,660.0903605254209,40.114016696432316,168.09978318805577
913.0620461067145,657.0106676003895,39.29034544521599,164.40760952243943
913.0104167293416,660.8012357084343,36.99632251662059,166.9779235936603
912.0133643113754,657.9760918000824,37.243424531244855,164.19627528793157
911.8630055020539,646.9509436593962,36.31640302567456,158.8394660991798
909.1480223958929,646.852850936906,36.51216247607527,148.8182523901776
907.7707803063769,646.5553135655157,35.48761701765248,143.60098936815558
905.0009455527997,645.4215419556745,35.423756381953844,141.99573444025606
901.6215862304682,646.4941124492816,37.40334893359022,145.89389704669233
897.1797871416555,656.6489433634868,41.22959516691451,151.69119829514005
895.0403337062985,661.6722382370906,43.935780241844554,156.30825717110542
891.975983617854,660.3203822554282,45.212180406250496,159.28062631031167
891.5967657729766,653.8940236442489,45.54349185297713,163.57013095684323
891.754235755101,655.6565120525668,45.482047547041034,165.24143814419628
887.4396186207379,655.6954367292055,47.139217915990415,167.3491122507851
886.3551688666178,662.4249308053459,46.49790125968427,174.85331871664442
882.8325774279939,660.5505828527027,47.37699090657478,178.6439985823511
882.8834740039622,650.4019184001088,47.06646608469991,182.9921201318612
881.9949537481463,656.6923869737749,45.415210005401974,190.49550179499664
881.0879198034281,648.987337179363,45.492651285909375,189.19569528018403
884.8130712227784,663.1175469661191,40.9782051402344,197.17082473987324
887.1248494872304,654.2691459106189,39.128626944450374,199.04298803861394
886.5964127468889,650.4491763496015,39.11503099406915,197.24141942802228
885.4726105422793,648.2965972578454,40.57822449168103,188.86466935675992
882.116080636107,646.0948258864653,43.56490798990134,180.2328328060868
879.2409741945311,643.9445067670703,45.845992997265476,174.50802626377404
875.0484609918367,639.8812562203422,47.848002759959414,170.52282558355503
875.2551688626197,645.4439945192923,46.41855424459456,171.26005190280102
875.2890648445956,644.3409251818264,46.20330023476329,167.8904394931718
872.8638915328294,647.6221847935722,46.804543977733296,168.8045447521831
874.7287729192877,642.3904728553107,44.39620448785031,174.31544364259804
876.0797774330492,641.9967794380817,43.642155843821726,172.43899356269577
874.0062641677381,643.3618351248504,44.36755674884276,170.7797711091742
871.427988696589,643.367840368884,45.64618012254773,166.72525766640229
872.9032719681061,645.2084991589579,43.88295241632811,169.2479967966823
876.0408104283265,645.3235902027918,42.11082506149428,175.0446925226307
878.0014466322516,649.0257536571718,41.5617350155095,178.31323177129048
880.3446191956447,646.5548271116187,40.63327340012056,178.77041221472808
883.9571753380308,641.9674320725271,39.949209624556644,175.95987296736703
886.6120442986389,655.8946250744774,35.75157453540173,185.15001281170794
886.7615330685773,665.2427117608426,33.2824774071663,190.87405715443285
885.8145699342349,665.7683097655672,32.26966815975005,194.52832780873962
888.0781657487672,657.7179528874157,32.086695956370036,200.02054432105905
888.5806421902925,635.9139214456227,32.781226098330734,202.80924449667202
883.8194904098738,625.6743794234,40.53736099738725,190.86132902879353
880.4781247755243,632.3213306851062,43.444012180552974,185.78906866626994
880.3403147877946,641.8713738010999,43.018763609909016,192.1026252117325
882.7491411186143,637.6038415943776,45.784274035813,190.7020524204334
879.19554615716,650.5993310053478,43.475018454385165,198.0762069117277
880.5308908334961,643.8145059844528,44.45190824674924,202.44810134254982
880.195647418695,649.1049407233313,45.99711528091157,200.99915404422202
878.406322924192,643.0602727654424,47.6156363420027,200.1173136082454
879.0623636891758,639.4238712255784,49.2313360956139,201.793947666855
880.3209416802955,643.311314652331,48.47643483044088,199.2039380868549
879.6670390376681,642.7984993022106,48.55790109192968,198.67533186549144
880.2846591021505,639.9884417604254,48.5809629967039,201.9859166946933
879.9626301178547,632.9466000293512,49.750919002135916,197.59115733831243
880.9147796888043,628.1978962387634,50.2054228183401,192.45049526754582
883.3740782222854,628.1142833825872,50.57139907910974,182.5749156578706
885.0426985103135,629.8378995959852,50.744524348920976,173.0950485479197
888.0053234788505,630.688622982497,48.058271230959924,166.68395760404184
890.6915761734615,629.8529705371016,45.15957949919124,160.40906415374513
893.1358191202584,629.0125399934383,42.6139138967296,153.8920798091021
896.2563299282185,631.2499675193808,40.24197007022327,146.72480632680384
898.5605925032947,629.8482193998886,38.13051366795063,139.255557623012
900.4255414673079,629.2738418202422,36.12192965145054,135.91736374835543
902.5583704522386,629.2321504957131,34.011647935827426,135.46824359576408
904.0681547102556,630.7901687468847,33.2742707156569,129.77441167308413
907.0454079495094,632.413363806281,31.776739749844882,126.59510607074333
907.6690450057935,632.754657428427,32.17181381931017,125.85908728387085
909.8632881832511,633.6264625450897,31.42757854986338,122.46262109085944
910.992138996483,634.8025533746701,29.717509755948715,129.99740593754322
913.1978422044858,634.3764598693512,28.963758696250302,134.30871721281474
913.9527676978927,635.7173297320876,30.597781040833237,132.27596668541366
915.8755747710443,639.803156301679,30.66514888905202,132.66670357343858
918.2848893884051,633.9094802778409,31.206104102386064,128.03113576099068
917.9903996776421,636.7171113380188,31.82794967175161,124.73867068338342
919.6821929548304,637.0066999747323,32.35487846342966,121.09234206441158
922.73898739328,637.449231120503,31.00336568854654,123.12660352024099
923.5231849313612,635.1612988976214,30.82638014566272,128.86053047868774
925.8367433707732,637.6806353412627,31.21983796047501,129.01760552929767
926.9187023619124,639.5867715325943,33.411444436026166,128.96956773529837
928.0835854741393,638.6814001041605,34.749395817434234,127.9218950497227
929.323563058574,641.5055403806786,36.328471017908775,126.96766110746391
931.8279292268697,638.0716440235017,36.145742565787366,128.82960952930938
931.9405779201585,638.6897483702963,37.537271148576146,129.18987982804566
932.3413069196931,641.2375603990777,40.00690981648958,127.20484747201775
933.7369301571471,641.0362032717092,39.36318391583599,129.93072922841802
935.6466215850022,642.3817356551134,38.56199536887112,128.66885404585182
938.0223815044674,646.0083330417424,38.26756504019706,125.34092716439426
938.3900328030132,655.6456841673709,37.368970101417084,122.50815869640078
941.6835747235236,648.1601354104323,35.51118561232528,125.52040286228512
944.1157969818746,644.2830305724241,34.456284385698766,130.41788465598032
946.7813255667847,637.6990381743375,33.632000569998084,136.23088568775208
948.3403978794848,630.1246187720383,36.80842613500444,133.6254841839593
950.6576485053167,629.094454758922,35.74013596951957,136.34066263274818
952.5406851404316,628.9879350297965,36.54457618435709,134.22160509372276
954.9878885364701,633.1755712174,37.17267745308562,132.2543737836011
956.2604230582673,636.9008099742491,37.40236941692518,125.96513809883172
959.1147547475198,638.4045738950464,35.68646548434012,125.30853421677915
961.4447339206143,639.7789038858909,34.03280023999524,123.70528733371299
963.1317574143734,637.7584385203934,31.68127124570433,123.8244859349318
965.6799432947003,636.2647343170303,30.121400296030437,123.08292087135058
966.7538282398987,635.2661346312724,29.39826346038133,123.9881407636494
967.1922331098688,637.3091372364989,29.82984407651341,125.14386648711113
968.2552878571969,637.7377733828254,29.74002997047102,124.53942303948969
969.322245169988,638.7264957880478,30.570031379310286,121.98465281164857
971.8530273490267,635.504809964959,29.117458701068973,124.68680619142762
973.8131432669455,636.6874104986334,28.779981285285594,126.78751238390674
975.2793878163018,637.6556464634581,29.362046909339362,126.73287295825023
976.8579720413428,643.6283697226552,30.75948158515464,123.21066146602477
978.2867111701366,638.3164363888683,31.110224212312442,123.48253857828185
980.9839417273894,644.163863549543,30.915708800338248,123.46944033387614
983.8094652353659,638.3947267532701,31.389446676435455,123.35524269954846
984.2591850949016,637.9520697312843,29.99801194811949,127.23652067422435
986.166198932336,643.6169038214776,29.91234063317207,129.1696094413748
987.9663479278499,640.8056945580432,30.36312189565139,127.46750768592247
989.1302601474033,635.860084967255,31.116597032520716,132.57180002396632
990.932712537238,633.7895346569863,32.1690173535536,136.43196370878627
989.9269356111597,629.0479914564679,34.80093074930656,137.9236650578885
992.7165712716082,633.8900541007428,34.24120589893246,137.79374042688005
994.3587470012721,634.1605540789853,34.22525694167585,137.2468566444149
995.7703490442261,641.287477713613,32.30746136523449,136.56421721871655
998.6151307643319,642.2606042442444,31.023470234102618,135.33713099073523
999.5553583896453,647.3024903301771,29.52705338402285,137.05012869429595
1001.8866876427699,651.0137364847911,29.455072452784428,138.3066661306221
1001.1213547177242,646.048232059191,31.417963763571507,138.17475404567728
1003.3688276304177,648.02598005405,32.95602816328639,134.39111883884047
1005.6654979543916,652.5292415409727,34.08619525289901,133.08913054110056
1008.4342185275875,655.0565618509066,32.06428785335776,132.99856918138775
1010.4270820599525,655.3523895578807,33.41037105556745,128.48658451381334
1012.3894899169534,656.1187802168782,33.113458938839905,128.81018564363345
1013.0153210335126,655.2681812018168,35.6920619369277,123.93008172074758
1014.4416667347505,651.6562952974763,36.68554533464612,122.22905389093421
1016.9737337015857,652.9552084407446,36.46800168693625,121.36086796086707
1018.6464721493975,652.1561548653525,34.48813551144097,122.40905926917341
1022.3555066696232,651.2022523376495,32.39812819932166,122.74272744960902
1024.4358879916053,650.2913137747145,30.08944861234504,126.59013938026058
1026.0432318424282,646.6992195977455,30.185762851235378,130.09810451247824
1025.6439807320237,641.3150974901934,29.658694558515545,134.00488275767833
1027.8855106031729,636.7227145688818,29.842709637928536,139.5829466495845
1031.9898663777008,640.4073080830435,28.682330182771935,143.9532312185803
1031.1323600952576,631.3569711621568,30.417376546380275,142.25067496112956
1033.5006442835233,639.1627703762624,32.34800620357719,138.87719780332506
1033.5445239322123,640.5679926785792,32.22732011418485,143.35068675340116
1036.544149735938,641.7964967947473,31.744401533544785,146.26183089532196
1037.661652261874,643.300043015913,33.07604499647109,142.53436008457533
1039.7615379044064,648.7554205310003,33.600831003453514,137.9803365423598
1039.7559423432558,647.3009367281004,33.36534558082231,141.03124023318483
1041.7965313022542,644.5899212775573,33.53698640976404,141.6149495916138
1042.0950026552293,645.335757254158,33.87902194774363,142.71666792644896
1043.3275115327006,645.6440688222641,33.31716454179218,149.75241042340502
1045.2855605022596,650.9143672965063,34.238117782793076,153.02129010545022
1046.9463480093082,645.1840944988647,34.9750088052398,155.99397423108027
1047.329753229243,639.3646809492835,35.98370952581715,156.1078513179911
1047.836598378427,638.1136826244202,36.688333828314356,158.03679030351756
1049.8068723411686,640.5750769725665,36.7861041502943,156.76498309509864
1049.2591124492178,650.6346763291222,37.53868949624547,149.69468360801412
1048.00607074087,658.459888174247,38.83994457900505,146.93217414046424
1048.9295789560892,661.2852426995263,40.23224728740341,141.67998625555603
1049.6608530437384,665.6699668284206,40.942695535200926,135.852586926503
1052.0398499269277,661.9876694594888,37.488425963036065,143.8541150751483
1053.2104069384561,657.4961938851541,37.279945906699965,148.9301388236562
1052.151130540139,647.0531849237916,36.88553563934865,152.30911689187585
1052.6978224417135,649.2875932957805,36.120387795748854,152.624284563378
1053.9677812550808,649.4277541609345,36.454219486508606,152.04224908344298
1052.956653828191,656.1999020990635,38.212451394851094,149.87212402237424
1051.0488777699663,651.596862404765,39.01431706811154,148.3237958193361
1049.6176103019982,654.3453154469368,35.72441826043187,148.21976775650413
1049.3158542383735,656.3171655587819,33.417215166769296,146.5116224005491
1046.8860119764602,668.8902629204038,33.5414369805728,136.91142817964902
1039.572246867747,670.4952501560433,32.57474383761607,131.84749213054985
1037.6173864173581,672.4466724516617,31.03742820197386,132.08394773312898
1028.6433093995215,673.4544979248453,29.532734368162608,134.3680287602143
1023.9234912834913,678.0443766964855,27.77352703740653,132.52707478270827
1018.0734481285824,675.7970818429302,28.66195693915457,126.09839172269221
1013.1813053735113,684.7749961382488,27.922297734695782,123.76648876202452
1010.8103049750038,681.2568215605072,29.1382225132314,125.6254206415785
1008.2513496215386,686.5815391511323,27.27085066486049,128.6167538637343
1006.463381765037,685.2624577778377,29.019273151069193,125.2535289175988
1004.7671198659223,683.8738354405333,28.585983752973355,118.55560646363281
1002.5086554289101,690.6066472308721,28.26610224570321,114.49834658275162
1002.1049723903604,694.0735257435927,27.627395278574234,114.1660661372457
1000.5150729414696,692.560087408177,29.122252498832058,116.37448657156347
1000.4194258587044,691.3403596785715,27.147144297315066,118.64034483482249
999.8418070235058,697.208957403197,27.178985588811976,119.18851336990808
998.6591003394018,699.1301243308224,29.08416011968909,119.54851460491443
996.5858527245292,696.0528605864931,29.39986658374388,120.98393873240647
995.4429299997589,688.6864986931664,28.470748892201414,125.9350724019244
995.0842172779559,699.0167123726684,27.708817522177757,124.82897280430863
996.0989143190257,702.0491608270077,26.028816624837756,120.82403076438723
995.6333444263505,707.4470034129822,25.928231437664024,119.33189464537571
995.035737827321,703.3871681971101,25.944247610879856,116.27636458269015
995.22779207201,707.3308094158298,24.12041327173465,117.30140859872839
994.2914673469894,710.0861581708407,23.25968204195409,112.62789064403383
996.3163155073462,710.2361216618079,22.862502286798012,109.00075399683098
994.6915631878863,710.4782205218306,24.04834292173711,103.14392620030807
993.7440942619669,708.550550717493,24.134728946635107,104.0087616931004
992.905876795382,721.1016333645151,22.729808355938733,104.99118712010089
990.4949546532478,724.1464838435636,23.545530695963212,103.9265221947829
990.8005281334296,704.5416795534443,24.046912853862743,103.12741744636942
989.1773985336503,715.8956392291625,24.123596191490172,98.33541377893712
989.0080723001978,718.0609695265442,23.56238160789005,94.65127087366028
983.802862760532,703.9999348280505,23.9931434307802,94.47951820631509
982.5278882472729,711.3994138547009,25.050096294286448,95.90058101620352
982.8540431670465,721.5837055531786,23.977099462286823,93.09149833729549
979.9141010163082,719.3233251428476,23.28558488383012,91.21246311501201
976.5976230838824,713.397816564486,24.08658860773718,89.43871305925246
972.9890105346889,717.220966570317,23.111344471288064,86.99114324836214
968.5703874984296,707.8895625423264,23.63359163536902,87.21427368231413
967.9559093304933,715.0246965301524,21.889247060788172,89.67370915643062
965.7514081518715,726.7654252344047,20.662763603206898,91.70181684237077
961.3566803538315,714.5115554327026,20.86872357854289,93.84731307905518
961.0513346986178,718.457022267285,21.13004936497052,95.83372259851562
956.3141110037833,713.5433553792361,21.203090570212275,90.67764318764958
956.3872108137188,723.9275226597173,22.0897132091188,91.13513552539098
956.137550959657,727.2314447239893,22.18983250453926,89.62778279959451
954.446862925913,734.1201309646477,23.254317277637455,83.70161822903884
958.9484567630224,731.2979734550769,23.325111124033313,83.93177086874994
962.149887281031,734.9910036199418,22.931059484733375,82.02272712658922
971.5335021356317,738.1118579274076,21.92006701734662,78.95556301638621
982.4098611201587,733.7863724664933,19.84711118910761,81.73010228723567
989.4921678290982,734.7210384616973,19.69167595810876,79.63480536329827
1000.8592072314259,738.0490529837525,18.594537412353738,80.24865806359065
1011.3264343596632,738.9747206125824,17.994127858194915,77.94129590376097
1018.823543869918,737.6515460285713,19.401443198723534,75.88773229973681
1026.4265912605897,740.7395549042395,18.062323167088252,74.84574428798096
1033.4886896819987,748.4824019703241,18.207693759660444,74.1633378098291
1038.260025118486,755.5085137272744,18.50418115633969,72.99271654951946
1043.9335009040128,756.5636430854671,19.149688058135524,70.18662412897939
1046.9531204144837,753.4526793663543,18.680107055799034,72.75948913288019
1050.6162018324392,754.7094395996206,20.60856669673316,70.58578449967892
1049.3691907235698,778.4224808370726,22.466533475716464,69.64604654173586
1048.755553719079,752.8003565730126,20.52401837855364,70.71218832661555
1049.6147799840921,727.515406090111,21.714699072186765,69.6607212433483
1055.854501365166,736.8429598618542,24.05698053290491,68.07683577151776
1048.895345384877,749.3114942822373,26.474345356798935,68.91792221121469
1041.5011541412161,742.3591035451996,27.111534170320937,66.41273470972922
1042.353281052719,747.3978858463629,27.39286340029539,64.89790982269153
1039.6022325621184,748.1793623718728,26.566140710009226,64.70617104072062
1036.1259198197515,748.7019947712095,26.44594458740762,63.58442159659202
1042.217136450272,750.0747083140136,27.03520974874015,61.98495998794594
1049.1299194596768,756.6591978410053,28.439704826053614,60.80091483758
1051.2216404987469,745.2774791354408,29.083120483836783,60.70512193607638
1044.6970691760744,750.1319923636382,29.94917233198519,60.28925045194167
1034.8466535355567,760.165375012755,28.828323599924587,57.88616477749537
1033.4302362376586,742.5525536410729,26.89885068894563,60.35720343728261
1034.1666951259638,743.3847051396841,22.770035247099894,63.982609145032455
1036.9995287799213,752.4316000915414,21.981699656630177,65.32974265486757
1035.2897614898268,751.3984883966909,22.209073697283706,65.15091018352862
1029.3746385689312,760.2081855960164,23.635370007031575,63.6001805682597
1027.035825375399,754.7067936699568,23.275604809603177,63.70252645221013
1031.1591377630305,780.5585565935158,25.256657791890216,63.69095821747527
1037.4686522401655,750.5777104459011,24.846676916983235,64.6443778124992
1042.6993628179282,730.9051921637422,26.214219744415075,63.93477604590651
1017.0772077580215,734.5787862728052,30.399698270445086,61.87420956867904
1020.753980711513,741.2405032916905,31.94633618183952,61.969412868950755
1014.498580368276,748.520711501437,35.86880108213152,64.08140761430387
991.9083497052112,729.1722700662864,31.976812762217133,69.47173982443367
988.1931429051795,739.7153031694462,29.175454253357852,71.41455502740601
984.645046150747,750.9114752236605,30.293069029298383,71.2387655956808
1006.0192047479634,752.0481748783272,30.4502011928676,71.17883786085457
1005.0254753959048,761.6869089637869,33.82585551504182,70.93359059045797
1015.216622953813,744.2485022807351,34.82962245409921,71.08879849695208
1009.1329009535367,757.2190548219918,38.53108822035139,70.07269503907897
1046.1790246170099,726.667383795713,39.313602197266455,69.86533828989405
1033.922698552759,735.318891105603,41.92413314342228,69.93401406287441
1039.8112398351695,736.6754626419199,41.90870709849462,69.97438186824898
1046.867582286652,736.8770139943854,37.45081097870496,77.46704401276168
1038.0191710776523,741.713295763614,39.60018923264075,77.26370567053947
1024.1757012612356,741.3001490265522,41.64969299744056,77.47149232216077
1034.1417007810232,717.1723204478006,41.116293223413194,78.66581139249874
1031.8183396868044,733.071038542543,38.4266022651403,80.54418235683093
1035.2434639244573,746.3844951049787,37.54248243151358,80.8279298694675
1030.4566706720352,725.7449849350376,36.82765925539732,83.36200762792868
1035.3252826129037,739.5128989790575,39.224646981769155,81.67937196250543
1032.6285253450778,733.0504715643934,35.99588860506017,82.52980971168151
1040.6832874985223,754.0690162128632,36.287881047507334,82.83419790837038
1034.7776375549342,738.3413063365032,35.980689836661526,81.92921833287124
1039.8416068607157,737.244049487262,35.305098509432256,82.65534506064132
1046.919227718468,727.7546146740447,36.71811171535081,82.21786376536781
1042.717746155478,742.2116008915359,35.618185679024634,84.15217342255903
1035.4125202977552,739.0942319083958,36.65238612299744,83.19198052085372
1044.0016650593616,744.9194279740387,32.15874523620097,86.23090919146543
1043.8156767646844,737.3476272029935,31.8470883950435,84.33269832399378
1051.7982014341765,744.8011378171443,30.357473291271337,87.12149184481078
1046.8533686567193,752.4703822968311,32.57010702097818,84.37943944361527
1041.3637147190545,730.5850945568482,30.81621604623786,87.80415719771398
1047.8092971004567,749.2914406342579,34.74060500039643,85.23909259949527
1042.5375632216612,724.1557911030123,31.776074702116354,90.09588324364441
1047.6237986613266,743.2107063899642,31.912446327208002,89.52264331521013
1046.0900613756592,750.7451602071552,29.25690096864572,89.88742759827682
1049.8989743184845,759.0399860774193,31.964027736550875,88.35274481978354
1045.6472855183692,752.2985564523477,34.97802586970833,84.48657282166229
1032.735170856984,745.6390335944649,34.4555078028232,81.25117329505333
1036.6632173705643,759.8332483346774,35.52631257833357,81.57869439795738
1026.7062062040307,742.8234617564303,34.92434248342893,81.40652467329096
1032.4698072001686,753.2947787370546,34.26402742551466,81.6814742698123
1034.9171983955043,755.8575566563812,32.73234016753485,82.93264530059551
1038.3219487986944,755.4368553153423,34.88563314483169,80.821222454619
1046.1514627778,775.4271298593505,34.572735197417266,82.61506845809045
1039.5026999837814,751.7704525312881,33.26378437890707,83.7942154828759
1039.39374732397,749.050378059326,35.93138093407767,79.93854542185733
1046.854463145102,741.5396571389864,33.82106211353518,81.74216311737749
1054.8430712279708,745.4050828079107,32.91199283385932,82.25788891524239
1067.5521842514613,756.7679598431554,30.631286314974368,81.81259497480222
1074.0250337866028,737.5818236380774,32.055506740998794,81.08708199938894
1083.4173486017482,755.2479656265585,31.490191665833013,78.92895289439366
1087.2076286213169,749.5342223166507,34.439173685809614,76.9241729109216
1094.9145447008852,752.1725076294281,34.47729276718631,76.8098492816232
1103.2399616123444,751.0339367715386,35.22883578734583,76.59535684385565
1124.1641651091988,777.7038771980175,35.53261398154562,78.2780513727606
1130.4506480931507,786.3592069954998,37.330283349933325,78.76730986213758
1136.0558277913,758.78860250254,37.69470567514966,78.9053978316569
1116.2453995867297,745.806092275299,38.653594610325975,80.88783071729038
1123.2901430701454,779.0768474718014,40.31156847842411,80.01406264796562
1120.1338631105098,769.8715295315468,40.00352784576198,80.52994300982257
1109.1892139427323,774.9574960952922,42.55530488152931,77.2958553683898
1121.190151063776,774.7841063824333,38.328879815185836,80.53081978017221
1122.9907390883625,754.9584751304468,39.36076099315394,81.5250495836386
1129.5197374020518,776.1998286496333,38.63547756915135,85.11882238463062
1124.9806144633208,775.436363541174,37.62948784908853,86.35050204843904
1120.534621092444,759.5450144690683,36.808361420240274,87.11237548024047
1129.943060328803,769.2078298196554,42.435749365306336,81.24811310335997
1131.8821439582293,749.874230548099,45.33177206462649,80.90296957279389
1124.7014822558917,775.31626445903,41.52795533024273,82.77940266839508
1131.6601269810224,765.1579550005019,39.36497338734918,86.14871496573855
1125.8213292240343,764.6361643892992,38.47474020961154,85.43212904338493
1125.921879176843,752.512143775811,33.02290804015645,87.19636200778598
1128.4521255484965,756.2899074493678,32.11436359383055,84.46782553773639
1124.482735966857,755.172208653818,30.517831628008196,87.1641379147963
1131.4612039064393,769.2799748783112,31.452763420697053,87.35980595304434
1124.471416869899,758.4919564039303,33.095557254068716,85.08387064315515
1120.7376958749942,749.1300893334308,34.06187934588294,84.17955585124609
1122.9770950759855,761.2764281654142,35.24143031003115,82.90081577440412
1124.5123591517379,757.6897724930406,34.96969620413495,80.88517401170665
1132.2961628271844,775.3977797711221,35.32351356223202,82.84067911717867
1134.2725241365615,780.006548813803,35.68542869049687,83.54145877348975
1131.0390738989336,779.4978184557796,33.08242834874436,85.39360591317292
1128.7417352265093,758.8269860292767,31.583816288492663,86.73259002456928
1134.2404012368106,755.8294402493964,30.75690760515537,87.14390213325021
1132.2109433615121,766.9053285084904,32.40185905236369,83.06633478736461
1133.4461246108617,766.7436466037129,34.461130138609064,77.62460150038658
1141.2727624151992,770.5230288966998,34.125980216536256,77.25029575303395
1143.1598627877113,754.8199899504358,34.21071436166105,78.37583296609381
1139.6696988922422,761.5629599119069,34.08544182686649,76.49287553405381
1147.4381732658678,768.9921906154311,32.83130570428124,77.31273589840713
1151.79177955985,767.0163893141396,32.29968130248575,76.67074198415366
1159.1291701391053,762.0008710468256,33.341787729654726,78.06446721904945
1180.646428959604,769.6396110436173,37.45869555244319,76.0197780882681
1189.7449366007843,783.610778855207,45.7601753407353,74.7879705874239
1181.6128277664773,779.5610865163495,51.38290500361361,75.03197347904532
1171.4381664730256,777.1463966683065,55.28261952902302,76.30497389316902
1160.9384614849898,762.4764842262823,50.28688170726029,78.7790118215407
1193.902433998026,761.6899887230344,58.16799963761136,78.89199279389146
1162.0851955610456,771.6762724214228,66.42305521026023,79.00784912601843
1166.887021888012,767.902520117955,69.964864236333,81.15300506359476
1155.2984240661583,766.7182410555841,70.07512549511928,82.18437339844468
1167.7845726743178,762.804341566673,77.09850101197668,82.13292466600433
1176.440480750453,774.9322193171209,82.29388410102271,84.60986471689807
1195.6277633914935,771.4752549330424,75.03771564612286,92.55827010100147
1190.2948727873681,768.9923625759754,76.38415010295867,95.59897029680023
1178.8725409431638,757.8165739092495,80.08809746042294,97.90597021396292
1188.2354475614775,758.3312531996513,79.58293050808483,101.60560327293902
1171.0451520535041,759.3721202696498,78.25514179809578,104.64263118419146
1188.201407335755,746.3160840772285,78.18125218026188,111.8721721257065
1202.1573176047093,744.5188706299748,72.45148612113034,118.18468763049253
1210.9022139630192,748.8788392411764,75.12154698864165,118.26375387439157
1206.35350594989,748.0452347010712,74.01353322026824,119.7804864177032
1195.1720219393537,740.9535521578487,78.92468714185846,123.81189836661804
1195.7318229897526,755.3263601921869,83.85644041009692,124.13076421383587
1200.6785870299796,755.5328324042584,84.92782886321669,125.23096007757842
1209.5427680267808,737.6335672726248,82.93109489885083,131.13653120387505
1205.0304698186324,746.0121665951779,81.71028914706602,131.9852531965181
1202.2695651791278,754.790786142359,87.73827412732851,127.64130976706812
1214.6945476499407,756.9262515531817,89.34783604788268,126.85528897156452
1218.0545723398614,752.3828317782619,89.97155468614957,126.77921523224836
1217.8740344639402,754.9256870768312,91.46365045504999,127.21488758880221
1225.6843723090092,756.6136831567075,90.67649857467975,127.62555242924763
1229.0113932465783,767.6454972769992,91.56236325239638,128.52533147116335
1241.729660868595,753.9866011430482,87.3900752587875,133.4156135391029
1246.8294796368618,765.7253153328162,85.99848010786441,136.87752313646087
1255.7476318116314,759.7135632125085,87.64620800278313,137.60099498717204
1226.6686358029197,752.3927963823038,89.91564559831801,136.43179879787513
1226.8756792612821,751.7509046557234,91.93138141972538,134.86612728924962
1228.138468067059,742.4265950674001,96.61514659323333,131.41475733313868
1234.5420826950624,748.4304992945698,96.85567994377045,131.80846943942302
1228.4384840459156,754.5825003587294,100.84892563995425,128.4808530142813
1246.4396767646947,757.5316835754547,99.26881142586468,130.19837181105703
1231.6343435971335,749.3268949288039,101.89007152513118,126.60422135533132
1250.6617964131444,753.6432030976174,103.82074886939948,124.08824845193622
1251.2138023864866,765.2512547213194,109.42913201001296,118.950313610438
1255.9971101100086,754.2446767980534,110.03275546292357,118.49879923083029
1271.1571745467859,764.5195669544413,109.63482432626441,118.80957486591385
1292.2427885617922,762.8449232842305,109.40780012270095,119.12260112434588
1321.0313642524384,768.1966715873577,110.73111877485434,119.15433649624012
1328.1193093275092,763.1566308089164,111.54385317646258,118.53622674067343
1336.2391392619852,765.5174435098913,111.21671467254161,119.85998393008359
1353.987923576101,769.62161805752,111.16309605952718,119.74508670920882
1236.3801565639967,837.6799592856206,109.63480367500102,121.94136396076007
1221.011665554904,812.0112349652192,102.96685676700159,125.54864258035947
1240.3016697143207,807.6168365237447,104.93219308732091,122.89163988623014
1256.3415327745504,821.952519379259,105.62437804733742,118.52576975428252
1278.4535842916077,820.6751389420557,111.07809245812086,111.85538122089255
1304.8325649872565,836.8035101697471,110.81826728771608,112.03543062690795
1323.2201793180284,834.248831205368,114.65678555142206,106.96315741862426
1343.7514988818086,839.1834392388455,107.01383140066483,112.13514010059725
1371.7700010775025,828.7340064218815,107.10795079099864,110.73920207191748
1393.7098356464528,850.0659161206122,110.33351239672137,103.63130888437264
1409.6129953095813,848.8239051408813,120.53893100560933,91.71074844243876
1433.908101650314,868.9409141649685,120.70064446730385,90.93573618367955
1448.5666622862104,864.0275777791264,112.9907268525649,97.31728914361875
1469.3007211595263,862.1413546032536,113.20918408462941,96.15311540963091
1479.6697886672068,870.983107729302,118.00734381936638,93.05734869150855
1485.6481845922024,865.7217095589698,120.34700377590187,91.79388499185362
1498.032164517041,862.4462841758672,125.20371742858713,86.27046373369893
1507.004117841445,866.3918173041261,125.57007541327539,89.90181657328426
1511.4595262799958,854.9590204584497,119.66101237826791,94.34000956415238
1518.1629198060662,862.567568652682,114.36586088977467,98.77173905040408
1521.6526244855597,869.7184721477556,120.11582772670835,93.37701887311722
1516.3571918761716,866.8174613803922,121.78592616497451,88.78310280411486
1525.7466485021937,878.80398938042,118.0116203771044,90.86127514318704
1532.18766729053,867.665752380111,112.00451899724251,96.07500493207309
1537.6196990887568,851.1272541887021,109.57833394968424,100.46587608136097
1534.1672330928195,865.3030257783262,115.57079438035862,94.20289761104502
1524.3287583716299,867.4563655229593,125.78425303490158,82.2836152374318
1526.7109166737887,875.279117137824,126.37485533588656,81.47889560605734
1526.9988980698247,863.3486588669725,128.03971510078816,79.9358764171881
1525.2752186306257,874.819936373072,132.57512856199975,77.49017244010193
