1641.5,858.5,102,217
1623.239767292667,864.8214063689866,108.30465787951749,195.56386861338154
1606.7866273668033,865.3392705535649,103.18602137446166,189.26563936817894
1593.9532342734492,859.5049917526499,98.94451965830308,190.2945852212175
1576.1269845508705,851.9933176697522,97.36921656215625,192.5405240034383
1563.131712727008,849.521388442254,96.4411278576912,191.34630819801117
1546.5764778572407,847.5155669035468,94.20279696732928,190.47310335500933
1531.4454728354074,844.1686753313589,93.6524676542912,190.4136658359027
1522.009874930412,841.7033524628141,88.19128946464689,185.7326751704801
1508.950923545376,841.5403958799631,84.52834511525423,181.56922959562007
1498.2187874574877,839.1275456321216,80.72636947482474,178.75903133550696
1487.0152409459727,837.0062088032477,80.55203242853703,178.19373195486017
1474.9043397870842,834.381656787404,81.2127348929685,175.2862413691485
1464.0341308743698,833.3882422048955,81.09723419342473,175.66877957855536
1453.8110639209176,833.8608894167446,79.49070002493426,172.7791456200214
1441.4640687452124,827.5969431807192,78.56783760329279,173.25366800604723
1422.3834441990834,829.6765587220838,80.0734046911301,171.36475003430473
1409.1234781845444,825.6581263889839,79.89366722466139,168.66383153088475
1388.5256059679082,825.2211381542484,81.38665804072146,162.7102903761007
1373.6271154821957,824.9704291771111,81.37967882341354,157.33989907020955
1356.9758964678463,821.609314170975,80.70379769774398,158.8833471891897
1351.1427009905124,815.7480500988264,74.49573973214211,165.91380244984407
1336.6128589551302,817.5656311321726,76.29093111362039,158.92888647319702
1322.382495663349,814.808508587338,74.37487768686,160.36002052847817
1310.4543908346955,811.9845153921441,72.41234542119355,162.51540323816093
1299.7962299868122,810.2936701377832,75.0748506306652,162.2811021340841
1287.5402633133697,809.0494731549446,73.02180870665276,158.16951612930424
1278.2646143634577,806.9513831189431,71.29378962663142,161.2946475864962
1268.102227697808,805.8305584338979,70.4518245704649,160.70318199409354
1253.1766682935956,802.379119622296,70.78497022846824,160.3453114817611
1247.1675587292596,797.3372972020683,68.42753556338579,163.4957477038675
1236.5133749413708,795.2350471799682,70.40582749334713,166.6441608833722
1219.2858776364865,793.7398075737494,74.09226803138046,161.70285820651884
1207.1012720956771,792.7373615785461,75.42356183075772,162.18299953710988
1195.9963087823905,794.0924210210674,77.13127834527452,159.9258441878445
1184.5655295544939,787.6596952075008,76.66388982590178,162.44674373253014
1176.0803232866087,787.4826093533663,72.29233064979253,164.11734839500093
1168.2341719543479,786.7442852155485,71.62416336055745,160.0012608233839
1163.4466582487769,783.3613163276829,68.72233603299509,155.1548213070765
1156.6569145723633,782.0165363948986,67.59647380366721,151.11059989518765
1153.7532758634409,779.8123447638267,63.11241165148883,154.76855719507222
1149.4003534927167,784.7809565213543,60.89395216513012,161.773994559904
1144.6562183834658,781.5930929776947,63.45010459385095,158.04686938825725
1137.8556419348693,782.3597704001168,65.24613154573137,156.9838937662816
1136.5898756708243,783.9075588308297,65.29063812162893,154.5321482519955
1134.3256412529552,784.8543700060127,66.08168053497877,151.44292004064107
1137.0553657649841,788.0937187855557,65.04741257173448,150.9606595380478
1131.1421405470096,786.1194548216056,65.85625970125142,151.00337359429486
1127.3600212380566,784.8526518278742,66.26950986696858,153.63064570357642
1122.3860422632904,779.8795245409365,68.10698490179838,151.06049175148704
1117.9968142023636,780.8117870761664,69.91388987232274,148.03716718483926
1112.6471543027037,780.0715882658538,71.22870927590867,146.54408391710123
1105.9293338327623,780.7386341759799,71.79420695475201,143.28197601194591
1099.0951588030698,775.805033882891,71.42786657741046,141.42018582785659
1098.120709915223,775.6226987191959,69.22203482152779,135.7673291667279
1087.0051461519804,774.9306961848857,67.43191710659968,132.11197236052388
1085.6798974593876,772.3169792083252,64.2274502854473,131.65915662334197
1086.0872440620703,772.3557106777267,60.24089219154627,131.63455930685467
1077.233499228734,771.0680817395292,59.357863679309375,121.81753331959864
1071.7752038886279,771.8812124015121,57.893765833767866,118.82958023035883
1069.8112363083776,771.8597437115907,57.81757206536129,113.75399775022981
1061.9730666833864,771.5689559353657,57.939666855133055,108.81207818441288
1061.0520418846852,771.1746186771751,54.257669254847954,110.18470666612376
1054.3748257483644,776.7569493856687,54.83689851979021,110.37439674728301
1043.2534493464095,773.4094717154704,54.88093140378801,105.6038090082366
1037.4033642260397,768.4865702371795,52.63468900042859,104.12198490261308
1026.2073436653181,766.6535886835584,52.16603641563506,102.94168866783423
1019.9040002773897,765.1702417915872,51.45771373769501,101.75961558287156
1010.06727817944,767.7880314052646,51.6964321145299,100.00051972433286
1001.3455957426951,762.9850091749056,54.05408907014754,94.69596315219704
993.2920200463475,768.048046219661,53.200882946798885,96.88079029135197
985.1763772937196,760.2453188379993,50.69750251757476,98.01917084253775
973.473525804955,766.7441878985336,54.510175931467685,95.71611550973057
960.2784865660642,762.3821833066544,54.14143228999808,97.64495419056485
945.4456939713342,758.3226563071353,57.182717902318544,96.67271571126767
934.3906247748592,755.7046111853881,55.44318550799409,100.24464521191562
925.9697801000442,756.9807670104751,52.677043689869706,103.84413830345336
920.7195119043578,746.3217209688631,50.512133669492016,107.8537119684253
913.1893375662787,747.3060781432313,48.16153659163132,108.99196806916001
903.4462758680522,755.5135266720312,50.06026899187865,106.39627092715816
890.4880110993865,755.1263325341995,50.69915345485218,107.73763243211698
878.3110700734269,747.3226774210925,53.02732325984557,107.70209711045673
866.579864250191,748.2137788711793,54.78666639696472,105.40938758144334
851.2685776409465,739.868162070415,58.524965744091425,101.70230639670791
842.6929477157678,741.6712005919062,56.188808135446564,100.56350313619899
830.0227060884846,745.8279751676243,56.145663381790605,100.2287955951004
812.7450548120124,739.7783567751114,55.695953599072496,100.23532158049082
806.7778677071843,740.444670734076,57.115977542117236,97.37707774678174
796.7913890966577,736.72348324038,60.79608364385497,90.56725798508941
784.3755494045088,745.8269015992214,63.89428132380853,89.42090079145183
789.1095702896421,737.9734334654433,63.57994606191649,89.034184203231
768.2769850279637,742.2444471622656,68.35077894595607,85.90255578280933
772.977225373677,746.0276695568883,65.11000989170887,89.0878966557554
759.8820621154313,748.1361133511682,68.08026592013475,86.96833659022403
764.0891522448953,737.1706611196659,70.44736432565121,84.5608001157401
743.6128416659062,744.1846194819152,73.70255677518074,82.71794045079058
755.224459294609,747.7886725749914,70.66148924369882,86.64649561454203
745.3797861779838,745.2469790104852,70.73169472283753,87.5114011489363
750.433038022798,744.268379231422,69.38310361606325,89.36733971902018
735.2458873758303,746.956516079744,68.29884085090337,91.17808775473588
731.8518578282722,741.1554374721417,64.04948860578662,95.12838677753511
737.7970090749163,735.8105294894023,61.69352590787628,94.58444824275031
730.1896923969032,734.6346855441113,58.67335250532593,93.67889725277502
734.4754724433096,737.1649011591286,60.20019369091146,93.59292064799092
725.5369813370113,725.994249557705,64.00469850985306,89.31417988773259
729.1908122983348,731.4621354948589,63.557272501339554,89.77178038805512
736.5435621507313,722.1775557916842,66.8147640185728,84.84524827054616
724.9618083045035,731.0067046064798,67.81085680920805,85.44132179217475
719.6895690380954,731.809551665528,65.6565312125809,85.84419503822417
715.5341211725088,731.3390924194629,65.45429473383737,83.95425745628441
705.9780646390903,736.9476867335347,66.8073126962752,83.87676488115962
714.5575159452936,728.989778370704,66.77635632214032,83.5371761996463
707.7735171881362,731.5988449889848,65.25004333467417,83.47039558725736
713.3501713306498,725.938822987486,65.18425902996334,81.55705181817149
705.9760064105457,733.2009037664828,63.97808258706813,82.7949010443946
701.2125684340893,733.0818527574289,60.02789036656401,85.77981005443199
703.6578818463327,731.8145939107181,54.60016393828929,90.99931535268547
708.6851456334521,731.0497281092853,54.793550823164374,91.92758250286818
706.7925939178103,718.6779580675188,54.23179728148886,90.28190316840123
710.4461111685047,726.0370365986525,50.90029456752488,93.86386310571447
714.6806765721838,728.4719130628057,52.827392007440594,91.59457553436903
713.7684855015121,722.1977766827746,51.71772581383598,90.42547216940534
721.3767787343527,721.7528582654785,48.5781592483526,91.16119231101065
725.1256037357329,724.6865491473656,50.29840586019181,89.24364548739025
728.8025376195684,714.3636160642889,52.55393657137235,86.92431234238666
738.164554486016,716.3400861207995,54.51874618121613,83.35113431715077
743.4446200188241,717.6152738308953,55.67990384768566,82.32860501836463
747.7175988552057,716.6540208564053,56.408195065436736,81.26379212930746
755.7680735833189,719.2268472939548,57.878301136199504,80.44476522942082
764.6629440868282,715.7143672695208,58.52792478537792,78.76685572462665
773.699876650905,714.6571036195706,60.104417339038484,76.83580618507088
778.359375284535,712.6415628838974,60.65133538086266,75.81054268048018
785.7331298167682,712.9895034541705,60.87731331521774,75.40883589594765
790.3485938332789,712.5718572448817,59.01050615983178,76.54677293862817
796.6337425321448,714.9380258034265,60.185988618953495,75.59411906319316
799.185728440236,722.0706522790364,61.22353872004212,75.35097072160312
805.6186947945465,712.7763537157106,62.8401695959818,74.59749938130007
817.1532763657996,713.209104748102,63.89723281907599,74.70474537194728
821.1380951272445,702.9254313062625,65.8699193367803,72.83531739739023
828.1244069396656,710.8783501337783,66.04968922693834,74.31956144781869
804.9697522529084,715.8924860882627,67.90272182977918,73.73087129228828
832.8459162981288,723.9065504186315,65.46185067699324,78.2013086479536
838.6560191774632,735.2058623653494,65.61239787205714,79.03951612725145
848.6605370650663,695.0965527192143,62.39429247981893,80.92817697874477
851.0467898795966,699.7504433907064,63.6409046326496,80.44768382780259
876.38168127342,682.8149664547677,65.64883647560075,80.12778979938105
882.3386163303795,714.9109699211456,65.76361111146497,82.1144935162991
866.1079568404185,691.752663169775,66.68569788634335,82.29679376041662
857.7016453473972,693.9486215196409,66.95761486739192,82.12770648757643
867.1832481435531,701.5837919426986,66.11740633801917,83.4143064199374
870.5363111474766,705.7457730277697,66.1076538086294,84.42215381079038
883.5683739939118,678.3325551762878,65.60700180660812,85.07785330912304
893.2246190129702,685.809182713711,66.47566508758608,84.30695057157844
901.7058411373671,687.3226045524174,67.58182171431993,83.28710931636365
912.0886256009901,690.0545275186118,69.25196630637691,83.18850347968409
903.4886917066768,695.5664077903456,69.51051373529127,83.451017455512
912.018808176635,682.5201715767481,71.735351563867,81.93848118087875
923.4103791135244,686.3228236831507,69.90441011389487,83.6665192573938
935.3859782733949,684.8250846411044,69.69028110769077,83.87772873724916
940.3568571283405,682.3326949888382,66.74256385276085,86.17954489171888
945.5892732648426,685.738267503123,67.41100718260599,85.73788768136104
954.9978397820943,672.683263387294,68.37048110120742,84.95588062718788
962.138307686713,679.5785203584414,64.40428774632153,88.84090460532299
968.5718104576991,681.1504175799498,65.58600345230175,85.26267412912232
977.2166794837698,681.9747801925961,63.717827114345866,84.4854292619989
982.8069221349623,684.8298745270193,64.45120387512898,84.19078665133708
990.8754515005031,673.9691479419079,67.03048503714325,82.19979172333757
996.9709624656297,680.2187668651361,68.07517480798356,81.61197411736703
1004.8983413266584,683.51416737115,68.6939571004989,81.66132209088181
1008.7433842044227,685.2877475046,69.43342727792844,81.55764407439074
1004.6271701683022,667.9281179316921,69.15208526708729,81.85956198919766
1011.6661122571779,670.1405583907334,69.6767890043511,81.81064681454626
1002.1116285140547,675.9961880416176,66.28359970180202,85.08374995006687
1007.2380992662088,667.0077328240808,65.72713564859842,85.76301384535435
1018.6669213371297,673.1612546944497,71.30325244339556,82.06956268026083
1010.2905163782729,674.6072381164424,69.4978477923394,83.78674338813316
1018.0320198712838,667.0689811074047,66.49017531256393,86.43901545005308
1015.6252579125418,670.5893011048062,66.58844705749544,87.14596928915915
1023.2397542421636,640.1699380529916,66.44391060521691,88.44256606606476
1017.164991417518,658.5601501814281,70.66625896458672,85.67852168197811
995.7149082585306,665.2801554617633,72.43817066370559,85.63889123450247
1000.4201081462057,663.7673898972454,68.66560430122422,88.87126153826794
992.9425401479604,666.7267662874151,66.8799595187458,90.5036625372331
995.7428080128902,651.2883881697456,64.38547646626745,94.25505191093131
987.7493473095232,658.682179559168,65.66771033643909,94.43908284084483
1001.2802335545575,661.9064838401833,67.9338630350025,91.72722457585296
997.039507774296,665.5504462946127,69.49151893963977,92.39126485055095
989.433031386435,655.6021842533765,68.95648187670474,95.03022297186709
981.9264299921471,658.2729669716093,67.43095963667228,97.96486592343825
993.7039946493791,660.0002979065233,69.72518759649047,96.59177053402178
971.8864047190077,655.6490532978256,70.61394624515411,97.20740568190215
974.9484340892307,655.2291841322731,65.19245794609624,101.89318892643263
971.60843926238,648.1519686563893,64.59133624545788,100.89567469665833
979.7588304952254,652.9000226515444,61.491857907824425,102.35552313861224
976.8907837419363,646.8560211716207,60.52614997985337,101.83946191197151
971.2113521196795,652.3211299353653,61.906907663525395,99.61490595603738
963.6278993947772,631.4893763086318,63.311941203687994,99.93201257217122
975.5860184386354,642.7969679905868,68.16511625120992,95.35241441197523
946.1009383091877,624.3568775795221,71.65709994396057,93.99225088547153
956.8407941871512,639.4439884173315,71.57339167908353,94.15662028594608
948.6546804101309,641.164888107132,70.18333912986503,94.25106142681798
963.2404782705864,648.1491481209116,68.2067455068082,96.3271134976543
970.6083119972627,652.6316906667789,66.12039676447728,98.31887657629493
958.8198589397127,630.5115913661392,67.80955740471045,97.7690087169169
947.7839252577322,637.351075327225,68.11802446405194,99.14494642335576
956.3293612317283,638.2256478920327,68.7268880507776,98.86387133059331
939.0468092449826,627.3223381190655,72.76909077525303,97.2942195379505
953.9776889181899,638.8427237976347,74.34685409406654,96.48342764830585
939.5375053060741,646.8415377497892,76.00956063082788,96.60420387712246
930.3271622638526,623.490142035127,77.58185748975086,99.50927686607953
936.9088165622612,637.6982999083305,75.88038053273068,100.78660950469805
937.9848412971483,634.7122431378011,68.30854346173116,106.02272588625564
928.1929952988311,620.4184564754154,73.24360135630253,103.69054067037695
941.067466191424,632.9104476057862,69.56429328069966,105.19424991103182
934.5627010761796,632.9300714972297,69.24469213072177,104.3713868077119
939.0555653962903,633.213248097346,68.57376952291489,103.81447604260343
929.624087516681,632.6479983681802,70.81643353017814,100.96046314487934
934.9294882172696,637.572073803104,69.5909689526693,102.0830288712817
940.5144430279286,641.1306141863041,70.17447395646715,101.6311807595562
925.0920737352241,628.2931851816068,71.54747067670986,101.10800361432709
926.8266302518434,637.8145009278259,72.4334052914714,100.01729998983652
926.4622542432165,633.0093017437582,64.5043497816022,107.42305400290559
930.2498404308158,634.5084825342997,62.64341455953681,108.12849018371841
933.0873180904163,637.0190339943498,63.25514642296402,107.78664332219438
919.899320951933,629.2635026449791,64.51308372938756,105.82393268873038
905.7954801611934,621.602583507239,68.52203439920987,103.9185086754087
912.1881446498262,628.8350236217431,68.28242978532971,103.53769372486774
921.5241544314139,631.614710343194,67.16018670547072,104.31426248049797
908.1145886173986,623.3135106241375,66.75966517878952,105.52572711462352
917.95639892579,634.6909859466213,64.74942125304133,106.95246188959692
907.8086510516073,615.5661544525527,63.02808290625023,110.07950356134606
916.1462418857977,630.3402157687324,62.58246670584915,108.83878568053665
905.1404012421946,613.1898592377052,62.95912311079564,110.21902170325887
912.387721944786,622.635528962674,62.44926894126294,110.61558474239423
907.6426987798001,625.5873689292677,62.26514210151618,109.59095986431382
903.6944417957034,630.4692768983374,61.340864159100036,110.11823185988504
900.188244899895,616.0186084403167,60.40167127526733,111.32395406817977
890.6876432029775,598.5785598800223,61.90678435921849,112.60974302292769
898.1650949348725,618.6116124757328,62.38410403797235,112.15992984186337
891.9205308614795,625.6150406890054,64.33107352649468,111.28974716789864
898.8394699141332,626.0769545024084,63.08383659997671,112.98588671279063
886.3617547675311,611.8697326475011,65.05957887323447,113.16663199427688
888.6406070648366,618.8373639546322,63.74170630682853,114.8828290055695
889.6053703884246,623.753914285656,62.18126229492756,115.185445023651
885.4312286617645,620.4317482802803,60.669033095554525,115.29864782077188
890.4990203773466,620.471734638043,57.99327344693039,116.74252008428607
893.8756537084249,626.6270890292611,57.83902472953464,115.69169500116661
888.330990656326,616.3906381629323,55.70137170823078,116.37481293968071
883.40671667241,623.6409953052624,56.18492280217362,114.99695674215405
885.7192939016564,616.1445142354906,54.66360500302282,115.51658951545741
885.3781928276546,620.2516233866073,53.69920731007171,114.8475834630911
881.1563702978308,610.5326525008363,53.96003977245795,112.33988029220849
885.4622343662365,621.2111035690172,53.41713584041851,111.93581061023423
880.2200764654592,618.965653633746,51.945473683856854,110.16119370931271
881.614882491993,625.3886021188111,50.665088809556515,111.59517487607447
879.6904954385618,630.1782911143204,48.29339551281966,112.02818284293558
876.2256149942931,620.4814102385408,48.756726472427395,110.13701478632862
880.2693799086131,625.4023129717854,48.37546014205576,109.85706240840662
880.0348799543651,627.3867087627402,46.694857802188366,111.62210068762377
877.1874280856415,624.0244620426195,47.033285680539365,111.42901551404695
876.276041537805,629.0427021659787,47.08072964317769,112.7708488627148
872.2591044330892,634.6253510153305,46.597881941125316,113.38458003785834
867.3215394876767,618.3495917319191,47.12691709593312,113.20322843651216
869.1812489436406,623.1402726901081,48.44806593671568,111.41592229916944
864.4391425056975,615.5140578324612,48.97841320730507,109.26908793600259
865.2817433815923,623.393778341419,50.32246246424889,107.84907693627244
862.4787295447379,632.4752341923833,49.94776883460727,110.28948401392104
858.8141585233158,611.8955921875815,48.51822868040331,112.28100567335889
854.9588634047128,621.6958492945357,50.01237619562385,111.25556621232454
858.4585874557689,623.1193116552055,49.10991998551582,112.47653357829842
856.494538591089,626.8435806709804,48.2484438625614,113.09036282542033
859.5152369912935,617.2858792004955,50.00417611442971,113.10855756200303
854.0492823719835,619.7453936020181,48.53478650125159,114.68635032582678
852.9547483198814,625.5567816268604,48.009523129188636,114.81710363846048
849.6303630997863,627.1705410075035,48.28479471112886,114.23856941643224
848.5483572093127,618.9770181180684,48.83765332366302,114.2214681461472
848.1655868931244,621.9301240026549,47.72389995795218,113.70057743891337
847.9671599374341,615.6709960043713,48.669136271265366,111.75488863959404
849.2495952685086,619.9366610265737,50.12795894882158,108.01064665048324
846.8122103532775,625.8793408866773,48.69510207467792,109.30366471584071
843.9595776360859,616.6768008487534,48.82832898517571,109.62963843728937
840.6609195818492,624.1412772243181,50.0777970948093,108.1994726742086
841.1931289336285,625.5826439258017,50.093048387246036,109.31234123333277
838.0033709121632,617.6516039583918,50.579348330712264,111.23021133454887
835.7740176460516,625.7916896000847,49.24996351421589,112.84018218166925
839.2766403426505,635.2617146101921,47.21441686428507,118.64690862862821
838.379629645455,619.3670451707281,47.37847326951888,119.3912775118997
834.4273303463648,624.5969148201782,47.31516173499611,118.76202258443041
828.396172499638,629.093124954891,47.20823124697526,120.49388057885815
830.2139447132294,622.0202086828871,48.49494745407812,119.37405687397907
829.279623140633,625.307440103355,47.99206057291141,120.41556408386018
829.0906031357251,631.7112514031934,45.67597933502668,123.70199727330427
828.2387897484318,621.5676239983302,45.91004785220558,123.19380975018109
823.5917143101204,625.1149861338566,45.83194290172206,124.23824295637192
820.0391812631635,619.1336568060206,47.63163796379169,122.92827303610852
818.3884994428944,622.6489085662757,48.126761332758726,122.39459055598351
813.3381028768905,624.8704761513167,49.618794991916104,120.9284446762064
814.0130998429499,626.1317762908151,49.64911079791745,121.99935766876419
812.081763871921,617.8172117606998,51.00654517289776,120.1975623471073
809.5732736024718,622.9039723930175,50.040851627766656,119.85145005000467
808.0207105569453,626.1626318100084,48.09405893254777,120.53307142836968
808.7001909318591,625.7285681875421,48.86242941196237,120.29231652924821
807.1915223721556,628.0262240743291,48.82208998527371,120.69254374436696
802.7225605406085,622.4305631596939,49.64928668958032,120.00923535433932
804.5635799071371,627.2535337249635,49.73475580019098,120.05135812760875
804.189047762562,626.71513469653,47.655879087840574,122.18338844742561
797.6051777816443,622.9675759457613,47.520622352985484,122.41342134844136
799.3692449767418,626.5615906490801,47.26030309539761,123.21174589746042
798.0369984545364,623.2718240446452,46.386751533976984,124.02761066562019
796.6716909801369,623.3385693799738,45.48016567900332,125.30489406401927
795.884501977072,621.3172332534413,44.790820847836876,126.44286132486357
793.0396525896525,620.3514498934205,45.01304813230076,125.71438160266584
791.611742654748,612.6013162795238,46.79695177197348,123.79482541754052
791.8659168548996,617.6893271494893,45.95859950380618,123.73280392199966
790.3541340894253,608.8602539699958,45.82475338183147,124.32123676998569
789.432486235781,610.5205417902728,45.73867216748907,124.14928668761914
789.1799989470283,613.1734615632561,44.98115716144536,125.78624410094366
786.1861984603946,595.7598985302227,44.041531546141655,128.79749137286456
788.0223476481934,605.2751005112511,44.353730108878224,130.69283137740746
783.2132632511809,609.510057242295,44.70436501375663,132.76587487998123
778.6204248363125,608.1631899592244,45.16061714574293,135.23741278117856
780.6157396333008,610.8288266087163,45.762347562026164,139.64149786131645
780.1005704588249,597.6006585458113,46.231784368942385,138.34368027407436
777.3090681438217,603.1731183609277,45.714870397756556,140.06495043569765
773.8793837501576,593.6025267041454,46.68681219592475,139.10257780195406
772.8230740670975,601.3775954593277,45.7984826300528,140.33020157587146
768.8751302525005,591.7634259621399,46.13662246734169,139.6130497703488
769.7022871474954,597.4474666207537,46.7012507792212,138.81960575914218
765.220501014252,592.5299428586433,47.209898092818705,139.3959289820363
764.3345425417467,602.8270599615623,46.936040872894935,138.12838157349444
757.515026619379,597.7907235341639,47.76651009365061,136.69263354449907
758.8499090982065,593.4748651363774,48.5192102681026,135.52618492537064
757.179399919838,595.223016283185,47.49258256301998,135.1427066578813
754.2494739180889,592.8522184511396,47.69350062514676,134.78305832185822
753.7366786047642,595.2383817062951,46.82847468394889,133.95604378610284
752.0709654572763,600.9622940059039,46.41109878202545,132.89593293968514
750.873642286271,597.1720968072134,47.376906636165515,132.2508026627636
747.3702178717799,599.9680769199641,46.95104694605173,131.3731372953874
745.7293792048632,604.2660458032032,48.80983052874025,130.49011860541154
743.9179212204401,603.3877621647524,47.632238077190934,131.5045567668296
740.2262045343424,603.2864376129468,47.04305434667746,131.9487831879571
739.635527246374,605.1420006589019,47.73953082095082,131.01086479213072
741.1590911447469,604.0001386415037,47.499824169869335,130.34637459275586
734.8829233106063,598.4686016328353,48.09267284484475,130.0738758536052
735.2362464638869,601.6257089383954,48.37850968154769,129.8197934801438
731.737426697134,603.2950483050313,47.29847595890834,129.32605619302637
731.1731131454289,603.9250309787594,47.78266988875306,128.88445554397606
727.878381835938,608.1054340830608,47.787267764645065,127.18803368001177
728.4526774205219,606.9851874571635,47.45292610261397,126.68622441148523
726.5014413131357,608.806585183595,46.27469822843415,127.46424538637719
724.3103400987536,607.9566576867007,46.750420891827105,126.68578756962276
721.7652541708662,611.371432695092,45.30308384554027,126.02959606074256
720.8425421635784,611.1974486906705,47.00521202394286,122.89605654631077
719.8907529229448,621.2574400945123,45.33111948683295,123.74252718284521
715.070762493131,617.4494367275619,45.22911962316069,121.83077801796395
714.4148156963149,623.6787626136664,43.869472386122254,121.69990165385951
712.4358536491031,622.576286062034,44.42816938834711,121.01422978226918
708.8770140246718,618.1578121912398,45.27563825132988,119.04669281126968
708.6219378996492,628.7809708484475,44.90651429858585,117.5256002879803
703.3846012017455,624.9434166772762,45.02867138760385,116.92917197632363
701.6593699212916,626.0531164175261,46.380845027720454,114.88239775764362
699.3809408864939,626.1498269879837,46.17588939651327,115.61535445681773
698.2058644550937,631.271589643107,43.42167131657453,116.79839227170581
695.9222307445384,630.4514885542162,44.811525026711365,115.29794474883636
692.0260868254232,628.7185498491768,46.127124452252644,113.41356859506523
687.7197593547149,634.9273916143845,45.63489028310169,112.97074153162694
686.1310648376441,633.8101285155944,46.63012752301668,113.25116031033448
682.8285989348896,637.6843903604998,46.28061751330459,113.75847503519678
681.5044772933318,638.3236235751561,47.1427791782163,113.620619740242
677.5204780075643,636.9281536262662,49.436257314241956,111.98425146104479
673.6722347938867,636.4842025397257,49.83040821584431,111.79617003959407
672.4366870795628,639.9617292510499,50.225443590199255,113.77727598420056
671.6251931676002,638.1246603021134,49.46481266554759,116.49004445810914
670.2019840993271,642.4157634280175,49.01440394072095,117.7445047478115
667.5475492535286,639.5433176494714,48.65688068482841,119.58979478615582
664.9868549691631,642.5026441826518,48.39931286845154,122.0246809659557
661.2667603363925,639.2845275845656,50.83541635871298,120.18180056094344
663.0965606421137,646.9854929256794,47.96975981265762,123.89870720530439
659.0500786667448,640.9992017992681,48.82161220534088,123.89159529803595
658.6657863598573,643.3785789766099,47.09557541389979,126.24086545626378
658.4779063255068,646.8346715488149,48.416182867055085,126.05591947893038
655.4295444109689,645.5463179129516,49.65088001294255,125.47148317712296
656.071059552135,654.7809030923739,48.59266892065342,127.23552188712077
654.0019847707545,646.664743076409,48.18396350844351,126.42701108768229
652.3059208764705,649.1809128135349,47.33184542098179,125.13760469935332
650.2072652823392,648.0376175775593,47.972605000143666,124.46115899647025
648.8166715538324,647.7047454185418,47.16679764185814,125.1910685671313
648.0087863687132,647.7956511763144,46.91653617117139,125.75856457960896
646.5755394421518,647.47421758355,46.90994779104078,125.12928359632369
646.8474458165828,650.2305094730212,45.815305783156674,127.35407452505726
644.0452999019436,647.2197431765311,44.210453907891264,129.37938925557415
642.8748473978444,644.668972946477,44.29211757134817,130.0858925344589
639.5860638849048,644.382992473491,45.68735614222609,130.23086140534082
640.0945682311847,646.7896302195996,44.49845913475855,133.06424750285777
639.0993366828503,640.887117112649,44.43675709365909,132.86045302499664
637.2287398870463,638.6855906799946,44.311816893249215,133.27771319726884
637.5033452964091,642.3138902885456,45.161047026974,134.70714190502136
637.1645311643349,639.7155981448603,46.103045007444265,134.0379771828107
639.5103133732846,634.5739252208239,47.114130805584736,133.0278100497168
641.9790156013379,637.712463801834,48.02183340976468,132.14110297699528
647.6727017953623,636.1658842729809,48.99777895595239,129.4958400906768
652.2199790641203,630.8745993275684,48.61750609342054,130.8225085387284
656.8205724428699,631.9866978209527,50.1030450275191,128.77736526853167
662.6620967173537,624.8077466240863,50.75445533991417,127.2691407943176
670.4087136157883,627.6425088003782,50.94594718336269,126.8607870299632
676.0278577551057,624.3555284396942,52.08269974738721,122.45173552751066
686.051714574976,627.7734418822973,51.13940761460644,122.7008438502703
694.134589465024,624.4527717450375,51.157472665436956,122.82749131358658
703.1603821605161,623.2712338679562,50.09403693951862,124.21358060350693
712.4091012427,623.2680726291255,49.02908239127203,127.78279865328182
721.1320410005097,618.4094325397709,48.698487239889275,132.19265710561308
726.6723545880297,621.8236305095915,50.05148375018853,133.68121359297476
733.9078145313007,614.2655923023704,50.12406756273407,131.75246349346568
743.7467860919448,618.4570659532703,50.21161826862003,132.35918841217102
752.8643246488394,615.6775115111568,48.986666444778066,134.6571450227932
759.5514454405454,613.2091724254858,49.06792650101866,135.49697574542623
765.662017030247,610.4123110948493,50.82957071109456,130.34583279843469
776.5663221005038,614.634111328044,48.8402445727898,133.8529776918575
783.6116700549574,608.9857165550811,49.18477974632337,131.17771741493982
794.2725116239125,613.36507030545,47.25731270452739,135.8221537929034
799.4984308253335,608.4264461252055,47.67678803915126,131.83033219821732
808.56813837831,610.8137413375289,46.67740923828736,133.90078240861544
816.5875897937532,609.7898018426347,46.23903859950839,137.16647927644448
823.0482762946497,607.4253262752281,47.51797063050243,130.94064116309505
833.9501273262488,608.5847883743475,46.770310121160705,129.62175236806826
841.0189991479643,609.9498129880433,45.92242061867124,131.4090113956911
848.2966379274411,607.877339466077,46.968429101654564,130.66803687033632
857.3120741530355,605.7291203119255,46.81504369901855,127.27308743105084
863.0253860754495,610.1516110806319,47.16257508159656,126.7272856248151
868.695380029933,606.1573347200303,47.97995339415313,125.78993217187531
876.5475011181428,605.495290320923,48.16497928907947,121.7028146371308
883.7606029618194,609.4281116308964,49.067780177438486,120.88699157155945
890.6999848200238,605.2373862899202,49.75348544864093,116.6656627541665
899.191915459238,609.1370693373643,48.86652045105347,118.96383959100582
907.147698945975,607.606479771942,48.18925989470459,119.88668484383587
915.764969728625,605.7156210659372,48.60024895946998,119.22267088734543
923.107372779618,605.1549134399493,48.22802950942551,120.08541289667488
929.7656964800373,603.6349302679292,48.58373305199923,118.2497248009408
936.5798871127947,603.4252751486404,48.701646488629336,114.83751569671469
944.2953238864388,605.2897690244217,47.90882571573245,115.75116722656387
946.9223751907781,603.7035291703407,49.09392962332116,111.36417424186449
953.1469371999427,602.93073999488,49.105368657496335,110.1795639507067
956.170397112634,602.5749115715562,48.02512484823097,108.98014915880034
959.615550525999,603.6338227553795,47.46802356482925,109.26209701610372
961.849749551339,603.5930412923849,48.16492323079225,108.5292778562706
964.2176966334325,602.9248769396273,47.035118445175655,110.07602470238325
964.2925419615189,605.2517796546567,46.39167739710879,109.24360509634838
964.4202296428487,604.3133361861526,46.311499200277495,110.42921753992759
963.6771195445884,604.6486954368872,45.58421922576933,109.51094947691367
964.6317856412064,602.7531401131455,45.6535553631208,110.3272083516612
965.5546322390503,602.6645192022909,45.25813852715547,110.42524893862787
963.6557099954823,602.4305128485017,44.6629148965352,109.95589599474928
964.3941222251672,600.6166171273342,43.71820636516094,110.43051345104234
965.1932042557099,602.1679512320032,42.536705639404985,110.85473615256609
963.4048188775885,600.4292183676184,43.686043464588664,109.18923264921352
964.3515286263017,599.1278942234668,42.95131044771853,109.08694253138418
962.2079900865435,596.3995381617844,41.84320032908966,111.19787690330934
963.4868490089106,602.8435166638487,40.46832899933392,112.50512549437764
964.3002095867304,599.2438125614577,39.41481647322166,112.3438371254736
963.6680665005931,600.8326177066814,37.04040405786954,114.84448629929734
962.1481084361944,600.3236367187159,38.79744120491843,112.68487019705353
961.2218167579051,601.9081601902939,37.93977340966789,115.01015195068157
961.3196178037963,594.5500225996066,38.76019247765726,113.95482747558242
959.7876770841001,594.0690360630128,40.25542492539985,112.65667660393214
958.9697032114639,594.832167912221,40.4903547618038,112.66090884680881
957.6403628353381,594.2563997158037,40.30844119098242,113.41955236387952
955.267191061845,593.7511494419887,42.89768790651878,112.01472340063845
954.101631619306,592.920386704696,45.079531164898725,110.05976471756762
953.9667285785749,593.5252164368919,43.55539460469308,110.7135192446269
954.0498654416414,592.8558891855754,43.61712681305159,111.50306721894495
952.6405541773104,590.2795702633152,45.40928126556423,111.27841734981916
950.8700366428093,588.8042447168459,45.562228095371765,112.1410513852228
950.3556536000971,588.9496299391185,45.04725877865028,113.19935259638554
950.2720518083627,584.1520313987699,45.35939144381665,113.06497763525039
951.5468663398054,584.5345496145551,44.4946347507566,115.30075737009011
950.5555739693144,584.949503730211,43.894358807482156,116.86928212497637
951.0003675127235,581.6078181226957,44.19263542401997,117.68364313384673
950.638316095705,583.498571090222,44.28158490479663,118.16216004946916
950.258980855824,579.5157378824401,45.387205871281154,116.59983454907339
949.7518274534191,577.7101387590907,45.664982223845485,116.9445817085778
951.2760853243142,577.1170811343911,44.03438790063444,118.9971203747506
949.1798923038886,576.872358977911,46.2684953323127,117.54138786690541
949.9049345676451,574.994531967892,44.6358673499802,119.55627561310799
949.6376523855071,573.263058227693,44.32637629882642,120.81290742279558
948.6307930449649,569.4599039037645,43.83253840022396,122.06113505208715
949.1714384552749,568.7367426997108,43.07830248028831,122.43667335236066
949.9881050894486,568.9311092828472,42.1289460534465,121.7178396335367
949.9185379476762,568.360711634607,41.14554767225924,122.3044667175914
949.2504871271178,569.271459488593,41.043475783657556,123.04001194353398
948.7835006454134,570.9723851323104,41.213827048765715,122.7615956665245
949.5608834786791,570.9542783800207,40.9923503240847,123.87370050306421
950.0002928574935,568.0043172277941,41.465364398788594,123.43040401521787
948.6527075510396,568.060773225059,41.12541293481876,123.40666908403679
948.3749749576172,566.0579730884758,41.355731167358634,123.90094572798225
948.6621618210784,566.2066238854248,40.58590693565304,125.18950503117307
949.1875403517425,565.4208946125357,41.983032855322165,123.90547327689154
947.344760998963,565.347036631985,41.989760128927664,123.74237851468871
946.6003570197266,563.8187512023035,42.479304552079704,123.57001272061602
946.2949646619925,564.0457024206855,43.55280973148284,122.88314821395902
945.7447308604753,565.7192546021427,42.655638665652674,124.28000042949328
943.736073345991,564.0662389503447,44.641072043998165,123.27641589802643
941.9779146580394,563.2452690663577,46.19206766649882,122.4864140141791
942.7736239870401,565.5361810510144,45.46403506202732,123.79475440582502
941.6653456794711,561.4429750116424,45.638039575501445,125.78505815420473
941.7248231348166,562.3310145640662,45.58178436677345,127.940616828287
940.5815293047755,560.7783102043531,46.813563509879174,128.8251359362375
940.2313896792391,561.9617202697004,46.76460216918368,127.66257175165889
940.0028243461712,558.9242560572667,47.36657800408621,127.03739477801258
939.2082169116093,561.0413702476753,46.94559823315963,129.70656629059403
938.9982902867608,561.5081775548201,46.63504204853167,130.9647116236721
933.8563925426321,563.1641488782385,48.96658534155031,130.9492702262677
935.6577449431446,561.3035108910888,49.59129132622148,132.01362627005034
935.4264366338647,560.3440722951683,49.6785642480816,131.68080851212045
934.980277870791,559.7583895172161,49.504839676510755,132.34681952731054
935.1857995323842,560.9312786412243,49.20785577183109,132.32592804916783
934.5903532878717,561.8011187155,48.28323607563602,132.3755568309656
933.9265696629317,559.3620787236629,49.58113623776507,130.3485911356809
933.9828225986709,562.664356974087,48.261880767108494,130.01430288854738
935.0160996135038,562.7114851470179,47.06518902539476,129.97709950965123
933.9200204789952,562.9399413969602,46.975949282843956,129.7877848217579
934.1787596703556,563.659086208118,46.61686952191651,128.95726813749638
933.6247248761858,562.8925482787213,47.26252856978012,127.94759260376873
932.9621869538238,564.4486782586717,46.365826077910036,127.9669529291202
931.5945576225863,566.9010525014752,45.837961981650096,129.03516116279206
933.7259458215103,565.9635163298834,44.45555403644168,130.06144339934508
931.7972758211628,568.1160449854135,44.18454430034484,128.8822651197484
930.6171016394926,567.9016056538876,44.09600069370528,128.78191477290403
928.7983124284492,576.3599979104283,44.239948329273936,127.08458054738514
930.611518788741,573.8475833957746,43.79706411331824,126.27941750505352
929.2060085566008,572.7280216643866,44.141462725310696,125.5852125716264
930.2127318422492,579.9664162745675,43.99603040569832,124.39348691587207
927.5501484388359,578.0172156318669,44.06356948930119,124.87540517949961
927.4182371917586,579.6752831479147,42.807168619083946,126.11284485003299
928.6006008710514,583.951472451217,42.909708051559065,125.37284589134427
926.7628958771334,579.7426396458379,42.591203404537424,126.55407274704962
925.8490600321385,579.5153991016557,43.70187778545106,125.04277241706009
923.4901085259542,584.2731588780251,44.277342866743936,123.177180429386
920.7504003386433,585.3424138569071,46.039444234651185,122.52212947779365
919.708446579338,582.1546261592742,47.31995821027423,120.96047746322496
918.0381662069437,584.3693024296292,48.54789851112743,117.19439173867806
917.5112842517796,586.0848176760222,47.60337136269979,117.43673474265125
918.6150085696024,585.7835072755197,45.09541003363089,119.0434915098876
916.1702067322999,584.2608073783163,44.23577840830539,120.28558130243508
913.3736912747363,586.9811899267332,45.583022388614616,121.11419613543859
913.6065314807107,587.2493320793632,45.69046472383661,120.86860393239179
913.5119483717529,580.3514622877188,46.34856490428418,119.77811007883611
911.497506172687,584.1585528909055,46.59622390154843,118.93907172539826
910.5333911313821,584.7602285926104,46.17542788879382,118.53874989135991
908.4597945165245,581.8178441070864,48.11573720344701,117.34440389383266
905.663486296934,582.8667058852283,48.42270476543356,117.8118317857865
904.1259067153277,580.7277622360493,49.845208776322934,116.63592448595767
902.7353500336955,580.0887846407192,50.28990128211119,114.54836939388532
904.1841983354826,579.9212157530835,48.58813878362493,114.2432840894395
901.566636501609,578.9366711293183,47.57761527953751,113.23570490223445
902.898646456479,575.2877281473045,45.2445045313752,114.28564949713908
902.6663606369157,579.3900404345533,45.09816377415349,111.38543899374969
902.1254842395932,578.5650779861879,43.95180596718966,110.8008893503359
902.5220974382894,578.237894329294,42.865004453162214,110.62743649192146
902.2897690411328,578.1623711631436,41.89868163399812,109.79825013965538
900.0296822082122,579.5208842715033,40.779738776301095,109.52397345241877
901.5634969277338,579.4156750839062,41.484337809228194,108.8520359049844
898.5949709482675,576.962364226882,41.729636577929455,108.6262409957182
899.1678785291035,577.7422992297509,41.48823301249823,108.8019634591613
896.0782491565775,573.7951555022131,40.74828759610524,109.78606595213029
895.1391899128325,576.3581559526874,42.13066016696547,107.82091893962263
894.3590392207217,577.7711784922969,41.823482987094366,108.52940440956638
894.4753042339358,575.4433434782122,41.521653614352516,108.53430583041688
893.9672348321096,574.8643797151892,40.884324037579006,109.44823113669082
891.8338092703634,574.1549104397255,41.15785367437827,109.39796255663623
889.9568396422836,573.9295118365684,41.59727228727033,107.43542801265819
885.7772694369249,572.5685537061299,42.51428067444094,107.31559976141676
884.8771769654647,572.3417746329729,41.907460266218095,106.31543740315894
883.875784290663,573.0406747825451,42.23705198489982,104.64681451853548
883.225707540964,570.8690263395242,43.294491500286384,102.46428347810576
882.9727683792618,571.8874432226014,41.96586816960732,101.88064707207533
882.769954511252,570.5573863396836,41.844575589075724,101.4380222952208
882.7292633673668,572.4773514743772,40.82205153563347,101.81634198468961
880.5521193073794,574.7179574686791,41.68314408901175,100.89871588687093
878.30821115422,572.0840134241812,42.659965393013614,101.2666184476673
877.5943293324757,569.4816345881273,43.51630666346473,100.78117645788303
876.0575341127758,570.1969217878323,42.83728612374577,101.08081879589199
875.8780106201858,568.6285504111448,42.9261760992152,100.40116144698777
876.4911133928952,566.9335359291324,41.640100858136755,101.73919598820919
874.4075612564336,566.9478089368107,42.345811187873906,99.99855630692107
873.4462838926925,568.7277187265207,40.450746368701175,99.88138433312324
874.2017482656761,566.5388926636049,39.99272228345701,99.85172171767334
873.1909748054886,566.4030539651001,39.24506174252567,100.06780106684181
871.8008279620619,566.692937645144,40.067877833055704,98.2764403252781
869.4230453288526,564.5902828100467,40.92265315572071,96.32262476335269
868.48734449375,565.1000078007793,38.65874735239311,96.23913858782929
869.438015004314,566.3395074467121,37.9523441971256,94.9530543326099
869.1423066245673,566.6886335247418,37.21491903333734,93.90621282130576
869.4888184664278,568.1708871258528,36.242471318096435,93.2103947845096
868.1392267617517,562.5532939897076,35.006183100415086,95.83853867407427
866.6498595423366,567.5840427418888,36.583630892832,93.20048477830352
868.286043078105,568.2988358153224,36.2999196461618,93.1283985358346
864.8288985048625,567.7290378281916,37.43647260212417,91.14243183009984
864.2515185093561,566.835414845822,36.02646423657506,92.74922981591098
861.3424513467262,566.1856096086731,36.70713843836399,93.6950104427122
861.5176435096312,566.7928371537632,37.33916825481465,93.48550540082067
861.8296646107378,568.3325078761656,37.14935849625357,93.11439217281983
861.9241336497793,569.1730957363567,37.32584154919151,92.92922085728114
859.7986614356538,566.6865385742351,38.02765177604945,93.91213305358792
856.6874052431566,562.9213646696659,37.78395153833985,95.92728119669246
854.5378612358554,567.9814791684294,38.3335669020843,92.6459899257357
853.1752796553105,564.2686997510598,38.86533618425673,92.44185433132981
853.0122660831609,562.4012171008342,38.68521222600761,91.9047584337792
848.2093397525584,564.2480753941547,37.899873992008935,91.08180046360306
847.8575863877201,556.4214983574201,37.140442748608976,92.67231059446216
846.752661243461,561.751478705126,36.957036947086095,92.61832236577985
844.7505110673272,561.0394927883572,36.38616494877992,92.44594171202006
844.9671990650313,562.8360497960018,36.45389724732516,92.2344466921788
841.4100852460786,561.9072689898089,36.36865647054209,93.50766844569951
842.0795498719992,558.4248611689918,37.20659791281845,93.81867531150142
842.0831609343318,558.7367893703149,36.9596874798295,94.45655110597703
838.0130618003659,561.5619238878317,39.17695195388866,92.78535965925059
838.7279046571591,560.7976678968331,38.95453553495226,93.91551337054011
836.0978484639746,557.864232744925,38.80306137765347,95.74376648940697
836.8444488313045,559.0256579237146,37.04173965095465,97.16376368275242
834.3509379331265,555.8535251096314,38.5205842422311,95.79389823034023
833.2078445307483,556.0408201993312,40.01271380826874,91.96107049754826
832.6665419373795,555.5128319069086,41.04671171893052,88.8364832090648
832.1886669463486,557.1631663854118,39.01810418163551,87.58601909225891
831.5982237783143,558.6798861653022,35.850949065853406,88.76810236782853
831.4784514482384,555.10992830693,35.27739602473268,90.62124614268996
830.7965898283495,557.716105591796,34.83995187490632,90.67185594397432
830.64641622217,561.6162808846943,34.67060240874057,90.16316320659286
830.0081414011498,559.3563029822354,34.94246216886209,91.27900808933865
830.6403778022516,561.2864798162187,34.88738801531124,90.63256633208037
827.2563165986926,559.8765080155081,34.82071738471299,91.07827823053555
825.5894561466106,561.9069568748666,34.1590559267228,90.20406622521074
824.8757364995174,556.784798912828,34.80631478712124,90.9816780283175
824.6740825592242,557.7406856539894,34.06976211901845,91.36709545492556
822.0956115841534,560.1327996602521,35.78786490186979,90.03279546229129
819.7739504361842,559.7185877968054,37.13556167115907,88.85131244077152
820.214216272042,563.0266963901457,37.389200233040796,88.68994632753211
819.3345207217949,559.2547030338422,38.04182834133063,89.84928473609595
817.9791353670627,560.2762302976536,37.03547194510092,91.46431991739527
814.3557838001606,563.0159812746374,38.532570085111445,88.99834708204136
813.6244459792009,564.2533585980511,38.25407241135058,88.65886295784074
810.5824011399865,560.8395405134577,38.04284303843444,89.41149787923793
807.9379925046451,557.3622694854928,39.24874492075605,87.02693636116955
810.2198474081281,561.3032736607029,37.25784660580541,88.57346517129776
806.5979259124574,558.5945482569855,36.601670296368795,87.91475239005285
807.0538798230881,554.7936796309735,36.555282048644614,89.18904824948544
806.4162407664176,559.1574650766163,35.51005287862675,89.53818844678453
809.0924807791994,558.7870999680317,34.498019583537435,90.82631911403521
804.1975796105427,554.469613747801,34.044296145593044,90.56569143686193
804.6262618803123,555.3612320541192,35.294394638095525,90.99749664461103
801.4883818152937,556.183464180955,35.42142925261448,90.67217506830391
803.7218927297605,554.742531778585,35.41356772936041,92.37697764845377
799.7326211874456,553.3192384094552,36.08579638261431,93.24502403777204
799.5622073633216,556.5418975881893,36.37486368061715,93.82381087128006
793.9663989281122,554.8101263733608,38.11366425413931,91.11475895378281
795.1109368701419,552.089634846133,37.99114633225908,89.73587286254448
792.6922093440967,550.7434424452703,39.36860831163766,87.1276186831104
789.6796946959483,555.1557065762654,39.60833042661601,87.39993666550023
789.1869278031314,552.240402433161,39.1835428357158,84.45541468656424
789.0870680370105,555.5703168324679,37.655174983018014,84.08763355486892
788.5246914274396,549.6811415171824,37.24071659019536,84.80995713746793
786.9870404658134,552.774483225925,35.86478261106025,85.04372186451178
787.7660480702119,553.6777560049527,34.92155604668001,85.14755976453279
788.1400149974137,557.2074211772523,35.25437285254462,83.46848047485986
785.109021851964,552.6119633536093,35.63209101893984,83.84891173306806
785.8355537732341,549.748619662848,34.98969344034161,85.95897500967615
786.0656719250701,550.2435942997781,35.82466028010691,85.79410179866717
778.6114338138793,542.7951297464558,36.067147486789295,89.08887975468517
777.5784484901894,546.3404026632627,35.933899647127774,89.15859331601087
780.2623471071316,550.3079622524531,37.3759308067807,88.57725187278498
775.5760762102086,544.5209102415234,38.90686061814124,89.23585335168599
773.1112303071693,544.050901424498,39.944581772801435,89.55804008719889
777.0026591454914,545.5179571512796,39.46991031231326,92.59593323414039
772.3753136970835,537.579232278549,40.114691388759184,93.44741524627663
776.457567709905,548.754137092103,41.32087151476357,91.45969073768316
768.864161908006,537.684671350235,41.50207383097511,92.09163724337265
768.5751515231171,541.1519102907289,41.52152072495819,92.11177527978691
767.7515672813172,538.7222905402822,40.67471542998308,89.65076771128852
768.4451532939744,543.0069194830484,39.69148435171655,90.45605413352203
762.3761367635873,536.625869664059,40.17311816049603,87.694487648636
767.7251310675301,539.7764305943034,40.51774702937,86.77713792970061
761.1717268736719,530.4947128835831,40.32499095985078,87.94082314285083
765.6995189038086,534.6873463279181,37.428826378066425,89.7853473671038
762.3947030731885,532.5130866874088,38.821295201413264,87.5959707077582
762.3174218019727,536.1238305893365,38.599064919654154,85.78193924064826
759.531390785255,540.8235407928239,39.47402583548411,83.88064735634757
763.6778403909085,538.3914114599661,39.10468534013117,86.62807179476746
759.3789588563876,535.5171805591149,39.263014582321276,86.66188628168489
753.8589373500237,525.494194068424,41.00820769689393,84.54602445427625
758.3876389817682,532.52720858233,41.913177281584325,85.35514928215864
754.4667083999951,534.0192888383789,41.27445459183932,87.74961260201259
749.3266486145619,529.9694739001709,43.81498618979041,85.61945675427795
752.257973190755,536.8115493310314,42.46130704588801,87.79156630801229
748.4758864716299,529.7454668655787,42.98392041156015,88.80760443705122
750.4031264103052,534.7206416435677,43.92386020324476,87.75795932272553
746.8423769340831,521.4697021706908,43.795310577469635,89.07048527296207
736.3832497327119,535.122004240158,46.5591052552726,88.1683189251059
742.7762730392785,539.294009281938,48.318876727362216,87.40209363033988
733.7166619403336,511.73511520719916,49.43269465971089,88.78140670268259
740.9434962607082,518.4947068567899,50.330392665459264,88.80050678711399
722.5361543199516,524.2240153847342,54.48070827839254,87.13867421554139
737.6013722527942,530.9666252205907,52.24630793916527,90.45905234135053
728.3779053458557,511.29256056751854,52.88416638291438,91.74366459518066
735.9631633014387,521.7981056911076,52.43944094014668,92.6720146611278
738.7288346913002,529.4628963605193,51.47414779036522,93.78603425568492
741.0399268084522,517.9996139284189,51.565043185776005,95.45646477758878
731.8875148330188,523.3316846336943,52.38598324187453,94.69528420698897
733.3868362159833,525.7760485390745,50.586940414394476,96.14609227177621
724.3483923857557,527.2183698514264,53.2653897807093,93.80793541024076
728.1444390065245,529.5993164645611,54.46167282201774,93.44967916671618
699.166735121171,531.2501556137328,56.27804412278217,92.15193024500962
716.0103831791868,528.6127111530234,57.222492555667344,91.56413567834961
725.6448740907041,507.05379649698057,57.11794209494256,92.5936241763686
699.7669514196388,517.9965926235589,60.785983677776585,90.17113723321498
709.3806769903376,524.291438387183,60.94273515847125,90.97756473018619
713.7802551359616,525.7785416360504,61.43395307081024,90.60561768376847
683.3189033363402,526.5745633591251,64.96054838417203,88.18755294933403
620.971214470349,514.0699611455966,70.20004121469289,87.50280328240422
597.5700420760103,526.5018834727011,77.43238999394299,83.46051266006205
601.6802266689886,534.6540889305359,79.06547634339996,83.17772559497737
605.7273119460069,540.3584979053169,80.3700489317643,83.89952829611788
579.0990703929392,542.7996968587732,81.63091465971144,83.33676552023071
586.0451295448809,529.4782906901963,83.75043222896704,82.86337211643357
597.3754343864688,532.7837149286482,85.22518331851097,83.61704224578565
597.0216002461722,535.9207658957116,85.6755767318783,83.79057407169809
599.976667700347,539.1969370248619,87.87428200636998,83.44853390723142
575.8261375379011,542.3522272386739,89.64238695696706,82.44658335573064
588.7264207479631,544.1516786746935,91.53027298377283,81.59401330408762
557.801210691009,523.7368396549949,93.21128480372658,81.5368254531228
569.4400952677713,531.867795649872,93.30842635532748,81.97681500718144
600.061994796883,536.0396802783383,93.80338847365651,82.09806418653564
633.3764651494002,538.2733795608201,95.30834496097111,82.40929778823958
683.0367004974047,518.1999284416706,90.77521295236973,85.79325773808804
634.0335683418557,529.2384063894643,96.88879150704668,83.02109955484778
669.3691526520649,532.0876140137904,97.19817219369281,85.28874546646169
676.4701476715288,528.6340692171818,96.35157326059036,88.07443897197491
631.4005121451855,535.8058327806854,104.67752028154686,84.66703131394753
631.4727319279309,534.5466099809069,105.04403307715086,87.56771148885984
611.2801871061857,535.0846445434287,107.87320316201682,88.98593276415373
646.2231143765082,531.4789716647571,110.34239465671413,90.11995656744035
659.6968867740745,513.0100710761318,106.46624332049018,94.39362324592564
603.0500108742655,524.9729354835212,115.33623066915816,90.27110970749554
568.6585558035218,531.0633480891522,117.17297483067954,89.64405420283781
610.3404028332352,529.9328428435031,118.32611479150103,90.64821158233188
649.7111655923419,525.4678260490308,114.4750862249945,96.13983449969443
597.7015317315527,532.6772451148189,118.79546323398438,95.29443563326986
602.3194688009771,498.4126229995951,116.86271375922308,98.16415259746444
615.4183318719125,512.3691315634967,117.00099912881805,100.99575952819612
631.4231493410414,510.048607134965,117.17657781380908,101.85606175278939
643.896590927841,500.50497115717917,117.07272060527502,104.19060471694
590.0134565912191,516.25701690866,121.84043743422764,103.75019668988955
631.4117844589609,529.395842199287,120.90963052236287,109.71383034018183
638.4783312573649,537.5209180601427,119.23870525159373,114.05262991432761
599.7182545783461,545.2517743230134,122.79096789698464,113.26447092541505
613.7472384112,541.6603249355516,122.85264029360071,114.12242389564238
622.3242353514152,460.17825305621216,123.61976093925264,114.96885913917552
630.5991627152446,474.7548217648183,123.19959602706408,116.23015704489676
599.269239441359,487.95156781688144,124.35162733178383,117.74994593585471
613.7935567649462,491.90662856153875,124.0126370863393,119.55837301579513
624.9036994798358,509.72910375248006,123.4133604264011,121.46675796902049
626.3772384182124,522.2906145710779,123.38545798548712,122.91702618185693
598.690447659796,531.6683617725196,126.05790473663622,123.6168612947755
613.7298989905252,520.6019370776623,125.62966960609265,124.4037828538828
627.0140557608887,457.84138683844105,124.50145263311104,129.6690415008043
590.7969552859599,511.51969601287595,130.34571853766147,128.12310616316688
606.8587590349618,522.7715892866413,129.77665991434017,130.36981318359173
624.0497121461035,525.817357844879,129.40765102005415,131.64363779445438
598.7434027729739,529.181370588419,130.46685596188217,131.87805041347156
619.7480504618966,523.5849479465992,129.14163281002672,133.22019067954284
577.284164255886,531.4824248081867,135.50536845072807,131.6229502600118
607.5641643258991,535.3745263764655,135.59592564491334,134.680798346603
553.0391664905821,551.0203026085966,141.8328544372654,134.05994606392187
583.7216441857829,553.1373165980358,141.77101016205353,139.52948250868945
599.4593614747201,546.8156690681417,140.37644314038127,142.172648408989
615.5294124680444,538.222661697229,139.98210262687675,142.93249298137843
574.7309593442305,545.7560363570992,142.7751273430394,142.00328132278017
593.3010925590353,561.4485095063937,140.23164215701513,147.86184843347306
555.4408162711006,587.6179597189049,142.20504724259345,150.0107309103697
574.0471357213031,606.5656055314801,141.6566167492493,153.17811275742733
590.2430425049231,610.5709318043749,140.2878942087452,155.73600656772751
548.9236543644485,630.1452800419855,142.04374000996387,155.2629228528388
574.7315235117529,651.1868293992392,140.23186909804915,157.8737837670808
597.1739744443737,551.0695054221788,140.49167770763967,161.91186194432112
544.4477389701964,509.5783759247375,144.68126263734558,160.7859511611408
574.7859295507315,514.6866589086261,146.43437050465528,160.8584835956355
598.0641200339782,509.40349914119076,147.36399347991895,160.76652738990953
549.9624812263652,522.4802377368687,151.69006843332673,159.18742074561771
569.8669003456066,528.9708062794347,152.25998950437332,161.31182183997913
593.0630489401792,515.3468152433011,152.27210182670197,161.51431978849553
560.9406554387086,517.3375712103623,155.66417181345696,160.45922193547736
587.2991967596237,500.6096738675855,155.85643843109247,160.799338968924
598.8124294205502,498.19108513803144,154.52328884144794,162.23746011870028
565.973187898122,502.9105577950153,158.95763327963567,161.13479206527342
595.5560917142006,497.5608731914906,155.21196401665236,164.52861765332906
565.6825171517485,509.07371274106555,159.07528393210043,164.75944644119124
590.8320206305791,503.3333284061301,159.4705184367945,165.94609844296576
602.8695845208919,510.7538684492733,156.60505123366232,170.19162807142095
574.5337567303177,521.1296821806108,161.14699951547948,171.7014118552841
592.0941260819847,533.2083651125627,159.937140021881,176.13397470667235
607.0415974086543,535.9480714783965,159.6355252989139,176.98665751219886
580.4836514105061,533.9210661071805,162.36387286276567,177.21154653349967
548.9561657550996,549.9923737695724,164.36572694063187,179.8998312868097
574.4951508311589,550.5957027536297,164.5531907766304,184.28625407419827
536.0178408227525,569.2743746632455,170.15847393264403,184.42437083752353
556.2146650185167,579.884129127871,169.8451034258232,188.01931628678742
583.8451235231712,512.5273747252679,167.05454998086168,194.91279912917244
544.5773139777363,541.0662426049248,171.0809111173447,195.29094498287134
564.0624713509989,555.5015373665431,171.6585271765391,198.43793961453375
514.4485991513321,565.6106343343465,176.23172860604765,197.2899893954635
550.7094118064052,572.6173982170792,177.02100889879037,201.18086352314535
566.9460780320896,588.5555703396778,175.81692426569617,204.43002179835173
499.54973764258887,613.3391688539493,178.69778273193833,203.26095451586008
522.0049889382565,611.5418007309271,181.26388766259467,202.89197654949868
544.5065727604929,609.347551520503,181.38383536276575,203.7528210931339
477.3758052627163,617.9556866376372,189.93912262351984,199.81307431794005
511.49010613634624,613.4861517085757,192.1422765396591,201.1364038454389
524.6548028491027,608.2159017870135,193.33742333434384,201.60174396746834
455.2337529062795,625.3381842303328,201.01268219164695,200.12736549749758
485.5743566518422,627.1704107734387,203.35908727531339,201.44231897698188
489.8659635682061,629.3659621210605,204.42852308111634,202.6005262247097
501.56814393775454,621.5135395992698,205.94197935648762,203.5487157966927
528.7093040391787,609.9310971798946,204.2531345005009,207.16206245536694
469.6265720656027,612.7424810685409,211.8202201556857,206.90807672708553
489.45892881925505,613.1289415030125,214.54544371064947,209.9191835759647
438.611010091078,625.2544407016599,221.86557661858245,210.4421748067586
451.55753702030165,622.5592601787598,227.96504446813634,211.4555086881959
477.4253515589958,611.8943987287782,229.37045683504846,215.81841368814597
491.04763682340507,607.3632490209992,231.1067987872931,221.80868795245962
396.6274549613861,632.7859846636698,237.32461553769056,221.73332713475577
437.4953681888164,626.708740547326,241.60589961245793,224.21683871700031
453.7931690277937,613.5696048886857,242.8291373329854,228.22028647222467
492.5356515002795,594.8784695925401,242.5124869337685,233.2969076613064
524.9102735768864,530.5934060518641,235.6230504836503,241.4095687778347
486.56015237221175,553.3945435421044,239.1050645902439,243.92311164581025
510.2173328725134,554.3830182485934,236.9679600585472,248.23418827787995
476.8036616827882,571.1754144940829,241.07212982260643,249.07253483682078
496.87361961023146,569.8413310687138,241.9651499043455,250.15443797121264
465.0875322622441,570.0579783856372,247.29693253833776,249.55919965928115
495.4406657150525,565.3839308325064,246.13917070961259,251.40492911802724
515.1101077237188,505.4373800364501,241.86748907317457,256.8789897703464
528.6656933227962,534.5085563697738,240.7600980126134,259.0939021493718
459.81904652362385,559.0264349510459,243.48109861760472,257.9020257481714
491.81418462141596,563.791213685748,242.45621784546552,259.948012697927
423.519206058298,582.7362255287958,249.52118308312538,257.21393748804593
484.27197525999554,563.3203888147516,250.45060450827197,257.4231625277717
449.74226088536903,569.6458747641223,255.37436383976282,256.4942358238503
478.40340982275166,560.6720218002552,256.5070977446463,255.73166619788083
434.76101201313423,566.6751338173639,262.64901012446046,255.39964883905208
361.34054854354525,656.3086299095362,267.35200307916773,257.0330769615497
486.3842204285031,529.730994831715,263.0889330100458,262.3923864989523
447.27468097838215,542.868585489801,265.58133581269874,261.4520240016262
390.50177743937707,635.8811657215373,265.7522481540452,268.0142978758963
342.309441761946,665.7889167943654,262.7180994854754,278.70236431008277
400.24685692271737,573.5257611810416,258.9664932206956,287.3226146536374
373.9560815325424,648.1971646182603,265.4353859885413,291.31698975374667
404.52262737329755,630.8643425168927,269.47724215011056,293.408526592032
439.49397736178526,499.2447668933406,263.0302902082878,302.0772865858705
421.0885097467145,518.1767742668542,272.56666612132767,298.288238931038
364.0543961367896,631.1516562149632,272.14028099833627,311.6280418547431
414.12723818015866,512.7745199455371,265.37894702433124,321.9432960027425
373.00614036842944,593.5176507349278,273.62836108521424,323.14680085956087
412.1525769488767,569.3444888710476,272.6579784137789,327.6249181073928
389.4834380453897,556.2850306883048,275.6173985714754,331.81625583074083
367.97927154163415,556.6198080373698,282.70963163780306,333.01260037643556
318.5620972604243,641.2627984524645,294.79621900002996,333.7130160960656
348.9146105170561,623.0486922941536,286.1208978784851,352.36014601586083
326.85452319106594,602.2087745417441,296.5196885251255,359.07169175913475
371.2031737565933,553.7833856828247,282.4810452121653,370.29120219907225
349.1541433067738,552.9831698234883,280.91151572530146,380.5951729107803
380.1549756384196,536.1205178456698,280.07749834188553,382.6805608277427
357.19135008330863,517.2359563060537,283.1319300364932,379.91897179017747
342.5088811039409,533.6063623279938,277.86427358132,385.741052752512
337.54082026437857,554.236181715567,261.5531682047499,405.4223565917438
346.64347661589306,572.1836836132096,257.11222816816485,408.35728615194876
338.2516953212709,548.6040951249337,249.4438223985771,421.05468498158206
351.86404600381366,565.4647339002585,246.55831351139778,424.1820165234453
333.34583707797384,556.9645085502771,251.47186765698748,414.5547258778631
353.8845769808728,538.8660916123944,254.69102495087992,413.45386652618146
337.7972862854674,547.9153833467096,256.4277048574279,414.8437642430655
326.74682202920445,561.2726728852892,251.4392658803346,429.1948981274215
364.4868390895141,490.94472014437576,251.82963556366786,428.13069836045605
323.02543496439097,529.3140381087157,261.08321065431585,420.0021213301178
341.094165132125,532.7633600147008,261.22874733535065,421.9721840909091
323.2519686307324,536.2819777871939,262.52271707660975,416.52632932027353
343.46014880793075,541.801168983538,259.5985175229953,424.35067281240066
321.42301884480815,548.8247054718688,260.43896464830095,426.2959328157475
309.8935957796238,569.6545853600753,256.82890566075287,428.1188302820507
330.415290572647,554.4918022638922,258.81031737921023,426.35540332504206
320.2570773515355,534.7010614456061,254.14306168468977,424.81075181006736
316.924066596031,549.352556005395,246.89567659275053,426.15043670179443
338.3835255636521,565.5489576898548,246.882848696182,429.1554691780566
352.09505258581714,548.8669282556384,256.07492422821696,419.9658680196777
314.16649641329354,562.2000339385991,264.83286713799936,413.85759198205835
335.72282063450297,554.0031100173121,264.2083231816074,416.31402448529695
312.8641746055731,557.4163703998079,263.28465384483576,426.45091870319345
330.3578700714926,569.9682366486932,256.08588617481087,434.2629015833446
347.9411010082774,494.63003795079885,257.3345495442035,434.8852677105524
326.9684300428315,512.807002946578,266.6807476737437,424.7620154757524
317.67554088524827,547.0929715342294,260.75756536622896,433.0567155869039
328.9570878372281,550.5485385542756,266.946727071018,426.93472640188827
314.09330084762917,566.1894597632905,258.6750286784697,440.6709150260001
333.2174613972144,542.1436628892461,261.38144469230787,438.2802634041308
325.19508547789496,561.6938676474028,255.38724363603325,433.6280149827282
334.3156273453766,542.6632874011913,255.2377777019687,432.66001852621207
350.6090235128099,542.1111927206416,261.908621768587,430.6204923542787
328.79422139263147,551.0803714090624,257.34162742025114,431.56063520595853
336.41333270979646,563.2381622391674,251.70488073578935,435.2220393960944
327.82245786821295,554.2048225272847,249.3431016963025,434.6893087812733
340.20064209233965,568.566313870115,249.52550576374279,434.4266072451988
