686.5,496.5,112,250
690.1342273428547,492.4378739711296,104.55731035189736,257.69322105498225
691.1505245298177,489.8637245329663,103.28064537866926,263.75892305513446
693.428356544444,489.66420858968036,101.66001553711058,264.9100963831586
693.6667913374321,491.7714761908636,100.13152510983676,261.23184283347047
693.4086279300259,489.531049903023,100.0102476986925,259.29453744001916
692.2235824672131,489.89472263035657,100.80339936900481,256.56163906684816
691.3118427930507,489.1087383877391,99.88454314304515,257.7519814019027
692.7301647895727,489.07549278083764,98.53419362697154,261.4072801797145
691.5192595075396,485.87506429736567,97.50873336017892,258.65879297281765
691.9480542525254,481.946506031707,95.44308106859651,263.42571304468913
692.916466311282,481.45205731315764,93.232566502349,259.73837287503926
695.3975754507383,478.03488334190354,89.2351933365116,264.8777651112261
690.6905298802188,476.42082866028215,93.9834944425344,261.28604444901566
690.3236018195553,474.27904957891604,95.83436036030992,264.6774721517578
691.1656560408743,475.5178560174392,93.93129920364369,259.3004948279014
691.4340130763666,474.27542356880184,93.82349294912702,262.4590070042108
691.0124021453685,472.95421124615797,93.2707118929857,262.53699779470855
693.1977805090487,472.60847491565835,92.69536029076068,263.92928903333586
693.6235729070787,473.2455323386272,90.09013480059055,251.97166351012396
693.4011374934626,470.5017463477343,90.92566929758584,251.4412739916147
694.3889047807177,470.54754247366276,89.27545725067242,251.99773504161172
695.2751478553853,472.3864245184766,88.88135659433169,249.84178943754864
694.6757671913005,471.96298259755633,89.87163142861044,249.2447666285031
692.8442678168315,472.17670336445445,88.58715366112082,247.22691669344854
692.7242888705167,470.90930283286,87.33517407432711,244.11403829364667
692.865771444199,470.64327754317327,86.03615034083882,246.0385788465029
692.3639280130692,467.79996230380885,87.06885643403325,245.64911166197828
692.4140409229759,467.85800486538596,87.37592348045152,246.3005701375361
690.1616531520152,467.4901405650972,89.84559746077835,245.1339461090696
688.2339470281674,467.15771137698823,89.9143233886287,242.57139918171748
690.3452275349375,465.77423146678393,86.28370935268015,246.5487111860657
691.3297769332343,462.3812397858617,85.2280999808958,250.74094853209516
693.1741589446757,463.3545456387959,82.63553135067973,252.70010568665091
691.6972180824596,459.70311111981505,85.9766688486757,247.38486316341078
691.6006748083136,461.7788354449789,85.96589585790156,246.78754961246074
689.2735425449823,463.0004557749438,88.1653288134147,242.51755115437294
690.5903482988637,462.04525173554725,85.14503273987549,243.42535712418976
690.6440516632426,461.32847343764024,84.54912154910343,237.38018521966097
693.2546165888538,460.1689088697934,82.39741482360954,245.13151217078195
694.5010868099997,462.04823460134065,81.79935733353656,240.5133890481549
694.5889680933838,463.280021282491,82.27242749703386,239.58807245340273
694.136774874369,461.9451030104701,82.23972467243226,238.0963275792922
694.9577559823204,462.3734085000697,81.07041454889469,234.47145599611832
696.3483547281926,459.5094986189084,79.60382633012784,235.400388152249
695.3508587541081,460.9217959466317,82.1479125781825,236.06795737968662
694.991525091989,462.3797460346693,80.7277613869152,231.08415905017205
697.6238520712421,459.7574389553997,76.53649335341018,237.3686957836016
697.1315657863488,458.609873859834,78.2701190278375,230.07318283400883
699.1486427544766,457.0936709020764,75.76101031552756,229.8838994076434
698.0172113260273,459.78625262491073,78.51606077850357,229.01246153906254
697.892006278351,460.71017214317953,78.39134837876335,224.62554396519727
697.2790075471088,461.99814811214577,79.17207208648409,221.4893117381513
698.9266111457996,462.45859759728995,76.09618064535942,225.53608355399786
698.2650830389473,460.460278910858,78.68723272039502,227.75059428276168
696.9778831635217,460.92032473296035,78.53438994242094,225.83830834438305
695.9617882447803,463.0058412451182,79.82653127848053,222.70367909036645
697.6945593424838,464.7803460823318,76.75934186630502,224.4037287113061
697.625300508881,465.3651712548533,76.66851579306103,222.0975496435367
696.9702388869882,466.3035457844863,76.19688673792383,218.55143346993933
696.9678964327765,463.97434170974134,76.75560681553904,223.7975746797037
697.832872166596,463.5581407017303,75.21895613999925,224.3252693215216
695.7780662214527,466.2289212651304,75.86066618136034,214.2120580064044
694.9120376319254,467.2841659005935,76.23433631244833,211.6546139741642
696.3427684579185,465.1355169729701,73.63248627206633,214.96833837420195
697.1092374813542,464.6713186207686,73.24809879860643,214.91727309579773
696.665610140553,467.55023613353404,73.91839667218989,211.74011458117673
696.437575388681,467.8057763322097,74.21847025830218,210.4892876499989
695.2149497329985,469.0518917437714,74.91884046336017,207.00694271103902
695.2290844594874,469.907638233335,74.73620941108658,206.52121261308662
697.8410571818957,473.03147903238914,70.13233393740809,207.9054709963046
698.482218159608,473.9776257367122,69.96526381190631,202.6676971930181
697.6044195466955,474.3383366436491,71.58361252718456,198.2365981398284
697.9467142455069,474.6647247459446,71.39041021361614,196.79765538475556
698.7462274815861,473.34013323059037,69.75265306736176,197.4348640932937
698.8223783316085,472.33006661019454,70.76849039388372,197.8173193336388
699.3114138332022,470.42953810136595,69.65259299148994,195.35356567738305
702.0885423773639,471.1726852616979,65.00375572255041,198.69495526492761
700.8363076232148,467.10079153180243,68.18904020743277,196.73918017435903
703.0872467404248,467.7466670258669,66.48619157243758,195.96393652716677
703.4823695609748,466.0651622013374,66.61615268691705,198.29180907137072
701.4599217508711,468.03391607708556,69.54079751382802,193.24625034012482
703.2704524818985,466.8056642310443,67.01662488046452,195.6932259415852
702.8039155466311,465.69142321637196,69.31742194063455,195.81359995929137
701.1385546674552,465.9577222692192,70.32268144087523,194.94891172892173
702.8256703686683,466.69090855600166,68.31818281226498,194.9838156547139
702.6513489398217,467.5543920943927,68.23063720179255,192.04790629969463
702.1031782003361,466.5958500563379,67.55401844506892,188.9238649974136
700.9816630815005,467.0279218445988,67.56347821169781,185.34828379617318
701.9658852486932,464.9996779520847,66.73926784325553,188.94698897086744
703.3774291954525,464.6655456026217,65.0235625244099,190.5767804828545
701.7980300505054,463.3558415898666,65.02063839073526,186.8630854110809
701.2136488625248,462.5519433987597,65.50187053117587,189.41656083005688
700.9025193165888,461.9819980032221,65.36068599853984,188.47565577417507
701.1197754241372,461.8748479629843,64.88794553917296,187.52108569596595
698.5693891348609,461.13308370421134,66.50627349961081,186.20578593879824
698.5261321025243,460.41296245766534,65.52898971087693,185.72773491528415
698.7795000152537,459.9816625777537,65.3797245663121,185.57653200037154
699.6798262597695,460.65297707704667,64.42132780086645,182.5073652426097
698.4195815665471,461.8359807542809,65.75438492460839,180.67601573166903
695.7969135278879,463.10448717135205,66.85333905684921,176.48987804997995
696.7428922596263,461.11379421048406,64.90254843470139,179.67776697173883
698.2691522844493,460.8319301564844,62.35453725082861,178.0267792855264
699.4568708625012,460.1026958646588,61.488188335552735,178.95319739308638
699.6332732950618,459.4127855522477,61.389265674522385,178.15867169655564
699.5596379523024,459.93646545010176,61.35790659932623,174.45173732618537
699.4278491784481,460.29040749232996,61.45093011431713,171.2068112919923
699.2963042010881,458.97076634385644,61.26447850249515,172.87163121759107
701.097459373586,460.0463100409231,58.49888992236999,174.45746915146464
700.8712684175073,459.8032874085806,59.51645639725898,173.69992581937768
701.6492346309866,458.508456322858,58.8529146425726,172.14546505292873
700.8246069580425,457.75919492039,59.63077218945692,170.06763580615734
700.8395152985397,460.6802270206267,59.23318974873905,169.09164690322157
700.5434150332021,459.1640177426232,60.732807730714114,168.4714564284325
701.8613113791264,459.77614249223177,59.03945555498686,170.6711121415101
703.1771196251246,459.0878737344323,58.58082046795886,171.34150831871568
701.5672713289155,459.2208153447081,59.29138563459732,169.05748157353344
702.1986361455498,459.280582364402,59.163426412590894,170.70105436766192
701.1359935575213,460.9004372665428,61.25984047670775,167.92448132295493
702.2812886619611,462.4521840238052,59.375118215633506,167.23392743240558
701.1752801530167,463.1956651099931,59.49641206093759,162.7993575351374
701.9606531813184,461.83908052107734,59.73757107629773,164.4920564562674
701.6786373415773,461.4942971627743,58.9203629113615,165.89005251166714
702.6738542272134,460.88789446145086,57.15614865998705,164.48479291036273
702.7013488632522,461.60116174132855,56.29220719609883,165.37842684222173
701.4991253442303,460.44178238273673,55.980117533023396,161.8920048382918
701.9756467705722,460.1684279970267,56.453030943582064,167.93255100972823
702.2700518867397,457.2169543323348,55.643475897960926,170.22993295692663
701.1709406078937,456.8426373417966,56.09926368367617,168.28360594809556
703.1527501008005,457.6322620309977,54.66220141852088,168.958719057417
702.0414064959571,457.8697848260696,56.086997689129845,164.67936586130853
700.0711612474769,457.522467121229,56.97627601152878,162.48473612670196
700.561108349132,455.82319317896815,55.949219065781534,163.18251090429544
701.7688185374066,453.75110657108803,54.72460494236353,162.34893483946163
702.3357704884183,452.3073124598177,55.19880403760411,166.28248225284804
700.8226935305402,452.1378595499176,56.420010178885946,157.47690453445335
703.8117782294293,453.01699099705326,53.838687441465694,160.19017693792475
701.9334350832332,454.912445874313,55.66873956378375,155.7484932585307
705.1219794334488,452.29260380189953,54.06357534386805,157.36875566536793
704.1308792111778,450.6149381540669,54.307546640927434,156.81919298316203
705.6028519659548,449.7862965702774,53.84538436466002,157.50046646964756
705.8871107661002,451.74388628802427,54.5250226689419,150.6061479170636
705.720291499594,450.89034583307244,54.21699093000052,150.21659779754157
707.2541309558385,444.369183864163,52.51183511976134,151.75463546674445
708.7709128621225,445.38623477905537,51.12395364117411,152.49845786780025
709.2474186964242,444.59205459706936,50.37253066591373,158.28008341413948
711.3816771875289,441.4454836122803,52.23813588724393,155.44361715975967
709.6422583966541,444.5661942203426,54.137996025175994,152.1479222599244
710.5519422953307,443.46652251302123,53.904872819540074,151.62875276320125
713.9552221935726,443.469937227861,49.984692145772755,153.7034453843216
712.241314614531,444.8575754541255,52.87166390741119,149.11996195488092
713.14498637054,444.7767157948752,51.168120270424154,150.4151644625184
714.1198843460751,445.8256111325677,50.390297541618786,149.6900217081298
712.8850885199676,445.9738797802455,52.614848232969265,149.82219256853915
712.2620319433437,445.9037462990215,53.69386623107972,149.2132600592587
712.0604855374696,445.5242129577881,54.3780578841476,150.42242844979688
713.6338089304403,445.822607082085,52.87006795369987,148.93865608412585
716.2958731574829,445.81027076323744,50.252627390229705,150.6944465408474
716.5574407303216,446.2081969014709,50.218572849517635,149.23002923019757
717.2208267556505,447.3958181226856,48.5938739790799,151.30015648119286
716.424127240528,446.7162098300789,49.954811130531674,149.57077107880534
717.8953196271941,447.1074500944266,49.93006398662946,151.90717008276314
717.9831733165873,446.1155463687184,49.865152529303,153.9877303893553
717.3304021114661,447.17878475618636,51.04545533173695,152.13989981838722
717.0840076861765,447.00572784474383,51.27714036176209,147.28012210851958
718.5088663805926,448.1215638241501,49.49958931947809,148.50345240259904
719.7299974705517,448.76265356510885,49.09759594275489,149.8675226203236
720.6918539384419,448.37963445154907,49.19131311671994,151.06983383052477
720.1267262351369,448.5518179838181,50.57455904440552,149.7026647005758
719.7754795572487,450.56684284948835,52.15533386599148,144.61193847741703
723.5940439768633,449.3199849178713,48.150986293528725,143.38982814308739
723.2317306072797,449.99963797565863,49.11308306744078,142.5782600076348
723.9777670364607,449.3535954019584,48.421558537976196,134.94794639227254
724.910860067242,451.2770719401535,48.650773562556935,133.08830855172636
725.4506565071569,450.93807307665816,47.47182826643851,135.47568605157056
726.0483462906342,452.2528368438358,48.32482955609012,137.59626727214828
726.6119640785882,452.78149315923736,48.7565739901757,141.00845858192045
729.0449844191558,451.3311420123032,48.65702603938843,143.0783810409735
729.8211875721703,453.0950896204823,47.76251495568446,141.1805394543237
730.5792663349841,452.60668959826916,48.633775977044095,142.73594665690425
731.9824652448158,452.3993111023856,48.34763636085755,147.66183935474572
731.719637301065,453.4906522758399,48.587231761786114,150.03627039774915
734.1597405666969,454.9857788964408,47.117679309989384,150.89615490102736
733.0449784648505,453.7041343507987,48.67920621494865,148.34906777866118
732.9879330749864,453.3834090547184,51.66273177399816,147.85018786967527
735.1621423945788,455.3685526082718,51.097905241637086,150.16624584443596
736.3900425773693,454.77317224395244,50.11010551281677,150.45479705493625
738.0870227162701,456.35514104987897,48.999255894470835,155.37079211779445
738.4199966455916,459.49760545892815,50.19900990593911,154.25682080564556
739.261281483972,459.53374756039346,49.800302419586494,157.80912326085706
741.6252504383001,460.1959284736328,48.12933335602863,157.77901323271442
739.7957352825395,462.64678979292563,51.25666768387251,156.2813419795169
741.3485471764288,464.0331143043802,50.35545548788002,160.22401691072898
742.6171740650661,464.1329413085264,50.238934388987914,161.80434330344028
742.9930883489977,464.94028157751967,52.30798161706234,158.01578167915693
743.4704120815837,464.564028143368,51.11828220254549,158.47682227673542
745.0546767451009,465.6470099459873,49.98918544557577,157.44677859868142
744.9707697894352,464.84831224087316,50.84994954571776,154.71062346559486
745.747123023554,465.3872700240638,50.59377262968289,152.47585083715916
747.9812167071102,463.7127577128184,49.194992499053896,151.6873239639802
747.1369205994347,464.95013393912166,50.63718652732895,147.33275048353897
747.8234728748844,464.2793487732663,49.814423862246116,150.57319637772977
751.3169614715941,463.82307451186716,49.271547726012955,148.96497042980397
751.9888115086708,464.31387242127414,48.97938803487966,149.93842983321161
752.7163725751228,464.04076583866726,48.48397936527035,150.10460778283016
755.1514442050361,463.4487956127623,48.79132282473106,150.76964800161812
754.6740046428937,459.6672213963999,49.16817559464409,149.9673239668648
757.1830151553074,463.2588536522331,48.33873321825611,153.20250579744592
757.4973897778301,462.19914441503363,48.80081007421589,151.13513931020682
758.802612552923,459.30950590105,48.33811145261464,149.47554983152185
758.4283086428304,458.7046331526889,50.521874620479934,149.08250988387806
761.7116157813068,456.25754585102777,49.38360259608504,149.64770581484976
762.8268377145895,457.4938029223173,49.6157784290463,145.0229609878033
763.1037384001274,454.43728591798066,50.13842520047268,141.95449853911882
765.6062888806841,454.7716200359724,48.450506030214626,141.02043626248982
766.1655354937416,453.1910771169026,48.29688269596106,144.7056343751614
767.5103259745628,455.4505616020966,49.34178330793276,147.13003216704897
769.9728985565516,450.87751769124253,50.34185034360212,141.6649386339699
769.9006634281012,450.62951489383806,51.24018370100688,140.38032960149326
770.0236988546075,451.75161846602884,51.403494396524394,135.6999630139947
773.2395125052279,451.17555894375596,50.65266173793265,133.67761318964182
774.1389209657045,451.7793915420132,49.02817324021662,135.05745953022938
773.8807966570707,450.93899567608923,50.00385415577311,133.89162583853505
774.890469435542,452.47482617768196,49.32075404787827,137.89357678735627
775.414671745394,452.86574271793614,48.77195503581889,137.69935945368695
775.3752124656717,453.7290085855809,49.130495298405094,135.20375652550024
777.7072293824782,453.58173546098016,47.12670258326729,136.84114801227165
779.7166866928297,452.70139625144,46.32321100969541,133.6969823296243
779.5551883145728,453.14949572584817,46.33452324436409,134.62030170833918
779.7528374723756,453.2269549782785,48.6166858944083,134.49035782697385
780.7938396071062,452.70487913808006,48.557479646924506,135.00308600097975
781.3853208713223,451.45479521611827,48.153643060386464,137.2099576557972
783.7991644199058,451.7799533369417,47.63575829809963,140.01642054435266
784.3620649659958,451.8671989371096,47.899171944914194,139.92107848204228
785.3744612115677,453.6129436717286,46.590004513808395,139.99235825629728
783.9329310823447,454.99448619541766,49.13993343910546,136.19504375010197
783.7119966961667,455.6690327598303,49.26173408343337,134.8294627099997
786.2002779233372,455.7427854128298,47.21519025047445,137.125181770069
786.9529396079935,455.29300040944815,47.54682465803598,138.82627789623285
788.5064543953288,456.43474184982836,47.07921223753281,138.81943967132545
790.2295783492361,457.3307749610669,46.085376648449525,137.54607847000614
791.4285720538214,457.30170524012544,44.83503227535256,136.31736068010923
793.0927465632655,458.4258519262039,45.86207894581632,132.38029042508543
792.6544163750765,458.2561997630355,48.072232347227995,131.9524507608631
794.3210865062578,460.5688519473234,46.71916836731545,135.9316946942672
794.4524081585264,459.3142397368319,46.72950006022411,135.4521161749541
796.9284553931448,460.95907010683754,44.728090118358026,138.2611936803906
800.5450804387362,466.13950990835343,42.73512593341796,138.10081611438216
800.8761025221187,464.22747282531634,44.466939971970845,133.6759616326935
800.3920053682114,466.0157062609084,44.41319615076566,140.29988459749518
801.7297295452163,469.44042478449273,44.92432431982454,140.8646533740993
801.7565886172019,467.71308351786206,46.5458987990644,135.3239764935068
803.4591721814691,467.0907785620975,46.91197309557365,135.9037994528989
804.1028556179951,466.5499205077711,47.27231138178614,135.8573299098058
804.8363227119252,467.90670230865396,47.74850827491712,131.90711335181146
804.7117318010967,467.9732378313606,48.9944637858651,131.64671691290067
807.2624882581023,464.54782207622907,47.41798754495453,132.67683838759325
805.5457555795623,465.4025189268386,49.08925245184864,132.53252004712104
807.1466209229858,464.1371905253785,48.58631988055406,132.7752900183395
813.0577663891196,462.9606498562749,45.54948219522316,135.6156799409334
812.6583856010428,464.56087522438037,46.41966552554069,135.5594954631914
811.3969383984943,467.2458047502222,47.71386972118905,130.85852380926764
809.1417893368068,465.13250554079195,48.28640662125007,131.80486213862542
810.7306180737843,464.3583905197592,46.364148748114346,134.38485827059196
812.2041010155946,464.9648348709364,46.33054182953548,132.7348589931481
813.4557524478955,464.52025193312295,46.425677754466115,130.57203607201063
812.6742732015261,460.2885349448248,47.12285099231015,130.034536378913
813.7100220644176,460.6621098485017,47.10715888952961,132.30337867166529
813.7925387898184,460.14770925743983,47.66051410159555,131.20107322666507
816.3996430530673,459.5467550862493,44.64191107514969,133.4591510862608
817.9512487722718,460.8614166242636,43.78568477386141,131.72739632332056
819.3840816094798,461.76855155591204,42.42148686197897,132.77216144661094
820.3079274117472,461.84393526779104,41.545065260178006,133.22308397356025
823.053319267714,462.13474516288403,42.140794462097524,134.3774986339032
823.1863647717657,460.308877664681,41.803597651114394,131.42607450564321
821.3225729472338,461.35418199322413,43.26806536465473,126.51036421161609
823.9365590828588,467.4218592296983,42.141168515205244,127.86739349942431
823.6350651927173,466.4812296736185,42.20584033651119,126.31672628546673
824.6237769087919,467.328642412993,40.90016089418937,122.58683878348583
825.9266232583506,465.9985515774378,41.240802203810986,120.14998757938649
828.1707246554579,463.92540427583026,40.43673019146068,118.04439511271445
830.4161905576185,470.96234586668453,39.048885539265335,117.28038942948875
832.3187167091002,467.30624434644614,39.27826919630074,114.41877727857725
832.78267996145,466.5801929392658,38.245246848997255,114.32929235526043
832.0373762711218,469.4400779336054,38.731130166190006,116.54356889529959
835.8977277583658,468.0258833336308,38.000248668332915,120.96253780416613
838.1222218314152,463.75484261807196,37.58906830673778,117.76771592936237
841.3026275816499,458.1210424237611,36.89418756475379,112.24077435607114
845.3393134993397,461.3575706228993,35.93432811855463,109.47416183024103
848.9942650508445,451.930754629469,35.84970140820168,104.27439088074627
849.7652446221208,465.518199331354,38.80522820013865,95.28013408316525
850.9107861431735,458.7071748499128,39.07771399087649,91.59342489154116
855.1184378619954,460.9082814063359,36.8823664446884,94.66325776035636
853.5568362798635,464.8940987801153,38.39632224045524,95.96330957228321
856.0725976136011,462.8875964404287,38.74589778900126,96.95391039946915
855.8997990912349,460.32153316905294,41.026546922801934,97.6303822093762
858.4357545661902,458.0761293366965,39.35121503805701,101.66128691379416
859.4044027799112,460.336102596805,39.102064492041464,99.43587640856711
860.4505971191415,461.31563911668144,39.27972737672965,101.23993454800616
860.4911936576707,461.8604332547735,40.23184699226371,99.79992131726965
861.4907521755694,464.53087537356635,40.53188074247947,101.10195159465728
864.0127967346659,459.16384373731967,41.47320227268763,100.63060321321137
869.6087215431687,458.3514682520331,39.918013185950116,99.00243726783555
868.5954553452852,462.67231274622844,40.4323816784466,96.46169946061374
869.5800070283169,463.4904845339829,41.343389747650384,93.8424763011098
872.3626139827426,467.61223585112555,41.0839522614331,97.68082321452715
878.9005015593382,463.08277689480616,38.75471906557216,108.38194850902907
880.2222358905269,463.2932708862904,37.150086484836166,109.00097961868514
883.2936073574862,462.9137095050397,35.8197727316695,113.83590393060446
886.5398534966031,463.9885264974486,37.13269416703406,113.05161166970026
888.8237642431811,465.5324219073295,35.54321667043901,117.0569374226312
887.9950771637202,464.586389581012,35.86836553804126,121.70171155923072
888.2253870131925,467.8263354555301,37.01772242224587,121.75752400861423
888.4859882726038,466.339689601677,36.46396052153107,124.0121101055785
893.4378637177563,452.87588408939587,35.69875891106452,125.3950716327734
893.5951098513924,460.70068053820654,35.53533954962424,124.05460356348301
895.9193374380861,460.3338941786401,35.52233341863487,123.72489851091723
897.6146760472778,466.84523137297,36.07981036756138,119.66029238773618
900.0810046523826,460.2439697367298,34.99421882217652,119.80662632236746
901.4080336506987,464.732430657581,36.43841300800382,112.49065999713517
904.5310928503893,462.2522092694919,35.29155688277565,113.6987799001947
903.0188327515247,473.8253568606893,36.58824114498141,114.96437589713571
905.2924224010183,471.7605226138619,37.81014751037617,114.62789408193977
908.4814521600844,467.52837962797514,39.06033782688828,119.2602677834147
910.0451393798678,467.89038517946443,39.813483517077515,119.51062311367411
911.7762755705869,468.2278318894076,41.33409962171038,118.45360357204697
916.6326799811785,465.63638330240406,39.928609077225225,122.94216882095887
916.9967639339512,466.444549691768,39.284160104379495,124.0735304646833
916.4448557065555,469.8100515980277,38.282498707620164,123.7489225497402
924.3580136775356,466.58101765698757,36.35693323535766,123.01414140018774
925.2840586549777,470.4763154572894,35.51862353156499,119.79109477709011
928.6416237523176,463.2852190610635,35.8906576667173,118.57361858700514
926.8599294402007,489.3198431481028,35.49493513168163,118.29730003322972
933.020181550414,474.94873627608865,35.92193435120606,123.64749017452523
935.6280255483603,477.84602559637307,35.791105547932716,128.10856180288795
932.2908896888031,465.9499802373232,37.011079530877595,125.05520260386245
934.460649827291,485.6801174446887,36.187529066650654,133.12326392285155
936.5525536602584,467.51988639230865,38.28323916795867,124.92368684872986
938.4073426120353,474.5968267147917,41.11191910635714,114.71590561529533
940.1442994641794,475.49985256329074,39.65666099841623,108.60490895484543
943.8497633955717,477.86008724588345,37.60484342943373,109.4374391706818
945.6918905746952,476.1061328685896,36.33646978372875,107.709351106168
946.2271220753635,475.8664926991661,37.124546622751446,100.72530539952339
947.8766625044998,480.0900769449895,36.91889705886196,99.99487428933642
951.2208385707903,479.13588090392204,36.142938957237746,99.91499413287949
953.5306726154594,476.49817808965037,35.079536127539946,98.99370732731252
953.1563568634851,482.629840239549,34.55136958701996,97.94260456925278
956.9386892719465,474.4509563110802,33.76757604496427,93.72953316653548
956.2213953221665,475.5680028295178,34.31165746072343,89.62720199441512
964.2459586398114,487.04129321437614,33.565207413880586,90.75907106572838
957.6542373456801,485.1365852121886,36.79165881406955,87.38966536450991
961.9431732584974,481.33362585206675,34.64450605136535,89.82006196927242
961.1757210364048,491.27871465878025,34.744697891474516,91.01447112307116
966.8568778866339,497.21003426040767,34.505796748050926,94.48707330457444
969.6741914396404,495.72163736922016,33.68981441353141,100.42025298291215
967.6672133634254,496.35652334879376,33.619151989095684,103.30429990549163
976.0876973425957,479.3441225963455,31.882073402115232,110.11592460244489
972.7110302643603,483.8693808993597,32.525189568115664,108.91534397770242
976.5946898891104,489.0959642472977,31.598821978641205,113.24065035620865
973.6870415451483,489.248223783006,34.71138320326051,107.82659004552622
976.3744018875306,509.7535088763583,35.75633739472879,107.88190107347508
975.9588584207581,503.74088979788775,38.58314734780803,107.65972756099892
982.5430132440795,488.2621905708259,36.2839386594391,109.94808624536601
985.5401546480073,497.66065632997845,34.98259186743335,111.08373864304238
991.8899585989775,476.3210780099655,33.406380399892434,116.20330818089859
990.7601790463226,491.7210267630572,37.976273852156844,111.41119471615102
992.4402446087519,496.36450855025794,36.25679443486041,115.62226447470215
996.8895967331431,474.6054287797746,36.416360639989804,117.203962835859
996.5237854620982,494.3053610790564,37.83077266864195,118.11189358167981
1000.3520252017838,497.93634222776313,38.02301033113138,120.79626213250782
999.8190116271187,496.45126223258376,38.64765459754161,115.38590395536238
1000.9092740153874,497.735282086915,37.86964539557323,116.91014842563447
1002.8053924544774,500.30679958553606,38.60753970185434,115.53479098879436
1004.7825633437051,506.8021359707255,37.401689041821754,121.69558290041672
1003.7679871807993,504.6721998348727,40.03698707024518,120.57444028805847
1006.2239982001058,505.9144737879449,39.823021891257184,122.13994840412025
1010.6677761528972,507.35723888729035,39.254156982658024,124.96323554649439
1010.3433075042752,499.67999931772715,39.45707192544496,126.29073070497797
1018.7179289306166,491.662042875204,40.95627272988992,128.29177716665262
1018.2105632232164,496.9176761007798,40.295089645875294,132.66641371782615
1023.6233815645121,473.6970848132933,39.87478631949725,137.6252860219937
1027.1369304233885,475.3579097400228,39.79304380640714,142.09792089848864
1025.4097964683142,480.04232719274347,41.35136623152623,139.26307264472132
1032.2200169952569,450.1932594485015,40.379477283327425,146.55013252632506
1032.6324566666467,472.93148776002465,39.80492204557255,149.114078822056
1034.3489953752814,473.458543476779,39.13914336080762,154.74899610633526
1038.9775687700314,464.61818525294007,37.986442638041595,164.17815670849268
1042.041945868016,466.9182415414033,38.25137710539019,168.55826861300858
1041.1570129111365,467.93632745291404,40.333158651738515,168.05933130799366
1044.8855915263973,426.14763387765186,39.357346154819695,178.0513805037271
1045.1038288350815,435.8600841002884,41.229485743812134,182.01700028618734
1044.4603980826273,448.099167350882,45.192880188588106,184.00879813852106
1040.4992370981086,463.4132102082035,48.594161386324174,175.43868928421242
1046.014746750078,468.1105803216735,49.24535915025544,175.23972676088403
1046.429554685861,479.36985573598423,50.099808043702666,171.72542225679499
1052.619981118785,466.60776120736955,51.66497725267007,171.94690746184943
1052.0186311619293,472.89757390545964,51.35536992695461,166.37534308361944
1058.7751139779552,469.8666133464941,51.4530740693191,173.47961403179164
1055.0092656844167,480.91657535732014,52.22531964715321,173.91161146278398
1059.4199334591515,474.1150497285855,53.36375934872528,174.90989173096864
1057.8295577092335,495.3764849402527,53.43335908090548,180.05988244909344
1064.8423888173559,442.2774568079534,52.692866219216775,190.03952032026274
1075.5136274440752,449.73563962987697,54.09673478462489,189.15924196689718
1073.3303888916955,457.7449936051062,53.32968860509362,187.0390862739234
1076.9405344752806,456.3636073937129,53.377237401972636,189.54942211284072
1078.384858795319,471.41919851665966,55.29935477362923,181.94599380326946
1083.7651611597628,494.04932236274806,57.93874121889662,178.9528387820057
1086.7991455863214,464.788057133487,57.0633716900373,179.7102389991407
1094.895168855687,464.47587980704833,56.712930090267896,182.77419590107306
1095.1645280953087,475.7372982810757,54.913467467490435,175.82108419851596
1098.2222956124385,488.77409632868256,52.51510006700603,170.78094227356783
1102.182052652123,474.4103363653643,50.95462474017468,169.24095715872272
1103.522686916744,482.94168861602856,48.14071818709178,168.82484587440752
1109.6746234808702,493.5791645270523,47.653281134965795,172.09848589953435
1104.6855639232663,487.05517017323086,49.17828543466008,166.50278035114871
1106.6852331703749,491.19270413429575,50.188419872218475,162.1800210203995
1110.9503565188368,489.72897124603844,47.62385278038949,161.71713817074962
1111.24246991563,487.35152161860685,46.719874103057904,157.70413732808055
1116.2262394805218,487.066712314271,47.13374599730729,159.88959126255588
1116.455227717566,493.0553767900185,47.40856450662028,152.58616752330434
1117.7973394332348,495.51779943355507,45.6306220131808,153.3370024222922
1124.1294874222897,497.30153720199553,45.40152164021083,156.70851834631387
1124.2579031349399,502.3039036390342,47.027321160508194,155.91388371036703
1133.643984501565,520.1482028179727,46.66702611276438,163.3088441578514
1143.5114363167654,538.4160914244256,50.63728400844764,160.78407243056114
1130.703616481838,496.6868446447518,50.64160049399446,163.20534260547723
1133.2434381245687,501.5508774210557,54.12890443158942,161.17232896221964
1136.952765913522,489.0953961219821,54.426502254045474,162.03004515132795
1132.3680492996446,499.9470224138315,54.289523929074505,155.775195143002
1138.2231013511241,499.0161416219585,53.40281963566461,155.8854276001981
1133.4423876752535,507.6845380362501,57.12435015907617,149.67660313286513
1137.8308249612967,508.7794257566299,56.95029115237534,148.56960203751183
1143.6979087343852,509.9672265003992,54.5430403802427,150.61148355062437
1146.7873805163956,510.0681262545683,53.1949393000214,147.09021402354313
1148.530984228681,521.3241361270452,52.90159951766353,145.6706666321752
1156.9068232583443,512.4558407240875,54.001377919904044,149.79732698208986
1161.2376428542632,529.5081044106655,52.471617558393305,153.32595565122585
1162.1008621130816,523.4050321609055,54.127531247393804,151.87187483323848
1162.6808481203816,512.621717327726,53.436192459210275,151.87340782475593
1165.3259693683008,524.414011501526,52.874933017299135,152.71620689561863
1167.145063864787,546.4887971522325,52.2607317707844,154.74142096665852
1168.0584009184395,532.4757296870433,54.420349201989154,158.6328022731236
1175.6597780388997,520.7763609594376,54.672993208972514,163.3438838533282
1175.5241180530645,510.06382603857475,53.14089760988648,167.1167303604096
1187.043689898127,507.3815546689615,54.21421278135496,167.35430131479183
1180.6129350888036,512.2018272129951,56.004069815003376,164.1611377058384
1187.3963648257716,499.8289337264828,55.200871347858694,160.80556131063125
1186.1380572277872,508.0884070581087,54.480159843738235,162.31528555423802
1186.6550020520206,511.2992740898037,54.83801317860368,160.43110823721435
1193.7073226191574,518.4259627606107,53.32663825279725,163.176504739291
1193.1905523674395,512.4504012005417,54.07355854625672,160.39834708902293
1194.8108172553627,520.0327893682004,53.00864162285286,159.06352410920522
1195.3057154091125,519.4058448481455,57.55247895841211,149.84917073875505
1202.3868546419485,529.2734431687561,56.02542156833648,149.59730887535778
1197.8978674263026,522.0487559902856,58.574308222243104,141.26886390998618
1202.5246931537968,532.5904144506267,55.85148952017522,140.3947893813738
1204.8739147291749,528.9128670753605,58.07851742273408,136.5269746562352
1207.3038766717548,538.3218150835262,54.06692654921461,141.3221465065621
1217.279342359027,532.5856856966709,54.27765888908105,139.58579601386904
1202.1979185720143,506.90579962260824,59.8187514168311,136.39320895059706
1218.9477572058302,525.8581476782267,62.209686057115206,135.4618457097837
1212.500618433388,539.4480002155893,64.19776431941932,138.48882705939172
1231.2782242117205,574.6154063630083,64.78450630436711,141.44797412024613
1231.2489295515459,571.9149118015654,62.61822391587367,142.6647123768257
1238.0569661259376,519.5760430584529,58.76672332641823,150.47219744522823
1244.3907437343223,534.4123296749797,56.97552627932718,151.41203369415575
1243.7633205374736,537.0915360423637,55.06114400928752,151.81061312257432
1252.8057865338585,534.8819799104679,53.61921433957269,159.00190473508871
1253.5882812194504,528.1001380111236,52.06837605361369,159.4082982079898
1260.0570471854687,562.0730408167245,49.6954972420811,167.3800143230505
1258.2109942475274,555.5077896104901,49.112364333944164,165.0154807214874
1256.2124250557813,555.5196024513066,51.89307814162126,164.78541050803761
1263.8107706738265,565.7812925804811,55.18297150046948,165.48740267801776
1265.2467739783317,528.7382939947859,54.0971038830329,164.99248075551296
1267.0355445240161,539.1466494729711,56.5827586479201,157.6276822399627
1263.1531800642913,570.9315948495145,54.83318277808414,167.9038694491981
1276.1280381072704,543.4349170175534,56.32796212848099,169.55835720390309
1275.7202700759058,541.4501169998605,57.44932395696379,169.59366916473326
1280.8656492535085,532.1609644578684,58.70713423458284,166.01685021640753
1282.6937326662699,537.1682711493556,58.98672185392695,166.67171526282328
1283.594254930391,536.6517870619299,55.95685795419913,162.70467901028982
1294.7862612556569,619.549228537559,59.208943447723414,165.55510248992093
1282.3766317544873,530.3370997792458,58.39595102340879,171.33070676985366
1290.2812325046073,542.8334109401171,61.615601603535296,168.51250248775654
1278.4416599235255,548.7862215011555,66.25856675022354,167.24190734451383
1289.8547355655162,566.7568316232695,69.18405966317351,167.95973738069787
1303.088388271016,577.6650813330074,66.61376798815624,176.558851587502
1295.8664831414324,585.5210677354903,66.822707212305,181.053409278403
1304.6185215635114,593.8618707248403,67.19992453532953,185.827981179247
1295.2607052815504,555.0473151760551,67.24935140831006,184.99141246423412
1292.6018354043742,582.7198425641986,67.91070459174877,184.55640937368688
1295.9226979043156,579.1347428583156,70.2726029402416,184.3899487173788
1305.656507779783,560.1008045952764,66.72559417422339,185.38523413976276
1313.9593420327055,567.6310104109624,65.41199957755558,180.4766224544619
1318.6077149383877,560.777545832759,64.39372225810799,179.93190779504016
1314.2767522970416,551.7248221846617,63.67501366689476,177.66253101575109
1316.914001593202,551.3451232294556,62.88493318684804,177.69176084119346
1323.8253043348004,552.7493359663904,64.56283468861265,174.29614088474915
1333.5815870020592,557.2809111505464,65.93101274170527,174.38178898435083
1323.6246667553958,565.5346382358691,62.336025609068365,175.40108171923072
1334.2652601239533,583.0752117312995,65.14034260844858,174.95011123598803
1331.0239112561587,540.2681795542487,64.02220453980307,179.9202275231537
1341.8474750458417,546.0651558141698,66.99388655980405,177.65328384269606
1332.4212479875741,554.1521771059414,67.30410728381977,175.20786437778983
1341.8663809970567,543.769224366059,63.93867700104538,181.1637068196607
1347.3364421724991,543.4982664810086,65.04173031134167,184.22525230483353
1340.708749391541,557.2448625926345,62.26800060830058,190.58352943894505
1356.2541192003387,511.8268689538145,64.1882902918112,188.68853954955372
1349.1799152871436,545.4550655993514,66.96831501529378,186.78898367842976
1343.8382324996587,546.2374990398694,65.26018405438548,187.58767646452134
1351.7147458939075,560.0455600942537,68.11895762460911,186.79875952769402
1346.620950119394,572.9820045540388,69.05917171557256,188.44551666079823
1341.5427948271283,584.629393692914,69.38506270546111,184.9537618649208
1351.334757237507,567.6059518533351,68.13246709379307,187.8270661522256
1359.029077215662,548.3039753213249,67.29762260866013,188.22066350612698
1356.3430187914935,549.6919016607877,67.60024537405073,186.425993367814
1369.5781641430458,513.8329943118622,69.28423637792956,187.27429906737444
1359.4079318243307,525.1976811475372,75.57509875801267,183.48838613016179
1355.4939754137965,547.9739154240242,76.76834787515821,187.98811639291372
1346.505720075092,523.7041895296309,76.94182684465127,189.37535861703358
1363.292824381427,534.0489621230558,78.44979653775096,187.7442153049209
1371.4850071672138,594.1299297094982,79.71307943822198,185.05565239213314
1353.019709068007,535.8592621314912,78.8694953569493,188.19213531519176
1360.0245953214942,560.5742699945522,78.39739379351172,189.4163036310731
1343.3547687675118,541.3242566544267,77.87761490396667,190.84870753799254
1350.876437405895,575.1107255593969,79.15794669102546,188.80386565323926
1342.9322520413943,543.1070011590788,78.76756899179796,188.7889363881325
1346.257993059062,553.5299724213993,79.7875100285823,188.2539661547102
1331.4051157825,550.985716755598,79.88630350709006,187.39383438960547
1320.1814349976034,580.2127332538004,79.26077161746252,189.0206622004562
1336.4853868598893,576.954953021719,77.9533814697244,192.4929996254387
1351.5824171447503,598.715667083153,81.17415555910652,190.9526900441025
1336.2149289114748,542.6250416418945,82.3135006135236,190.09730141782
1330.0164854956925,567.9360218581937,86.36387921360645,186.1676822503581
1339.659362591224,573.1069005565921,87.36927077841439,185.5122919990944
1333.8831769921248,527.9663142657226,87.00283367096337,184.6204139617035
1346.661503949442,533.5010944223555,87.1159707935032,182.19074789785336
1352.9815746184538,558.7790039174229,88.61161724158094,177.49156382331563
1360.6214157812879,566.5314268649818,91.60034732936836,173.57667266374966
1343.8261576289426,545.4311475297579,90.6533737836656,174.0589473424698
1341.8705620913636,571.137926408908,88.41346009902185,179.63188284815067
1346.5544490377126,549.5752270997574,91.97624235307785,176.30664227377744
1341.1456500132613,571.9745885314978,93.15237280608793,177.81092141597253
1332.7863151131023,523.3064890665305,94.20207811703204,178.90182861594656
1356.1830094573966,558.4167996006089,90.14366848889586,185.40429467791174
1358.3900368894044,521.5327282668611,91.79403802193762,186.75126008823588
1360.6665036986387,539.7215603206598,88.58094734464012,189.89206645232892
1362.1582559283381,514.0545237146493,87.1160574499673,193.9273818620082
1376.481981519773,541.5837497664133,91.86670572146821,189.8288930054083
1370.7460252749877,547.8353997124449,91.45252058764908,187.35729736740205
1367.6761636065755,547.2968505280311,86.50755568661256,189.7400444128278
1386.108090045463,532.4231004210257,90.37261906424322,187.0002538703514
1383.7195890757982,496.9603403587473,89.54903951823582,188.57186123973628
1398.3616222685591,536.7697772152701,90.87791054888784,187.87532283645658
1413.7680446144082,584.3012184654754,93.0572473086608,186.81334859459963
1397.6152438680322,553.0704452176483,94.16090860085404,185.60483573951038
1398.3084299803938,571.2885337734949,98.2569074807212,184.39639139356436
1398.3287263411082,552.7201756912317,95.96022541442207,186.53376296578094
1394.8535811207619,534.9474529455097,91.8709102372023,192.07082495386044
1400.4106679546173,585.503396979364,87.87145068401004,193.2799261854025
1404.751251222292,551.8245791301392,90.81707276081315,189.35540162468314
1388.4882630272184,530.0143068024239,92.32288186207504,187.34234624318267
1401.129152958649,568.1328881640925,94.41660995169434,186.33897245768418
1397.5727455845577,562.8970065367544,92.61323447423342,189.649912267594
1412.4338636700272,592.4933083303125,93.53058565513801,189.5009152838551
1405.8709348517118,581.2604499856693,98.824583814535,187.89509705998483
1394.849458111634,569.7514512538517,98.71400246976509,189.03200507250529
1406.7398755520567,563.5047017689841,103.63929273447674,188.12703890786568
1378.7336299026663,536.0779217904792,108.02948286498885,189.02964413954794
1403.1836482968308,553.7259383704868,109.64776760303467,188.211946144304
1385.8880860084762,508.89719796989675,110.01989384105298,191.2665292153428
1406.7426553242847,549.9567816899367,111.02396234705638,191.09176254489694
1473.5454384935672,456.0497245105996,114.40827378423555,191.50797827401087
1538.9111874190596,357.0107688189622,114.27255008788597,198.23756216836256
1541.3817411553262,348.60590118711895,115.63621245167434,197.42899469278663
1544.409530530793,350.59478740839575,114.50895310086125,199.42526028074354
1550.0927167036775,371.68561581914855,114.05867035037109,204.8126442230867
1522.7139621327503,289.66755312658944,115.8785099554571,200.59577577160417
1525.8182518628294,301.48246534507564,117.86823274425598,195.85325347134037
1529.5295701090702,313.00990621125345,119.92564951176914,191.55047417093564
1537.8370006525167,317.54864191672755,120.11421037955456,188.9714588869088
1543.4524700529169,311.7910287518754,117.6690477147048,188.24434927147894
1535.5762901375263,301.0498508960884,117.55973855475087,182.30951843978434
1537.7685103790793,310.3267490194319,114.99707740848824,181.2491664693037
1533.9667239816408,309.93579737832863,116.91370392944364,172.0734512937243
1546.0987492040429,307.3770709167699,111.50056347331036,168.87613116671446
1545.5154569584308,322.14005744580606,110.8998115038178,162.81589899826935
1558.4674343817708,325.4353557278786,102.89119732793783,161.21150411351044
1556.7630359342206,331.15762321422795,100.06577806881944,155.23091614206544
1566.464165526846,325.4014339380232,93.17577525824862,152.53186145653453
1565.966821378576,347.38528726873255,87.34116497068973,156.6975008004953
1571.648165423059,338.1442511191229,84.89172704132926,150.88908335318584
1570.237740860564,349.7275071943067,81.85190525605218,153.1196854473328
1575.465914231607,347.7516311851238,80.27334729791511,150.09493722635992
1565.6659147960668,338.0623805445398,82.67835801966669,144.41024445560325
1574.5263370696491,345.10483859850314,82.00512292047702,137.2034673544687
1571.3686671628268,343.4759309105489,85.59510270669529,125.10413757652846
1577.2460450873527,350.0541404635761,84.52886619641512,115.91881829194071
1579.8838974406106,356.54315926451477,81.23540473418775,109.25899045631567
1580.7189368370707,360.70989612251526,81.61697424662646,101.934815222429
1589.3058810813545,362.386331212144,75.64167069810436,99.76166538242953
1586.1636950101051,365.6131007025996,74.69656306824432,94.09858371610636
1590.1454384782935,367.070963824064,72.44498611603441,92.45365219889922
1597.951546386277,367.27538931417877,66.51299828402111,96.08816808891585
1602.2526213956367,367.78182416918276,61.42813163056222,97.55964477244838
1606.4074036976583,370.0230643556362,59.939878308327444,97.20917463962144
1608.8358669318259,366.65274792007887,58.07782445919581,97.23532388055298
1612.2385257248195,369.6018625490092,56.459094700105055,97.60572796926652
1612.415154014105,371.5325475082811,57.10243023025834,96.81596359975279
1610.4233709118348,370.3448503590271,58.436802151969744,94.83242021869096
1615.2119280855743,370.6029891766351,55.59039947071545,96.51048304598534
1613.7160150310683,372.5898359333019,57.598901380315304,94.76697118913378
1617.4456149901557,374.5658542350029,56.034146542826306,95.85763549108545
1618.5141775361367,375.07443960109345,57.29192138324558,93.85170093381572
1620.9871501207044,372.39198966792117,56.18584239767602,95.86161484455366
1623.1824832822997,371.90088094705845,54.50930508920895,98.91467166906043
1626.7772847507235,371.34501185997567,53.27542967028168,100.39901615354752
1627.5559178212638,370.23257195985076,52.198254760731665,100.67615843012504
1628.241305473053,373.3578556502308,52.15586931814477,98.62486027979388
1631.352145322915,370.8214958495243,52.481928503961704,100.67897019581861
1632.6885095996502,369.21082409065076,52.79632885821975,100.91099498851013
1635.3033426658553,369.13430530801753,51.718442329687875,101.11788621193799
1638.3255640230273,370.89280005466986,53.41448158294759,99.96701424649697
1638.601990691216,369.51039173008127,53.01612820091263,101.22868040260266
1637.7879826881913,370.4249469150757,56.08013337649156,98.53535647470125
1640.0944660962673,370.0963118425143,55.381292577430585,99.25731470569062
1639.3953879188643,368.7631292018412,57.47393163344208,97.3715396475753
1641.402305440698,368.59041244368314,59.13180295776728,96.72891938242793
1642.2706869473768,367.95775389108684,58.91140150843796,97.76730346004148
1642.205820162186,369.5901943451743,61.13423954880324,96.95750467532757
1641.4960696633407,364.99379669673283,63.572585828364566,96.36986178657958
1640.8589398965419,362.40612805899815,64.10262693576078,94.67274229382421
1642.4062128976648,368.7825569556788,63.093677370729665,93.74693546680066
1644.3579976116337,367.6993837568714,61.06828625381665,92.60346466172606
1645.3025822093116,363.1328747351889,58.19959371521149,92.60284630045521
1650.1464674653625,364.7622962876788,59.96273282437966,92.692715129231
1652.5346791475736,366.9603185052309,61.600287659794944,91.39272843092644
1653.8489439734415,366.8893273148385,63.70722389265225,92.3426856029703
1655.222599846541,361.34503933493306,64.63682706451722,92.79677805579749
1654.95488470151,356.3832464773632,63.82801720187483,92.09804134228484
1656.6628472125099,356.245196747063,62.6084339255077,92.10492875652508
1658.5667871478447,353.08530673325413,60.998264642698246,93.73828230838842
1656.2902515384687,353.7151978386154,57.65892977888019,92.22778011403494
1657.7058919262795,353.47030454394155,58.122100607797634,91.2968577598
1658.6241802885124,349.82475573355214,57.24195765997971,90.78432464015461
1659.686557502797,349.16565447453155,57.051035684866434,90.18461143935914
1661.066920262568,349.2108331643958,56.95653848610355,89.80541694278244
1659.8954597492382,347.86291555705606,52.183043608671525,88.639714321571
1664.169247261175,348.0775164517409,54.9332368476517,85.36075049376703
1661.2996637562844,344.4377857102305,51.00622629681642,85.75417517351664
1671.4934365897773,348.8156240684775,54.6306655900941,83.87372013149373
1669.8325957953439,344.85386013465944,55.28143306187744,84.08607281184769
1669.4145025362195,343.2079270021093,52.90330998055231,85.03664029743449
1675.1201589566815,343.4923160851386,54.27927683238099,85.06164624898709
1679.2327920703187,343.2435887489282,58.79644881115528,86.13310767176097
1673.4869054520536,341.2517845510279,56.86608152758248,87.91140916324153
1674.953538455957,343.98979995575235,56.21905831154105,87.9299541814095
1673.7698471359975,340.75402737865863,51.7750330994675,89.59218402784981
1682.2249746424936,344.216023638068,54.652712184565246,87.3433713300164
1684.5768451301674,343.7946044887949,60.222367904636776,87.3522667913081
1695.359418349214,345.27492075177474,67.01753785537413,87.6715913071958
1683.873462256151,343.44975724334995,70.39668542176106,88.75632106418836
1694.612305542292,341.3435539487667,72.31729919649723,90.61462588083299
1687.2735760989194,341.3859542471007,74.0989280824849,91.26050726960435
1678.515604562795,340.1469765215618,69.95400063126539,93.20686738640065
1681.8866377009624,337.54056382294596,65.34169891375339,95.20098278383381
1682.452322709057,339.14427813740485,64.24781521665199,94.499344739134
1689.6989984159152,340.59853319777113,63.71710068208546,94.29652499131863
1696.876794505104,336.7275293835041,66.6245007574691,93.66774122524859
1700.2439905000306,340.9263240078627,67.3168053006795,93.24871133050561
1626.2584031391298,397.145420802518,66.79299967215846,93.76412862415819
1627.0780991271986,397.22384255774136,58.52861405409861,96.30104150274494
1629.3499605163229,397.6475665242582,56.3421558878056,96.57420185931016
1635.5788698336412,396.4167588105521,50.36869749190071,97.8674856671242
1641.666090874541,396.51248437881,46.813666301988846,97.16894223719358
1643.0815950144374,396.66599922554656,46.253888319132066,97.03313348900878
1644.4284039614874,393.86135504951835,45.76938244888164,94.6611022696278
1648.4235445315717,394.31561946708644,43.404353057421176,93.45482748825265
1651.151958316836,395.2906925330034,42.135272972208206,93.55026893126116
1653.5349449792682,394.3657980860784,40.71923848179429,93.61758294947427
1657.2684924753248,395.7456380681634,40.313305954910646,94.72832138005228
1661.079194416126,395.65567347325265,39.48442254733988,92.36295426877999
1669.1260799161234,397.9042597972722,38.97263071853878,90.4668830359657
1673.1673234761333,395.43234568729986,39.068495581806886,86.43288619752383
1676.4137589121412,397.313681749547,39.51944588816471,84.95400478666933
1680.2341837792417,397.23907794789767,38.06674025815644,83.68796967885339
1683.1294419656924,397.5786680188714,37.329727393025124,83.15375680524383
1690.5074231642766,399.60250010673525,36.820515955139854,81.65176756556843
1694.4501087532485,399.91627235854185,37.00872422495502,79.1554748513168
1700.183325998019,397.2501944622068,37.469388753702006,74.43188503192617
1704.106565542945,400.1272698322822,36.55849320212631,73.41352418677063
1709.153158858516,399.6593052508616,34.970867154927866,70.69201602331744
1716.1694033813674,400.38700447406285,36.05028240317225,66.87953189052529
1720.6617284503225,400.8126940015032,35.804334995717454,64.99011890470487
1722.4245509323644,401.1677522869113,35.707319683731875,61.86330778575774
1729.571707601378,402.3030424396719,33.90390503587824,59.02660159741738
1735.3694439413653,402.9313870750869,34.57908904569817,55.40440978948109
1738.7081398972985,403.3507243827352,34.48276948926615,53.01571871714409
1741.9611650327213,404.30501530861875,34.72038791959443,50.4287607617798
1743.2786526601662,405.9622554740375,35.126160790169486,47.6260183644952
1743.6851477077835,408.44011000778687,35.44784519333672,45.10707533947349
1742.9985988118328,408.22062384406934,34.88037987228284,44.114603874866354
1744.574774302299,408.4605138332652,32.45930091291464,44.63361620607684
1745.069669699173,409.5150205019699,31.35575863842081,44.038730022267615
1743.34780447566,408.9629985124321,31.745051223029748,42.307500354477405
1742.1668444545244,410.9650620426859,30.13642232102864,41.94780152027355
1737.729519074646,409.5881110155589,28.1129833520759,43.96270647744966
1737.093696842631,409.71254745941144,26.394169898992896,44.715122564069425
1732.5301163509776,410.69923365162913,26.11083680561007,43.387918293954776
1727.4775968987624,412.20692971080314,27.772989522710432,42.43884949396619
1723.0282820289367,415.9279213113821,29.96198144326805,39.68658096066713
1721.3003992737051,410.4917820338435,25.292935900364384,43.24091458165587
1707.9998269182067,431.7742585729979,25.955855670483643,43.455379810844356
1709.6461147820094,423.6397224479884,26.796411401884356,43.14744594379074
1705.605868483738,418.817944135046,26.28395011267769,45.26614340737625
1701.8787555251695,419.7381206707479,25.620831028366954,46.5703879199719
1693.4265419310775,421.36148962611816,27.867678777061993,44.32539491657055
1686.061801927044,420.114092086899,29.321160846873504,43.24606241287178
1679.2189538253303,420.6070763416247,30.719686735378374,42.087494306249226
1672.7229532164322,421.2418406944276,28.45393326334107,44.61505669657857
1665.6745931132748,421.04778479981906,31.666565448034213,42.830795082935595
1658.2110956030917,419.79051674439614,30.549666122985485,42.90209787273784
1648.2403568710683,417.5685470378809,29.622252514624087,42.19301411204255
1641.050263527635,417.8629650572878,30.644723334494028,41.449206131020425
1631.6354251879015,418.17440862349986,28.859615068036646,43.497574164526206
1624.373102754602,414.54421419410914,27.565172966350623,43.73196683306115
1612.614791237238,413.3845224254113,28.82581504723057,40.938835553001084
1605.0527396338866,414.28129149651465,30.034670105673175,40.459375920407055
1596.9359794480395,407.9488614429842,31.254037199147554,40.02655192151143
1586.3925953210505,408.9099406362344,33.06494212324206,39.304124804565134
1575.3668496577977,405.9225970197309,32.23298419975435,39.67757122457982
1567.3294248574985,403.53055097902853,31.440705043263613,40.810247659436634
1557.9109222306442,400.2701992136799,31.473239315182695,40.26327459704916
1549.4967222592525,400.24058545057176,28.302003619772393,42.37423209046795
1540.2923149613416,398.6217081091998,27.419795559150792,42.742521686186855
1527.1393536791675,397.612484034523,29.529423421813096,40.348139469873246
1520.3359456383648,396.54621025539535,26.378372988534217,41.616883596320804
1511.8206773407742,394.30485172943327,25.31686059688618,40.91001475138495
1503.6251951901158,392.4258190180289,26.510671574958042,39.268899825564155
1497.3285168620114,393.7720934959325,27.352131580079423,38.560183076045206
1490.0271406485913,393.9595864062863,26.729896444989503,39.49932167121344
1486.7640505141628,392.7186375272613,27.71581382545308,38.18629477556709
1482.6723956289384,394.40331504458106,27.457463627517555,37.943226579118374
1480.8510721071984,394.72871537905706,26.955143672505308,37.719264133296335
1478.5361059910747,394.5101344373809,27.396578243291025,36.91885856528491
1478.1786109186494,394.990431097712,24.549495732721567,38.96880574586761
1477.8164283451765,394.8105198344688,24.96986289138475,36.45385854751568
1476.52075083311,395.09075470109315,23.8459990943931,36.12359516993733
1477.7167213811636,396.2942994305682,23.44662730420714,35.65580709565639
1478.4611664926172,396.2378189799057,22.71328276401483,36.326491610439824
1476.9048290729688,395.95562103671693,23.842459607656174,35.35348584014815
1476.2917444178984,394.3528604403332,24.707541118891438,35.188460792387936
1474.8065807511884,392.9845714740609,23.76782154918704,35.64885103357523
1474.0895539787166,393.6651540166913,23.87134067551558,35.85626392337216
1473.3119179380935,391.55838863188876,23.588412947483203,35.951868338218475
1472.1303982319005,391.5084233411056,24.58751837084362,34.163721126429294
1471.8169262881224,391.33597598914776,24.226740863951008,33.75135786583
1471.9143337438659,391.41711610577437,23.626291336240243,34.36346183946296
1472.2909298069424,390.60356984048997,22.893535138183992,34.76120746743682
1472.5479830039399,389.7500930363181,22.28138044680107,34.835477216288055
1472.6266025700982,388.8926674775977,22.26340375106684,34.3402678425289
1472.5241858931768,390.14972581855153,21.60347036432608,34.041431650060524
1472.8403283050236,389.66236030416167,21.30545179566785,34.3344240838909
1473.085137310486,390.12678461030407,21.807784081927856,33.79130026427656
1472.9078783951488,389.54351172424015,22.154273517692516,33.82348057318843
1473.3960785727206,389.92243466021057,23.480013937530877,32.517180255742595
1473.0668124115628,389.2084400948998,23.900465372756074,32.359513677943696
1474.0180108052582,390.3649546702716,23.791102226393072,32.61645116269874
1474.8773537621512,389.62184615983745,23.120990301432336,33.71081753607995
1476.9441571209168,389.56875718022974,21.310651970705635,34.558412019412394
1477.4756846170253,387.82192164247584,21.81048666722313,34.183779523472644
1478.5143034980797,389.13982155929307,22.14371021779553,33.96231076039094
1479.8786061261521,387.76788636832,22.136191572513365,35.08635704973636
1480.3123139441193,387.4143451277925,22.474190314331167,35.16063147909156
1480.0296860101728,386.4351952993898,22.941618941593546,34.71812578254914
1480.8101129175955,387.4969124909999,22.32100446688864,34.23255201174406
1480.6251326853464,386.96537229584766,22.084537708943795,33.77369546108549
1480.0153086833948,387.3676958059444,22.298179704791146,33.12647783641356
1478.7145941920344,387.3119070458923,22.76719362240386,32.4891841671257
1477.174996678391,386.70670484116147,22.80651675899349,32.407987446812754
1476.6729036010538,387.754481867994,22.832412551139285,32.551979213209094
1475.4171058057361,386.09984170308144,22.857629814063923,31.941162989220587
1472.5077035948786,386.8653435430626,22.835131191403526,31.80081913073362
1472.5761340716276,386.5952638798207,22.102664178232615,32.56040271352728
1470.096622530932,386.78366700271926,22.40922254431671,32.13228005807426
1467.3442924387275,387.1416822771223,22.62075829342527,31.835711488039074
1464.842048927362,384.30741351608594,22.992929864745317,31.3812823705373
1461.3653223894166,385.93674820985717,21.731673995112924,32.32074346463036
1457.5206831198711,383.47971284013823,21.325293560024015,32.22242275901369
1454.9814552123623,381.67654118695185,22.292370251435983,31.697902961149474
1451.7477212692634,381.75056444673044,21.83179738975482,31.84603040933596
1449.7672209510408,380.69215446439756,21.92600872426174,31.140265419891985
1448.5178592081622,381.83705406482295,21.77057221075657,31.689768819307183
1448.2325584697555,380.42747155900236,20.691164428993506,32.246183722571416
1446.190358050519,378.74176502338463,21.158722171871926,31.96161063125478
1446.89806995348,379.9031804716693,21.510122333075735,31.858714080180548
1444.8349964914248,379.1677352926452,22.312124046202804,31.155177495458567
1445.520050452849,379.81926995901614,22.60327633820311,31.218928367771994
1444.0903720616277,380.09166327233163,22.662263578127455,31.60140752365576
1444.5183025892443,379.07101421353946,21.771752088514038,32.798191151675184
1444.9262718119005,379.79385223304627,21.307384321624735,33.22663465067309
1443.8278219204392,381.5565513187124,21.20003530640487,32.58294734509625
1444.6928957185526,380.18561857431934,20.910981725098445,32.571564735667174
1445.4660112913575,379.8853967447509,20.734890080517168,32.61834434981762
1446.760042000117,380.74143974159506,20.691129085606,32.638330395199375
1447.1361078870157,379.04836068865063,20.841291970493806,32.44415920231394
1447.5453466536064,376.89079346734917,21.093111075948624,32.28329464949059
1447.275837360777,377.5931780084237,20.993511907901727,32.42377103865842
1448.9299568465813,375.3349340064743,20.837331788398814,32.72920725997199
1448.9764213905835,375.49060871271814,20.17825417694529,32.369519037537785
1449.8210210652642,374.68789382338133,19.12606068897569,32.890443225266104
1451.0347336702357,374.207941848765,19.625078516874463,32.87298244678504
1451.4453094821035,375.0265209309683,21.192432321199043,31.95197404699493
1451.387460150156,374.9026706739808,20.9708563284999,31.423560039822284
1452.8225422166531,375.3816935139678,20.864291021285425,32.146026554248394
1452.6227689592272,374.6890821957196,20.885060916601915,31.75266321165084
1452.430491092593,374.5582517002752,20.852151348209045,31.987227758686807
1451.8992741367547,373.20177714447095,20.481621563922214,32.1620609615817
1453.1017708267623,373.4724642539697,20.539479655890716,32.293114539878296
1452.4051308332785,374.8760263219592,20.182690392851796,32.75842640901586
1450.4557172576474,384.83051362494876,20.457314563122843,33.36285509870242
1455.6329681902846,377.4184513486227,20.383951749494578,33.49735753706441
1455.8147271444338,378.0984532512585,19.434947945818646,35.14055289765426
1455.2301571434173,381.0346538832239,19.68663456196837,35.26481653706736
1455.0204345267477,377.39257400837124,19.7459655194317,35.21276402983457
1455.5809834732986,375.6412336733424,19.56167213601126,35.25807073060473
1457.0163143945026,377.37979796894894,20.28324112030732,34.00261260761352
1457.2786046476942,377.23545661832475,20.65089854743987,33.14678196876287
1456.8813123173652,375.9131863113824,20.56181192390072,32.80186865813912
1458.6353172214372,376.5282390281945,20.955085979264357,32.4441920264131
1458.6815051450626,376.83287638748163,21.984785408887895,31.624331653405136
1457.3531133905308,376.7329617247457,22.01778353690223,31.906105433286058
1456.813543918814,373.0388698381731,21.411139402822762,31.95011880637061
1458.3685691924372,374.26528478216176,21.17405090129389,32.050556946980834
1459.9636745721302,374.2631457372874,20.556593272192053,32.501078023755355
1460.5594716377066,372.61439655050054,19.73001387442958,32.72759077780147
1460.0790850533858,375.148043334626,20.068538834161764,31.63200746187899
1459.6928943569997,375.2464967600559,19.882654079703418,32.02240687894076
1461.6358994488203,372.46127865837144,19.994224636369616,31.27524001718006
1462.5019946972627,372.54255714178265,20.21243902279657,30.869799288567506
1462.300767243298,372.01644770298816,20.29615296658932,30.892928707740595
1464.1223546216195,372.6824115063824,20.19114355188679,30.399269424277687
1464.4051287741959,372.9096628203778,20.42297974994429,30.262266217099373
1466.147544572071,369.42830904441496,20.312230336330593,31.438425379845867
1466.352038855522,368.887866517024,20.27328944751141,31.18566012969628
1466.8209524251708,368.2430112364381,20.250648226640415,31.158976296973133
1467.078754962219,368.0071986467171,20.440859656250705,31.045193869006035
1466.3997110538958,367.7415106481127,20.843112856959824,30.867879581016865
1467.5958754209573,366.76543732244517,20.688422668142852,30.752713435958825
1468.8015344633907,365.578385852908,20.3381632089827,31.131783086547554
1468.0987117279146,365.8703476635019,20.105601451371093,31.01587452588098
1468.0699862911729,366.05700884036435,18.96466192052759,31.125004618527207
1466.8426547719907,366.38272880114977,20.04003175591721,30.698574872886446
1465.88675005994,367.0478936997603,19.842936127345535,30.758730691112
1465.0512564374446,366.39552573797397,19.78906373932241,30.1851095335016
1459.9651714871968,368.29195949189716,20.169378373483358,30.093747606774908
1455.739021922727,368.9599746243842,20.403307817593223,30.169771851879748
1433.1869716209992,392.24226637176463,20.554625726579204,30.525985360525233
1426.7054254703496,392.9244202708258,20.517240969140087,31.24497240292458
1421.3842741727487,390.93825799984654,20.760148659675437,30.893075121032798
1412.2067651909917,392.27300007435815,20.679512059873993,31.449428147491055
1403.2505400665177,389.976504119453,20.494591760248447,31.49855516649179
1412.988468650458,365.40801615052015,21.605434189468895,32.27688383739677
1403.769523579021,360.97474879547985,21.230555804173772,32.353902958462754
1379.337589963252,387.7607549136042,21.211180917084164,33.99195191107617
1369.7194640101568,386.4632436389228,21.770625272665797,33.39462545589686
1356.3259905549085,388.0680365859952,21.361257607287527,34.16828415081519
1349.9296595791845,386.9644721981072,21.650823312481528,34.31968435944518
1341.3416453195496,384.7654065039737,21.39131782311108,33.90133368501406
1328.2784747796195,386.9824280949439,20.747185075545303,35.72251502507765
1322.4931552262108,383.9613759615457,20.799005766673247,36.67116049019969
1310.3145111294223,386.30010763925793,20.283180592925167,37.98490820073246
1303.0502790915489,385.9492679134298,20.464549028416776,38.168634807659885
1290.8414449367992,389.86610359965727,20.276275035566606,38.43401471659261
1279.5219626274509,387.2522562689654,19.418461062301297,37.32784053869433
1272.433026160931,388.21579022322607,19.13312035555341,37.73549541644777
1264.4818086815633,386.68856840103444,19.501375192717898,36.67928134513831
1252.741096067543,384.3081687760167,20.291408676920135,36.3881818479562
1246.3114545515366,383.3306560036239,19.91667705281533,37.287134394963
1233.2784840492538,381.11172391372565,19.915918169476846,36.71977121916618
1227.4062476668205,379.91064409541565,20.654573129925083,36.57328901736977
1215.8090465838231,386.63135626505186,19.450891941644066,38.938424001283565
1206.8600877485644,380.16951388207644,19.609784596619917,38.56951458175418
1197.8187080774303,377.78688329124657,19.253181938478427,39.08308845736135
1186.5381365014605,380.8566870889831,18.6971879742079,39.93142718433708
1180.791358838841,381.77967240300524,18.63790500285035,41.963727587128346
1167.8228599219044,384.0996640712033,17.779290504306488,43.089017455388785
1163.1644072834645,375.72223647636366,17.37089466958608,43.49225767031649
1157.0470642393032,376.55953003504453,18.141174969113106,41.09078092430386
1150.9551364323934,377.70708993820966,18.625921982388714,41.3496914631652
1146.8153814941127,380.3558918393838,18.774037702981087,41.90049759440246
1143.4707051562639,375.57242104415246,18.77285632726766,42.520289316077616
1140.7558633949627,374.4099236353287,20.038817287493732,40.77405815465452
1135.801550152002,381.2881215201526,19.749590456956795,42.26666281327422
1135.9852686669358,375.15804134566355,19.443823747690377,43.187236467673536
1139.1671915773163,372.422454394915,22.45083166121787,41.836202538605626
1142.0449462035695,372.36414608686175,26.02040551265582,40.24300417834925
1137.6380276766022,372.06371738401634,28.39653597994232,40.244552505066885
1139.3147484310816,372.2483503200983,31.569822527229846,38.84893953901864
1137.1463537551808,371.3887796526771,33.036695387522414,40.74777555893742
1131.885434212056,375.0419932709998,32.53763837403689,44.553644401710145
1134.3327469015926,372.18877602803803,35.31666958402561,45.24001172457781
1134.4729303167742,370.97465329242607,38.23878154182208,45.73392794507279
1132.650795989032,372.7709003500913,40.64028503374857,48.232050255487096
1131.7228068265065,369.75064579292587,42.20061073626485,52.97045299990208
1131.7782356985533,369.8835344219719,44.17684190668783,58.330554631683626
1131.77444073992,368.7816543096261,44.9729517653919,66.25311365176833
1131.9261252286854,368.2742654854594,44.50831904770224,76.04011066358247
1132.1529371976897,365.3984400903088,43.95051162183671,86.28619016530811
1132.6134665481195,361.7016959451962,43.40174812111485,93.26988045436958
1132.672829664196,359.3435107499379,42.732009357527154,99.52405184973951
1133.2212337148792,357.63763142912126,41.86020378529661,105.10995986704734
1133.0449794919512,358.561691345906,42.192540460328914,111.78143206109577
1133.4682137433417,357.9055422538709,42.95670079368297,114.08730682742922
1132.67203947507,356.9443861542286,44.459887063940414,112.02504528651923
1134.0073987896888,357.3379512649735,43.36720341419833,115.17577721074247
1134.728635654612,356.1336791199307,42.60428726774156,117.01217112015726
1134.324999452429,356.16424340600776,42.82952399594696,116.48228114493949
1134.3551482905973,356.22390005621025,43.54927750545653,115.27696469819804
1134.3187702763253,357.256143168589,43.37198200931472,115.09678582818408
1135.688674480931,355.79204584437366,42.36209427902109,116.71104284636496
1134.832972430443,355.9325974251871,43.94722684126255,113.63601340836178
1134.8484379139,355.63601157287235,43.82083190113814,113.20338146451923
1135.9050268473236,358.5910615198425,42.062579877564744,115.8652204643405
1134.3715979707697,358.4493697495343,43.84251855064421,112.05044093860236
1134.370269681494,356.8144425151473,43.988010752374024,113.18325772502638
1133.5596276310175,356.89176549060744,44.11429609201554,112.1439988800301
1134.345425347294,358.03106229801483,42.78660950457088,114.89526969263946
1134.7979024101433,358.5753787087946,42.43892256097844,116.07654128597613
1134.2235513920084,358.3778103293429,42.83703430663371,116.48998018340757
1133.834335625872,358.4302183942593,43.135154464656594,114.3387937063269
1133.921715246389,358.2691048344898,42.45004175419493,114.935835046466
1133.7921417055077,358.6000475714448,43.28797495446051,117.42561853582971
1134.3522665693754,357.89492723322184,43.857332736450374,120.96379875036905
1133.5948820732133,357.1165288140107,43.49367587028094,119.8739826701559
1134.1463959904083,358.14426184066133,42.68316948762529,122.73217660722464
1134.1133532569977,356.9630154105921,42.74508966338763,123.07340412962448
1133.0640274367993,358.70447154446913,44.65717064355162,120.13391149811275
1134.415961916156,359.40122594645527,42.90698951278441,119.62794029705965
1133.418366772561,361.89964912041626,44.42192814381395,117.90075518192506
1132.8885637531928,359.99188063840273,45.437860933706354,115.5614795059605
1132.6918690407235,360.6909512482155,45.84894985811462,115.5394720101965
1134.6246997104017,360.4414540082647,44.3976415230788,117.0355988248341
1133.971893764483,361.2325507404064,45.76051155464504,117.6940275393589
1134.5212571630966,360.46327996001224,45.69109230076996,118.6916409646135
1134.1145719275803,362.37714747786026,46.498541178743885,116.38327116451707
1135.3828490585397,360.83083242260926,46.04747588597398,120.45776434305817
1136.7967842772148,360.8481360436739,44.97177237966733,119.04242056358488
1136.672706023651,361.66961454315214,44.705775366330634,119.63809409738016
1135.8850098237278,361.6355786479482,46.69740727669767,119.82528783821283
1137.4934746776614,363.47834884333315,46.458984890637545,114.02124191695307
1137.678941708702,364.6469975453735,46.27435718876106,115.02846903595422
1139.8267946410551,363.6458833942837,44.23811723374524,117.8962142588162
1139.5964631594557,363.8829703442879,44.88353291298631,114.6667373323437
1139.9930801294372,363.9891889000073,45.47150913097209,115.73982637257723
1140.7141094238382,364.40462875669925,43.83782451213799,117.23932863653255
1140.8299569549567,364.277190204086,44.388454282467606,114.61695970160997
1140.1350919651413,364.2850465189332,45.41868344347375,116.50206084350043
1139.0952680156279,365.15283146501474,46.74435985218241,114.53694686568096
1138.259447373883,364.61674564159824,46.26038541201084,115.47672263174935
1137.4770413138842,364.8690012366334,46.28154399960127,116.08588388933
1136.0937732715372,365.96895856341104,45.86774772386393,117.10979987096246
1135.2883928809167,365.2834693348471,43.857800566739,118.38148365805918
1132.3662772538712,366.4880983948664,45.316751810411525,117.09710141374914
1129.0900483712228,366.4270883592654,45.897645598476146,113.66505830967212
1125.9622145140356,369.16252512925985,44.64061233731972,114.75740754504133
1123.024512239895,369.35756311764953,45.4766520364973,111.83571460421291
1120.4275098115086,368.6310433416577,45.60888193829502,113.6495636413024
1114.3829200307314,370.7230236273109,45.99956789981225,116.37841513818906
1111.7506325233728,369.77665017715583,46.129893866513534,120.1420258147748
1107.1294181309524,369.53292917550607,48.46577043635976,114.17371333904356
1102.4375461148875,366.5371512065128,46.43599593020912,123.86636829192605
1099.0402877773718,367.1018363761913,47.67957312884059,127.2140930915794
1093.3581645231454,368.02587284431047,49.07682287127052,125.40331342815105
1088.4059071980591,365.74438200483706,48.542116019229425,124.53803360480026
1085.5881896745493,368.1833006347042,48.34299966241619,125.24699577656799
1080.0854961269788,370.6185156346056,49.437616124137655,130.73950147276867
1075.8107457805174,371.16453383946697,50.24990769838451,125.90630253535093
1069.0161241117762,378.6735877335606,49.53950830959912,123.38278864896174
1065.2298042153907,377.5854171674571,50.15321816523493,122.6815216171424
1059.7935933038525,376.9414811037719,50.78987534470778,118.2234691214778
1055.3166633599499,378.6634466380505,50.496998295081696,115.79794978019481
1052.885917824313,378.0375424424666,49.977581870041156,117.8395733755752
1050.734939125103,378.23508236759324,49.72668975759735,118.4015939560752
1048.328888550002,377.3252526277997,49.57773594064838,120.23600520525666
1046.9462235747776,377.2360469219953,49.01430439291054,121.828772199472
1044.9428909164174,376.8125631300617,49.90017455871828,120.64565789745745
1044.0700926356017,375.45694640610157,49.032805484823356,123.69766885613663
1044.372784547151,375.31309653151027,48.549024431765616,125.62732577154156
1043.644684252921,374.9033310797945,48.95399394075708,123.01143739758976
1043.7030999334554,372.6431703417576,49.42344290441002,124.57325058787868
1042.5341879906157,372.14396511244126,49.851678101065836,122.42887182455738
1044.345854641237,369.86592051209243,46.70042167289971,128.07670708654857
1043.642555499608,367.94253231945606,47.58641394452358,128.17094334705257
1044.1758673162115,366.1118083409988,48.147611541076856,124.56813486852371
1044.0790132240154,366.0758987225809,47.41616010893505,126.45138999978808
1043.3719919788916,365.12988585114124,48.181316110974,126.06862966091418
1043.8497409925556,363.85091079557554,48.23649861529354,124.2770566038872
1043.1582602694027,365.19270769677746,47.532379098024975,122.49374835234372
1041.8119789782577,362.2557571768073,46.13195489451121,124.06265873088704
1038.0006589210261,361.5298620606972,47.10686847534891,122.38059707377796
1035.5389806524672,360.01447584473334,46.406118730611965,124.50052486442674
1030.8984598457687,357.0352015458308,47.44504058880637,125.22974540968963
1027.4894713202727,359.6378755314364,46.63476503462705,125.98436750128228
1018.8195979749547,357.6680732223151,47.93875378453521,120.69445476777145
1013.3797345985116,356.055731281018,46.885627325140256,120.05991552605013
1006.9317125209561,357.3235881222109,46.91044146310383,119.55247365020841
998.5210993398406,359.46136794549125,47.834060112849414,113.573650737044
989.0042891399637,361.1332522925575,49.52146756700767,109.69127034631312
982.0966969427352,361.664346065153,50.02840629015153,109.7723712296365
972.3464629122453,360.2468324136317,49.77181981077834,109.93928900032495
965.1621887913043,360.07185808869053,49.94786770336103,109.85412407456312
956.3674075543079,362.0508015943353,48.54040400811144,109.10314951414506
948.7826925367824,365.30507099254487,47.67967668127047,107.39443557243935
939.8310752025099,362.9995409653508,48.03295813635026,106.0598160245602
931.0284582333273,364.51235942381186,47.485608632092045,109.09764169072288
921.0263552947146,362.5529911441241,47.82094417944991,109.08637720499816
914.6502636270849,363.93002416068833,47.69929511771467,106.77604603457634
905.4230346654089,364.1200499001453,47.217382527294305,108.14439343608512
895.7033289660138,362.68767295544865,48.210009693631534,107.0300915199338
886.6351087829094,361.85301477462156,47.84048487771302,105.92378735652238
877.803994930233,362.7721446262545,45.32194836443147,111.02797322183906
871.2842897285997,363.7737805474913,45.88163486340159,110.04230087051043
860.7377249706353,360.29392875290614,46.71364079991284,110.4413690693535
853.5258307160932,361.8106999892451,46.33807445997796,109.87635450267189
847.5323729162113,364.2848627323077,45.338918254457475,108.6748003581653
841.1876430576416,362.0675220298889,45.676883215594,107.86084914853411
837.3748796737567,363.8298624293853,44.97536443553658,109.19321716566333
834.1114881802289,363.6012181279434,44.033371755609636,109.31295266678886
832.106041441477,364.4275538720498,43.96133582436436,108.48161577648145
829.3697251802977,364.2107276489087,44.27395640576163,107.11981348510854
827.2477685342154,363.1302881017384,43.731986010655774,108.55588200397888
825.6100255264246,364.7477003007407,43.79549417529813,109.7675229893564
825.1618882776457,364.41137782381674,42.893885840526615,108.9659305996008
825.8234223781751,364.163697449268,42.3593791199931,111.59775364743948
824.9659457882201,363.28120036509137,43.43655201553968,113.97904865901931
824.0855852816943,363.3061531128026,43.69331007302288,112.51754379184436
823.8148328577383,363.9828482611359,43.8571366891896,112.47968266715478
822.9584992493741,364.50351627353893,44.36726324164534,112.12168039725393
822.6793372019566,364.7866598920069,43.61865291627831,113.09591756706558
822.6479074971402,365.1688208423782,43.39120970578799,112.59900732010016
821.1207031814805,365.17664528640506,44.25636846080242,110.91137959320021
820.3507529728294,363.9078016407009,43.89252881166971,112.31625697182508
819.7287251654313,364.54725441119683,44.69606505054182,111.43193559948902
819.5062503466828,362.02767712623245,44.93850871562596,110.91582779409845
819.6585046828455,361.0326454216595,44.8369661002224,112.43995825825439
818.8921115261007,361.5680646779893,45.11899710583732,113.26963628580424
819.4012712430397,359.49465072847136,44.76381290433763,115.42722110170217
819.5593702065928,360.2494301312594,44.12634930513544,116.52089323357711
820.1872071183063,360.06995508063847,43.975413376339326,115.48652723719749
820.9867325152035,359.5710401937544,44.17330965735968,115.53992202914324
819.8711190330843,359.5143442349599,44.97007780002979,113.7579661168937
820.4082755991866,360.5756780284703,44.542657222364234,113.93425629248172
821.3169629185321,360.0143240352848,43.54890168221908,113.92180280875743
822.2804687181977,359.817126173469,43.060052879358636,114.80940489652346
823.0814953762073,359.54022975181607,42.47731945303725,114.18887458186452
823.6125905249718,359.5577993090981,43.42783712526537,112.44955734155589
825.048786166334,358.80969157952495,42.09094830075695,111.11458466405995
825.1052070961964,360.18459939916323,43.20339623961962,107.92288785426857
826.4164897039064,360.2574972706577,41.09937172785484,109.79911884714778
826.4309138968806,358.9852920759914,41.9884117604486,107.66921917467687
827.2675909141695,360.71875476081976,42.30641404389346,105.97409459079664
827.7735207987977,361.9599272964457,41.662379650375655,104.12210192211666
828.2540713320648,362.1891432709395,41.11956586579133,106.12035548933306
827.4564877531817,361.5196102350405,41.706712230071105,106.53179092912865
828.0240922352262,363.2282209590504,41.377711252451775,105.85938473372832
826.1774087729949,361.9877684790702,41.005023346819925,107.63291163522538
823.8852716222821,361.5166298731432,41.418785311568804,107.76139383595876
820.7440478168965,362.41290235679054,42.85883277193632,105.93841619668748
818.7738413800206,361.8280266949622,42.794151729020456,108.21183928158362
814.9445978529031,360.8410806227921,41.253366982422136,109.89021012236485
808.0040186563567,363.88485224775457,40.259891914927785,107.94415326033695
802.3942490442034,366.657226114905,41.220997389198416,106.15080274405253
794.6313087334487,363.00883585361083,41.65748314453058,102.60022045098265
787.4020412038049,363.77423804112203,41.976087521947306,105.34941364687809
778.6088186851908,366.9940072890964,42.19875633555506,106.82666933256704
770.466124823681,364.16157939651555,41.652292848972955,107.9280105620862
762.255475608093,363.46764087456233,40.55050563895785,111.04440637477293
752.8972367867185,365.94321937959234,41.562889649868936,109.22897455083896
743.8624256300258,368.10555768125244,42.97470746865535,106.92993927647001
734.0111523652929,366.2802489216677,44.01461074452179,107.69260262184532
724.8005187671109,369.79484834185394,45.226685573393446,108.69352588250709
715.2004716176348,366.3804715525532,45.05719926668792,108.13686286889626
706.3130190117918,367.6032145303898,45.46412657913817,107.89683914157132
694.8347575911317,364.10042306426504,44.729232714956524,111.50110338158981
688.4992886633639,366.04589399683033,45.03631293885563,110.19379257401772
676.3439458474198,363.7656525264372,45.61661241144848,110.79442859345845
668.8211783859334,362.86163632560715,44.71774503096471,111.09309252669435
659.6453814765902,364.2153768506234,43.655144530647675,112.53826377247594
648.5706932988548,358.4963041236823,42.758340795638524,116.1753774834454
641.9661471345842,361.8470985087422,44.26192886128422,114.46260368068394
630.2071158795136,361.2132379372954,43.223326107586715,114.01601884518863
623.2391915730458,362.0191812342515,42.59919586874889,113.37875058293739
612.9634019851485,363.08101108836655,42.04874789505144,113.3647761542916
605.3039314252985,366.71609814911506,42.048452410989285,111.89473430595018
594.2261679759256,358.9900877192372,42.74168840117489,113.28145387189359
584.1227061996367,362.8038983543112,42.3046856260763,114.3974887755555
573.6994678820201,357.6606542644546,42.001150569653916,116.67570200095467
563.6114729671334,364.12216238492164,43.50445377748035,114.10580075080406
554.0045088650882,364.2917958317938,40.78093769836238,115.4991790928293
541.336696912654,362.4196146138454,41.43626974285054,114.59109624863758
532.0105188954068,358.2124244676396,41.597401919801236,115.78357440375746
521.755450903866,362.9143022719171,41.835546867923895,114.50362405473729
512.7215607127214,365.3891154938126,43.26872962295698,113.12971544852468
499.893054328227,367.9110946697495,43.24776319596781,112.84036401000355
487.14139751971953,364.36365618338465,44.67219228569948,112.75789650903565
479.49855715184464,365.48934391335416,43.46364226990536,114.58060867872098
468.34586283435317,366.9079461143534,43.474559624692475,115.6278191958898
460.9503746303577,367.61809253387446,43.55547000780284,115.4796601753259
453.9981467174251,369.2924924390669,43.920029027298646,113.26775891672796
448.2663409521075,372.26626289130184,44.283941378847146,113.08584850992919
440.2467083945928,371.95342835987753,44.81412844777839,113.67640652059453
435.9795436714938,370.34396286536145,46.65149966448314,112.45892153134038
431.42550850719914,368.20170977087355,46.61725111165926,113.0032917908478
429.9091056148715,368.6543332248971,46.44316070437341,115.1184805614258
426.7954210051997,371.3287661002383,46.44275997063167,114.04768197426621
423.47714037633295,371.35275495164586,48.40137010272193,113.78507759332737
421.50897085244486,364.6274386788584,46.27427753735943,119.39283362886368
420.6389768555493,363.8644246848558,46.582302749398195,121.83376818408128
419.96615231101333,358.6978819924501,44.95958829716122,123.84380426931988
418.84310544870664,361.4861606970687,44.6675501471736,125.86328195629068
417.72573801252156,365.4736584365997,46.41201133299407,125.89354574630784
415.98709895514185,363.4214024364517,47.62360383707422,121.9046095636253
416.3265365363304,365.3040895032855,46.73368048831622,123.75194066783322
415.25720109722096,367.7643639025142,48.03723514049001,121.145774118232
415.3116490164035,369.5484945900639,48.17844066783829,119.6269633452304
414.78791349892333,365.5301207139551,47.5323278697002,120.50168877484055
414.6062167150732,365.9933630529303,47.05389197769918,119.55231406479038
416.0494915713818,367.62912775173936,45.088444087809094,120.94714671157874
416.4761251502042,369.37157804729475,44.31132437363147,118.74764769115697
416.79679938382725,367.50771767888284,44.71468515129876,117.65326884376594
417.02168088633823,369.04241818475276,45.97023860292246,114.87240690386139
419.36816630776696,367.85440061398737,45.33957082664671,116.06612717338976
421.345866020508,364.2781467824431,44.55762428769073,118.50104045910317
424.5095371425102,365.79991449635486,43.90937323162643,117.79187481434872
426.5872296511781,362.4428886812003,44.621160666034214,115.78848013104012
427.68734870801234,364.01285021191234,43.46168172962206,115.71711563444313
431.9682507570881,360.01957600951096,42.13142557818684,118.38543677158052
434.95378632011904,359.20379417178475,42.05559896422052,116.80085094212498
438.0232340291392,363.22123674404065,42.270709649771405,113.85635346112252
438.55176397049354,360.5767548394638,43.37975327811405,112.63097099342721
440.784910244046,361.3357402301567,42.1017584921544,110.11487273912745
442.14025315828616,359.19565457073804,42.00883808257318,111.60659656349742
444.6528956596204,360.67026252359284,40.56443670242733,114.57620673971823
444.9431219066016,357.3881171317319,42.26241550386698,114.63419910419096
446.3307524133404,359.99392765684047,41.974676113670554,114.91720277052532
447.8570092931167,359.7845717192057,41.06314331549453,114.1899070825923
448.06241142753004,360.5195702746268,41.72964374999158,109.73009505590434
448.2733897911114,358.3960522324384,41.72666781547977,111.14663898301333
448.6699939570269,360.0451412106386,41.631692867444116,111.45680586853933
449.42149176167806,358.4782270214922,42.35286167777102,110.14281580195986
450.9492968958581,361.0531993861648,41.96096514336011,110.5127533896054
450.25004194688717,356.78549285989067,42.618210318870915,109.06016513640415
451.42082530970106,357.55035758272146,42.3083028226919,109.53092835186571
450.9726387133827,360.86172180453127,43.02791868990274,110.44674133459002
451.5413653327426,358.2024949758095,42.786188178469146,109.90321150143521
453.15117644389784,358.49982254917785,42.0727825000188,110.25837282825549
453.4730783089244,359.2728061854623,42.154444779783155,108.85309393982257
454.0157594513678,357.0986685690462,41.49442308428294,108.08070384637574
456.1256322800279,357.4889377218361,39.36974713638758,107.19768049724505
454.0496212537553,358.67674520829826,42.22927754508867,102.68566533066351
455.3251609008192,359.26013447284276,40.46373555383102,102.67365202482186
456.5708028051156,359.0772806201194,38.008089888881656,104.13436813274818
455.9510687502025,357.224622926802,38.6134975897505,101.72083956275591
457.5134566228114,355.3293062857092,37.72610047914042,102.13069134982453
458.25583148294146,355.0644279491215,37.124008186510814,101.4053451225647
458.18122369293377,357.17939267020233,36.889918308938334,102.30032730046165
459.0163432501716,357.6129247459064,36.604330102890955,104.15747539965935
458.1565758541469,359.59708330299543,36.959525591687964,103.2989166072412
456.8797722270104,360.2355877812205,38.40133707824747,103.36884064335501
457.81402429588945,360.9075968381957,37.33256153094541,103.4514110441491
457.2560402092378,357.9253979065428,36.04140857950772,102.27106698116181
457.748168305189,359.80543347332014,36.44170882883442,101.14633564923923
458.4164195812145,359.95407883847594,36.1399873486598,102.26682627958266
455.98235097645556,356.3197145096852,36.7682388338527,103.74476277279582
455.6831936695786,355.05584533508136,36.946667602498565,102.02475580316226
455.31768906356683,358.78120571655506,37.00986881018334,102.49062939805327
454.8216512742207,354.7834975567235,36.78657103037909,101.29115936368382
454.86490496495327,353.71172065677064,36.032066908419246,105.09558478905134
453.89820720448984,354.04800379173287,36.84686701224045,104.5043756958693
453.50929553611275,352.22020783357345,37.489504807653866,102.07366585316191
452.0402805136344,354.75026315446723,39.00811689510894,101.54595695900292
451.5181940944117,356.12263903459916,39.47177024750465,102.93454641674994
452.9020055947402,352.44825113556,37.01073963056599,105.31772690601264
452.2885618538598,351.41027073685797,37.52952346889008,105.20335707223376
450.8251561952287,351.8711872311585,38.34551804575608,104.20863150356243
450.7693476609985,351.19559632813457,38.549110371657235,104.3255880774166
450.4297848358269,352.8288450365735,38.51177115642561,103.21170412515364
449.7838712145388,354.02740796383557,40.11149638899605,101.43043952747658
450.7355444907904,353.0662316193277,38.786542861804385,101.51290528164027
449.8740367583132,350.1042623867695,37.15748418970336,100.00314724145954
449.5353424180958,352.5228318633866,37.12797384651205,98.70481851017036
450.1934664276739,351.9904330238193,36.96630304395749,98.42226164480185
449.27582083831135,353.6310822078772,37.37102249852191,97.91557487148803
447.5577356760145,354.4328496769706,39.118330821514554,95.85041262955045
447.70150290032,355.17842059258504,38.20357708017567,95.98134066165746
447.72479490658753,357.85659254815096,36.91685768926433,94.57182292691056
448.64280805826,355.9807671812055,36.672260569635625,92.5983926259435
449.00200754443534,355.6960510217922,36.52541219019588,90.99406459715878
448.2930040162976,357.4299245989753,34.981640341818355,91.24524679080443
448.50379464110983,356.0163795378677,34.793453532635354,93.0661655969243
447.6788574101372,356.04056994915254,34.950297709614,93.87539544391885
448.20867873268793,356.84826676230665,34.947349540915596,95.59266434921035
447.70535386952025,357.85397386499255,35.496027872865554,95.97187906192667
446.546409094418,360.9985020449581,35.28478189254123,95.80175659999107
446.2129776669625,362.12282251668285,34.265939241188136,97.04317428821487
447.22587071192913,362.5745930975238,34.177465700604515,98.71311844611256
446.11630485838964,361.8682490324177,33.98594019814797,99.15402267305006
445.4043360698862,362.6687659480803,34.623028548029154,98.40141898128684
445.0735323456986,363.2966940670005,34.87445916155117,98.66322362694858
443.5091815462392,363.4880372491958,35.98281596550858,97.89290854052425
442.17956953460947,363.9499961014515,37.476820720601424,98.05442559295832
441.99636562168865,361.58931307635265,37.199531630193334,98.28372777926343
441.01542492213696,362.16836875872235,36.76950774379646,98.42645693401208
439.9695352281681,363.1354790681303,38.05184403905282,99.47004808374604
438.8966748319866,362.77281124000274,37.793389401364436,99.98244557791614
438.52287955665156,362.2230323308795,37.41541216975993,101.79931340562882
436.0548543606127,361.1552738269952,38.59893632465986,101.60259659718612
434.0243112912055,362.13057498089745,40.114290653718655,100.51705176590542
433.85137298573164,364.32519900769876,39.94331059152178,99.11975916039357
434.2925707790681,366.0018993846328,38.1687733577745,100.04534748567666
433.17071055251364,362.39510343835826,36.84125719942378,100.2985842085927
433.16819266090215,363.142872846557,37.685693355061886,96.9543074206311
433.46825036010614,364.71881284901593,37.171396618328444,98.75797753520064
432.4130959787252,362.3353700330312,36.91668090899216,98.17968175149534
431.01035161760734,361.9230812077316,36.08129601493864,98.04331286730617
429.6752655145695,359.89071958802674,36.868492100874704,97.36737224601899
431.4231602130711,363.17250118273137,36.21964377328255,96.49630056575623
429.7739909201676,361.77302439143835,36.975349419191595,94.31282003711713
427.8239535633548,360.6762399576769,37.19462817564334,94.15818605067247
429.6580228286327,359.74998114156415,35.18644507325871,95.17684550750702
429.573244633256,360.0083028731898,34.83432286469108,94.01721418933951
429.7676593765221,358.5863461499304,33.63205627390323,97.11276183346789
429.71692798367224,362.8799028431795,34.917510275114196,96.53809979489363
427.1646418146049,364.95492744840874,36.47483116540365,93.85903524603856
425.09484904051783,363.29282017356275,35.67286581814675,93.0305915429654
426.34360752596814,363.6452368671872,34.12431207355734,94.3254956099428
423.8842186630582,364.60543056432834,34.90549702514525,94.26383888236498
423.02544286971204,363.9778504402661,34.63881336841679,94.1039839472722
424.57420383180164,363.83458999045655,32.88099207737845,95.89922479623183
423.1639486225531,359.6082255482463,31.594461343638983,97.94742407176994
422.06832478480095,358.4195584917909,32.28243085224422,101.37653887610986
420.87417664941233,358.16793242186213,32.329908063390405,102.01627572984586
418.46156685353554,360.630747139486,33.69990750344236,101.6214693453692
416.3035869608629,367.26498752502204,34.583115803539144,97.81311073405395
415.9473158338933,364.0213291077278,34.43276613793753,97.02867180531632
415.27293155320035,357.97771631733843,32.11200266388299,99.12101914910636
414.8612691904448,365.60005158439145,33.10419070711038,94.60337490453153
414.16028568899884,367.3746325936372,33.281647538701236,94.08516173217369
409.6637752228898,368.61488387305747,32.54507197138306,90.0938637146109
409.08222232976635,366.6686574738456,31.94938723248028,88.90815555913858
407.7886743866756,365.07795850758805,29.84555689335496,89.29639082402129
405.7324860846874,365.9043370998372,30.022056667741133,89.27083504431809
403.664744661811,371.3020368852946,31.086586450504228,90.34706325437462
403.6176156206213,372.1273203178031,31.830868231279787,90.5530942534906
400.6804017857866,373.4067553834383,32.1186847574709,90.89376103536509
399.72663544344493,371.7682657838976,33.39575947655681,90.51854572036133
395.67273958051453,374.11477797528846,34.758358795848906,89.52485716474752
393.78720587053704,376.95470830378315,35.36963271096286,88.19039954118753
390.4866694776287,367.53608694005374,34.35321316234834,92.69714304152228
387.02435871330806,364.27960112101636,33.03719195109959,95.18735741185358
385.3312443658529,364.3721582641416,32.38702662338362,95.04482613931447
385.559820224748,367.3146285670201,33.658504955444826,92.63741811829519
384.48784762329063,367.7961489133969,33.382449232478734,91.23854421681466
381.0710664259421,372.9106761776485,34.16076678098533,88.1928343955605
378.75443271651284,371.078482006806,32.916588194820235,85.47238607846049
379.40124248701795,367.03305325174165,31.220764535611348,88.42612498695459
376.49334605021005,366.03443959757783,31.680769227888753,88.24525157653302
375.13242448679625,369.7156237367311,32.98505894454062,83.7907652305486
373.4920107331464,370.0182112623123,32.03203784153693,82.98599455333498
370.39049125459127,378.50650962632164,32.814690983367065,76.9452621707187
368.7648907883665,377.4165823320184,30.786896676318474,78.10901261508143
368.8963878169382,374.4085950518926,28.658167559258384,77.88321209113866
367.26590414515886,376.58908087022303,27.648605765653055,76.385119355097
365.1436721689033,380.3549361377209,28.615797785677312,73.77698862273508
362.22705727086054,383.63950917156404,29.775278679135543,72.14619184598439
359.31616709726774,384.02227010278835,30.765826243279907,70.04153813851079
358.7219363511611,383.164512744665,29.49843141095791,72.69632888609337
357.2525439947454,380.04186157991734,27.809169960397938,74.68252881367145
357.3219680379933,383.1790339724075,26.36479100255047,78.34401993819762
354.660182761221,382.47420318944404,26.17813373840536,79.23757404060366
351.1977365976321,382.60692488802044,26.677609238113533,79.52102996627504
350.0879934645314,377.8868474117945,25.59766916758258,84.5784175467026
347.2843187030788,380.60578714756673,25.809335621879345,88.16875464236077
343.13266931916377,378.26337414697366,26.45876904628897,90.45131462454017
342.75073423786876,380.9597785578406,27.06325956588462,91.37177338099366
337.68308057971086,383.23775652347405,28.50448795397464,91.91376995764827
334.8185457272914,385.09590266376875,30.564689077865214,90.55104641797809
329.20311379406894,372.2058636627887,30.579206712153805,97.49233648855582
327.6679027610559,383.29910579738055,32.557343604894044,95.24497339277937
324.3593734647683,380.0857488089798,34.13266120156311,96.90535553637602
