292.5,914.5,64,161
291.5021129410895,905.6084033301796,65.13596611617392,163.86826472659445
294.0575288434885,900.8564816018138,66.79940870366036,165.67348473332015
295.84699578001175,896.0831867372078,68.25286878618527,166.3902207280409
296.10359349287,893.7510197350929,69.55546273013985,166.63128278526455
299.27473589649,887.574347321838,68.90657629605013,163.96196527512828
300.0201572426781,879.4814758501011,67.02764828799744,168.5506842015746
300.9750900582485,872.1394611933133,68.01427013780076,168.9038434518883
303.5133574993862,861.2085280054762,68.34292116119747,170.8095027216167
305.2738575384879,862.3065918495647,69.05965167006268,158.50015182103715
308.1523327654492,855.3472227848874,67.5475576525596,155.33275620810986
312.1337247763522,849.1247405235795,64.6485791312736,153.78566182045518
314.0797389872964,844.9371676673774,65.16448084076947,151.3256201273508
320.3088480075863,843.2444595448133,61.84688876694909,144.22136001455362
324.74123764062495,836.0066230358154,58.174187089456126,147.46208704907988
329.3141010839419,829.6353268928042,54.96529819268518,148.46564530180092
331.8560624618156,821.3491855618299,54.465177445206145,148.69862233953222
334.1974594799364,814.99088735557,55.88884767597821,145.67429263885597
336.14187651506415,809.2107605015242,55.310776679189686,145.76007532059288
338.4598194933923,801.0308806210476,55.3197917294662,147.1087702343352
340.3448215124365,797.0302575610687,55.51175023955689,145.00316639763932
342.9476666822037,792.1667600218512,54.60530109124822,143.75468106338056
346.5265017318048,790.5220378742038,55.233371368130435,141.632780953796
348.5721902621007,784.4383538668399,54.82940362900617,142.9555964272277
350.5400185369463,781.8316168251189,56.08999854884346,141.8681310674655
352.598166065036,779.3329430176723,57.441960742504264,137.69478860126063
352.09438393982686,777.5185391766164,58.94409951916074,133.77547537341442
353.3366800511192,770.4620095089496,59.121786330926554,139.62510006270318
357.53935482141054,761.0855115009234,57.07761083053444,143.92015106408786
358.2132238244474,755.9503594292826,56.63673580741245,142.84784468152557
360.3691141255565,750.6915336196438,55.04108755259404,141.5709360685312
363.31086635731003,749.8894313945638,54.53332563266768,137.25496655210736
365.32667537067783,747.0564967206443,53.297418981469875,134.84627643445816
369.73985117583413,743.4959363746368,51.501281018160945,134.00816587936083
374.0074551974972,737.2549978242516,49.53884190543328,136.2133737523739
375.736975652111,736.8890115019126,50.314585643642346,131.25647826609404
378.3302106744786,733.8896170742737,50.19983289929127,131.54191589877985
380.9026214247505,728.4184921288852,47.74526675194902,131.20003015384663
383.1371849064919,722.2032615997764,45.88198022028864,130.95016501957016
383.4551841161861,719.660018806147,48.29019746819229,127.40263935890724
386.42018913789536,714.7011010703864,48.92605463932608,129.6248686130563
386.42870073894824,709.1811420184076,50.40340158690056,131.8089154810448
387.2616710207026,707.5221168566794,50.31199822126965,132.89782606573365
389.67496486352894,708.0947144163302,51.06611046098167,125.65366944121996
392.6216154731069,707.8646643396883,48.33582737548552,124.11773154731878
394.120831453204,711.6898881101665,50.10371690635583,118.6325671757039
395.3077758198842,704.6947549527481,49.10817244725973,120.02788570243334
396.14029489677966,701.6695075246304,49.97071244723673,119.82278482775845
396.1400211785642,697.3579610729535,51.034901831271625,119.72760829567562
396.1952364563703,688.8422277668249,52.43902693755163,123.49896277810589
398.3673652013363,685.7957436356479,51.75830058350393,128.09760468895428
399.0315675452761,680.2051404236145,54.112730856960205,128.0320854583273
400.86302382316194,678.6313661896712,53.67487004756623,125.56274576730446
402.871015638473,675.2786276877792,51.91227012075794,124.1388606333515
406.34026817256023,676.6811851050577,49.59676622504999,121.53608047799435
409.0613766849241,676.9189380997752,47.97620171667576,114.11076670965974
412.3465453729293,675.6214325117335,45.82357091271175,112.76216165442565
415.41698756877275,672.7028068517689,43.86393389598121,112.57997823879421
418.53494480740073,665.3350716906214,41.47385695222602,117.74385276069891
419.8606168394441,661.5668708253063,41.87351731402133,117.8749643048914
421.19249093819246,659.571656927651,42.62188769129456,112.98299472013863
421.9383687256111,656.2780685517745,41.96999255229747,113.38620570860573
424.61498619500725,657.7597547780508,42.65141016859086,111.2950640725233
423.97462848020325,653.7055047921631,43.66983137585985,111.78152509813756
425.31096109244754,652.1362722699882,42.869279054713246,114.03052193231476
426.2794669117667,653.3488401505736,43.52976308650677,110.9144599697787
426.62054766896875,651.1009327174617,46.0411093472013,110.09969887600845
427.8300526177618,650.6639593393629,46.55712829462293,109.84818623909335
429.88939200700514,647.2791864420184,46.353817699755936,108.58855489526424
429.2107731496276,643.7941992409317,47.28202289910586,108.99239826350073
431.66719834691844,638.3261512523299,45.845936345174756,110.8261533565497
432.8784018533024,637.6732283883977,45.45230510577959,110.0639080923272
434.82334490914184,634.0472537163669,44.97450379612211,110.33912676668035
437.5819317887602,633.6994220721473,44.64638707850482,110.58491370439387
439.9100276622832,632.2569808043103,45.42261659742851,106.74087429628067
440.8886949071601,629.664863658876,44.612017750493735,106.1680256862069
443.5177914094333,629.1931654090292,43.0323323727185,101.4492422397072
445.9708655165909,628.4515238477233,39.80463743170231,103.45414205593372
450.17924214216447,625.598964516802,37.55845231940707,103.006609634699
451.58515018609285,621.6004712457741,36.9352221674754,103.16865865949744
452.37843428152445,620.8157872766483,37.27181393128704,98.7244225297488
453.8810661434287,615.7756434010677,36.87793996368106,105.23202332571229
453.8767275196776,613.0159598317447,39.17298671778089,104.73195335940686
455.4297827649297,613.4404421647465,39.4285513497932,102.95592465761544
456.2396397248791,614.451260408501,39.412226597120984,101.69591845274681
458.48806182472936,612.9733441466019,39.784263882831226,102.2035648328055
459.9643172947048,611.8012849439732,41.36531618943202,101.70049604595361
460.5432415050399,613.0884361844205,41.818510797810575,97.27712952773969
461.2181146915553,611.9113803965507,41.27190576053855,98.15566828415703
464.3449659333212,609.1162362048811,39.324034620073576,96.48686266648312
463.95936254708755,605.2924627791041,39.873381454288065,97.76270790268873
466.36743289593755,602.1772282537175,39.5296160333759,96.82889374500967
466.7469074519387,598.3827975352328,39.28435621217223,99.71308655074404
467.9968417855918,598.6311987947929,39.49201477422493,98.21510543281909
469.32280824980324,595.4562404509454,39.55251352341227,98.17157403054217
470.48565637140103,596.6594924223243,37.957281094242845,95.0068858680577
473.1669441749946,594.346835766233,37.238013149107374,94.44789157625598
473.8421554868869,596.4390730608751,38.01300227159372,92.72139222369864
476.17950116047047,593.583094992209,36.38127743045606,91.42404618005762
477.1331617542651,595.045113910348,35.71254539040933,88.25516511295726
479.8993980394454,590.3721236844519,34.60200499311202,88.9789971011661
479.0966821652596,587.6397152736772,35.86367943108695,91.82457679892298
479.14487339809705,583.2204752564119,35.96301533503018,94.06693501779498
480.3329257909612,579.2036672373135,36.64846907730803,96.51188772043542
482.0526513310284,579.5894933226825,36.096451366918664,97.50026174922098
482.11793513410424,581.0196664852368,36.85353184045694,92.9187564831177
483.5496374766014,580.7771423480277,37.611603309445556,90.89234961983934
483.414554640805,581.6953705880895,38.86157704537957,88.75892462155957
485.55224718220103,579.8696059786693,36.456404780748315,88.8670794927269
486.9062730994189,582.4798993103524,35.461404965422,85.33763847349286
486.29891114822,577.8831236519705,35.55103167558255,88.58836581051848
485.84140551910923,573.857929652174,37.30559818708716,89.8297725968836
486.717738113711,570.6508323388896,38.36586405392205,90.84640670517766
487.34303380484835,569.2610357241027,38.749758868650325,90.07556789046046
486.75467336467557,570.4921862457977,37.58505051340455,87.64701537464678
488.03126567919355,570.1037372717915,38.123561708843354,87.25164314184664
489.66512048965245,567.2041438517675,37.46321038208107,87.82153379802588
490.4917919079192,568.998068372246,36.48535119967126,87.00430425403884
492.26037481435077,567.4421345880096,36.31239365075007,82.89921244910592
494.8519904652767,568.4955661375316,33.82818126336506,83.55986468701502
495.9546228184483,564.9669581362315,31.87908992098775,81.87591758858912
497.05518591134813,561.1643602802466,30.131323500662482,82.25392370589256
498.5730608749571,557.2282425873577,30.06598118759378,88.05239283537895
497.3224783724378,553.6206903559605,31.242634665894894,88.75488971534635
497.11402727955334,554.6886355083758,32.3662565544472,90.1921194701166
497.3248959714045,554.1477940042137,33.5192095645722,88.67657572669361
497.24061993422254,558.2717610859461,35.11759137577066,82.32936487313725
499.1690591276428,556.0675588105548,34.257787750992584,80.66553005869775
498.4966094690078,555.3984538742778,33.87432423922627,80.0660767673528
498.1394755758798,553.4493901174259,35.05146435029502,79.18314076042655
498.73874457800946,554.2185682857644,34.13144523537977,79.53878963071597
500.16534323481466,551.2801375817706,33.95413411777093,77.69888105825792
501.00564099247487,548.6031151063596,33.6501660011278,77.26852440138103
501.5077939456758,544.1658673443479,32.99520290736368,80.5087821433717
501.79908856599707,544.9692120669179,33.9880559409751,82.62185084068025
503.82531648237597,542.3854202767809,34.30148167110799,82.56630150822286
506.14008177695644,540.6935430185188,32.41517799097576,86.2426581938012
506.5727004056459,544.0553809108816,33.60663561966264,80.95044929771103
507.4034726063086,542.3040751294452,32.40251258232978,79.69698227434014
510.3268918370487,541.6746537430238,31.007573875822573,78.26897519925957
513.3384704926856,541.3089594196131,29.282639037386545,76.38183116773283
516.1957842736972,540.5764517632994,28.79136177778264,77.04730395148955
517.9355865300794,536.1173565595532,27.975567295191812,77.8131409292107
519.4994875386606,533.0473868026767,27.801854988654192,79.76435889527383
518.5817909160811,534.6679006992334,29.448760208550034,80.24704030639397
521.2202333286483,532.5216806261869,30.73350736300831,77.88669675411131
522.8100401803483,536.8690303931231,31.331980606078425,75.61336790426517
526.3839348545654,533.3698073606122,29.06360365152403,79.6654186300695
527.7387785338635,537.7300313548958,30.47978366133141,73.64095777182013
528.5734183859655,538.2407995323413,30.277146724603583,71.45861223528124
530.2759399360418,534.6506461494612,29.744989343058517,72.9777122400773
531.115515941674,531.953645826477,29.708922511730997,74.05244086864296
532.7542944721471,529.675970245279,29.122010903368327,71.3938932753847
534.5346917437436,528.4559540971998,27.474347183864396,75.30102314675857
533.9547275735879,526.4055128797211,27.921638048943066,74.07469869124498
534.5013371429169,525.5733612348897,27.751688998223074,74.80611673438582
535.0826694757623,523.7394787214985,27.857962949684033,76.0836924080925
534.622321024152,525.0838293649934,28.30131650700672,73.06744089896787
536.1617738427202,522.4901357548326,28.67561186181939,69.61041621496986
537.4641135915558,524.6962979868961,28.14140188084412,67.02751608530653
537.4294783627652,520.9703725535919,28.012379572508845,66.70579914741502
538.8878998970438,518.2325923899072,26.55794797328841,65.81828070175145
539.8925271279031,515.2493304416253,25.4638517171705,67.15918202103028
541.2366621720967,516.930558055327,24.98556224600226,71.01141061957259
542.1317656968661,511.71882239562245,25.703038499643903,76.00487395005271
543.1485502222986,511.3535197468019,25.66135117472416,77.56711871463386
543.2015453525709,511.6062277336686,28.946442123973345,72.10363214477402
542.1336708237478,514.1977017122992,29.82283535763102,70.72110354406954
542.6151436683818,514.130462065128,29.719435178733498,68.26623044872446
545.1999876238091,513.8873356712103,28.16102868637558,67.79038019774225
545.5252957008315,511.91388929519724,28.151582970236696,66.54007230121373
546.7352576917413,508.9406484262113,28.339759563175363,63.07672351135922
547.9728368062347,509.87707784065356,26.37458001909714,65.1870691186619
548.3312458843366,506.9823581575012,26.28497874415322,66.11163136089469
549.7386560799139,503.6070851475255,25.453383567884437,69.91253801388191
551.4219769598715,501.6373641206751,25.051341576598503,72.28790618931183
551.808327487871,499.3211686271291,25.039024107675736,71.43909670896535
550.678829388423,502.0898696727435,25.95539156328048,69.49349759713415
552.7437781685269,503.24125391613853,25.50840625408868,68.33669747412735
552.1754493622998,501.00997509124625,26.63786515691153,64.03257157678223
554.7723288307864,500.7498986230234,24.348011987046185,67.27391321594598
554.2077999285528,499.04962577836966,24.692883911468556,66.95999559657113
556.1336405431085,497.22724724234445,23.779754913163732,63.882058301610925
557.083848790215,497.55600127293235,22.800014929880156,64.03567296879515
558.2599114184974,493.87129872164445,22.88096098832926,63.79004417969515
559.2518412171951,495.70000662540997,22.61623459208032,66.45841399581008
558.6532341398438,493.1976245439695,23.99161784011641,64.53113621969143
558.0352837967371,494.77993904507866,25.36905522152148,61.9859370004022
559.4520206982972,495.29175218565365,25.122426575509557,62.36756415030911
560.648049015757,496.0556638375357,24.7828747691888,59.37792580665607
560.6629592627544,497.42517908712955,25.090449042869718,57.946936460403805
562.5021861537668,493.4239932144637,24.18962067588684,57.7948577806479
563.7425119316181,491.6933447038866,22.874714569922567,59.17045112269105
564.586807167532,491.3833761607363,23.48062771803915,56.63067989571585
565.8064397706297,488.38587242856863,23.47146737761798,54.48604719587088
566.2223866789498,485.55943165583165,21.414707635358354,58.11227331066469
566.6340304857033,486.1357450550449,20.981700295547135,62.13080609872248
566.4375183011465,484.9121931901636,21.24722524679276,63.34175589134331
566.4773047113008,486.6235785059066,22.113446509137816,62.5652547441546
567.0692806522384,487.7568496267003,22.06061468606815,61.42525588779354
566.7705983567886,486.21386404568227,22.49367575364425,59.49576458216639
567.4725663772667,486.1935761392721,22.533082549160678,59.703828374278714
568.0759811236611,487.1390698260878,23.19329133143574,56.21613184025744
569.7382306345638,482.9017168456546,22.465454882251642,57.14972067175775
571.5523224758055,482.0937308840898,21.437494911525583,59.55086598451179
571.9520997155236,481.6367348903287,21.733633938718302,60.970056697899345
572.6463541403951,479.46685422900373,23.157563268943527,58.39100584798902
575.4167994067014,480.7711549180891,21.069467252569936,59.330513996000704
577.7172222102639,481.1766637644869,21.65240668464812,58.188760088398155
578.4686389789027,481.79379095171106,22.05131049913311,56.25166045251235
580.105227821066,481.350336103868,22.131297044914923,56.91022840820786
580.6503862381692,482.2119643816842,21.37138765229096,56.46634852339871
581.9391358485009,480.6938069636689,21.20163656881641,55.07057067740236
583.1982667992767,479.1608816184097,20.370190481872612,53.620300957758964
584.3739975706784,478.4782288755271,19.403994625817177,56.059937387225915
584.0166040371698,477.36246523787156,19.809765393760852,57.547315348035575
584.3585193391938,476.19350736523756,20.064833144830864,57.57278208641857
584.7753952774159,476.80417039149853,19.677116016570768,57.913600501931896
583.8719047068141,478.2183601198081,20.50706289232316,59.31094992122847
584.2818125158046,475.74802899215535,21.548003169171086,57.295910157688326
584.7095492615867,475.5439515306376,21.391827997658005,54.44105427429302
586.363659089794,475.4784666011916,20.94770025454412,51.78980063768661
587.1956801431369,474.3892659240831,19.407097527263133,52.635514470315705
587.5321670658534,471.81440486440306,19.311179644304104,53.622144281368435
588.1997455291164,471.9020667665865,18.926447219990987,54.7596144152934
589.4031245167753,468.5167766022314,18.871371357217345,54.25772698539773
590.1193417316529,472.89830379444953,18.55196321721432,54.836932633867065
591.4431037938717,472.23513037704686,18.48359752551231,55.20593729950947
591.3688510590288,471.0886915622561,18.81529080011903,56.74766304337935
591.3384684753266,472.61682139287063,19.68631004822011,55.462759289128506
593.2789803220296,473.371407531091,19.543438724082534,54.687351187421754
592.605500728569,474.36278833940906,20.140902457139745,53.43210144217142
593.4380312406983,474.5632790828763,19.736772899256025,54.74323175474278
594.0885615073466,472.90672332025287,19.081833831048016,55.48226458179479
594.1775406312842,472.6359799758067,18.829706097346612,55.36319998882293
595.1692559319,475.16982982219304,18.273812041947814,57.209017771451215
596.8635316085941,473.2065098102534,18.27881869657957,58.65386039761265
595.8505146707631,473.28679263554073,19.04724116178549,57.835529289879986
596.6899912384101,474.22658288470717,19.097966405101452,57.519641143227254
596.2158914928265,475.3615254122263,19.451292907458516,56.71654304935021
597.3694190537947,475.7814656565964,19.486608043229097,53.70347302088882
597.5097224594097,476.32389917848406,19.520291347887884,51.49319701770162
597.3288957851629,474.77828534368325,19.839364911748714,50.36033464498821
598.5807516314263,473.8469154210136,19.523746674100998,51.698177394032015
599.1296430716004,471.8747978083108,20.422617708030664,52.13593252295473
599.2092581830583,469.1454811254755,19.734495602092185,53.52357164963897
599.5022149689138,469.1764413736847,19.407753895571503,53.695467666409854
599.6247404524257,468.7657294474091,18.92808225098739,53.166984272710266
599.3173755387022,469.75039958250704,18.777054018748853,52.3672138233639
601.0310014392214,469.2890367219814,18.003143509198754,52.29058253269902
600.4477673356845,470.158859198469,18.481745590734505,48.86278746532163
602.0182119521191,469.5436208899099,18.035033055399406,48.261668516933184
602.9127936606981,468.0766792955687,17.149744476759345,48.72386363356027
607.5463111874186,468.1499269584208,15.767380971760925,51.23812863569734
610.4501177257685,464.6198186324391,16.478285028660526,51.731464776164806
618.634975853067,465.29376063704336,17.26917058109341,50.20035213373008
627.126333404218,462.98883173831,17.72473020951701,48.66804518644968
641.9541746476167,461.35387400881746,18.1683120950596,47.221516067746464
657.3654206301759,464.42590109552003,17.027458820789853,48.28721017608787
670.2810547846623,462.53097564257854,17.60080539402678,46.28927003422096
685.2667786010742,461.0904563223388,17.211822336441998,44.659430469304084
697.2212872370479,460.2277376919087,16.522419014667157,44.57101838726817
705.9140301783837,459.1683540867739,16.238295087871894,47.46250603044716
713.7710958404017,459.2150243174765,16.60790098512363,45.94331537142665
721.2478211594716,457.69521275714095,15.849586415843369,45.94860759888455
726.4850562329292,456.41096023980367,16.17218045896484,44.22267735428076
730.2042201801355,453.53373547345853,15.291977699559851,45.8430632153947
734.1251214375368,454.27226125184063,14.767413620122019,46.6080171687954
736.2684266000359,452.07208881672744,14.762931785658358,47.62232443856318
738.1250420349756,452.9390622736823,14.901737673972008,47.607025359637404
738.2326667398293,454.53381182709575,15.785500575820166,45.43904577928852
738.8364018767378,453.2846017263458,15.976128791760175,44.43522634668088
740.1250168097696,453.1500009258617,16.253914391764145,44.760433799148856
740.7582193836778,451.0653812528142,16.180917888930058,45.71156416914434
742.4449716376492,450.8234421035286,14.90325671371534,49.91987887326219
742.0695866616431,449.71716611030706,15.59749617211013,47.6685053242421
742.7179873938562,448.91098947130797,15.33954564633966,49.32873072293654
743.2347022203672,448.5067506319806,15.197481473088498,50.071668820387885
743.5950593738635,449.55213311063943,15.152331565354746,50.35548570101615
743.714462354164,449.6031820980668,15.133392232646631,49.08505792849455
742.4354941562,452.06609693625785,15.601696760958912,48.177035873479255
742.5214600263505,453.7750614721049,16.040731121467694,47.805669093034126
742.7044863937268,453.9354754191517,16.05547250836393,47.94902638573056
743.6336442175552,454.6933821839393,16.66322963223058,45.69872157436947
743.9773577566598,455.07600508245844,16.477176296721545,45.776930170188045
745.7821721017414,454.56625046676237,15.53486872983811,47.04912518593665
747.2784235247252,455.96625919773123,14.749400686506887,46.78089709095905
747.9668486498422,456.8538513390007,14.988045926969164,47.3512991107002
749.1017678459643,458.39525797486954,14.889932285969508,46.889723229725455
749.0139959461562,459.13921029561556,15.031521571953778,45.63059931189241
749.552322427123,461.33204931284985,14.720510678927958,46.1379805251724
750.9121305360088,463.3487709243604,15.215978915141054,44.08841990720052
752.2015690532693,464.9221386519436,14.791317498239748,43.78980889021527
752.1346044435069,466.1555150777893,14.978917176679975,43.67689121433891
751.8883404625436,465.06455338176414,14.989099654666822,43.621717735617004
752.774991536526,466.47021095399333,14.582939026428688,45.10189110540432
753.1294366670141,464.1880367388917,14.69309977840603,44.67753540851709
753.7893126383229,467.3705305145993,14.215912905701254,44.58845804565577
754.9516340269513,468.49578788840967,13.854301250604458,44.503255782059604
754.0861869932589,469.3035966456754,14.087740051920278,43.83002511796002
754.980942562691,471.20515190212285,14.117850490469609,43.97007380185964
755.4133995629481,473.61093450305964,14.82502310206063,42.6044629240764
755.5536508446751,474.4137205568663,15.041425523702108,41.48744188328153
755.7353497740398,474.49749935829226,14.891621250198334,40.90526998409768
756.9409918105003,474.9769546633895,14.96067218471395,40.26270316946181
758.1889332650512,474.3260979881259,15.108013112625116,38.98038746448999
758.4952452592992,474.0486233395323,14.551057674265257,39.36304013495469
759.3224794584504,474.5958941512168,13.898310051080053,40.098374787730606
760.4171119314545,473.3743442149399,13.39108266148442,40.51101635918219
760.7512089190146,475.5783277400093,13.306076081377238,40.61179328336587
760.2875326251985,476.0167333326782,14.047367764973274,40.28728949949877
761.539520142009,476.49748378431923,14.021079105006667,39.22541331297468
761.3495871246324,477.110751770915,14.247613238960858,38.217983737379775
763.1889472885083,476.78648641300845,13.892539373985453,38.23549437788608
763.5086259704274,476.20188357769155,13.331246120967133,39.179191994410694
763.6032737010612,473.9888498646743,13.193664803699356,39.62455936838753
763.4586124365521,473.4014154428385,13.099346055609889,39.810038626281504
763.0200667293936,473.33367727428646,13.263759938128675,40.164835608335615
763.4216782577813,471.8487255914137,13.248113576350676,41.65749751479896
763.3805140585372,473.2815795838958,13.136443638833658,40.90342413343388
763.8839900841399,472.7953889325424,13.19003496597529,39.70962762411572
763.9779221865033,471.2036624420535,13.207218547617892,38.705701531997455
763.9345168479298,472.6527017241476,12.757518062639143,38.589873972290626
763.8292279518917,471.8213115530617,12.945244746554291,37.410006593669905
764.3124935490849,467.95430728829,12.464428824654467,38.435300156732126
764.0313653649052,467.2393401490117,12.889716275892114,38.97854792158208
765.1767849235765,467.1977489667956,12.526469082145805,39.68645623368332
765.0182014997189,467.0398751932438,12.618118615381938,39.60713848342791
765.1549995504814,468.99408625431977,12.920228112167827,39.541445415973556
765.4235927169599,467.3381730663491,13.24637071534784,38.711782875409185
765.9231125602148,467.3854205975201,12.6580466473415,40.02864608431958
766.5803126665459,466.62732551740083,12.654518182118437,40.00843283438894
766.5782636486816,465.09142180439216,13.18469849497964,38.62742306598771
766.7404613921544,466.29074030580114,13.198566013402635,39.21312276924379
767.5020563120398,466.73207979420977,13.120364000822853,39.59154027110405
767.7792183338561,465.79302938112966,13.136735296372134,40.34277010374339
768.4668834921665,466.40643100683326,12.84914982053842,40.573224119616235
768.2428942841805,464.62547356408004,13.0307354069943,39.762630025745565
768.1473395967255,465.6141358878461,13.20508484170977,38.77825167850264
768.5787045340772,464.7377057807971,13.315234693466294,37.92063156917827
768.7285358803233,462.98016763475744,12.909717808322455,39.326677264720786
768.4889547289036,463.87873582183596,13.106475460470378,39.67600629383137
768.5783201132936,463.1822150340809,13.954588450160045,38.60932728546798
768.5053776028666,463.9460522451471,13.422149816910906,39.12215841769928
768.7594636850994,462.3537690028395,13.75497474199133,38.328252509381855
768.7377725080898,461.5890511497386,14.096352721302509,37.92529798331229
769.6426131876799,460.8698808906316,13.28443008022445,38.831496665238
769.3354687028052,460.9925610366241,13.092774523685293,39.04908570935089
770.6206187373921,459.7557185050946,12.832038700866871,39.75322490011137
770.4150113493148,459.9353389468128,13.569290906446895,38.743301671056656
771.4195050623752,461.6609158272141,13.317877043407222,37.69601898364079
770.7562490502488,463.5855664204682,13.652335662954991,35.89023133637668
771.0736554811366,461.89179311175786,13.242475450413732,37.092974435595806
771.7973032574051,464.68134490833353,13.026865338209156,37.20261817328109
772.1244380789509,462.9358890584075,12.767410977077219,37.964859454377745
771.6944305037794,460.53707577046004,12.429067660562337,38.609530220252395
772.1236167257889,460.32451446760876,12.159189602918932,38.70239056165276
772.4384719031514,463.5902657052569,12.678927587595574,37.47839168288617
772.9639289992602,464.71137293386613,12.919393524298812,37.12867610697808
772.5804908857511,461.2844185574535,12.956437592563955,36.972115091136146
773.0150647153946,461.09556757799874,12.66729035653735,37.87050411151239
774.8596805000996,463.5843062032123,12.575740014700472,37.71198892178244
774.3221705706094,464.91910574804945,13.531442832366178,36.99209817542743
776.6144337831479,468.0048443626515,13.992680557986084,36.40825015182117
776.1220006936857,466.6951598188173,13.923932138678683,34.92602292115129
776.609017818935,466.18873403002647,12.965599294453265,36.1078885227792
776.761809568072,465.4973205742597,12.77934187775324,36.8181222085324
776.8031856629605,464.14625073345906,12.740408399207016,36.55905244219276
777.1413750743851,462.4015912387718,12.488310008053984,37.12825549945672
777.3933694324772,464.05154260659043,12.592712809184018,37.25455226775177
777.088887066144,463.72960113962426,12.4889932135281,38.50448503400966
777.6505186568413,462.52895175653197,12.574132272532815,39.123261424764216
777.2008915226935,462.54413562550855,12.656907789203405,39.05833996903696
776.4356391265836,463.7413156907779,13.057345249050101,37.36354931718539
776.9228699619763,463.1653128139089,12.565619396595595,36.94301753993831
776.0872510542687,459.76190644370126,13.184400717153839,36.55785755136644
776.5897223668999,456.37556231477,12.438877577985778,37.94313401230684
776.9272088418667,457.384767713946,12.344700002254413,37.836185500586424
776.7866828051613,457.98111778105573,12.478649012053953,36.93140815294787
776.8666474468213,457.772173539716,12.180465637094214,37.828406846962906
776.8614240108047,456.89248062109533,12.393179343366619,37.341495883513325
776.9147788296864,457.015259491188,12.349111645014336,37.476964026838246
777.2961883320174,458.4142220883872,12.459273015908344,37.085077874077655
777.8128105027627,458.96291554492115,12.458014813355044,35.58881220155659
777.1594286167114,457.905652877297,12.688414576672415,35.2586852776861
776.8345199064564,455.659786698382,13.448823013515899,33.96644407363952
777.334396849322,456.3126678377105,12.91541706059799,34.08441351378643
778.0945893399781,453.2616779950585,12.732473006813823,35.135557308297436
778.0998813266813,451.4282652596793,12.593260807651758,35.6864557116931
778.3590938746271,452.6305398986645,12.196192219199716,36.43304146568418
778.4240748807454,451.9053985047295,11.798034473808048,38.41075002217299
778.9565950631239,453.4761233720167,12.707995100582718,34.92412398752669
779.0984250198964,453.4416305426172,12.289919775362357,34.00430984822739
778.3383891603396,454.165726617874,12.377080587616081,33.91930228358286
778.7763617334662,452.47879581218154,12.212755239110738,34.262668395802415
779.308764259971,453.1400320692753,12.017439751900357,34.87434172283262
779.431268361413,451.2705368949459,11.453005805974335,35.01583916169412
778.822454925655,450.6875949734251,11.292049287649755,35.55467827466825
779.0333411472261,450.2751225222882,11.296673613839365,35.35678685831621
779.5035059631132,451.99470622656946,11.267749131113325,34.70327715674206
778.9510152072826,451.9782177450477,11.754721925028164,33.46788261871
779.0109555654557,452.47874791551135,11.577450620945719,33.993441185080606
779.4948244431899,451.4726108252903,12.235990942332503,33.47733785619967
779.0623034788171,452.58581689357874,12.21023495768811,32.61150614517111
778.5752871019708,452.97108655574874,12.285314726509696,32.09487243442546
779.5416511155963,450.1799303905218,12.04131540495838,32.16633059042385
779.3201248562314,452.82923757788234,11.604017629419008,32.375618772780314
779.3065424061057,449.8181194134876,11.880244561582789,32.88151092759864
778.9604221133139,449.73793880777777,11.675976537341793,32.55022203733918
779.6665339356757,448.9589968359148,11.82477343319308,31.273636058718573
779.3775514199913,448.80985326114796,11.864249606810823,31.042613094854858
779.889099981402,451.228236916897,12.11675811980008,31.014630253523087
779.1878961376541,448.2858086178585,12.041052046773046,31.250875303792377
779.7010678702829,450.9713165225102,12.040953924610122,30.712573762822863
780.2410031758495,450.86701324744405,11.699264917471252,31.269330828295658
780.7606342352747,449.3925678059668,11.263942331841346,31.443439257157166
780.7853384786383,448.3264046535621,11.229235691281186,31.745144908425686
780.7830912097289,448.95526750582894,11.1301675684807,33.136394578865364
781.0771059977027,444.9152291884203,11.457723028176712,32.0897764252947
781.2489395604038,446.4501652397728,11.173458638671134,31.85473489225877
781.6828717203571,447.52097066893634,10.625360327470705,33.211409308246544
782.0332578879174,446.0911012248694,10.506770775565258,33.445255297472166
781.0713669780033,447.23441944958614,11.044300342359257,32.33942302746824
780.5151132077237,448.673356357511,10.887037420939503,31.933704351480493
781.7012339783762,447.94124457510657,10.422061289918393,32.7192409720949
781.9449380298203,448.5176396530091,10.493869318221307,32.07197269508029
781.9780534920523,447.8240558574808,10.458876335769352,30.92286990803512
781.4120261120912,446.97299068114677,10.991850584979026,29.905726472075692
781.4622137187241,446.3532846905456,11.059588304330195,30.222556841877072
781.0694748048969,445.60772317616204,11.945018140877586,28.4967967719247
781.6012797985595,446.74511813725286,11.128961092212524,29.932115481756
781.1395025662555,447.19810093463155,11.046500986153596,30.622627259154836
781.4858924085146,447.61547764283483,10.635575197160112,31.30017609042149
781.419671108972,444.76214033323777,11.035328573105682,31.56942245802488
781.4301468882303,446.7037345645082,10.873480356900256,32.09756386539988
782.0749033331422,449.6744843700139,12.074435200784794,30.195661173028867
781.5243586030091,447.2110967598121,12.077380844541588,30.764295277574572
780.9116591897307,450.26082945183765,11.976720228056339,30.260213277800013
780.4080523696663,447.56010025688886,11.861472097881716,30.63032703892163
780.9621501916458,447.32976916262714,11.35881279668075,31.528270892387198
781.0134259388915,446.1857082146282,11.197073084636465,32.51018274965847
781.0414891088437,445.5019882092761,11.519852889710918,32.58072118541969
780.2261938704165,447.0367071540252,11.73609991463888,32.07572448669338
779.7708597703011,446.9819396703896,11.799249593625811,31.068650333342674
780.0411392649862,449.5383466202795,12.41803464184534,29.054686801670037
779.6537204561474,449.2024335234304,12.749733683097634,28.49358094651218
779.2569256528275,449.6480525852141,12.4961614619734,28.93438030785851
779.3877590825912,448.5733822520968,12.431933481517039,28.47784440829178
779.9841480465632,445.9314528394743,11.967630068330081,29.462208139824078
781.5669965645313,447.76695720595757,11.43649564338066,31.190455994502067
780.926550541883,448.3070947396512,11.251143577732442,30.65622324039702
781.1298452268854,448.2803009536409,10.907193378230758,30.623527657239805
780.6999861490146,447.9741267090241,11.18453078077897,29.383056367244926
781.1498824645693,447.0657749002351,11.003577074753169,29.444773104396717
781.0487407764367,447.0018898824003,10.826624335544079,30.161242019500776
780.7828024558254,447.1218105347424,11.346146762460844,29.767689690493633
780.9408233708284,448.9299235957937,11.264520826865105,30.360750817384766
780.8645904687771,446.94916193446824,12.060195115606186,28.65112528950513
781.970120020899,447.2901796885769,11.523570733091212,30.232351802716167
781.7115235345852,446.1602689041219,11.617682529992884,29.288451638940117
781.8299891319342,445.2174663074871,11.181469439737178,29.65899225922164
781.3697184379347,443.5299737974619,11.00804349053813,30.63473668212889
780.9001861510283,446.6150219026016,11.218063470818926,31.473262872017578
780.8089179370476,447.75296202863814,11.172078729768163,32.05318094730114
780.6576314279123,445.94281548845294,12.028548957155573,31.234343778179838
780.1778255738833,448.05370518550956,11.390555307758788,32.046873305180775
779.8720662780744,447.5723044837687,11.891806398206581,31.210214124339444
779.7846010489901,446.1570008015908,11.829295075756068,31.6991707188859
780.0595927219115,446.4835586057804,12.296573254570376,31.87054695421302
780.3257144147365,445.6662054807944,12.554940025979366,31.695048714224768
780.4847095359149,445.8609853997207,12.479779395376056,32.276991593903475
779.9047873788811,444.0321763867885,12.92240880125776,31.136561302590476
780.35094200573,443.2505192391726,12.492856026548,31.1610330121637
780.7430052171287,442.92533152606046,11.635218383617094,31.075868414305425
780.3628640654723,444.0055241410855,11.53103802330224,31.203281630372032
779.9544313614041,443.3031236834713,11.619628792692685,31.950979252880312
780.4200140401576,443.156756026022,11.734813893503294,30.94062005009485
780.0749614452857,444.33581611623123,11.158862963156423,31.35134974051477
780.7653294741294,443.58429072471864,11.635434063906406,30.225070677948292
780.9429001473343,442.702427157903,11.76700632908614,30.652170358960795
780.3069042170156,441.34317144568,11.402764702956311,31.38705705653591
780.2504414492433,439.3207044829667,11.93176339402101,30.545268777399126
779.8629535720808,439.38020549369725,11.83304062422074,31.03247148827606
779.781646751763,440.31761815880077,11.9031368359752,31.032393999025686
779.8822234661529,441.1655573302169,12.131474103589108,31.417493454987508
779.5020247396802,442.2801834918222,12.06366865141447,31.39953157379977
779.0063576649356,443.08134841512316,12.337294706572942,30.103749581428445
778.2218999181999,441.3628337805766,12.358523309778551,29.80156532415092
778.0726847114163,441.86609248776045,12.198027035635569,29.875731611074066
778.4869963086869,439.7074760825021,11.889540446398748,29.625421957071918
778.5205498346434,439.59876064744736,11.819609599474273,29.546113146717186
778.3410087482484,439.1264969926268,11.961659262132628,29.725262463552987
778.201885527836,438.11097147243174,11.795846073244387,30.28648019127748
778.8846617860329,438.10861643805475,11.336893057122577,31.020079519552752
778.3795895858703,438.7108073387981,11.616111310075986,30.96639396930579
779.3744168820745,438.50892668969493,11.578560061426243,31.086911313026754
778.321952468433,438.213596266565,12.546178465976313,28.990527937962213
778.259292025982,439.1334318998464,12.722156364211898,28.884228574945453
778.5884070166479,439.7677640640479,12.393694013238925,29.08619914286659
778.510856523699,439.48322564011886,11.932917760150984,30.14855212514222
778.7034964543096,437.4087099627758,11.858646966142011,29.455097335368585
778.7399747290639,437.7356144770755,11.34181944287715,30.0187455873024
779.4357986608965,436.76560581739994,10.84215751795781,30.58651166548733
779.5265731823009,436.96450089257934,10.012437908887929,30.950511209590022
778.5667202062435,437.7124931980011,10.278428771927107,30.040204466566248
777.511594478187,438.02335797909666,10.882190104908723,28.163625055891064
777.914430313278,437.6985626623372,10.526222259750774,29.237426686451535
778.0791801725775,436.8230369447398,10.511964405287433,30.073906288091948
778.682362902766,437.8203714583101,11.248506934591491,29.668922703294072
777.6545515358772,438.34349809581903,10.75784782444294,29.028531956859585
777.3009104972796,437.89473865162216,10.815613680140203,28.868087264590635
777.4287627653775,436.3955160176865,11.07288109885155,28.62076095112988
778.1272328654054,436.3707242378343,11.189696028803825,27.90689662519653
778.5476689684177,436.9329553369667,11.194127402767553,28.632666422130356
777.8566026753596,436.76788431481555,11.151969044386552,28.853511289706105
777.837623130279,437.6416775944993,11.58248713239286,28.21795374139311
777.460495063498,436.86372106837484,12.105357495812555,27.48074402562359
777.8783738863652,437.29538306911763,11.651583840043646,26.766764780135137
777.1993357969616,438.56185563896776,11.687200911010407,26.795053294204322
777.662730522212,437.72105886955256,11.245834210543073,27.615093082772166
777.5397222088678,436.6006138016351,11.039837867933167,26.896199446928613
776.6840234389009,435.44851166096214,11.134064510677884,27.51833191158805
777.8696099659796,436.08700965433104,10.718270811824691,29.29117354523154
776.7205983481676,435.2982921993288,10.457721744760061,29.963939745966428
777.1157128110822,434.500182773284,10.21778136368403,30.304683466303505
778.274009553722,432.48886649580805,10.908166633011483,29.686913534953412
776.9505832445279,432.4769322434214,10.74634735605156,30.600148343564733
776.8553948214947,434.40651139489694,10.970562940290726,32.26834562166
776.2323463587451,433.61534461461366,11.175274752948575,31.176684462301836
775.7756481457894,433.9055688014067,11.302771258167724,30.96755588942358
776.0588867495022,433.92590328959557,11.390418439008144,30.871679373320966
775.062120409302,433.9047993350817,11.96670770985088,29.028717062316666
774.5036834030365,435.20072784993107,11.781062827525549,29.13139541250832
774.4435574868264,433.4278213486631,12.943615228070378,27.92653610966858
775.37324075296,432.92983018690455,12.89582932990669,26.561641803351584
774.4213784582371,432.9138179001013,12.068214361750803,26.94432118089727
774.1678052876074,433.4529703521472,11.66881586037845,27.2906439313222
774.4626887371605,432.53114020394355,11.177570400312343,27.786868919435687
774.0926701951737,433.75434472211134,10.721103027555056,28.729952704412703
774.7441378836595,434.08922745692007,10.952676791681512,28.59335218710069
774.7073359801865,433.74821244279985,10.614932646537667,29.388439303356343
773.7623390110223,435.6335571783917,11.072360654132286,28.148907247301974
773.3453519803721,433.52897728648793,12.225957636448337,26.46061002550485
772.7721618046879,434.7938874451452,12.726334269541578,25.703398415097347
771.4072140414446,430.5810856301697,12.371539380873209,26.259433197277335
771.7433835140729,430.47266006615973,12.121545713519906,26.806492230767496
771.9635297913703,431.27926753716775,12.010133544797075,27.473450173267818
772.3678045310069,431.35682040560044,11.517542953887709,28.227641818069866
771.1777841249531,431.9226603587135,11.174088186685566,29.695409615963094
772.3039458009137,432.55011398611055,11.154910442892032,30.93537105294122
770.4493883252661,431.19504771435777,11.867385682865432,30.275952492306118
770.0077976908656,432.6350351052947,11.872749895251138,30.1442684510465
770.3307045676682,430.1242604719301,12.29665462087776,29.50708827843574
769.9597615752198,432.77960851666353,11.916550623208217,30.772638980243805
769.6817735503721,431.50395930902175,12.804361247562966,29.726662116996046
767.7562156800326,432.5384430755623,12.685677904885695,28.64917094930097
768.0495707663558,429.4895951324767,12.430341908920559,27.837200315655956
768.642120479744,430.9163192672545,11.85582865377978,30.1079233834298
768.5737209810693,430.9992121239249,11.4882399991241,29.972635494498633
768.412027920873,428.85169018494366,11.824114786795073,30.242623306842063
769.1387617184897,430.6317768582269,12.091564340725785,29.323355396757407
769.2256344237428,430.9970541308043,11.917192297832099,29.4113384954458
768.5826440273094,430.34334876317894,12.142459398201867,29.04719769421547
768.0100338290503,431.08275719372574,11.097567347268626,29.273743513149906
768.0029952989204,429.05331977153315,11.118838607277892,30.051094435432102
768.4321987695309,430.46905940726424,10.980344151538809,30.881048944329855
768.7308533113447,428.6847400948439,11.37679324809848,29.97450375552905
768.8641652945007,427.7773411567233,11.425957785534717,30.121546886734034
767.052211298524,428.2188524884108,10.874626471080141,30.152990911281094
767.8161293298484,426.00360935489743,11.1799611488794,30.32842649760126
768.6929742335552,427.47018617087866,12.353842719077399,27.948545039510208
768.0457328308992,428.24143460213253,11.533414812913712,29.30756498772123
768.4477323692302,429.11668150888306,11.036431584656317,29.922271633223794
768.7590499793496,428.40871872653287,10.496852904706666,30.478643201527547
766.7335635449296,429.31438352490994,11.111274139852746,28.5740883867011
766.802579740899,427.4732653132047,11.76611725990539,27.527942222856666
766.8140841551182,429.1032679347483,11.796125622942442,27.994350261507545
767.6125222344708,426.34295895593795,12.185755554941608,26.776945714574737
767.2757962224201,428.824682449991,11.502765928746246,26.978025045638027
766.6907170224408,427.4289209870467,11.763286788031323,26.411521381957428
766.7298892779546,428.56727974572357,11.779681375812604,26.25572583918475
767.7108452145147,429.93866532608473,11.228809861962716,27.71499082885112
768.1434773851602,429.65950039337866,11.099110353504482,27.28486207809305
768.40170783136,429.1174779998116,10.775432118765508,27.552866683022373
769.2680908821446,428.4737700032147,10.771157299283832,27.331336958086645
769.2734467814594,427.6704610378995,11.831146660402124,25.46661606467901
768.7647447255821,429.38700188460774,11.86344184062613,24.32836056288523
768.6512050963029,427.2749552253626,10.629119081795245,24.337848374167997
768.0327454875209,425.7133756386321,11.001535817674013,23.641567920526317
767.532684199748,426.1856793236184,10.3369805211574,23.945985881926408
767.9103708572553,425.3035244747839,10,24.888713632085146
767.768757884093,425.86793195191956,10,25.975283210796682
768.0661270781872,426.90085353142643,10,26.873648385479164
767.0031337414395,424.67910546149136,10.272258581902602,26.892394542564674
767.5621742931369,427.0640941242992,10.116806741133527,26.574530090418776
766.9458024091635,425.95235490544763,10.487847742516411,25.81765740160835
767.024773347513,425.9608562811004,10.520665319832094,26.36018771704972
767.5468338705074,421.00844005343265,10.29586020078031,26.86415754082499
767.9226332377793,421.99360419473675,10.585629864168332,26.47589011242776
767.7482974159306,425.3276573188894,10.897598234925054,25.073928940700178
768.3365527053307,426.7809154713166,11.053483133169866,25.377457194778227
768.0622376964956,426.0009723258619,11.754607491267427,24.281217814429436
769.6566814145004,424.20833948221605,11.512808200212097,24.948323710337164
768.5799341352073,424.93809300244095,10.84717344833216,25.24163363569963
768.1712493227212,424.29645212902653,11.082999886439918,24.12352446637398
769.1558295150213,422.92324504275757,10.90625335999826,25.11624656088875
769.1408936260007,424.93656392142304,11.423993644799312,23.518994057890872
770.3094891407877,423.48215168562706,11.010547088623865,24.658032620051692
770.3601059951922,423.77068531591516,10.883954728724154,24.938036948350565
770.3788285321991,422.2290608819726,10.907829799344722,24.67641272674318
770.1197575474639,422.41677256758425,10.580180997018353,24.552763933679486
770.5805362979472,423.02011672722847,10.422104340004669,25.75819537193305
772.4539180894953,420.1575896297828,10.127674744604697,27.46111442881787
770.492163784529,419.1228699836265,10.598657799403036,27.510140658260305
771.8407513602099,421.33648003559705,10.960034390866133,27.40118217230171
771.3946148637617,423.08390632141015,11.212373726466426,26.099207057025282
771.4009401342403,423.38340246366937,10.559676099900132,26.445797810894376
770.7860929129331,422.1182821154188,11.373365435218894,24.830450134898236
770.7866922190639,423.4223862923874,11.001751540027707,25.415985588284165
771.368930443718,423.83245623088254,11.346798820679872,23.883648191499287
770.5445362044842,423.61967702126105,11.584653608973838,22.786314701076556
773.1310544555647,423.77687089443066,11.26411853058418,22.594381151265424
773.3318846302888,423.2941083154617,10.757379059805462,23.577801973127606
773.6222570420445,423.47157465912403,10.861315275903038,23.765320389341923
772.7257895159244,427.27409421022855,10.939276322194136,23.60775477694022
774.1428020532168,417.0603026834434,10.152046815927685,25.878618548316958
774.9662277407882,421.266414698982,10,26.255458304192622
775.4221015600197,422.5481386429053,10.052153749567841,26.286594485929943
775.0091113094,420.42290561492615,10.154161873946824,26.477514642884422
775.8231829219008,419.617481658757,10.217202392818162,26.867919660845214
776.1018762091312,421.64805700061197,10.1540668718533,26.37584418922568
775.4695613087794,421.5251685504175,10,26.635418002808017
776.5943048314757,420.59960435636077,10,26.85199985334659
776.385359780837,420.87228920453975,10,24.799328689954557
776.6529563153366,420.6994979692581,10,25.500175857515792
777.0342709058327,419.85201765449585,10,25.763496550133215
776.9831982819658,418.48800742917535,10,25.79032404397953
777.3166180201046,417.22760611787965,10.08891384415942,24.842416472695916
778.029406416481,417.6453846779248,10.067201628735987,25.391145816418174
778.1230312519594,418.61804741280815,10.458663384433871,25.037482410104964
778.3236165730021,418.4232595786697,10.779024304589356,25.16813060079511
777.2938067269936,419.4134858010033,11.110881269263569,24.91871798551655
777.7376587829601,415.96770637460224,11.504929695315102,24.433538367136343
778.9808925468411,415.92011085959405,11.923185388970417,23.934250280531344
780.422253827819,417.3843907184205,12.544936261610792,23.021730306038492
778.9401399422783,419.5943651337292,11.906221623335869,24.065063465300682
780.4527714123658,417.9910675698332,10.884853700876151,25.78024864932833
779.6668766139043,415.7420812554375,10.958361232045554,25.667229575085855
780.1198447332388,419.7285369474182,11.116156903901649,25.76714484690772
779.5244645721848,420.50367133656584,11.71376185080523,25.715121954758505
780.3902261188396,417.7832102733972,12.142899793443107,24.785768785437917
779.9336137409024,414.75321821863866,12.123962807112001,24.6042039048308
781.5833943921638,416.0832830184494,11.03317686706932,25.854206322258268
780.5531713517274,416.2896533368919,10.941186954159436,25.993229384188954
781.0866407583882,416.1598221125771,10.41546959295868,25.821651164075462
782.1092806913894,418.01312449234376,10.208445042515716,26.86149115428909
782.5611081548972,417.43959129188585,10.981746717304041,26.78685018835153
783.5716003978724,417.0264553368916,10.488667627935772,27.554147160177628
783.95473083546,417.3581902879513,10.104823259760014,28.30230404828302
782.7417564371154,419.1922242625451,10.56181821925028,27.00129105474189
783.1106457579253,416.55649729291343,10.63277744184891,26.089506454344715
783.0870193187149,416.58884719205366,11.164119710587379,23.983519639752778
784.6305062918466,415.5528183071533,11.905727518182944,22.385275865087912
784.2626502045912,415.27334745863686,12.92383085695333,20.62084636904926
783.012491546583,417.13844773237884,11.611794402983023,22.45738250485215
784.3769756152484,416.0984390354655,12.028906863155479,20.836679690475364
783.8111946723077,418.5434568818852,10.862562664766557,21.10044389149904
784.1814264512595,418.4285041719439,10,21.870462538427418
784.6742251563447,416.01529498958837,10.21003308902895,21.840652081027912
784.0279829154737,415.75816720715324,10.479225154187024,21.713549447782718
784.5328739001872,415.6818648482094,10.311488504675848,22.34996905398105
783.8785011130869,416.0543664540605,10.529285238727056,21.85712244700556
783.5607655211998,414.88624438532696,10.898460754507733,21.39156652371012
783.8711342347402,415.2069407294958,10,22.706770086340775
784.1326032009237,416.6295393364069,10,23.91725511133922
785.3395196822834,416.82217407321986,10.727675905807395,23.689627184797864
783.6943599567363,417.6130832377573,11.135073452276366,23.14855834094809
782.2115330255541,417.054351231024,11.522450153197603,23.146961328293255
782.6910055577046,417.61183275922826,11.790931078199879,23.259769207568134
782.9299532699583,417.5703837269191,11.807125321478633,22.91711277025373
783.5430314611101,417.6186596153946,12.355926529153741,22.56542110335565
782.3192875591903,414.9704798393189,12.313971186017088,22.850640630665218
784.0009545394543,416.48663250192396,12.351597511947048,22.28161950493299
783.2681035826118,413.27222528320505,12.072995168067129,22.621182138603636
783.6229452392807,415.6156246396269,11.034179638314287,23.65997440160718
784.0192589515914,417.4009859851505,10.78133210489753,22.765811439972403
784.0682662301904,413.95784202360426,10.09426868621968,24.171771073570106
782.9356346241578,415.2709691044263,10.289915247199964,23.1146583962676
782.8234979414643,411.4586278278997,10.50143658473673,22.74674802230428
781.632681604519,412.31050292691106,11.240536104608273,22.021855231593083
782.8399824502725,413.19521909489475,11.391621999630893,22.049258088989287
782.2092613364923,415.56230158382596,11.771881988402644,21.125621245578
783.3872798248731,414.89918575055754,11.652554669495721,21.91244936323768
783.3590341979915,415.73183562079817,11.063176771012714,21.984720768361548
782.9243981242608,415.82638235417255,11.582953697970046,21.50643835581301
784.7069069064854,415.3311657048803,12.186975566606229,20.380874620058584
782.6951331485141,417.06343917884175,11.653436506925475,21.25604716974473
782.83560306827,414.93760768016307,11.733202565831707,21.183326134360698
782.5562807974737,415.04151495018914,11.704887126253238,21.14023764937368
784.2433848534231,413.8387715899963,11.375931716999506,21.74458836734645
783.0153056479107,415.1523540889363,11.87905858130759,21.695296116610766
781.5412126437215,415.57383282703387,12.398769115182704,21.617060441869373
782.3184869300328,412.0225642670762,11.357997307988198,22.629579580454156
782.1621293856969,414.61233514810857,11.21990873253337,22.851448574614498
779.5407553316102,415.0823087066958,11.614064737774665,23.081427789894985
781.7507571326963,415.35930487504356,12.314537282533925,22.927923077803385
780.9725969652578,415.60123131980276,13.151422257761656,22.558304881626444
776.3183061878442,413.84275347115,14.388931107396306,21.429274510910922
774.9028673194575,413.21382057439,15.244381794743969,20.579558161735783
778.0245173387411,408.13758653423116,13.798027982522324,22.286248760835377
774.5750397501242,409.931579502488,14.938046869473702,21.85329067219342
775.1169789945242,413.2631879112851,15.18263772903779,21.29408129083785
777.46328399685,413.44808545503605,14.245626791655933,21.224961223004744
776.6831939201182,413.01658166606893,13.87304520310283,20.953742006789398
775.9890375571013,415.6433890924707,13.494521193934283,20.973847845702764
775.8505219829841,414.5743875266175,12.122138847557242,21.171740781813916
776.1234499498912,412.73461845639537,11.906358681243558,20.740312754995706
775.4453983017537,415.02459506104583,11.787416653736559,20.64953405827373
775.4744879645152,415.7966004314066,11.238885173051614,21.07450855920407
772.0611436647414,415.3587849219306,11.868930864723058,19.979142817633743
772.3861830462424,415.68284517074244,12.179377714026533,19.224472048298548
774.9579164120508,416.6197142409826,11.278957343027535,20.322617422252765
773.4190962362494,416.53375821266366,11.701047805357735,19.983884729076806
771.0607550309466,411.8051074028333,12.08552477041873,20.622058821955942
770.9290201642971,414.0398773780716,13.150889632680713,20.035073238498406
768.4196481262495,415.9325210253647,13.229388892274285,20.73146367991162
770.5303597230131,415.84341674746753,12.837876607378089,21.53355912657709
769.2161569594194,414.42034185318215,13.756111505612214,20.5697110804144
770.7073732542624,414.6185147530619,13.417904083035932,21.04288355111541
768.5165401400138,414.420043855812,13.426532363377682,20.945927353699336
768.878323380082,414.6574035008157,13.256498620907163,21.258344108171784
767.2076152319552,415.1376611930937,11.919299921347614,22.12881342367934
766.2680971743664,412.8865853077794,12.2616195162935,21.59347270211005
767.1887686284131,414.56918478318767,13.10000293674851,19.60546478595563
767.7540076755391,414.903245296242,13.060505313846667,19.37313810748346
769.6590818915026,415.45034227055817,13.030633412768731,18.817403101451774
771.9245222074532,411.2398226241057,13.288067811321731,18.927695750806357
768.848712675872,413.91651509155645,14.207746109326258,18.163017034766252
767.2112120661602,414.63806309118775,14.529675628086498,17.9599426501631
767.1019586462108,412.96139112080743,13.471879723230199,18.410881546637007
767.0258417540816,415.58963162387744,12.118138681768027,19.23125508677102
767.2394460315008,415.71031884671066,11.455149347884506,18.7577827014982
767.8023904725197,415.976325539619,10.891942766527846,19.518564805181743
767.1682086948946,413.9563954629904,10.520933827208049,20.092700269703645
768.2372378275674,413.5660089568463,10.832513912348068,20.257569940678955
763.3675749365568,414.69161937588984,11.589276377555155,20.01994108327934
764.188594189871,418.9573508954281,11.278053363086677,21.055039331856307
762.2424451721022,411.932689556451,11.575450985765539,21.084343234014266
761.7487736672398,414.61479439071286,13.280884602636121,19.24132999366035
761.1879624083961,415.368704831099,13.372988436270353,19.516788714364466
757.7912835561117,415.81495204700525,13.753690745711301,19.800055737199067
756.1907879146971,421.56842300937865,14.367630960184837,20.112382148279103
757.8726842878315,415.51775256420814,13.835681659713874,21.565322979914658
757.9570861781958,416.52246008705845,12.694104593513302,22.859020066268812
757.6388152877219,416.0301640125328,12.971433484682002,22.705864277032255
754.486848048738,416.8596052037549,13.956987232821296,22.62401958395285
756.951034486948,417.63472678464154,13.670355597068374,23.438609923252926
756.9052381418977,418.39215491748456,13.269954951623916,23.793473080432715
754.9160447598879,415.10239800351644,13.779384648063797,23.445242009590395
755.185774780652,415.28150713325715,14.424765340170824,22.76707788268988
752.3217133363664,415.47670814984673,15.857181473323138,21.65651621423579
754.6357946357355,416.23887976506865,16.102399044266747,22.042064445283465
753.5011857736664,410.8711707932749,15.750176103842588,22.623778979104593
756.4273412501517,413.1175739559067,14.677766338247906,22.890356105306417
754.0402581534752,413.56764549290773,14.578066071910637,22.129982359980858
756.6580897325225,402.5031820840314,13.771014690641124,23.602153095682684
754.2258337538394,415.60551523505393,14.622533611890105,22.78865094411411
754.9382565516197,413.2170087685415,15.255129226746327,21.800694670055584
752.5159027740585,414.5836050380578,15.686537445261045,20.966901750300284
756.012610972415,415.1726069067361,13.621676507588242,22.302437836168966
752.5599346379315,409.8436030423625,13.998288571284197,21.958448998808073
750.8318834020349,414.82294193569885,14.115753843332254,22.018104927462126
750.24182530703,414.33512205225855,14.51769345183267,21.870871012224725
752.2792890501793,413.3914869141783,13.474703061167707,23.185280880947868
751.09890811225,414.27801823834596,13.295824359021516,23.573685947918225
751.8322724054909,412.35881797883155,13.237605598823087,22.069200399649716
752.0414347456342,414.1213184650436,13.196908321304626,21.19112132034402
750.9091959007228,414.86864924542766,11.943493325510204,22.72441256568071
751.4970314803331,412.0578516242217,11.009682518104388,23.7826491952145
751.4155508922028,412.90138580781235,10.72776231282121,23.310099736639664
750.6299443639688,414.3228547216645,11.145080295147906,23.38587622096275
751.2925644278041,416.89873700035463,11.001706670786952,23.817868261230537
752.5087874902044,414.51526592326013,12.490642000887277,22.70508775195163
750.3582052667871,414.4645263963287,11.288293850732936,23.878757052211547
750.9467453748258,412.7217723072602,11.130428979237564,24.696886672931242
749.654132120496,412.9236210812647,11.233554865987353,24.119853341504587
751.0604072366785,413.5264985453665,10.86989968362743,24.693141686623377
751.4461571457058,419.82050275166876,10.839726831474337,25.79682563927567
749.1972944332196,412.8607956532994,11.664115666423626,24.965480877019225
750.5076711235026,417.3065642439244,10.850462474137803,25.681235308923995
751.2037746652954,415.05960482441475,10.427849789273942,24.590762399351505
751.7449647019989,415.1562726073242,10.856725283943522,24.073572815906893
751.3900610137521,416.4492338893916,10.95930021297211,23.391358056634935
753.2256116391607,412.2914154407739,12.49773523240758,21.228275041970313
751.901566270417,414.0355760935659,12.115770036575704,20.91932651009792
751.9642730851536,412.95025011464526,11.962173364997396,21.46750734547908
751.670376811452,415.2991433846722,12.35632501396271,21.26408427346559
752.3597009416407,412.5971927392559,13.03019443181415,20.86850523151937
752.088339631147,411.33551028200304,13.829170124634032,19.883204192004303
748.3681397919521,413.8601536124826,14.591213864021062,19.01381093430402
747.3211431057605,415.10610854796363,15.022669751063898,18.919777469467792
748.7015734007546,412.7279017613992,13.908498020437346,19.0992557893055
747.9021117606309,414.7718093720884,13.612881740261773,18.491009269344325
745.6322084531769,413.74115993793384,14.88230236875178,17.372322065641395
746.8489038976502,416.6693043920778,15.310786082857721,17.134351344036478
742.6925342373596,411.6430510513037,14.649910782785557,18.19573953180681
